200 1000
68 75 21 127 159 
177 91 139 195 
104 2 154 63 
89 34 119 
108 44 63 
50 75 
126 
0 133 134 73 11 13 79 177 116 
65 193 35 39 46 123 28 
167 40 16 176 126 
130 144 180 59 159 
146 117 71 15 
128 53 133 
184 107 78 
131 21 94 
12 13 
112 76 
194 36 69 167 169 18 180 26 
72 73 11 178 20 87 
68 103 108 12 61 
164 38 7 9 191 
195 133 138 118 91 
6 42 175 53 184 
73 154 148 194 
170 17 98 166 
66 165 118 
48 89 47 
146 75 92 
193 147 126 
98 126 62 
101 69 61 
157 189 
130 3 197 175 63 
68 37 173 149 186 
33 2 70 172 93 
16 2 171 
154 199 31 
144 105 173 
120 1 93 
8 150 119 
99 103 
34 101 42 76 15 145 23 27 
166 135 141 116 181 24 63 
65 38 107 108 48 177 23 
162 36 69 10 52 90 
5 40 109 54 87 29 
65 34 170 51 184 61 
130 67 168 140 141 82 
40 41 19 190 127 
42 195 28 173 
1 90 188 110 
164 140 157 
90 172 37 
89 26 155 
194 126 151 
181 15 
100 17 178 53 88 159 
34 195 149 106 
32 183 181 23 
162 93 5 
129 108 159 
64 137 175 
163 45 94 
127 31 
195 61 
177 70 
129 67 102 139 25 95 
70 45 176 62 31 
129 11 69 54 
129 187 101 150 
152 167 198 31 
144 17 187 196 
3 133 46 119 
136 73 44 
26 74 47 
128 132 110 79 183 
128 73 9 10 139 
63 21 46 15 
1 153 140 9 
187 93 13 63 
24 59 22 
88 4 7 
105 44 126 
33 52 13 
24 144 
38 
34 165 136 142 118 87 
165 16 144 85 183 191 
69 70 13 48 92 
162 14 178 23 88 
102 187 70 87 
40 180 125 149 
73 27 
129 99 
37 39 
169 11 
136 
2 133 70 7 10 46 53 184 90 27 92 
194 35 198 176 156 188 158 
39 138 48 114 187 62 
131 40 44 172 81 54 
164 173 46 19 62 
96 120 121 184 95 
161 103 24 154 88 
8 19 55 89 59 
170 107 164 39 
16 75 51 138 
82 31 
18 
97 67 176 157 122 187 125 
36 5 169 107 122 
18 163 156 78 
169 17 146 155 
1 61 182 
81 37 181 
0 82 138 
176 159 
121 190 
137 69 
196 
98 9 106 47 176 83 152 
66 45 110 19 152 156 
199 143 19 59 62 
132 108 180 23 91 
175 18 52 120 60 
168 81 147 199 
0 161 124 166 
40 31 
33 41 42 170 89 61 
103 139 45 91 188 
1 67 4 5 78 
128 41 85 
48 164 144 
161 37 
45 71 
132 135 39 199 147 123 
197 12 173 14 82 
56 88 35 5 
104 82 123 46 
74 123 195 
129 154 165 
181 79 39 
75 142 
47 
7 
65 129 133 6 112 89 
164 107 171 113 184 121 
168 76 146 155 191 
160 129 186 93 
177 4 21 143 
64 58 68 
58 51 157 
69 4 29 
156 
160 130 132 177 21 24 184 
1 67 68 79 48 112 115 
194 38 71 138 173 157 
170 171 86 57 159 
101 102 135 11 93 
101 49 18 84 189 
175 3 172 15 
185 162 125 79 
186 138 149 6 
152 124 134 
141 6 159 
121 185 140 
2 12 69 
160 124 
155 45 141 27 61 
110 144 18 83 50 
40 135 6 14 
123 82 117 85 
158 98 19 14 
9 114 91 124 
43 116 166 
107 69 149 
73 17 141 
35 84 86 
110 6 
104 94 
16 43 
129 4 197 74 43 140 77 175 145 86 
32 163 43 47 80 182 119 152 153 
132 69 137 46 143 179 29 127 
166 7 93 117 90 125 
3 100 38 10 20 63 
0 154 63 94 191 
153 100 144 18 25 
65 6 73 86 88 
114 118 78 
136 111 23 
164 69 7 112 20 
195 50 83 22 120 
72 33 132 29 
171 36 165 167 
1 37 111 
121 36 84 
197 189 
97 30 
40 17 
11 94 
129 110 
122 
8 
99 
1 34 3 66 39 199 179 
0 96 132 199 50 
97 162 110 78 91 
194 102 42 138 122 
165 72 86 56 186 
11 3 134 31 
128 116 61 
132 116 141 
156 
83 
65 103 111 17 178 
152 90 85 30 
73 1 55 31 
106 61 62 130 
74 123 191 
138 180 
64 99 67 4 165 108 151 91 
67 136 50 182 121 59 
96 174 112 182 156 
35 154 119 58 59 
73 43 116 117 
105 29 190 119 
178 26 69 
193 52 166 
160 185 43 
146 156 
35 71 108 14 22 123 
163 75 146 54 58 
170 46 143 150 121 
136 117 67 29 
129 36 105 43 14 87 62 
137 74 47 16 179 23 
4 8 108 85 58 
33 35 167 75 152 
32 35 127 
90 83 164 
132 44 
17 54 
106 17 113 181 118 150 61 62 
195 70 39 167 115 83 63 
64 177 54 23 25 90 
178 19 22 185 124 
185 44 116 86 121 
69 8 44 79 62 
112 81 10 97 
16 137 139 100 
17 194 177 57 
64 67 27 108 
81 60 125 
81 
176 73 20 13 
25 26 155 165 
34 66 36 29 
184 146 77 87 
112 58 118 119 
153 3 
1 
170 45 94 159 
137 131 100 13 
73 20 53 79 
80 123 35 95 
178 43 45 
138 67 132 
185 141 143 
18 15 
123 14 
167 72 136 169 79 82 182 
128 136 52 121 27 
129 164 166 134 158 
0 12 81 26 91 
74 28 125 79 
113 50 78 151 
96 9 75 157 
89 162 195 15 
33 51 131 22 
77 54 7 
108 49 12 
117 70 
128 33 
5 199 
194 70 8 10 43 76 85 119 91 
193 164 112 90 31 191 
5 169 53 119 25 63 
40 187 96 63 
33 109 174 
0 33 
56 62 
92 54 
177 117 
89 
1 194 70 73 174 88 
66 130 141 20 26 
192 6 43 173 147 
176 137 171 4 
167 42 94 15 
96 3 60 45 
99 19 36 
40 2 151 
10 115 132 
33 34 153 
32 74 76 
122 101 
25 
98 175 113 114 178 54 27 
33 196 6 135 40 74 52 
101 51 157 121 29 127 
98 100 68 177 21 91 
6 60 177 149 156 
184 182 174 15 
33 162 83 166 
161 186 43 148 
18 91 148 175 
160 1 196 
75 189 150 
103 45 112 19 149 22 
96 162 46 175 86 
88 43 22 103 
144 118 38 167 
144 170 131 199 
1 180 97 
40 26 106 
160 149 183 
130 106 172 18 50 125 
70 72 45 149 23 
186 102 148 38 
96 129 34 151 
144 155 143 
81 165 
84 23 
128 36 27 9 179 123 
195 41 142 112 89 58 
113 147 84 163 
177 12 101 87 
125 61 29 
18 195 55 
33 11 111 
48 196 5 
153 70 159 
89 133 
163 70 
17 77 
8 5 
128 
70 
3 
179 51 30 61 190 
33 143 180 152 27 
194 107 16 86 25 
130 109 113 145 184 
178 61 62 119 
3 108 182 15 
88 61 78 
150 173 14 
98 59 109 
177 180 22 
162 181 119 
185 179 
90 102 
32 4 197 76 79 53 
37 9 115 84 119 
89 29 54 135 
72 42 59 62 
40 4 160 68 
162 76 45 167 
162 71 
1 162 133 43 49 88 25 123 125 126 
3 36 37 134 16 91 
96 36 144 149 
24 41 105 
197 155 37 
57 
66 
36 
99 134 107 110 53 118 123 29 30 
2 38 45 77 47 146 151 28 
198 146 115 89 191 
196 156 150 121 60 
138 79 
129 142 
96 67 120 121 29 
88 89 181 46 
96 169 58 195 
9 154 97 
125 21 
194 148 
64 67 134 180 154 126 
98 139 48 55 57 92 
171 108 12 79 20 158 
1 164 36 39 9 
193 5 141 183 
43 198 111 
193 20 14 
148 36 103 
88 50 
186 111 
1 27 
105 10 
29 
4 39 17 120 156 125 
32 50 45 151 
150 52 21 46 
195 149 157 
80 117 54 
80 160 168 
24 105 66 
28 
96 97 49 51 117 31 
1 69 134 198 117 118 
35 36 145 151 185 
105 5 190 87 
152 81 168 
108 20 151 
41 143 
136 
39 111 176 83 26 27 159 
132 14 48 91 60 30 
193 4 198 167 26 
162 3 4 176 183 
184 17 149 39 
136 45 5 126 
184 67 78 119 
112 98 37 23 
42 114 31 
59 132 13 
38 
64 160 107 113 51 28 190 
196 6 10 180 150 191 
100 36 10 14 17 119 
161 104 80 179 56 156 
140 145 51 122 93 
3 135 118 93 159 
1 42 106 108 77 
97 193 30 113 
48 43 3 150 
0 107 148 
167 55 23 
152 83 75 
50 130 39 
198 182 
146 83 
64 99 132 195 139 80 57 159 
193 37 59 79 123 29 
6 141 46 184 190 
133 180 116 89 124 
112 41 147 185 
24 65 58 29 
128 98 131 40 14 79 55 56 
160 6 167 105 76 48 123 29 
68 70 10 42 83 151 190 
161 130 35 72 179 54 184 
195 105 49 183 92 
91 74 83 68 
24 1 93 121 
152 124 165 94 
25 75 11 138 
41 193 78 
10 62 111 
168 108 
65 
139 
96 33 34 160 172 22 23 124 
193 167 106 138 174 49 152 126 
67 199 14 175 144 85 123 
197 111 16 150 182 62 
96 192 13 16 144 
129 36 24 154 156 
74 27 118 63 
170 26 5 79 
57 164 62 
196 133 22 
97 180 4 
2 163 172 
112 129 
134 110 
154 115 
105 45 
128 193 131 101 5 43 110 81 84 
67 166 199 87 61 126 
3 71 8 79 122 93 
186 150 44 38 
121 58 164 54 
0 122 198 150 
192 34 83 
128 175 31 
66 198 
112 187 
48 183 
158 
131 4 117 88 62 
130 91 146 150 123 
99 2 51 148 
40 131 152 175 
120 128 117 102 
32 165 38 
159 117 23 
184 75 12 
186 172 
147 190 
22 
100 110 51 118 182 88 183 126 
104 75 145 86 152 28 
131 105 143 83 155 
131 93 21 86 
160 73 21 167 
120 50 98 
166 125 94 
59 85 22 
61 46 165 
106 99 116 
10 79 
197 29 
113 
160 130 197 7 173 81 
3 36 168 51 56 
131 72 104 139 43 
88 154 124 181 
48 124 52 46 
168 18 37 
56 181 167 
100 76 101 
51 148 
118 
8 105 108 48 144 56 121 124 
131 165 70 14 78 84 182 159 
96 185 5 82 20 89 27 
32 6 134 86 55 88 127 
68 43 109 173 83 
192 1 3 10 63 
64 139 104 176 
72 164 168 
152 36 
107 99 
167 43 15 144 20 
33 130 111 82 184 
4 42 82 56 27 
97 101 
0 71 140 19 152 125 
40 132 126 111 
8 177 197 111 
18 147 74 
66 12 109 
192 149 166 
94 
129 100 102 40 169 89 92 94 
71 9 172 114 93 
72 41 163 133 
32 113 21 
0 40 20 
66 187 146 
142 190 6 
163 166 14 
138 14 
41 
166 40 140 44 145 85 157 
162 174 16 86 151 26 158 
159 41 12 114 116 95 
196 133 105 109 189 29 
7 173 85 121 187 
73 44 112 23 190 
114 43 28 53 
40 162 109 159 
88 177 155 197 
169 99 127 31 
186 74 130 
148 181 15 
113 46 
131 22 
6 39 135 43 109 16 55 189 
70 43 11 122 92 
64 177 4 189 
25 66 189 190 
96 178 46 
148 38 
188 79 
104 25 196 191 
136 9 191 167 
100 61 62 
129 28 87 
8 98 83 
99 190 
168 167 
59 95 
98 163 8 11 120 89 123 158 
135 105 165 95 
105 28 37 165 
88 155 136 46 
136 61 30 
103 79 71 
154 23 
12 6 
36 145 29 23 93 62 
86 157 70 143 
2 51 100 151 
114 27 4 85 
186 34 187 90 
148 99 68 102 
102 195 62 151 
49 171 189 
168 180 53 
136 173 38 
163 6 
138 180 
98 67 
16 77 
46 7 
35 
132 138 107 12 46 148 186 
132 139 78 79 152 
129 131 106 172 90 
151 41 121 63 
8 73 35 171 
56 195 189 191 
192 34 60 175 
73 9 128 199 
57 43 196 39 
166 173 142 31 
119 55 7 
112 44 103 
73 193 45 
105 185 84 
48 132 
96 194 115 20 94 
67 8 177 114 90 
151 180 13 119 
123 154 43 198 
1 66 20 103 
131 196 141 
53 15 
116 125 
17 59 182 
81 94 
118 127 
132 
32 163 74 12 172 30 
3 106 109 83 118 
198 170 117 158 127 
5 198 51 88 153 
128 129 133 11 152 
153 154 139 151 
113 146 51 95 
83 147 61 
34 82 45 
83 74 3 
140 15 
3 132 
115 
100 70 39 73 105 145 85 
115 132 53 79 
160 177 100 78 
50 44 62 7 
107 51 173 
0 107 61 
1 94 95 
46 191 
77 
164 40 41 72 105 140 153 
64 33 103 78 115 
160 165 9 85 152 
130 20 68 31 
80 105 18 39 
24 179 156 
56 193 99 
154 6 
96 93 
159 135 
70 44 127 179 86 92 63 
195 140 50 150 185 94 
160 192 40 9 174 
34 39 40 114 180 
71 104 109 18 84 
153 157 78 189 
152 42 154 47 
81 99 61 103 
81 4 21 95 
113 6 
102 109 46 47 151 26 190 
1 70 10 75 13 150 
135 136 139 110 86 
24 25 141 121 
152 33 28 79 
43 69 22 189 
72 17 27 126 
178 53 118 95 
40 67 151 
153 19 
35 
102 199 15 150 56 
132 138 4 148 
132 101 167 
191 139 119 
161 180 167 
8 64 
67 41 81 23 55 184 183 95 63 
194 195 109 79 114 95 
130 40 44 174 52 
67 155 70 
183 42 135 
160 65 21 
41 131 
157 
102 39 7 14 17 148 56 
128 132 147 118 182 123 
1 146 37 105 
89 22 105 
156 75 60 
120 189 199 
104 57 154 
82 139 
169 115 
133 6 197 106 76 80 85 93 
96 73 46 142 29 126 
0 8 185 25 191 
3 101 79 118 29 
6 50 147 57 93 
167 130 148 154 
197 169 59 187 
184 98 93 62 
2 11 188 
169 188 
129 43 
36 94 
36 60 
169 20 
51 70 
142 47 176 50 84 150 55 31 
34 162 197 12 140 141 18 121 
1 9 145 116 153 31 
2 133 139 79 47 
145 2 187 76 
129 146 7 
16 182 151 
7 72 107 22 57 188 
175 50 191 15 
1 189 14 49 
8 185 72 12 
143 167 149 95 
67 41 175 113 149 182 59 
198 135 107 172 178 184 
65 2 68 74 183 121 
70 45 83 154 124 
32 161 83 59 189 
151 90 108 143 
2 26 28 46 
147 172 165 198 
32 17 135 
59 197 
73 158 
3 69 169 123 53 24 121 88 
32 130 111 47 114 120 
160 43 119 184 190 
32 140 13 148 92 
8 25 107 5 
50 67 139 61 
192 19 60 171 
121 195 77 
185 172 150 
192 194 182 
38 22 183 
98 45 78 
81 131 
75 14 
154 44 
1 162 134 9 42 79 81 
73 42 19 147 89 154 63 
163 106 172 13 142 14 
194 5 139 174 16 120 
162 99 133 80 148 
100 8 137 82 147 
136 97 147 93 
0 172 141 62 
24 190 53 142 
169 148 117 167 
17 172 157 
182 143 
0 136 174 148 184 153 93 
139 144 53 183 26 127 
88 113 186 117 
136 188 92 
137 115 131 
185 91 
33 7 
162 6 105 75 49 53 127 63 
103 79 84 185 156 
78 177 196 62 
136 194 179 21 
179 92 143 
138 43 28 
26 100 174 
17 198 
8 115 
13 
102 167 168 199 51 89 
1 129 193 73 79 186 
0 69 39 15 57 
142 180 150 183 29 
34 3 104 10 43 
184 73 169 188 
113 172 109 87 
186 153 42 69 
140 42 60 159 
186 33 74 
24 97 29 
144 89 113 
73 18 77 
160 44 52 
60 175 
156 31 
128 4 199 40 145 61 30 31 
128 165 102 171 150 63 127 
193 2 73 175 47 49 186 
42 138 174 15 177 19 118 
164 7 75 15 28 190 
132 42 177 182 152 59 
36 164 7 108 110 28 
35 167 43 116 23 
128 192 107 171 50 
120 164 4 21 
80 81 153 96 
34 68 189 
97 10 187 
85 118 
68 191 
12 14 
25 171 
178 
98 39 8 12 49 115 191 
70 169 76 119 159 
194 198 172 19 93 
2 107 113 146 127 
196 52 60 135 
42 148 63 
49 163 172 
171 45 126 
113 139 37 
88 67 
128 75 
129 123 
64 66 10 78 174 16 48 84 
65 6 8 47 49 117 121 
186 105 178 24 90 
152 139 22 135 
184 139 78 195 
32 194 20 118 
91 
129 102 74 140 86 60 
3 107 83 179 156 191 
37 6 140 142 151 
129 42 22 103 
9 172 29 
65 13 159 
8 73 
61 
97 66 161 102 41 10 114 
105 187 191 
140 189 23 
16 153 52 
131 
161 131 136 44 140 143 17 116 85 89 156 
64 163 5 135 171 44 159 
0 99 164 167 199 46 31 
2 100 68 150 89 
152 161 158 159 
143 73 59 71 
0 20 136 
33 123 
129 37 47 18 86 57 127 
100 122 146 58 157 63 
162 106 142 150 89 
40 116 96 
154 43 6 
192 116 118 
90 183 
17 85 
97 182 
131 165 169 106 170 54 157 
2 106 77 51 180 
174 47 146 91 124 
107 60 179 86 
193 123 28 76 
8 153 126 
114 14 
37 186 171 140 58 30 
70 167 43 49 90 
2 9 84 61 31 
167 136 103 124 189 
167 7 178 114 123 
175 109 94 133 
160 113 154 99 
177 91 59 156 
195 78 143 
137 107 
156 127 
139 54 
137 
166 71 40 76 15 145 91 94 
99 8 111 51 54 24 93 
164 132 77 182 89 
46 41 174 14 
72 34 42 71 
32 68 149 
3 29 167 
174 79 
6 
195 36 170 173 155 
56 43 68 61 
163 156 55 
116 84 
97 67 14 23 94 
40 72 159 
196 45 30 
192 107 119 
175 95 
72 90 
134 6 75 50 182 184 
8 109 92 21 188 
27 84 174 103 
41 26 4 101 
161 123 126 
98 131 174 
80 130 84 
147 166 119 
187 22 175 
37 101 102 13 46 29 94 
36 101 45 144 22 157 
195 170 52 150 184 126 
2 131 11 48 147 
33 36 144 122 28 
3 69 116 184 31 
170 76 14 57 28 
163 196 106 24 57 
130 133 45 124 156 
10 146 166 143 
9 195 46 
64 161 143 
72 193 38 
144 129 176 
32 129 93 
41 87 
0 100 171 153 122 59 
65 5 105 56 158 
64 51 196 15 
114 156 149 63 
64 97 59 6 
122 20 23 
145 34 196 
88 161 
4 60 
28 21 
98 8 43 12 45 157 63 
64 98 35 71 39 135 119 
103 55 118 87 124 94 
98 70 167 43 176 
178 66 190 175 
41 129 44 
73 43 
76 
161 112 179 56 186 157 
39 108 151 152 89 187 
160 143 111 116 60 
2 188 52 
163 45 173 
36 133 74 139 175 151 188 
193 71 172 79 178 182 
69 172 140 150 86 
194 20 184 91 159 
168 19 109 102 
161 147 30 
144 131 191 
178 23 
131 196 166 20 182 87 28 189 
2 5 140 187 155 188 125 
128 106 82 146 89 60 
193 4 167 135 114 117 
128 81 93 45 
49 130 173 
49 148 13 
56 105 46 
10 61 150 
73 31 
173 110 
2 158 
24 
2 185 105 150 89 156 57 
1 3 73 76 175 59 
67 101 47 85 87 188 
164 143 80 83 185 91 
1 38 78 180 54 
68 80 176 56 90 
96 140 89 154 62 
11 173 55 123 157 
33 161 108 78 181 
184 81 199 7 
136 137 138 127 
160 50 155 
112 45 
