200 1000
1 7 107 76 59 95 
193 199 80 59 157 
128 164 141 46 56 
160 35 4 135 187 
40 175 168 111 
170 35 139 165 
57 67 93 97 
9 19 175 41 
170 89 138 167 
20 5 167 
9 199 
89 10 
196 111 112 82 90 
128 33 110 118 120 
33 58 67 149 
120 156 45 71 
126 173 110 87 
125 69 14 
72 37 174 
176 89 38 
180 68 92 
16 82 22 
108 142 
82 
33 171 43 77 176 178 148 
1 2 104 49 89 186 
161 70 50 21 152 31 
140 79 48 147 118 60 
19 72 11 73 
112 142 86 175 
160 97 130 86 
2 92 189 71 
172 20 109 
32 156 124 
48 90 138 
82 11 98 
49 20 15 
32 80 
153 82 
97 171 
32 99 
134 170 139 14 111 
162 134 44 22 151 
186 68 118 15 
129 131 47 23 
153 188 13 198 
9 99 171 
91 149 
46 95 
194 9 109 78 15 52 117 149 24 
128 172 51 186 187 62 
66 196 101 54 63 
36 42 140 62 94 
115 28 77 
137 52 70 
136 153 39 
142 
132 38 9 44 53 189 
185 171 173 149 119 25 
99 43 145 51 187 125 
197 72 46 91 30 
32 129 162 173 19 
32 100 101 115 154 
48 88 3 149 
67 103 42 78 175 16 58 29 
0 73 43 53 22 155 
137 106 176 56 89 126 
137 169 181 57 31 
161 70 149 153 93 
9 15 115 158 191 
5 134 7 8 177 
99 136 172 173 122 
199 174 120 124 63 
78 51 77 30 
96 171 189 135 
88 1 185 
122 84 62 
192 155 62 
128 71 
0 148 
58 156 
128 60 
184 
106 115 53 184 89 58 27 
41 74 76 77 178 119 25 
111 182 55 152 190 95 
97 130 171 174 61 95 
64 196 4 180 57 
69 116 52 53 24 
130 199 100 111 
17 98 22 
67 77 127 
193 138 147 
144 162 28 
99 51 140 
67 139 
35 131 133 165 174 61 
65 143 52 120 188 
72 11 139 30 31 
57 91 100 148 
96 18 134 
90 163 150 
56 108 20 
81 106 111 
98 68 118 
96 66 17 157 93 127 
68 39 82 21 119 
64 167 75 54 188 
37 40 142 115 57 
194 180 75 147 
171 131 61 
118 
129 196 40 9 146 120 27 
34 90 15 113 18 86 26 
0 68 102 108 140 19 
73 14 144 145 186 
121 150 70 195 
136 113 58 
32 187 20 
67 125 175 
32 186 140 
118 28 78 
168 49 125 
34 195 133 
3 140 22 
66 98 
91 11 
121 157 
41 
136 
0 
131 199 10 149 150 
76 174 49 83 150 
107 80 183 190 191 
168 109 142 173 
1 122 190 
33 178 
46 127 
64 43 146 152 25 59 
0 194 67 196 100 
36 73 108 23 63 
46 134 30 183 
10 166 87 
1 177 148 
56 28 77 
97 140 
164 101 
64 5 135 10 13 175 17 58 156 158 
96 195 166 138 25 
49 5 22 157 
64 106 164 128 
64 138 197 159 
24 178 174 94 
145 29 119 
108 148 84 
66 99 135 
3 22 119 
46 
96 65 194 11 77 85 
10 123 148 29 
178 52 165 54 
135 43 139 87 
24 72 43 132 
108 5 94 
1 29 102 
97 182 54 
63 174 55 
8 16 97 
145 155 126 
74 126 
195 134 
165 102 171 143 175 114 93 157 
67 164 165 71 43 188 158 
0 96 116 28 127 
4 197 38 40 190 
129 71 77 117 191 
0 68 71 112 182 
98 170 115 91 95 
41 69 102 47 
104 101 54 
193 8 137 42 119 120 
132 166 38 111 82 
100 135 45 179 184 
90 67 122 23 
65 185 60 84 
185 146 196 36 
32 186 103 
40 155 180 
143 
193 72 42 170 18 117 151 
193 196 165 45 111 22 
132 38 44 173 116 
123 132 198 151 
113 50 60 174 
161 122 115 198 
185 73 131 167 
109 131 69 198 
133 166 107 46 115 53 91 31 
143 144 82 118 151 
64 87 56 186 93 
34 197 145 125 31 
36 106 178 57 27 
156 36 119 
130 94 
1 138 50 120 92 29 63 
4 13 78 55 184 122 123 
115 60 126 39 
40 123 198 22 
1 50 19 191 
137 4 167 
160 92 118 
1 9 127 
164 12 
116 
124 
129 131 71 54 155 
113 106 122 127 
181 110 191 
184 162 79 
40 3 
8 87 
132 
121 34 105 151 89 25 
161 67 169 187 89 123 
34 171 12 122 95 
112 65 188 175 
89 60 119 
33 83 59 
185 178 189 
20 84 15 
162 76 141 
163 53 
2 68 15 86 56 59 
128 46 49 22 25 
9 155 180 53 
183 52 70 135 
172 165 70 
1 93 14 
150 
162 
162 197 136 20 152 124 
72 139 175 186 188 157 
37 167 72 91 191 
172 5 199 
184 9 83 
41 114 71 
8 86 
159 
65 3 4 71 43 183 186 
33 162 6 107 17 147 
128 98 7 182 92 
178 73 2 94 
58 109 77 149 
168 177 63 
105 106 119 
140 155 36 
107 198 
0 
103 175 81 18 25 91 
162 67 141 28 62 
128 7 141 115 158 
42 29 142 183 
33 102 92 78 
24 188 6 
108 138 84 
161 62 87 
160 178 140 
189 110 
1 199 8 18 114 150 
198 81 115 59 29 
65 99 37 115 20 
3 187 195 63 
170 66 141 122 
82 100 69 199 
169 21 6 
40 126 47 
19 119 
66 74 148 152 90 30 
0 141 78 84 181 55 
64 5 14 126 31 
129 97 26 27 126 
32 41 194 4 
153 195 148 181 
34 110 7 
52 21 135 
169 20 141 
112 113 117 
155 182 31 
0 61 
75 69 
19 188 
195 69 82 85 28 189 95 
96 22 185 59 92 
10 51 151 94 126 
122 179 196 130 
0 130 191 
194 21 143 
114 43 147 
168 37 
49 
183 117 55 30 153 126 95 
3 71 41 44 176 87 158 
160 65 35 174 48 31 
92 141 62 
177 99 175 
106 123 
160 176 
18 
129 141 52 21 91 28 
137 15 22 56 61 
96 51 35 70 
129 174 61 149 
97 29 23 
49 19 125 
112 153 136 
19 108 78 
26 82 31 
144 167 
35 47 
164 135 104 169 74 147 22 25 
2 199 9 169 20 88 
160 34 130 52 152 127 
131 133 166 188 158 
37 70 45 175 124 
133 134 104 142 54 
40 107 75 53 
24 144 133 
176 90 7 
168 41 179 
132 100 
195 7 
173 31 
51 
1 130 5 198 177 21 
98 105 184 89 126 
96 49 129 188 
153 155 180 102 
60 157 86 55 
121 123 20 159 
96 178 195 158 
185 139 12 
105 27 166 
184 13 
33 21 
188 
125 
35 36 39 8 199 140 112 54 182 
49 18 87 94 159 
137 146 5 54 
124 121 44 174 
114 198 79 
3 124 195 
36 198 42 50 83 159 
135 39 78 82 150 
33 170 13 97 
88 3 104 101 
180 92 110 167 
161 105 19 21 
160 109 174 
81 9 30 
99 174 
185 159 
129 131 165 199 104 105 78 189 191 
1 2 134 107 145 181 150 191 
107 150 88 27 188 95 
131 38 120 187 124 
129 102 140 123 31 
170 65 18 86 
94 188 54 31 
160 18 77 46 
80 145 84 63 
185 37 85 29 
116 131 92 
128 
3 6 199 9 17 145 86 151 
100 106 11 172 50 52 62 
33 36 6 21 184 
128 106 124 78 
25 106 37 135 
193 52 13 
88 38 55 
193 61 
9 107 
130 36 198 71 7 25 158 30 
66 35 3 166 74 114 149 
163 8 19 150 27 
65 4 41 50 119 
113 101 161 53 
32 199 85 165 
117 163 4 37 
177 199 11 103 
169 1 27 92 
42 125 69 
66 196 30 
57 61 38 
16 2 173 
8 100 
139 166 
97 4 167 11 47 55 90 
5 104 52 86 182 59 
193 163 117 121 123 159 
193 38 15 120 157 
128 99 198 138 59 
136 47 51 157 159 
62 12 6 
68 142 174 87 152 27 
75 51 83 56 26 126 
192 195 4 183 
17 50 194 175 
80 97 118 94 
16 183 63 
18 38 106 
32 154 71 
80 49 26 
24 104 
168 52 117 188 93 95 
96 33 146 181 29 
0 195 15 17 31 
57 34 193 194 
49 117 133 183 
48 91 139 62 
175 67 124 63 
83 147 189 
144 138 180 
90 86 151 
43 195 55 
17 22 
40 
0 165 174 18 147 20 
96 36 102 140 49 91 
69 74 44 143 155 125 
35 70 72 21 157 159 
145 182 94 124 158 95 
131 70 75 109 126 
65 51 20 126 191 
96 33 123 142 
80 75 152 167 
145 75 36 
144 169 52 
42 180 30 
27 148 39 
6 40 52 149 180 23 28 
97 164 10 42 82 121 
37 104 73 15 120 
96 42 147 53 
40 97 26 
188 124 167 
67 132 10 78 53 122 59 
35 166 170 11 54 26 
8 106 143 154 191 
131 37 180 150 31 
58 116 82 174 
185 115 140 126 
112 193 124 
9 141 62 
187 94 15 
24 74 
106 94 
7 
62 
88 67 61 133 
184 25 5 111 
105 149 102 
82 60 125 
96 168 142 57 91 126 
165 169 174 79 86 188 
64 69 45 79 119 61 
66 164 108 143 93 
24 41 34 39 
81 17 177 124 
136 49 105 
179 70 95 
113 153 126 
105 45 
2 34 195 165 171 143 95 
165 42 139 172 77 85 61 
33 35 197 55 61 127 
7 8 141 146 62 
97 163 6 108 52 
143 111 152 28 125 
112 193 147 163 
19 149 39 
160 98 199 
36 53 167 
96 50 
88 112 
195 135 
93 13 
170 
197 
194 69 8 13 142 47 18 178 28 
101 104 49 52 85 148 121 
131 105 110 47 142 146 89 
2 144 149 54 90 127 
37 7 44 175 19 
188 76 77 94 
57 10 61 87 
137 69 159 
131 30 39 
104 83 191 
57 90 113 
121 156 
6 104 106 12 55 57 
98 5 19 186 188 
0 79 28 157 95 
81 69 142 87 
48 52 127 71 
155 100 179 62 
24 127 54 79 
81 90 76 
64 129 128 
125 117 146 
129 198 8 13 141 
194 17 82 153 159 
33 166 113 55 187 
40 137 10 7 
197 81 117 
196 182 
72 59 
16 
192 65 100 101 27 190 63 
65 194 99 37 169 56 
146 119 158 7 
73 17 10 108 
57 163 28 157 
113 2 4 
72 139 23 
57 37 
192 41 
51 
49 
130 38 169 48 181 159 
91 10 59 31 
104 178 188 191 
23 21 133 7 
161 66 100 197 102 142 155 190 
36 103 199 108 144 187 
0 6 12 49 90 
10 12 45 145 179 
8 170 187 54 
122 19 31 
50 134 130 
59 118 
184 
64 193 74 12 
25 140 141 135 
152 107 23 
170 98 39 
24 115 
162 4 71 39 78 51 186 
153 131 36 104 87 25 190 
162 167 44 76 178 185 
163 175 178 86 151 
164 9 77 143 158 
134 21 182 87 120 
28 198 166 84 
90 60 149 182 
80 75 93 173 
191 12 69 181 
16 24 76 
81 9 160 
126 140 70 
153 91 76 
4 13 
110 39 
34 100 70 144 82 54 62 
57 12 20 148 
137 59 124 167 
41 75 69 143 
104 194 174 
122 44 87 
57 175 
6 
8 156 116 133 
40 135 167 111 
129 179 140 
16 99 151 
193 9 42 13 112 89 124 
193 173 77 159 
40 170 146 70 
136 50 146 
97 172 29 
101 150 
20 62 
109 
130 194 45 16 121 26 126 
98 165 174 143 88 191 
35 36 9 174 145 
171 83 52 90 94 
197 182 5 30 
64 73 172 144 
73 115 163 95 
49 18 145 174 
19 180 13 189 
151 50 171 138 
144 146 166 30 
148 47 31 
100 79 
115 92 
190 
191 66 162 103 42 11 55 95 
161 98 193 16 20 57 
160 66 198 109 180 90 
45 173 17 148 182 
113 50 59 111 
144 122 12 149 
169 122 158 54 
104 18 152 77 
61 14 143 
85 23 
112 63 
105 197 
69 23 
37 5 42 75 175 178 147 53 55 156 
64 101 167 10 42 108 183 89 158 
128 102 74 76 49 83 119 63 
64 101 40 169 150 191 
34 67 163 176 52 
77 49 145 146 116 
199 104 56 92 63 
16 75 136 
89 94 
132 5 
130 100 102 136 74 171 48 117 183 
134 76 144 18 86 59 188 
199 169 170 144 152 154 31 
128 74 108 12 88 
53 27 13 111 
8 193 2 59 
8 105 11 20 
27 60 21 173 
16 194 139 13 
46 58 38 111 
0 137 187 
120 68 
77 157 
65 
194 101 8 168 17 119 122 
105 66 11 36 
113 186 125 
88 75 133 
192 34 123 
19 180 165 
2 174 126 
138 35 92 
194 18 58 
105 10 
95 
99 165 119 90 27 
184 42 92 
184 156 100 
144 61 13 
107 38 
120 190 
41 15 
61 
96 73 106 47 156 126 
160 47 147 53 149 187 
106 11 116 92 30 
160 23 185 154 191 
112 129 44 95 
144 73 90 84 
80 67 189 79 
0 178 140 118 
27 75 3 
91 68 199 
10 69 114 
192 37 143 
164 7 
155 167 
129 2 103 167 13 185 124 95 
65 129 165 107 81 31 
89 137 153 124 
153 132 133 149 
161 156 174 86 
89 1 61 13 
176 115 15 
100 85 95 
0 18 181 
152 113 172 
100 69 198 199 170 142 49 177 180 54 121 190 
192 67 165 70 170 14 57 189 
131 187 60 175 58 158 28 94 
96 100 196 135 41 137 
117 99 77 38 
56 105 86 55 
48 196 157 199 
97 171 71 
60 87 
10 95 
132 141 
163 68 76 82 114 148 183 
35 136 137 123 157 
34 38 71 143 18 
114 163 180 195 
56 1 76 93 
26 43 
64 2 6 18 85 25 93 
194 156 148 56 28 
68 154 21 88 58 
163 106 17 94 95 
112 9 58 149 
72 73 121 175 
38 80 174 22 
19 164 37 31 
104 195 173 102 
64 140 153 76 
0 98 130 
24 123 192 
66 187 195 
155 63 
18 
165 
2 69 134 165 174 15 83 56 
139 84 60 61 190 
170 79 147 21 125 
33 106 147 53 91 
9 83 198 190 
16 88 94 
34 11 63 
142 190 94 
153 139 142 
1 46 
62 
67 165 73 77 141 23 58 92 
194 101 142 85 120 63 
164 103 173 87 126 
37 167 73 106 143 
112 128 164 5 
24 1 13 
135 41 47 
58 20 189 
66 147 
130 72 137 107 114 178 84 31 
160 100 73 49 191 
35 172 115 180 91 
137 132 181 148 
65 26 60 15 
90 100 95 
123 119 95 
122 196 183 
40 134 
156 92 
18 
8 
9 10 74 106 15 51 61 29 
32 194 37 112 24 189 
26 198 11 148 186 93 
4 106 11 60 31 
161 50 85 157 
154 139 93 
153 22 
192 100 
133 
161 162 35 166 48 94 
67 187 80 59 190 
86 179 101 54 
24 98 187 55 
170 83 70 
57 171 5 
56 118 176 
56 66 
186 
137 131 36 157 
18 196 148 13 
48 105 168 
72 165 150 
177 174 14 
145 169 101 
58 
142 
66 135 10 14 176 18 
160 38 172 84 90 157 
162 100 59 18 123 
160 135 8 146 21 
167 74 4 79 
124 161 28 152 
83 43 
97 140 
113 183 
188 
0 32 34 195 138 76 117 
166 103 199 107 173 20 125 
185 173 143 181 25 58 
128 167 173 19 156 94 
64 2 145 92 159 
137 109 55 186 124 
152 185 133 199 
171 5 6 7 
153 68 6 
81 186 
64 130 48 80 21 118 60 
32 134 78 175 50 148 
102 135 43 113 148 22 
65 38 14 118 27 
168 17 139 165 
112 155 192 159 
186 82 14 
172 68 
138 13 
24 164 
3 5 73 9 76 143 
193 36 101 6 170 178 
35 9 139 52 29 
105 2 185 125 
56 181 144 111 
90 75 76 
162 118 47 
183 46 31 
64 83 62 
41 189 15 
76 
103 136 48 86 159 
97 165 76 17 184 
128 97 140 183 187 
7 73 172 157 191 
56 130 180 111 
24 159 53 23 
97 178 60 
74 38 55 
51 94 
89 55 
72 145 
6 
1 132 39 89 122 93 
0 197 69 38 19 
169 50 121 188 94 
170 107 112 82 92 
192 74 77 118 94 
8 188 104 86 
96 90 59 148 
48 115 164 46 
122 76 135 
112 59 44 
58 196 124 
17 26 126 
66 46 
160 
33 166 71 42 46 112 87 28 
8 75 116 24 156 
144 1 76 77 
57 106 51 188 
150 180 109 6 
9 74 4 
67 100 38 
122 179 
190 
33 34 133 198 79 63 
132 108 13 151 
141 182 71 
139 133 31 
161 78 
150 30 
146 87 
96 4 37 68 135 172 116 
0 102 139 76 45 84 187 
34 42 11 17 127 
43 148 6 30 
16 108 103 
73 22 78 
41 22 15 
26 77 
155 
2 131 138 107 54 22 27 
97 104 14 17 119 
65 3 45 177 59 
5 41 13 142 87 
193 36 47 112 154 
48 169 96 149 
9 178 155 113 
183 138 44 87 
80 104 117 119 
48 138 4 
32 178 88 
173 55 
39 167 75 107 172 18 84 53 22 
129 167 103 89 29 
48 42 180 183 
42 155 118 7 
115 124 107 12 
88 172 
194 103 
111 175 53 55 87 94 
129 38 167 145 179 
35 163 70 10 42 
51 131 197 87 
1 132 31 
167 133 15 
136 114 176 
129 91 12 
35 61 111 
104 190 94 
193 195 
129 69 169 75 123 14 21 59 
108 46 145 177 84 85 95 
194 67 70 174 58 187 
107 172 108 174 147 
160 104 140 174 143 
161 134 110 87 
0 4 69 
60 141 199 
194 34 
184 141 
33 175 
195 180 
92 
194 5 10 47 48 178 27 29 
140 111 81 145 55 119 188 
165 73 170 87 24 187 159 
195 6 107 153 27 29 
174 111 177 114 117 123 
75 125 95 
195 164 134 
33 93 103 
153 79 
36 40 104 78 83 21 56 
38 73 75 140 13 175 123 
193 103 168 116 28 158 
3 69 48 113 55 
123 11 68 76 
24 121 164 70 
176 133 151 
1 108 
88 13 
130 195 
2 101 
191 173 51 59 94 95 
2 4 36 199 57 
164 62 
197 
64 161 135 73 108 83 
193 102 10 106 80 27 
102 137 43 111 61 
99 36 136 75 60 
40 74 195 
185 58 28 
184 59 
96 71 168 9 110 111 176 62 121 28 94 
48 128 5 190 
154 180 52 127 
104 51 125 102 
89 63 47 
64 107 87 
130 
74 170 142 48 149 22 29 
99 163 132 11 180 61 
39 10 11 74 56 28 
120 70 62 
1 77 38 
121 29 173 
2 
2 194 100 102 54 152 91 191 
161 193 142 175 149 28 93 
129 37 6 166 140 60 127 
35 68 163 110 155 30 
139 156 125 
107 43 192 
122 43 
112 183 
96 97 135 72 75 139 109 17 59 
129 100 199 11 108 13 84 57 
33 134 40 59 124 
91 52 147 63 
137 61 46 87 
40 154 51 
170 193 66 
42 190 
43 110 
16 132 108 152 
88 169 55 
53 158 7 
107 37 198 
80 20 
158 
165 181 22 59 94 
0 44 52 135 
32 121 120 151 
75 100 197 110 
96 166 142 
32 61 71 
73 149 38 
97 94 
0 67 
67 111 
134 72 43 78 15 153 190 
195 4 112 146 118 26 
129 104 149 184 62 
177 42 5 182 
121 91 61 
163 150 71 
162 20 13 
140 150 
78 79 
65 2 129 176 184 154 
66 195 117 198 
89 2 109 122 
16 188 157 
4 93 79 
107 14 183 
184 99 84 
