200 2000
65 39 41 12 46 189 125 
161 73 172 112 147 155 92 
70 169 17 82 177 56 88 
131 197 92 179 57 188 
168 75 108 173 50 60 
65 36 75 76 14 186 
8 72 43 139 30 
1 162 39 171 61 
162 2 66 145 27 
35 74 107 172 13 
197 1 18 61 
107 90 51 36 
64 142 126 192 
8 88 140 190 
144 81 199 
11 95 79 
8 194 139 
154 
0 
65 1 33 98 80 19 84 
165 76 111 15 115 21 
68 134 167 74 16 145 
130 113 148 56 187 
137 170 22 87 24 
77 114 55 60 190 
98 173 142 175 
16 170 130 183 
199 170 147 111 
175 98 142 159 
37 21 142 195 
136 90 147 130 
98 196 6 47 
178 43 109 
105 186 183 
68 173 198 
49 117 118 
58 29 146 
48 94 
64 162 
126 
27 
194 164 37 196 143 80 19 25 123 190 
129 99 132 172 187 79 181 185 27 
160 66 131 130 103 183 31 
2 70 7 83 185 59 189 
130 69 102 168 106 174 
32 174 49 52 122 191 
196 69 143 178 119 127 
153 81 188 57 156 158 
163 6 198 168 47 152 
199 104 10 14 93 30 
32 69 7 169 148 25 
173 174 176 57 92 
68 166 167 174 53 
100 197 116 20 30 
194 75 179 20 188 
35 4 72 110 50 
167 105 85 27 158 
0 192 84 91 191 
180 52 141 94 
65 76 84 71 
66 51 79 7 
91 11 54 122 
33 100 79 
114 86 146 
58 125 174 
96 115 118 
43 174 23 
124 13 
33 84 
10 13 
185 
165 199 176 82 19 153 90 
97 6 7 108 115 52 
6 113 18 177 91 127 
38 10 57 58 60 94 
167 146 20 61 30 
129 164 165 41 173 
161 195 113 60 31 
24 197 131 173 
161 138 43 146 
168 113 121 176 
97 114 99 174 
32 35 142 
131 77 190 
197 34 149 
24 50 199 
33 66 75 
17 51 188 
117 142 183 
10 42 
161 43 
48 138 
24 124 
179 
69 
157 
128 194 42 140 174 85 118 55 
132 100 198 138 48 114 95 
131 170 42 111 126 191 
68 135 45 47 118 186 
132 10 114 84 85 95 
64 164 38 39 178 
90 8 81 58 93 
168 92 153 186 124 
130 136 171 115 56 
133 9 109 144 29 
66 47 177 86 158 
177 199 148 87 
120 21 62 167 
109 199 93 189 
176 73 137 158 
2 172 61 86 
98 35 69 13 
11 189 150 
73 59 147 
106 77 54 
89 100 22 
145 34 83 
172 94 
3 95 
122 21 
82 181 
168 180 
130 147 
65 35 105 13 173 143 113 63 
192 3 132 40 173 177 114 85 
133 44 19 85 29 
96 5 198 102 151 
2 75 11 112 90 
9 161 198 190 
193 108 190 175 
175 117 21 7 
167 90 138 39 
188 155 103 23 
131 20 15 
155 7 
147 166 
192 139 
16 155 
68 181 
103 42 144 178 119 152 62 
194 195 90 6 186 125 
131 198 106 75 46 
199 162 195 95 
178 73 146 85 
32 65 59 
114 164 84 
104 100 
69 126 
108 190 
164 190 
4 
32 69 6 104 47 85 
2 198 167 15 186 155 
66 102 105 140 46 14 
38 140 111 180 93 30 
165 102 75 20 91 61 
197 71 7 170 140 
0 64 133 148 126 
108 110 143 28 30 
193 70 172 113 180 
193 131 196 152 123 
83 45 62 119 
130 190 22 15 
41 177 174 111 
1 163 101 15 
102 92 71 47 
183 196 79 
195 44 165 
96 98 155 
136 74 164 
153 5 103 
161 188 127 
177 100 
136 
165 198 9 49 189 87 186 125 
97 194 42 139 12 77 
66 132 103 110 116 25 
192 131 170 115 117 
96 6 74 173 49 
130 195 4 74 159 
103 138 46 82 28 
57 68 173 47 
24 131 124 14 
66 19 74 79 
26 83 29 110 
137 180 68 135 
124 52 21 63 
43 5 149 
148 77 165 
132 69 63 
105 74 191 
124 50 12 
93 5 181 
51 45 157 
8 115 71 
187 172 
176 161 
40 116 
17 
129 196 5 49 18 28 29 127 
66 133 6 104 109 154 
70 75 189 125 30 
128 161 132 24 191 
132 199 7 154 61 
33 57 93 94 63 
1 16 117 185 157 
160 75 131 181 
169 54 143 
97 35 30 
32 145 195 
156 23 
16 31 
68 71 
162 195 
88 71 
10 151 
102 
88 
39 139 177 178 147 181 61 63 
32 131 8 176 177 20 180 
161 98 134 199 42 183 184 
197 135 141 144 86 24 
2 153 171 183 89 125 
194 16 17 146 153 25 
0 168 107 44 14 
98 72 50 150 94 
102 7 50 119 159 
192 104 41 175 58 
9 49 62 47 
32 81 43 127 
161 18 195 173 
132 157 95 63 
178 188 70 135 
24 114 93 141 
40 193 147 
24 131 117 
184 49 127 
167 12 87 
18 54 23 
82 44 
1 167 
134 151 
0 173 
154 54 
86 
128 33 73 41 170 140 141 81 87 
0 199 168 108 84 186 
32 64 5 105 43 29 
97 103 173 179 127 
100 73 41 117 53 
39 45 113 153 157 
162 109 79 144 117 
71 47 80 121 189 
133 73 75 14 82 
64 81 59 20 
64 65 82 83 
56 162 147 166 
28 190 95 55 
32 78 178 14 
73 49 82 151 
56 72 179 
0 190 183 
114 91 21 
132 5 62 
16 12 
8 188 
128 41 
4 70 167 198 10 15 86 
193 34 162 10 143 24 157 
68 167 48 180 23 90 
6 104 82 52 21 189 
130 100 39 45 15 20 
33 100 170 15 88 123 
194 67 111 23 30 
136 176 150 56 122 
166 105 170 140 18 
73 27 191 135 
183 178 51 63 
54 1 61 30 
17 18 71 
32 149 86 
184 26 106 
193 83 19 
48 138 64 
1 42 121 
83 172 22 
66 155 151 
64 130 150 
168 12 182 
170 122 
112 97 
107 78 
81 143 
1 163 198 9 44 18 90 
193 2 68 108 60 190 
160 71 169 123 28 189 
1 70 198 109 179 63 
32 33 70 43 180 
104 177 148 120 124 
39 12 143 112 152 
193 99 197 117 55 
65 165 84 58 27 
135 140 109 46 112 
89 145 169 183 
184 49 18 148 
80 2 59 130 
66 131 60 
188 115 172 
109 30 111 
40 26 92 
107 3 147 
176 161 54 
195 13 79 
197 46 
70 167 
48 90 
164 134 7 199 139 56 57 
34 35 82 84 86 30 
130 187 175 16 155 190 
106 124 88 60 94 63 
160 147 152 189 127 
40 171 115 30 159 
192 1 113 87 126 
188 124 93 87 
152 131 180 79 
128 149 118 95 
9 115 22 159 
183 179 148 55 
81 52 117 
137 85 21 
49 18 182 
170 100 
80 105 
10 
98 36 104 9 41 137 14 115 88 
35 197 102 74 140 147 182 90 93 
163 101 70 134 38 172 112 183 
8 77 16 151 90 27 
194 4 39 140 175 126 
193 166 104 84 86 
171 197 54 183 
170 108 198 7 
154 134 61 118 
2 75 156 
57 173 79 
82 6 55 
153 185 54 
4 21 
84 39 
80 7 
157 22 
0 141 
3 5 138 114 147 180 23 
195 136 85 181 123 156 
12 49 146 177 53 159 
99 168 170 74 43 188 
0 68 8 153 92 126 
198 40 74 79 182 61 
5 134 108 151 26 
8 25 148 38 
135 170 127 47 
0 1 179 104 
127 109 71 63 
108 195 44 150 
0 153 146 167 
193 68 119 76 
168 105 181 198 
24 109 118 
152 43 197 
179 115 101 
153 50 108 
178 132 126 
171 133 
192 143 
113 13 
184 78 
106 146 
165 175 
38 
151 
128 131 70 138 107 87 90 27 62 
67 103 72 171 78 179 31 
199 143 81 18 21 61 
98 42 75 15 113 118 
17 50 85 23 30 
1 113 87 125 62 
103 72 52 92 190 
64 146 61 190 
138 67 12 22 
169 69 174 173 
173 157 70 55 
185 36 149 182 
17 186 164 126 
115 162 43 144 
41 106 11 
0 80 78 
164 84 69 
170 2 192 
153 174 103 
168 75 
141 174 
91 67 
130 
64 38 199 74 49 113 20 22 
195 104 168 173 147 119 
1 195 151 24 31 
32 194 166 6 119 
183 156 158 23 
120 153 3 61 
128 10 52 118 
10 43 108 151 
72 170 75 
72 100 6 
109 77 6 
137 132 126 
9 171 
145 13 
76 118 
131 46 
155 140 
96 171 
147 
1 
129 100 44 156 181 55 28 
0 64 101 108 80 126 30 
65 79 17 145 182 31 
97 99 173 15 52 155 
128 6 136 73 47 118 
193 35 5 118 184 121 
65 101 11 141 175 
34 38 199 72 21 
73 17 147 55 151 
194 122 172 20 
10 98 79 39 
156 131 68 
78 19 70 
152 170 106 
115 174 195 
88 167 143 
184 129 26 
185 43 150 
80 33 61 
73 49 
168 172 
49 199 
17 
0 162 167 10 180 150 87 156 93 191 
134 142 47 148 182 29 31 
192 197 115 149 183 58 27 
196 168 48 119 24 62 
8 175 181 118 123 
184 105 137 185 
183 60 92 
100 44 166 
128 17 163 
163 196 135 
61 53 55 
128 33 186 
156 93 159 
170 22 
42 122 
115 197 
109 47 
83 38 
99 
64 160 34 131 52 118 183 186 
65 162 35 136 172 48 52 186 
10 42 140 183 153 94 
20 181 52 122 189 158 
162 20 182 58 28 126 
164 68 10 138 171 119 
3 196 165 23 31 
35 113 148 151 188 
122 153 90 59 124 
41 4 165 92 
107 75 4 197 
129 93 37 103 
98 35 92 119 
34 188 172 118 
8 114 163 125 
128 121 69 165 
72 113 169 132 
152 19 23 
25 53 57 
186 18 174 
168 52 53 
96 34 
3 23 
161 50 
16 
186 146 114 86 58 92 190 
1 104 10 107 46 18 23 
64 198 136 9 44 144 
101 73 107 189 29 
192 194 166 26 191 
3 102 135 43 122 
48 165 61 151 
192 59 116 117 
106 100 29 183 
72 114 172 118 
88 169 52 198 
122 199 47 
112 73 188 
136 188 
1 82 
0 134 39 104 46 118 152 90 
1 168 107 122 59 28 63 
196 101 71 41 170 186 
162 73 76 178 24 187 
0 68 173 149 89 
37 165 170 76 49 
136 137 59 124 
0 114 190 22 
24 91 11 182 
96 43 19 167 
73 52 79 55 
76 77 183 
88 22 119 
91 196 47 
65 2 36 
32 107 155 
81 141 30 
129 51 125 
178 108 63 
65 5 173 
187 196 167 
8 115 7 
58 140 
186 3 
146 46 
37 101 42 177 50 86 56 88 
135 50 114 119 121 59 
132 104 105 47 114 
100 4 6 107 139 
8 186 26 101 
194 178 75 69 
33 10 36 68 
40 82 122 103 
163 60 181 
163 85 
169 127 
165 39 
49 149 
151 
99 10 14 111 175 145 147 20 
64 192 164 197 170 54 123 
130 102 20 149 184 27 
100 8 9 181 121 26 
6 46 179 154 60 63 
128 161 162 21 187 
35 14 82 184 190 
104 9 116 24 152 
130 175 19 86 61 
41 146 161 188 
0 20 30 
16 51 92 
33 101 142 
64 144 
161 95 
60 
128 130 99 167 107 
129 143 49 156 158 
67 164 77 79 186 
129 2 171 52 59 
163 40 49 87 183 
121 131 36 
128 66 139 
145 43 93 
16 169 103 
33 170 70 
116 109 
195 55 
91 
2 
0 160 36 168 137 143 117 149 25 90 
194 10 13 142 48 80 183 123 126 
66 71 9 12 146 181 151 61 
128 139 175 80 146 22 122 
128 71 167 41 140 20 21 
192 145 20 53 21 62 
193 164 40 75 90 
97 101 143 48 156 
4 40 20 149 118 
70 122 152 58 30 
101 139 140 56 184 
128 19 20 14 
25 174 62 23 
89 129 169 39 
8 116 4 
176 67 117 
147 77 126 
65 180 95 
164 123 68 
45 86 15 
80 96 37 
129 78 
108 166 
189 198 
168 45 
18 
130 169 170 110 21 185 28 127 
161 193 9 75 47 83 
193 7 45 85 185 30 
65 44 176 148 182 24 
161 102 136 11 12 190 
197 82 186 29 191 
167 104 138 47 57 
108 80 81 20 124 
73 138 11 
176 105 116 
83 181 47 
144 57 21 
73 134 159 
88 26 171 
17 198 
104 197 
128 110 
148 37 
90 46 
186 132 
5 157 
0 64 159 194 132 152 158 31 
68 70 136 137 110 176 149 
198 167 110 114 84 89 
128 34 41 108 155 31 
197 198 43 91 62 
7 106 50 53 189 
128 75 112 180 183 
58 101 72 55 186 
192 129 167 11 188 
68 72 88 29 126 
129 76 166 126 
112 78 30 
156 108 78 
57 164 61 
164 101 63 
110 6 23 
135 167 103 
120 186 91 
36 102 
73 186 
192 103 
70 
131 68 39 7 103 11 84 25 
130 102 134 112 114 148 89 
0 194 8 40 112 88 
48 179 148 84 151 93 
45 179 116 23 120 63 
32 135 13 152 155 
32 192 101 108 151 
8 43 150 54 187 
35 82 19 179 150 
3 138 142 48 51 
197 81 138 5 
161 60 119 87 
32 161 124 190 
168 89 145 
0 83 3 
56 178 131 
32 57 98 
184 185 71 
134 71 
91 36 
133 
65 
190 
192 46 14 111 18 149 88 
4 134 50 26 27 
177 26 117 198 
184 113 161 191 
186 122 116 47 
0 129 187 134 
42 181 150 151 
10 43 77 94 
113 189 182 23 
81 66 90 
50 132 15 
24 73 98 
8 105 48 
76 173 
192 2 110 85 185 
194 47 84 23 87 
129 40 47 56 126 
64 131 86 184 28 
108 19 85 21 
64 100 36 121 
160 49 171 150 
129 179 139 171 
120 163 55 7 
185 191 119 
81 190 159 
104 17 117 
34 110 
165 104 137 139 148 53 149 185 154 159 
0 101 154 136 107 113 82 90 
1 140 173 118 157 88 152 
130 146 88 155 157 
129 194 4 119 156 
176 175 185 79 
48 110 36 94 
0 25 154 136 
82 53 142 
178 74 198 
24 131 112 
121 3 92 
19 68 55 
8 32 
64 87 
169 174 
16 89 
169 37 
97 193 195 38 105 11 13 114 187 
3 41 46 47 184 57 94 
159 34 35 47 143 115 127 
135 51 54 24 185 154 60 
193 163 165 146 152 60 
121 146 75 149 
96 196 128 71 
16 24 74 198 
67 180 13 111 
75 60 45 175 
64 196 120 183 
160 142 31 
104 110 71 
73 75 
138 7 
121 134 
135 
131 106 173 48 115 52 53 89 
196 103 73 106 176 19 25 124 
0 34 135 103 81 182 191 
162 35 72 140 150 91 
36 199 106 13 79 85 
3 36 146 150 183 
164 5 78 111 22 
36 39 13 183 27 
5 135 170 121 159 
57 164 27 108 
96 186 192 
57 67 44 
147 180 159 
132 182 63 
170 53 126 
26 51 141 
35 108 
74 59 
142 102 
96 140 
73 65 
6 
37 166 78 46 120 123 126 
1 130 198 112 54 125 
6 75 114 188 181 92 
36 139 51 117 53 
1 176 147 23 62 
71 75 13 82 188 
16 137 131 157 
144 10 75 61 
121 10 130 103 
168 74 86 122 
81 20 193 23 
17 35 156 111 
40 58 84 102 
104 146 135 
91 174 22 
19 52 139 
104 147 7 
33 199 
146 180 
17 153 
51 78 
35 
84 
3 
32 65 197 180 53 181 56 
161 9 107 141 112 150 122 
64 33 37 45 49 57 155 
0 2 163 37 126 127 
4 72 142 150 58 
88 114 195 128 
74 28 90 114 
128 194 139 119 
97 174 141 142 
153 2 66 
81 115 175 
171 44 55 
184 155 102 
184 190 143 
193 133 62 
112 184 55 
171 199 
112 
133 86 119 58 187 126 
164 172 141 183 185 125 
45 146 179 148 186 
42 145 59 92 93 
199 17 82 58 28 
97 138 141 22 155 
96 136 55 47 
136 4 21 55 
178 81 74 159 
91 156 125 38 
160 105 169 182 
81 9 170 192 
153 10 84 174 
73 60 21 173 
155 45 63 
186 100 77 
32 67 133 39 8 138 51 87 152 29 
33 197 198 107 78 94 
192 168 105 13 20 124 
0 194 106 142 29 159 
103 139 22 153 58 
4 104 106 178 121 
33 197 72 179 30 
112 187 180 15 
176 170 99 190 
170 148 142 159 
148 36 13 127 
74 139 22 138 
48 72 180 192 
17 130 157 
184 89 58 
74 163 133 
115 43 136 
154 99 166 
56 165 
89 198 
184 27 
116 63 
21 111 
9 10 
113 
51 
128 129 160 162 101 72 114 190 
34 41 149 57 28 29 95 
104 170 171 108 144 25 
96 13 17 145 153 
134 136 76 150 124 
75 47 112 144 23 
163 102 38 42 110 
78 106 141 54 
97 162 60 
183 193 31 
82 78 
64 5 51 86 125 63 
96 199 9 11 180 
129 197 10 19 185 
162 137 145 22 
128 2 61 142 
48 89 42 192 
17 153 4 
73 34 102 
160 65 156 
161 82 142 
90 20 133 
1 12 175 
33 14 119 
72 89 147 
104 58 144 
2 66 
57 132 
12 
60 
3 133 41 144 50 57 127 
160 196 137 80 190 
131 38 173 80 152 
160 164 140 30 63 
75 51 84 39 
192 145 169 7 
40 62 92 38 
135 86 70 63 
50 51 37 175 
25 171 105 
89 150 143 
123 52 23 
74 198 
66 171 
66 48 177 82 148 120 
194 3 195 147 184 188 
135 14 91 63 127 
141 49 152 121 191 
96 8 115 186 28 
66 36 84 151 123 
193 131 29 93 159 
112 34 139 155 
49 153 100 87 
62 187 14 30 
104 139 124 173 
168 113 178 149 
16 115 3 196 
168 11 84 
145 18 196 
110 14 87 
101 77 13 
171 53 166 
35 116 78 
97 134 
57 163 
120 22 
155 6 
99 
104 46 80 177 51 183 29 
70 74 94 91 188 30 
7 168 111 53 28 
101 79 18 182 156 
133 107 176 29 190 
166 38 7 16 112 
97 111 145 151 93 
16 107 155 15 
18 197 62 127 
167 71 70 7 
107 66 53 5 
17 193 111 
136 91 54 
17 69 102 
81 110 54 
129 51 101 
99 163 
194 132 77 15 21 86 186 123 
163 13 115 86 120 122 157 
35 6 47 175 121 123 95 
6 171 116 25 58 61 
72 41 77 83 20 186 
199 172 44 142 21 
97 129 69 79 20 
129 116 180 117 28 
12 52 88 154 184 
65 37 105 186 125 
161 170 86 28 125 
170 2 138 119 
33 109 93 146 
131 43 100 5 
136 10 124 167 
138 12 22 167 
86 66 148 30 
65 1 27 
9 115 63 
98 83 140 
89 73 106 
137 153 
40 63 
99 69 
106 
79 16 150 88 155 188 
97 110 124 150 88 60 
79 112 57 125 191 
64 5 14 119 124 
64 97 163 178 55 
128 55 87 156 93 
120 126 110 130 
115 33 51 87 
40 162 150 126 
32 190 29 160 
169 67 54 
85 133 191 
107 67 30 
32 166 111 
1 100 183 
144 109 39 
84 173 
156 39 
73 181 
113 62 
49 12 
168 192 
197 
162 70 12 150 184 121 59 
134 103 166 78 51 26 158 
96 4 49 151 62 63 
32 196 43 175 184 188 
197 69 181 153 94 
64 7 112 145 115 
68 37 110 122 29 
151 139 22 127 
8 99 126 15 
120 191 95 47 
8 41 93 176 
97 141 191 31 
75 18 26 14 
20 141 173 
112 26 38 
80 10 196 
4 29 78 
197 21 5 
91 156 
5 72 114 115 20 146 24 88 
165 197 76 173 113 56 
66 133 14 148 149 184 
32 106 140 112 114 28 
132 75 111 16 82 61 
162 166 10 179 189 62 
199 72 143 126 127 
106 78 81 147 92 
109 178 180 121 60 
106 81 151 27 188 
24 197 100 141 
83 51 149 14 
153 147 188 191 
156 164 108 37 
1 114 115 
177 169 115 
168 153 100 
37 62 
40 145 
186 148 
171 54 
1 151 
99 7 
23 
163 135 199 59 170 81 20 91 156 157 
2 66 130 195 78 48 157 61 
132 41 13 88 90 91 158 
71 167 43 139 142 58 157 
163 43 48 81 148 25 
6 104 171 115 25 
101 38 181 21 87 
65 194 43 19 182 
1 132 71 83 150 
73 124 121 143 
154 179 21 135 
94 133 22 141 
154 124 94 151 
42 126 62 138 
112 133 
4 189 
97 70 
194 55 
2 86 
2 3 78 115 119 183 29 
99 195 6 73 90 63 
65 6 111 80 58 29 
32 107 43 121 122 
162 133 120 57 30 
144 115 160 159 
72 110 94 192 
141 86 189 
33 199 49 
8 66 35 
176 110 135 
122 6 191 
17 82 20 
88 175 
128 135 178 83 118 86 24 123 
76 174 50 83 86 56 28 
5 106 172 81 49 115 188 
1 129 194 132 198 170 
68 44 143 146 150 95 
1 130 135 90 91 188 
164 36 12 174 112 29 
195 199 139 59 124 
167 150 22 153 127 
126 51 131 22 
16 158 80 110 
193 107 28 165 
161 65 139 196 
16 51 85 69 
99 28 117 149 
194 39 31 
128 7 
57 195 
44 134 
57 100 
80 173 
32 98 3 43 23 154 
97 69 140 83 21 157 
128 1 165 104 113 116 
65 2 40 52 22 
37 141 148 87 159 
166 47 89 60 62 
170 173 149 26 27 
128 73 53 184 
33 29 196 21 
108 44 136 62 
171 37 110 175 
113 129 141 95 
10 18 100 37 
19 163 165 
152 130 
8 35 
133 7 106 12 51 52 184 
74 170 177 19 90 123 29 
193 138 44 45 142 18 
0 134 171 176 158 
193 132 16 124 188 
80 123 110 192 
41 99 188 187 
32 33 122 30 
96 185 69 38 
73 103 141 71 
67 173 134 189 
73 106 180 182 
33 3 12 78 
186 187 39 
168 126 110 
139 52 93 
98 125 190 
176 151 
88 54 
160 162 198 149 86 
68 138 112 114 152 
197 139 77 20 120 
199 110 112 145 95 
168 78 111 84 117 
128 161 196 126 
64 114 13 70 
78 82 22 154 
113 137 145 195 
64 154 84 149 
113 124 134 23 
0 135 88 103 
53 70 183 
123 124 163 
65 18 187 
90 107 86 
183 111 
152 107 
187 60 
132 199 
68 18 148 91 94 159 
129 66 68 57 186 94 
134 45 111 51 21 121 
164 171 80 86 186 
32 9 83 117 95 
128 69 185 124 190 
1 132 137 174 112 
130 105 45 82 91 
65 76 112 178 29 
169 91 193 47 
152 66 82 146 
8 73 197 168 
97 166 54 
168 109 22 
5 182 135 
114 11 55 
121 67 119 
115 93 77 
72 73 108 
58 75 
137 69 
155 158 
191 15 
196 
162 68 6 199 49 18 113 29 
96 160 186 105 178 154 
137 171 110 147 53 121 
32 195 50 19 21 60 
1 98 184 126 125 158 
132 7 52 150 158 
192 197 41 169 29 
0 162 49 116 23 
5 142 178 147 157 
184 94 62 31 
107 35 181 159 
4 68 190 55 
96 35 188 22 
40 41 128 81 
100 181 158 
97 2 117 
176 37 79 
41 162 51 
69 5 
102 22 
129 11 
67 45 
74 13 111 143 113 24 59 62 
0 162 195 132 41 142 112 23 
161 98 198 172 114 124 
138 142 19 181 25 
2 196 199 18 21 
163 165 135 54 60 
163 106 172 48 112 
112 177 176 95 
152 153 74 77 
58 12 125 54 
17 42 172 41 
32 48 53 122 
32 33 4 198 
178 2 74 122 
195 69 158 
136 133 78 
153 87 
96 107 
1 37 38 137 107 146 60 158 63 
100 36 133 45 118 93 190 
197 106 77 15 26 29 
162 112 145 86 57 91 
132 102 141 22 88 155 
100 69 138 109 80 112 
65 131 5 102 171 58 
36 134 142 124 189 
84 117 53 54 157 
66 67 68 149 
186 85 22 
105 58 103 
156 132 
184 149 
125 
134 76 108 16 189 28 29 95 
38 143 80 118 56 125 95 
138 45 175 180 154 159 
68 134 38 46 50 155 
161 103 167 11 16 153 
65 163 167 41 80 
160 34 102 121 94 
73 11 181 111 
186 125 75 37 
80 196 132 150 
88 162 154 172 
168 51 189 95 
32 180 94 
60 141 22 
186 76 78 
191 78 95 
57 3 172 
66 196 98 
151 21 79 
56 155 176 
107 20 
130 35 
58 14 
48 160 
4 23 
2 133 102 143 184 154 187 63 
162 35 38 135 43 118 119 
162 69 42 170 48 180 
68 40 110 50 90 
4 135 43 122 63 
4 42 146 54 126 
166 105 177 93 126 
168 137 20 185 28 
1 129 59 23 
0 25 69 53 
163 180 101 183 
184 35 36 68 
113 123 28 156 
74 163 188 6 
43 84 94 87 
178 83 110 
188 150 143 
19 131 175 
152 137 165 
139 44 109 
40 175 
112 131 
51 110 
32 
176 
160 193 134 119 123 30 
65 142 151 24 91 
132 135 28 82 188 
3 71 13 19 159 
163 44 141 14 85 
163 40 168 107 120 
134 182 118 111 
32 113 187 14 
160 25 82 93 
40 143 190 127 
108 178 20 37 
193 199 5 191 
192 150 180 118 
88 118 117 110 
58 51 131 
18 51 142 
33 155 38 
42 75 70 
112 169 191 
3 124 
68 21 
131 20 
137 109 
100 165 17 115 149 24 92 
193 131 10 42 179 84 117 
2 137 46 81 119 185 58 
195 133 197 173 178 159 
33 162 191 79 21 159 
104 172 143 79 59 126 
168 105 148 117 85 
64 132 10 51 30 
37 172 115 83 125 
72 42 74 115 30 
65 177 164 94 
142 130 134 110 
114 187 172 183 
177 185 
4 101 
146 166 
89 
3 102 122 43 14 177 84 58 
97 74 114 147 184 123 157 
135 45 110 15 85 21 119 
97 133 44 152 156 189 
128 130 101 11 84 159 
34 166 173 150 183 124 
163 6 105 149 187 
194 167 18 182 63 
32 34 22 57 154 
192 132 198 115 191 
170 11 80 178 124 
186 11 171 174 
90 21 141 103 
80 117 101 6 
135 84 45 127 
32 41 152 77 
168 59 175 
57 77 
37 150 
183 
3 132 37 143 87 123 31 
41 12 113 125 151 123 29 
129 3 198 19 85 155 
10 143 112 51 24 190 
172 15 114 185 190 30 
37 47 57 91 125 
193 194 105 53 21 
129 162 7 13 61 
128 33 77 178 20 
70 173 16 180 154 
67 100 50 54 119 
171 79 120 57 30 
72 50 130 95 
186 66 31 23 
136 194 164 45 
128 145 67 176 
128 106 197 15 
34 67 182 
1 101 119 
122 53 15 
108 6 167 
33 189 
51 31 
190 22 
18 175 
98 35 196 40 188 191 
3 199 107 139 141 47 
64 194 133 40 17 26 
66 67 179 116 20 85 
160 133 114 20 86 
35 134 175 84 24 
130 36 39 13 142 
99 164 6 20 182 
104 161 171 69 
26 150 94 146 
83 148 163 142 
123 27 163 
62 121 38 
122 107 182 
145 114 115 
73 154 19 
60 190 23 
105 182 14 
128 118 
125 15 
36 110 81 52 184 91 92 
33 161 170 108 15 179 62 
139 55 151 121 154 
111 116 54 186 159 
100 133 166 11 12 
97 169 14 151 27 
80 100 88 12 
146 180 149 79 
184 20 36 111 
50 174 122 
3 52 95 
172 4 45 
49 106 151 
45 158 127 
26 148 
156 
160 35 165 38 110 175 184 58 60 
0 40 82 51 85 26 59 159 
102 10 109 143 23 151 25 
163 169 10 143 117 120 126 
2 101 19 118 153 
192 108 81 89 94 
196 132 153 125 158 
162 26 123 157 62 
195 109 80 119 91 
16 193 2 128 
100 45 158 39 
65 82 155 4 
120 93 92 29 
74 93 54 
147 108 85 
186 83 190 
144 106 61 
161 70 
96 193 
66 72 169 13 15 17 158 159 
3 165 13 46 15 142 123 
66 196 40 179 117 120 
65 40 146 116 89 154 
97 131 196 149 185 122 
34 130 10 116 52 
133 183 24 158 190 
10 148 141 114 
152 25 154 170 
91 76 94 127 
89 161 141 38 
16 169 19 199 
151 67 20 111 
120 17 93 
193 107 174 
72 107 31 
73 20 189 
122 45 86 
43 4 
107 75 
20 52 
196 
1 196 38 105 174 148 87 24 29 
131 152 154 155 189 31 
131 142 179 148 117 60 
0 71 42 157 155 61 
109 14 16 181 189 
4 13 119 88 124 
120 65 129 145 
192 18 166 79 
161 58 198 15 
27 132 7 
154 179 198 
49 170 76 
8 193 192 
156 154 124 
0 113 92 
168 194 2 
161 52 
77 62 
8 20 
64 99 3 106 85 30 
128 69 74 48 113 
9 16 49 51 158 
0 73 18 115 157 
163 8 144 150 90 
64 196 172 63 
152 9 59 87 
164 139 76 6 
123 164 29 30 
89 41 91 95 
16 105 44 119 
33 74 177 68 
50 36 150 
33 102 121 
153 198 126 
192 147 142 
8 156 
141 102 
3 
64 96 42 76 16 147 117 153 27 
133 42 106 81 17 147 57 124 
32 165 105 138 78 15 114 
194 102 167 173 82 30 
71 171 89 92 95 
173 13 180 23 94 
7 91 11 27 28 
73 13 190 183 
131 20 139 36 
49 115 97 143 
112 170 158 150 
34 141 114 119 
40 98 46 87 
112 136 84 21 
184 89 188 135 
156 19 92 
138 20 
196 68 
159 55 
164 6 
10 103 
121 29 
9 39 
18 78 
113 
2 166 71 186 173 18 50 85 26 
161 65 69 42 43 
64 4 110 91 28 
131 198 134 116 151 
69 103 173 77 95 
67 166 141 81 18 
64 59 182 111 
192 156 93 102 
160 68 37 191 
171 139 61 175 
108 86 79 
96 180 159 
178 166 127 
121 178 
10 44 
155 
32 162 195 172 78 19 154 
0 97 163 109 149 123 
0 33 128 169 49 55 
101 41 16 81 181 90 
64 35 77 111 27 
3 102 135 113 154 
129 116 118 155 61 
128 73 9 18 115 
105 155 188 71 
41 175 6 71 
161 154 181 
60 109 62 
20 70 
118 191 
69 
168 105 107 77 53 56 185 125 
2 164 9 177 58 59 
105 170 175 176 31 
163 39 142 117 127 
160 40 113 148 119 
168 81 35 77 
145 11 111 23 
136 57 149 121 
105 199 195 103 
73 41 75 159 
164 29 141 
41 43 108 
50 189 159 
99 15 
199 63 
160 192 12 111 15 81 58 
3 77 85 117 56 154 88 
1 35 42 171 55 94 
194 102 140 13 147 30 
33 167 84 154 61 
80 179 151 91 63 
43 49 146 23 188 
49 177 119 156 190 
48 25 35 38 
16 1 176 151 
42 123 23 
167 27 47 
88 145 133 
40 74 160 
164 5 
177 181 
120 92 
58 157 
104 65 
0 168 44 156 51 115 59 60 
128 66 35 19 20 117 119 26 
128 198 175 16 24 56 30 
196 138 108 178 149 183 
169 146 115 147 88 158 
0 5 9 73 151 62 
184 34 45 157 
144 33 126 7 
48 72 54 151 
162 123 47 
128 157 134 
38 62 22 
98 61 174 
128 29 167 
33 82 183 
12 13 
9 105 
136 149 
64 
192 6 79 48 82 148 119 
88 9 144 87 
89 131 181 119 
48 10 118 70 
88 151 182 31 
8 113 88 139 
183 106 44 87 
56 145 99 37 
123 37 21 118 
58 3 52 
81 75 51 
160 197 189 
120 195 133 
73 196 118 
121 185 125 
91 29 
130 61 
199 
32 102 136 107 50 178 52 154 190 
131 74 171 18 146 53 55 
3 39 110 52 186 94 
130 165 44 175 83 
43 140 46 24 60 
121 98 11 153 58 
104 43 189 142 
1 28 132 39 
177 66 150 78 
25 44 6 30 
43 11 116 131 
70 177 22 97 
8 114 139 
136 198 31 
111 87 
44 166 
169 39 
43 119 
114 155 
111 63 
98 8 137 13 114 89 29 158 
64 8 108 21 150 88 62 
33 108 174 15 82 24 
161 10 108 49 59 189 
99 13 80 20 118 183 
65 76 109 55 58 
3 173 88 30 191 
66 165 80 112 117 
160 182 46 55 
64 105 158 39 
134 4 125 38 
195 172 46 151 
1 69 181 
121 170 103 
162 12 23 
152 75 183 
164 76 190 
118 103 
99 151 
74 103 
106 148 
77 135 
141 174 
0 
1 197 38 104 168 108 172 175 82 
96 97 41 140 77 47 111 112 
129 66 166 45 19 185 60 
10 178 20 85 24 189 
35 103 168 78 16 30 
32 161 68 109 14 151 
64 105 14 149 191 
24 56 117 199 
16 138 110 191 
112 26 180 135 
128 113 36 165 
16 99 124 150 
114 44 182 150 
88 74 187 28 
18 27 21 54 
162 18 157 183 
74 173 106 
74 156 86 
105 122 22 
112 122 29 
34 45 
108 182 
12 95 
181 39 
67 164 168 105 15 119 28 94 
165 135 168 184 185 29 
178 106 84 79 
89 18 99 113 
49 90 37 167 
35 3 60 140 
73 116 125 159 
8 89 100 38 
41 180 198 199 
152 179 143 
176 174 63 
120 73 181 
130 196 172 
49 45 
80 5 
41 52 
128 110 
3 149 
43 
9 181 166 191 
115 51 60 84 
97 137 169 141 
123 3 172 142 
32 110 115 14 
20 197 158 
65 132 55 
174 127 
176 174 
65 39 76 57 154 91 189 127 
99 197 109 119 90 125 62 
193 68 103 111 54 184 95 
4 7 44 47 17 116 91 
192 170 106 13 57 63 
96 168 47 90 92 29 
0 130 107 45 116 62 
65 98 4 199 149 126 
68 137 178 155 62 
160 198 70 103 75 
5 12 84 118 90 
199 107 46 111 58 
118 147 6 199 
151 1 157 119 
112 65 68 47 
158 44 189 134 
18 131 34 151 
65 101 149 
1 67 179 
143 168 47 
25 124 105 
179 92 119 
121 186 
65 182 
193 
0 96 194 36 199 74 148 
66 36 198 147 23 188 93 
1 196 47 146 179 90 123 
162 100 69 164 107 110 
67 8 73 107 76 
138 14 24 185 120 
65 99 12 44 15 
197 142 52 153 93 
17 10 172 146 
25 4 157 31 
184 18 149 130 
160 122 103 
121 198 190 
191 132 23 
178 114 99 
191 170 135 
158 46 
193 136 76 140 48 25 188 
98 76 109 185 93 94 159 
4 132 43 13 143 122 92 
108 82 114 146 153 
2 39 174 143 88 
161 131 172 83 52 
96 27 22 23 
88 33 147 179 
40 75 189 192 
24 122 92 152 
49 179 110 23 
9 145 27 23 
120 2 181 
97 114 
48 193 
192 
194 195 40 46 183 61 62 
192 195 173 78 175 18 27 
34 101 176 153 187 188 
4 36 110 114 156 31 
161 12 44 179 21 
66 4 148 117 88 
131 43 46 79 182 
73 74 146 85 92 
192 91 124 167 
80 147 168 151 
78 187 5 62 
82 115 20 179 
178 21 62 15 
144 91 131 
131 29 63 
193 63 
159 
32 160 2 42 84 158 
99 45 48 151 89 60 
0 129 19 122 27 
124 57 91 92 
177 122 91 38 
40 44 133 183 
40 72 181 102 
105 169 92 13 
80 185 34 101 
193 130 28 93 
98 189 150 
160 47 31 
146 141 47 
17 196 
17 30 
47 
15 
13 176 116 20 86 148 88 187 
3 101 7 178 91 
5 105 152 187 61 
135 107 84 184 63 
171 143 123 63 159 
2 105 57 91 29 
120 137 117 5 
40 90 27 
82 138 55 
0 51 5 
12 86 15 
146 53 199 
74 13 
75 63 
57 51 
105 71 
3 
52 
192 33 5 136 180 188 125 
198 72 11 112 176 20 94 
100 104 68 13 
80 105 5 197 
48 2 93 146 
144 186 180 37 
70 196 6 105 
104 145 193 
93 149 63 
153 101 133 
168 14 15 
124 167 
85 
132 43 147 52 117 118 29 127 
2 35 5 70 105 139 84 
195 68 38 103 104 45 18 
32 97 130 9 43 176 
64 193 72 121 26 95 
5 139 18 93 61 63 
34 131 38 81 93 
169 75 77 178 119 
96 25 35 118 
199 131 156 183 
144 43 141 174 
48 193 14 15 
186 19 70 
88 105 39 
145 21 46 
88 66 110 
43 195 
14 103 
107 190 
122 
5 
3 4 41 173 110 177 58 
192 35 81 84 120 127 
65 198 77 80 148 
102 77 51 152 28 
32 97 111 152 187 
101 104 140 152 89 
4 165 167 106 188 
67 2 35 30 
8 137 48 21 
169 170 140 78 
74 4 22 191 
89 92 132 
90 60 37 
145 50 107 
74 124 134 
160 190 31 
138 45 
56 133 
65 196 103 17 154 190 158 
96 142 14 184 28 189 
129 39 167 74 88 57 
194 141 19 92 94 
160 171 76 112 127 
74 17 21 28 93 
192 161 196 69 177 
96 17 75 7 
18 50 142 63 
170 82 83 22 
88 33 139 149 
83 52 134 
33 133 47 
90 173 
161 155 
32 13 
178 155 
124 165 
157 
50 
47 16 146 152 189 126 159 
67 134 167 111 20 181 119 
110 144 55 151 26 127 
128 71 176 113 53 
102 46 112 92 93 
196 108 20 53 30 
128 166 71 105 14 
24 68 166 62 
89 123 198 30 
138 35 197 146 
151 26 117 143 
164 155 12 31 
143 26 39 
65 186 197 
51 52 21 
152 74 45 
177 91 155 
21 159 
170 139 
96 102 
135 
199 74 75 108 119 123 
132 104 138 109 53 118 
6 136 108 147 189 
192 96 36 173 48 
1 173 147 21 155 
39 155 182 59 188 
107 85 30 159 
57 193 70 71 
48 121 156 143 
140 34 124 167 
98 69 53 
113 185 180 
73 37 189 
49 124 
192 113 
95 
99 104 43 176 152 29 95 
69 72 140 49 145 23 90 
97 130 10 173 48 91 
192 1 138 140 123 158 
0 65 38 70 102 77 
174 175 177 29 125 
143 83 86 156 125 
98 100 133 104 13 
186 34 172 14 
19 180 29 143 
96 169 98 
58 44 37 
146 163 87 
101 133 111 
154 117 63 
28 87 
16 42 
175 
130 67 106 43 60 117 185 28 
197 79 16 17 19 183 
137 42 140 78 111 144 
96 99 46 49 125 
1 176 113 120 158 
96 99 186 60 62 
0 7 168 88 62 
120 106 196 135 
198 141 78 199 
96 33 18 99 
145 180 45 103 
89 137 35 174 
72 37 126 103 
50 52 182 
113 44 134 
48 194 56 
192 150 79 
65 102 
63 
73 
138 107 172 48 176 184 92 
33 163 4 196 8 80 151 
199 139 44 146 86 94 
161 130 102 42 148 191 
170 77 51 53 55 
130 170 42 140 110 
98 187 44 93 
1 109 78 141 
9 162 190 31 
194 66 147 77 
105 67 51 44 
105 19 69 166 
96 25 129 85 
88 106 141 111 
184 114 93 46 
49 58 67 
160 153 13 
160 194 78 
104 141 134 
35 46 71 
185 22 143 
97 75 
0 39 
152 
2 164 70 134 175 112 179 117 54 27 
163 176 179 121 124 29 
97 135 105 170 124 
10 59 28 95 127 
34 133 171 76 112 
65 142 147 55 59 
64 175 111 178 157 
110 85 21 55 154 
128 192 199 71 91 
120 29 133 189 
129 153 125 
178 99 119 
145 45 150 
82 124 90 
98 70 87 
8 178 70 
121 157 
170 7 
35 101 
117 
80 
163 167 139 53 152 122 95 
35 100 71 45 142 83 190 
192 140 145 21 24 157 
32 195 103 173 154 
67 8 51 123 156 
174 80 18 20 188 
0 66 170 143 55 
98 70 103 91 94 
140 81 116 117 118 
97 36 71 147 190 
80 113 43 160 
116 132 76 125 
33 114 46 7 
132 76 148 167 
192 170 101 
96 19 5 
113 129 143 
123 60 70 
50 68 38 
112 141 
20 119 
99 124 
188 
51 
53 
