200 2000
44 52 89 122 158 
66 163 171 141 155 
66 99 197 172 20 
100 132 54 23 89 
33 3 190 182 
184 121 122 191 
70 185 84 30 
64 147 190 39 
8 117 61 157 
123 93 142 
169 138 11 
88 54 15 
69 149 
65 3 
32 1 
184 156 
98 
191 7 167 139 80 81 30 31 
142 175 83 124 125 126 
162 46 80 145 88 153 
165 199 76 17 88 152 
33 77 142 177 21 
174 79 82 56 124 
162 98 110 117 30 
122 164 77 174 
8 113 18 129 
108 154 100 103 
137 106 11 124 
96 150 148 110 
2 157 175 
192 73 50 
64 12 62 
88 93 71 
123 118 
97 151 
99 164 
192 97 129 3 68 99 103 106 179 88 90 187 191 
65 98 102 40 173 125 
73 141 18 114 154 61 
192 164 199 136 187 29 
68 107 146 182 92 62 
0 161 9 12 176 
198 42 49 60 95 
99 166 75 16 127 
96 132 11 115 119 
171 44 174 142 24 
136 129 84 160 
99 147 37 102 
65 21 62 86 
162 43 155 78 
89 107 92 87 
65 106 190 103 
72 193 155 
194 11 167 
152 130 62 
194 142 102 
106 46 
188 167 
89 57 
145 5 
31 23 
37 8 138 75 172 13 146 179 
99 137 91 138 114 123 93 
66 194 71 7 10 28 
64 195 36 165 122 91 
164 7 40 178 148 
165 37 135 187 191 
130 76 141 174 88 
33 41 10 182 59 
128 160 38 63 
180 164 173 166 
90 59 182 159 
161 81 19 119 
187 52 37 134 
44 22 183 
120 105 139 
65 130 174 
16 191 23 
106 67 55 
137 13 
61 198 
121 13 
169 77 
13 5 
64 131 168 140 109 158 61 62 31 
102 103 9 23 182 119 189 126 
162 186 12 45 144 88 122 
101 141 78 79 49 
161 7 172 114 185 
40 104 116 85 186 
4 168 78 143 177 
71 105 140 49 83 
152 73 172 79 
136 153 169 141 
50 59 52 62 
120 177 188 
9 36 125 
33 66 99 
136 115 110 
80 66 125 
49 130 101 
40 165 
98 183 
50 93 
0 181 
185 47 
128 6 199 8 77 16 84 118 123 
197 135 48 113 87 155 60 
74 143 18 21 30 
139 12 143 113 126 
64 179 4 166 
17 26 53 41 
17 130 107 
17 14 167 
73 178 171 
194 178 84 
194 2 87 
159 103 87 
90 109 166 
91 163 30 
178 142 151 
25 165 113 
32 124 
89 21 
91 5 
41 107 
105 148 
0 196 9 10 148 87 25 126 
38 78 150 154 123 
8 11 12 58 123 
164 20 5 7 
161 141 143 
43 124 151 
161 67 199 109 144 51 116 182 31 
97 129 161 73 74 107 84 56 
35 164 46 111 147 181 
128 107 108 176 148 55 
32 198 71 104 44 
103 168 17 153 126 
161 6 75 108 27 
154 181 54 39 
198 45 30 149 
17 124 69 7 
138 189 87 
49 139 180 
136 123 61 
156 27 4 
49 114 193 
88 10 167 
48 13 
120 150 
25 5 
113 117 
57 127 
162 134 167 169 110 47 174 185 124 
3 195 198 105 177 150 126 127 
99 4 36 132 84 87 153 191 
99 104 82 117 62 191 
161 11 173 86 54 
122 105 173 47 90 
162 7 12 148 189 
0 198 7 57 62 
3 164 145 149 28 
135 105 20 53 125 
91 75 6 191 
56 193 109 157 
24 194 18 39 
80 97 5 6 
10 35 196 
132 14 22 
64 49 4 
26 165 175 
115 138 27 
112 54 
89 5 
4 169 18 51 147 22 56 
36 132 83 116 123 
64 135 136 43 58 
24 90 165 79 
154 12 44 71 
160 113 98 14 
65 90 115 125 
41 146 77 134 
138 100 61 55 
171 76 70 183 
168 154 86 
180 20 37 
99 150 151 
91 132 77 
74 111 
17 93 
83 182 
65 82 
160 197 173 111 83 179 184 88 62 
114 180 87 120 121 154 124 
164 197 166 136 78 63 
68 38 108 149 182 60 
160 102 56 120 184 159 
98 35 165 119 151 31 
98 170 106 58 123 
37 45 20 153 58 
65 146 91 154 
177 69 6 119 
16 57 129 85 
129 145 173 126 
176 67 61 39 
128 100 5 
128 179 167 
11 119 111 
196 60 68 
35 182 55 
16 23 
81 108 
193 131 
188 132 
193 84 
148 
69 74 140 141 17 119 93 
64 195 69 77 120 58 
134 6 169 76 159 
68 8 140 24 125 
113 98 4 154 
56 130 88 182 
96 44 144 
39 102 31 
33 116 150 
164 59 140 
136 33 76 
152 86 
25 142 
192 161 171 12 47 187 159 
102 75 12 46 145 54 31 
161 33 162 193 51 151 
128 136 79 177 118 126 
75 173 124 22 156 
194 133 52 155 188 
48 84 126 123 158 
161 162 124 111 
0 16 42 53 
112 155 95 71 
56 49 13 167 
20 103 36 63 
194 122 28 159 
73 122 101 138 
121 131 52 
73 11 163 
56 163 124 
76 181 103 
131 62 
32 97 140 173 46 80 154 
99 17 114 19 24 155 
0 103 80 21 94 
32 48 145 63 127 
1 35 45 174 29 
65 50 19 199 
66 117 94 103 
40 153 171 
50 60 190 
91 117 175 
80 27 165 
2 197 
120 10 
147 76 
13 22 
178 68 
161 198 186 105 179 116 26 125 
10 139 49 120 152 184 
192 129 39 14 84 121 
39 81 17 86 121 
0 136 109 174 126 
38 11 76 55 122 
10 15 85 24 156 
67 82 115 86 155 
129 26 52 159 
120 34 87 79 
34 116 77 79 
194 114 142 7 
90 199 182 23 
91 11 158 
107 123 91 
80 98 109 
66 117 101 
17 109 157 
179 164 111 
9 75 
157 159 
170 
69 
35 104 75 171 144 178 85 149 
96 129 197 105 20 86 
141 115 150 183 89 
44 78 118 152 58 
160 117 187 21 
136 35 27 156 
48 175 11 63 
139 148 195 
182 21 126 
148 181 
156 100 
171 117 
30 
129 2 137 23 153 29 
75 50 21 154 28 125 
160 44 141 146 22 152 
195 198 174 176 91 92 
96 196 166 167 180 
130 105 144 153 63 
115 180 90 60 127 
102 74 179 153 28 
168 131 61 166 
58 28 157 173 
58 59 54 119 
96 65 35 60 
35 19 93 
56 42 150 
24 78 39 
114 147 38 
112 106 174 
8 188 189 
171 36 135 
177 14 
190 7 
194 127 
26 
181 
160 
62 
98 
0 161 10 76 110 147 125 158 31 
81 115 116 118 27 92 61 
5 76 175 147 153 59 60 
10 19 55 90 188 158 
98 38 138 15 23 126 
34 172 152 187 31 
46 178 123 156 93 
130 134 104 9 185 
1 130 193 165 28 
130 164 118 199 
101 158 45 110 
90 163 119 
129 54 31 
72 161 59 
33 10 151 
128 106 44 
41 99 113 
89 119 
34 62 
196 63 
52 
100 199 147 118 182 153 26 
3 105 75 178 115 117 62 
2 35 111 113 185 126 95 
161 41 141 79 55 152 
101 109 154 157 63 
36 167 82 151 26 
199 67 166 95 
140 59 60 6 
136 139 29 165 
90 84 93 141 
33 146 99 
66 53 199 
185 131 157 
1 107 78 
96 29 111 
73 85 87 
178 70 71 
33 177 
120 
135 
40 139 22 153 26 63 
163 68 133 175 50 122 
194 51 148 147 56 
192 141 21 182 191 
65 100 179 84 150 
96 7 136 73 57 
96 10 77 22 61 
0 66 139 82 26 
20 182 54 159 
96 170 37 29 
121 147 94 151 
178 74 36 71 
41 147 85 134 
168 169 191 71 
136 34 181 
131 71 
16 33 
125 
19 
161 19 55 25 190 93 158 
3 13 15 50 58 31 
164 199 75 177 25 29 
35 36 141 155 28 
163 36 136 78 121 
1 35 174 152 159 
35 101 10 42 26 
166 77 16 119 121 
56 43 76 134 
155 142 95 
25 162 193 
148 60 79 
16 96 104 
137 21 150 
16 59 84 
36 102 79 
193 138 187 
170 116 6 
0 100 
1 187 
163 182 
164 199 175 116 152 
38 137 138 43 16 
60 117 183 124 157 
97 68 8 45 88 
192 135 40 72 93 
41 46 85 89 57 
6 46 59 188 30 
188 28 174 167 
112 121 132 150 
178 188 110 31 
163 108 85 22 
90 188 4 37 
129 170 185 
130 67 23 
129 26 93 
197 126 79 
192 42 111 
120 179 168 
112 196 15 
146 181 
48 112 
96 90 
51 
46 
134 
165 43 144 81 148 120 155 
65 41 12 114 152 187 61 
66 163 139 110 84 29 
41 140 142 47 51 148 
0 100 174 54 91 
1 133 102 180 30 
28 53 198 111 
96 105 195 104 
153 122 85 54 
96 1 106 117 
104 183 51 119 
193 146 13 7 
188 13 173 
59 164 6 
121 20 
26 90 
59 85 
190 
196 6 171 156 154 31 61 127 
101 39 7 48 82 87 154 
32 142 116 151 122 
9 112 82 53 126 
89 171 101 190 
178 97 154 107 
136 51 155 134 
16 129 48 61 
89 114 124 
58 93 102 
1 22 143 
114 172 
167 47 
126 86 
195 
186 
27 
96 161 8 139 113 18 145 123 
46 110 14 144 116 93 
50 44 119 55 
74 164 23 7 
80 43 106 35 
129 5 118 111 
112 34 59 152 
80 4 133 
112 154 54 
153 19 118 
80 169 175 
81 60 174 
16 9 54 
99 189 22 
172 189 
163 198 76 13 46 123 159 
161 3 72 19 152 58 28 
99 10 74 176 21 125 63 
96 36 101 18 83 85 
2 23 182 118 121 
65 137 108 118 89 
194 196 199 169 183 
152 138 91 13 
49 197 86 183 
152 188 77 134 
129 50 92 74 
104 140 4 167 
33 146 131 165 
143 67 95 
188 75 108 
85 46 173 
96 138 107 
98 95 
149 165 
129 67 138 12 53 87 62 
132 69 37 165 86 89 
65 130 38 10 46 48 
134 103 40 80 21 123 
6 180 56 155 125 
34 72 16 114 149 
130 132 138 140 59 
166 115 181 87 184 
192 198 108 176 121 
64 134 139 190 127 
24 41 146 166 
192 67 171 86 
40 98 189 146 
72 28 128 79 
176 140 68 165 
18 36 69 111 
143 173 142 103 
112 194 92 
169 146 159 
35 195 95 
32 81 14 
194 68 47 
37 126 7 
187 103 
136 100 
159 
3 99 38 166 13 85 25 90 
133 168 141 177 118 60 29 
65 136 50 21 87 93 191 
100 40 120 185 184 31 
74 155 50 122 27 
130 73 173 79 28 
89 129 193 117 
186 164 4 79 
33 138 51 15 
145 124 37 7 
192 114 118 111 
170 185 58 
32 133 189 
145 130 142 
108 93 159 
105 139 85 
67 147 191 
105 18 92 
96 193 157 
145 70 
169 
11 
131 70 167 109 142 81 17 83 57 
4 110 142 116 120 59 126 191 
34 99 197 146 19 28 94 95 
98 4 41 75 14 142 150 184 
193 34 73 43 49 181 151 
9 75 141 23 120 60 
196 135 104 17 120 94 
65 105 107 144 187 
69 170 140 47 54 
7 77 17 57 62 
128 5 103 76 84 
106 80 50 146 180 
154 67 52 198 
93 77 198 119 
147 180 70 87 
107 132 171 86 
169 26 149 38 
17 170 179 141 
125 86 149 
147 63 
112 176 
75 172 
161 37 8 140 47 53 152 126 
66 132 37 104 106 76 54 28 
130 6 172 78 20 184 58 
136 170 139 114 149 183 95 
101 77 83 152 57 189 
97 6 15 17 23 126 
135 142 19 84 181 
35 167 176 117 155 
66 10 12 50 21 
102 139 141 46 173 
123 75 128 87 
112 91 189 23 
64 106 173 71 
57 2 182 
53 93 5 
121 76 55 
10 31 
9 26 
48 46 
164 169 76 45 53 155 30 
38 136 138 77 113 189 
5 70 71 170 25 186 
132 166 178 123 124 189 
102 104 57 154 188 
0 129 41 74 31 
193 85 150 154 27 
4 37 104 148 88 
193 67 175 51 87 
160 129 133 143 87 
144 9 82 195 
89 51 124 195 
40 98 195 87 
64 106 147 108 
156 186 84 182 
41 150 151 
49 42 44 
122 164 
58 52 
9 195 
2 147 
32 88 
4 73 180 85 58 125 
74 107 109 116 93 
97 67 72 51 89 
169 48 180 89 123 
64 18 55 94 159 
161 130 198 174 24 
179 37 29 47 
169 67 147 62 
57 195 101 158 
139 12 70 
94 79 71 
24 138 11 
50 125 141 
129 155 167 
192 173 
112 180 
118 
15 
64 33 194 165 105 109 49 150 157 
41 173 48 112 176 20 89 27 
197 41 74 14 112 177 123 93 
102 167 104 107 46 47 143 147 
160 139 177 87 88 123 
128 140 155 124 62 
24 34 164 130 
33 98 161 122 
2 115 131 190 
24 185 82 45 
0 99 51 141 
64 34 171 7 
113 35 101 
16 1 155 
172 6 
69 
25 
178 147 86 186 91 60 
36 73 110 80 91 
165 103 42 24 90 
163 102 84 124 94 
161 69 138 143 185 
80 169 50 63 
156 107 4 151 
83 3 182 63 
62 17 54 
185 74 118 
16 48 84 
32 6 
57 138 
188 197 
167 
33 47 18 182 122 158 
96 35 104 172 117 62 
64 100 69 106 143 122 
197 170 47 48 178 30 
132 134 145 180 185 62 
167 40 137 142 110 153 
165 76 17 148 188 
129 102 56 90 120 
7 72 73 117 61 
98 162 4 136 73 
128 166 11 146 116 
35 172 173 86 152 
34 118 70 138 
137 29 191 127 
150 106 11 142 
73 77 102 121 
137 157 46 
44 69 76 
152 99 196 
105 163 87 
137 100 
145 158 
96 160 98 168 45 83 51 52 30 
39 77 78 113 115 184 27 
194 11 142 110 120 185 157 
96 37 6 102 75 46 
161 39 104 137 114 115 
5 134 174 48 176 180 
40 43 108 113 117 
104 43 188 190 
119 174 70 47 
135 17 33 
144 38 135 
40 118 62 
167 91 15 
26 5 98 
98 123 62 
136 89 83 
35 44 198 
122 75 
82 85 
40 41 
51 92 
118 
96 10 74 106 13 50 150 
64 134 9 84 121 27 127 
192 105 46 179 92 189 
67 4 197 110 120 154 
130 163 135 179 25 
33 102 106 117 59 
133 41 147 87 95 
174 19 117 182 157 
96 3 5 75 53 
49 162 4 60 
185 27 181 79 
150 27 117 142 
1 98 179 52 
81 9 167 
18 172 100 
88 27 14 
113 164 
193 38 
68 197 
89 78 
80 104 
156 
83 
160 192 102 103 39 81 115 155 
128 69 133 169 74 90 157 
162 163 68 38 135 142 86 
69 60 82 183 124 
0 1 68 115 180 
161 36 171 146 86 
34 12 87 185 26 
7 40 72 141 158 
96 195 136 9 81 
65 69 21 102 
24 76 29 133 
130 92 69 6 
139 20 173 
192 47 15 
48 71 
166 14 
122 141 
180 199 
8 16 
122 93 
188 30 
168 131 
130 196 154 27 26 91 63 
0 103 9 44 53 26 
168 177 83 61 126 159 
198 168 44 25 63 
192 33 37 171 12 
153 4 44 45 57 
103 169 112 180 58 
128 74 198 71 
24 164 132 197 
34 140 90 78 
113 34 108 118 
98 27 134 55 
177 10 111 
158 125 38 
112 4 86 
194 166 104 169 109 146 
64 7 138 140 172 49 
163 101 57 186 28 
175 18 5 47 
104 41 115 185 
32 83 44 149 
104 11 158 55 
143 10 179 31 
80 136 160 135 
128 146 62 176 
120 130 53 
136 185 109 
196 158 63 
25 82 
90 111 
144 66 
33 178 
49 
102 7 113 179 116 190 
68 9 169 171 12 16 
65 1 77 23 95 
162 199 9 74 92 
34 68 44 61 127 
4 198 120 90 187 
65 40 10 50 55 
167 173 54 135 
144 177 186 181 
88 20 54 
121 141 87 
2 141 78 
36 29 158 
97 169 158 
186 178 95 
41 133 
18 98 
50 4 
163 7 104 135 21 22 123 124 29 
99 68 37 7 107 56 121 
164 107 176 146 56 152 
35 132 197 141 173 54 
64 66 16 87 157 190 
152 180 28 166 
112 44 53 14 
168 137 79 55 
56 41 3 104 
1 19 77 
86 59 14 
121 178 62 
186 26 61 
138 60 119 
98 156 93 
178 53 38 
136 100 103 
137 169 13 23 92 125 158 159 
65 42 107 44 180 26 
136 105 82 55 57 60 
97 131 106 153 157 127 
2 163 199 116 95 
100 36 56 156 152 
161 99 112 17 25 
67 135 9 74 30 
176 51 11 185 
130 13 110 7 
170 25 26 45 
186 83 3 
121 68 110 
48 78 
141 31 
128 2 74 140 13 27 159 
7 141 87 58 188 29 
65 108 142 47 120 
5 39 43 119 24 
1 100 70 109 16 
197 164 109 191 
145 41 106 59 
169 102 107 54 
80 166 86 192 
16 1 42 117 
162 10 60 101 
98 51 149 
106 173 54 
49 177 150 
122 188 175 
80 104 
121 26 
189 191 
124 119 
169 86 
163 91 148 123 93 30 31 
194 198 169 43 140 62 
99 166 77 173 21 181 
161 35 41 140 84 119 
66 195 132 145 31 191 
70 72 74 173 174 
135 39 177 115 94 
120 36 117 62 
159 170 155 151 
148 84 197 30 
91 166 141 14 
113 117 149 
154 141 7 
168 89 
73 137 
52 133 
109 198 
89 
96 161 67 133 108 13 78 20 188 159 
159 68 173 83 150 183 29 158 95 
199 147 186 94 191 
194 165 7 105 172 
166 73 11 27 29 
167 83 151 120 89 
74 3 21 46 
148 114 44 142 
0 42 58 79 
180 124 174 126 
86 27 5 6 
136 34 160 95 
168 153 67 157 
136 123 189 174 
48 25 118 
168 164 12 
80 33 104 
97 90 21 
82 115 45 
137 83 190 
65 45 
88 139 
138 133 
66 67 135 10 174 175 16 127 
101 199 171 116 119 151 
3 137 142 147 154 
66 103 54 157 158 
96 194 13 174 81 
161 162 131 139 
57 155 181 7 
197 154 141 14 
96 25 156 6 
104 115 68 
131 156 109 
131 116 
83 100 
132 15 
78 175 17 88 122 155 189 
161 44 53 184 26 
76 78 143 90 30 
4 41 51 116 90 
39 138 107 51 151 
79 141 70 31 
132 116 110 7 
81 171 85 141 
136 84 135 
154 77 199 
124 33 76 
99 196 135 
80 184 159 
17 18 
137 60 
66 77 47 144 23 55 184 62 
96 1 71 7 170 
65 193 86 55 120 
171 79 50 119 56 
3 164 138 109 126 
133 147 84 85 186 
163 166 21 120 157 
64 128 174 111 116 
161 98 93 199 
9 20 21 41 
107 91 182 86 
49 129 115 154 
104 58 130 
137 148 77 
114 93 
156 86 
67 171 
146 
50 
196 6 134 11 18 178 85 21 
65 4 68 6 139 108 52 
97 39 42 110 145 186 188 
104 54 88 59 92 
66 125 5 158 
138 163 77 119 
107 194 3 5 
33 162 172 77 
147 85 173 
3 108 189 
155 173 54 
114 130 
102 87 
44 31 
135 77 13 15 109 18 188 31 
106 11 142 116 121 62 
1 97 107 24 59 188 
3 138 90 31 191 
197 166 143 25 154 
195 102 118 150 158 
161 114 179 20 58 
192 43 108 139 
108 5 46 71 
1 179 132 125 
89 155 143 
96 198 134 
130 84 138 
19 147 22 
74 53 
16 98 
118 
24 
160 172 50 118 56 185 123 
165 142 143 17 53 23 
5 71 41 142 177 
2 4 136 180 23 
37 136 77 46 48 
33 185 29 189 
74 174 82 141 
17 2 83 
151 123 103 
185 
103 41 141 110 111 149 188 
129 163 137 181 89 186 
98 79 48 50 22 158 
76 79 21 122 188 63 
165 75 142 150 30 
45 143 111 151 124 
4 146 55 184 123 
100 37 39 184 91 
161 196 109 182 23 
163 109 149 190 63 
128 1 141 78 18 
145 147 101 86 
160 155 22 183 
134 28 102 
83 52 158 
184 27 
9 54 
74 
44 
1 43 18 150 56 184 
5 41 147 116 120 95 
160 97 68 84 92 
25 134 155 102 
130 111 134 87 
65 90 60 102 
106 179 28 22 
0 8 107 144 
84 150 199 
147 148 195 
17 76 166 
162 185 34 
25 20 86 
193 52 23 
17 50 
105 47 
80 35 
138 45 
142 
103 
197 198 111 21 22 25 92 
132 68 165 79 146 117 150 
64 130 10 139 180 56 191 
195 137 74 43 18 119 
147 183 120 92 157 158 
164 155 116 59 157 
140 50 57 186 30 
107 177 148 29 127 
176 83 84 103 
162 105 50 186 
113 18 179 102 
160 191 31 
187 93 110 
27 22 143 
73 25 140 
100 37 166 
72 33 
81 25 
156 125 
197 
99 
198 40 172 117 120 153 
132 104 139 177 83 87 
45 175 184 188 29 
38 44 175 16 63 
194 98 102 10 23 
66 5 141 177 85 
32 44 96 54 
144 132 106 36 
33 35 193 182 
104 106 51 167 
8 152 85 
114 102 127 
168 99 141 
25 114 12 
98 7 
24 188 
102 79 
125 39 
160 188 
125 29 
106 52 
56 61 
140 
97 69 47 53 118 91 
132 141 51 19 90 27 
129 99 72 46 53 
32 130 42 86 27 
176 93 61 86 
24 27 156 37 
137 82 197 95 
128 75 147 93 
136 159 82 154 
19 132 39 
154 59 76 
64 25 116 
49 155 
177 43 
12 
57 
72 12 13 78 172 125 63 
65 104 137 139 118 150 151 
40 78 175 113 147 190 
35 186 146 58 27 28 
1 167 176 145 117 
2 132 166 168 187 
96 97 131 82 31 
65 180 22 122 95 
16 170 98 44 
138 140 77 54 
169 194 44 70 
105 194 142 126 
73 9 52 183 
106 67 157 110 
178 67 92 
115 172 183 
113 69 118 
170 59 103 
64 49 194 
0 99 
68 169 15 48 81 144 120 158 
194 164 196 199 12 92 30 
160 136 139 141 113 90 
65 146 19 85 53 
9 11 175 16 23 
33 35 175 19 151 
73 57 147 118 
192 58 83 187 
162 141 46 157 
170 50 134 
193 99 191 
162 14 167 
24 42 69 
68 199 
171 149 
197 
195 170 139 47 154 27 127 
96 73 12 52 156 29 94 
33 44 14 82 186 92 
98 68 79 178 50 
65 80 20 150 25 
65 34 53 93 158 
40 10 106 56 26 
57 76 183 23 
67 53 29 95 
72 106 179 102 
137 5 149 151 
64 108 120 126 
132 42 111 7 
88 185 42 155 
0 27 132 39 
78 106 30 55 
157 13 30 127 
84 133 62 
151 103 7 
90 187 36 
83 182 158 
180 37 
105 74 
138 131 
36 71 
58 102 
28 
34 131 7 175 146 52 187 63 
65 34 74 106 77 20 155 
75 174 21 151 26 125 
97 169 149 54 87 92 
129 16 18 54 184 
34 41 18 114 124 
69 72 185 155 30 
73 194 180 22 
94 90 107 6 
80 193 91 172 
151 100 111 31 
33 18 169 95 
120 138 132 55 
179 182 15 
73 65 67 
3 147 5 
0 177 162 
120 50 174 
186 70 47 
159 123 31 
33 145 54 
178 198 
36 69 6 70 27 72 44 109 110 59 
65 2 37 104 52 148 182 87 93 
71 178 118 151 56 27 126 
96 72 113 21 22 149 27 
97 38 84 87 122 158 95 
131 6 176 157 58 29 
0 97 2 100 19 
0 116 187 62 31 
41 90 189 63 
154 174 13 133 
83 172 54 
52 174 23 
161 138 45 
169 73 99 
40 12 165 
17 180 149 
168 2 132 
68 198 22 23 121 92 191 
162 195 45 176 54 151 
33 131 111 119 60 190 
167 81 114 145 63 
103 141 19 189 62 
5 43 76 156 30 
33 18 50 130 
138 190 110 191 
48 129 138 111 
168 193 107 29 
129 44 141 
117 13 191 
0 29 
153 28 
98 150 
169 144 177 179 52 182 
2 66 70 98 
169 74 19 133 
57 153 140 190 
64 89 42 5 
8 74 90 130 
156 27 131 87 
137 20 6 76 
88 77 6 
156 29 165 
128 139 152 
185 37 133 
50 191 
115 4 
160 
123 
162 194 41 11 48 52 180 86 
96 195 100 42 181 123 
65 42 139 80 82 154 
160 129 131 38 171 188 
195 199 108 47 54 
65 67 69 168 14 
24 146 88 164 
64 33 75 79 
74 99 93 54 
42 27 171 79 
162 42 123 38 
57 93 158 135 
160 81 4 198 
80 161 12 87 
32 178 61 142 
108 20 29 191 
128 52 189 
128 98 79 
80 147 184 
68 69 157 
34 20 54 
88 120 
92 149 
81 61 
83 45 
152 
70 
102 
192 195 14 48 117 28 126 
64 166 40 142 124 81 92 
192 67 199 73 171 144 89 
72 110 112 52 157 127 
71 138 49 89 92 57 
172 77 81 117 150 22 
5 73 117 53 125 
171 174 116 150 90 
25 172 68 87 
100 187 36 197 
128 98 7 
193 114 108 
69 45 47 
108 182 174 
80 188 108 
26 106 
8 42 
19 14 
40 66 
164 77 
100 169 10 148 154 155 61 
192 129 132 102 53 22 
163 7 61 57 125 
4 37 70 146 183 
65 129 36 165 6 
97 70 81 181 150 
13 110 84 152 95 
7 173 77 25 63 
169 108 19 84 126 
36 134 51 19 86 
160 3 137 49 124 
48 52 37 102 
136 105 82 3 
59 171 78 87 
162 195 45 181 
19 118 31 
0 68 76 
49 69 133 
26 27 98 
171 52 69 
3 166 
169 45 
192 87 
58 115 
191 34 7 8 135 49 179 116 153 154 31 
37 135 81 17 83 188 156 
70 154 143 113 87 151 26 
0 191 132 14 31 95 
1 167 75 81 147 122 
0 66 38 107 85 
40 48 77 30 
26 52 109 166 
164 124 157 119 
192 18 166 23 
139 133 38 143 
137 43 124 133 
167 92 37 135 
97 37 143 
177 50 148 
188 172 158 
135 110 23 
133 30 
192 139 
186 15 
90 59 
196 
135 
33 35 100 101 20 126 191 
130 90 108 116 149 180 26 
132 37 43 47 178 151 
5 38 133 76 111 27 
132 39 142 177 151 24 
97 194 107 48 145 178 
107 21 6 159 
24 21 39 
3 158 87 
163 126 191 
156 138 44 
195 124 6 
29 21 14 
116 109 191 
17 58 105 
8 133 
104 86 
13 181 
173 
3 73 174 80 179 120 122 155 
3 68 131 6 163 166 18 120 
2 100 135 106 142 158 
64 172 53 153 123 61 
65 131 81 114 58 
195 36 8 111 177 
196 37 137 184 122 
47 114 86 25 60 
126 196 165 102 
1 42 91 78 
168 122 99 182 
92 5 167 
33 42 124 
32 89 152 
50 141 154 
112 192 
108 
1 68 9 172 78 142 83 179 125 
66 169 106 116 87 154 28 
0 164 70 48 183 158 
38 17 50 155 158 
65 164 133 21 124 
4 138 17 87 30 
6 72 45 150 157 
35 167 74 183 159 
140 45 47 53 184 
135 140 173 177 185 
32 156 52 71 
88 67 37 102 
107 123 75 47 
78 5 54 181 
88 161 190 46 
73 137 84 159 
42 66 39 
167 76 47 
24 65 111 
9 66 35 
40 18 99 
64 90 
60 92 
194 175 
193 
18 
5 105 10 145 82 188 
168 169 53 152 155 
192 40 45 46 93 
144 82 59 126 63 
197 6 72 80 187 
33 90 123 183 
64 173 29 127 
144 50 94 176 
112 74 102 22 
96 100 95 79 
91 108 45 
153 197 46 
24 113 153 
35 83 3 
134 67 22 
182 133 134 
32 190 
150 14 
160 109 14 82 115 149 154 
100 36 139 173 51 22 
193 168 49 149 56 152 
130 185 68 107 153 95 
9 141 174 81 27 158 
128 75 77 110 16 183 
131 5 102 55 189 
168 170 50 21 87 
165 70 45 114 148 
138 43 55 57 126 
129 76 13 52 30 
134 102 8 113 50 
168 57 116 94 
89 41 125 117 
106 36 93 70 
135 105 3 127 
33 147 164 166 
194 106 51 158 
194 123 37 95 
104 156 125 31 
88 144 29 22 
194 197 158 
110 155 46 
131 156 93 
51 37 165 
40 136 
180 
0 3 6 107 111 146 118 
39 82 114 154 159 
129 5 119 92 93 
133 9 177 56 126 
0 121 75 185 
65 134 28 46 
128 45 134 176 
137 122 196 29 
98 35 114 
137 162 147 
138 149 173 
80 104 118 
75 149 199 
33 34 39 
114 156 149 
0 21 39 
80 57 93 
92 101 
112 138 
165 31 
163 135 
157 
126 
129 131 12 51 53 22 58 29 
4 166 167 136 44 21 28 
160 66 101 141 78 112 54 
1 34 97 38 56 
100 16 81 176 153 
197 165 71 8 47 
101 169 81 85 90 
133 166 165 28 124 
1 102 73 83 157 
37 14 179 185 154 
17 37 166 159 
19 177 146 11 
153 42 93 29 
168 155 176 
28 182 102 
117 159 
125 183 
161 135 40 73 49 18 20 159 
164 73 81 146 83 154 
160 131 163 9 54 56 
7 47 80 178 88 125 
99 35 71 140 13 158 
32 131 8 107 111 188 
161 195 38 115 22 
42 109 81 182 153 
194 100 73 175 178 
193 163 101 179 31 
137 131 61 142 
104 9 82 176 
105 98 61 181 
112 3 180 15 
98 131 124 22 
77 102 175 
186 197 63 
106 67 138 
40 116 109 
99 51 53 
29 182 
146 83 
42 
129 71 104 199 12 113 148 
35 4 172 144 114 20 
64 119 91 188 157 
128 77 80 178 154 
128 37 170 51 53 
88 9 109 113 
120 180 5 159 
91 59 155 135 
81 125 135 
176 181 134 
49 42 110 
51 23 
114 127 
173 70 
100 126 
41 115 
108 
11 
33 35 77 47 16 115 88 94 
194 101 134 71 76 147 121 
160 67 71 105 20 53 116 
100 4 179 23 92 29 
39 48 84 119 185 28 
67 35 171 84 124 61 
3 168 76 78 58 156 
96 37 142 15 178 85 
73 141 51 152 92 157 
165 135 43 142 149 
132 74 79 144 189 
65 16 149 54 124 
68 137 125 190 95 
1 100 21 6 
106 163 28 138 
187 77 86 189 
27 155 69 142 
155 127 126 23 
56 162 14 
73 26 30 
176 130 108 
184 11 14 
2 190 71 
186 79 
64 91 
32 160 71 111 144 145 85 123 
34 41 146 149 87 30 
162 66 71 145 61 190 
154 8 109 21 26 190 
97 165 47 182 24 
7 168 43 76 143 
106 15 22 155 190 
78 50 52 59 31 
6 138 75 13 27 
198 18 50 58 158 
67 133 70 14 178 
25 129 196 85 
80 114 6 160 
65 125 27 29 
0 82 146 31 
2 75 173 54 
41 85 14 30 
184 49 21 
26 52 77 
144 108 71 
171 76 61 
167 93 15 
19 46 
25 182 
76 79 
194 55 
36 
131 164 51 180 90 157 
97 135 112 52 86 95 
0 194 174 92 148 124 
4 41 10 174 59 
97 34 71 79 154 
192 121 33 51 25 
192 10 50 21 91 
128 136 117 92 126 
9 12 5 39 
81 116 174 71 
152 51 100 14 
81 140 181 182 
88 148 52 152 
104 147 133 7 
56 81 108 6 
42 107 118 
74 179 101 
27 84 47 
106 148 133 
82 11 78 
104 112 
137 79 
99 
35 72 78 80 145 149 55 184 155 
33 129 103 44 45 48 144 19 93 
7 138 140 115 125 126 
129 141 177 59 62 
129 16 86 92 126 
96 79 114 117 188 
72 170 10 178 87 
117 4 5 38 
178 129 82 59 
65 74 146 
165 94 143 
34 118 183 
175 4 7 
104 90 123 
41 99 109 
94 174 38 
41 126 
64 104 
149 191 
164 14 
82 
128 97 101 107 172 22 118 92 
5 166 7 45 113 126 
99 70 199 7 177 
32 162 164 86 
34 131 12 167 
184 41 3 113 
116 106 84 101 
48 137 77 14 
42 5 98 
96 59 35 
101 174 47 
99 75 196 
120 49 158 
90 175 
32 106 
9 123 
97 101 166 79 90 158 191 
130 70 183 186 27 94 
3 68 71 11 77 28 
107 172 78 16 49 155 
111 53 21 86 29 
160 197 167 183 30 
133 12 109 143 88 
71 106 85 186 124 
128 103 173 144 121 
185 125 179 53 
32 115 180 15 
144 1 187 28 
193 115 116 142 
130 103 39 
81 129 47 
176 77 126 
109 133 167 
52 77 31 
91 51 54 
138 91 179 
16 74 27 
80 84 
170 20 
1 74 
14 175 
148 142 
103 106 181 157 88 27 29 
33 34 198 138 76 16 48 
102 107 43 116 187 124 191 
97 71 41 107 45 46 
4 137 109 179 148 
100 142 180 186 60 
64 102 18 154 31 
163 165 106 142 184 
107 43 92 61 
50 109 122 181 
56 121 107 
0 194 6 
9 182 
0 196 
133 72 114 115 149 123 62 
97 178 51 52 
88 143 44 84 
151 90 21 111 
144 3 176 
42 155 127 
185 85 150 
62 148 30 
145 169 95 
25 19 29 
1 113 121 
91 27 126 
185 26 75 
116 183 
134 
69 103 9 169 49 146 148 
35 133 197 178 82 149 
34 68 102 136 113 20 
197 106 87 186 125 
130 134 46 53 153 
120 44 198 54 
193 194 188 77 
143 59 46 23 
129 5 31 
3 29 54 
183 60 143 
153 177 193 
24 41 
154 188 
63 
133 8 179 25 59 158 127 
3 196 197 173 148 181 60 
39 45 13 174 150 87 126 
96 78 47 145 147 63 
104 139 77 141 19 187 
98 70 117 54 189 158 
2 67 164 163 75 190 
137 106 172 27 158 
1 17 117 85 63 
64 96 7 146 156 
4 139 87 91 28 
136 89 2 109 
56 121 123 87 
81 107 102 47 
161 189 78 191 
1 61 71 23 
177 34 15 
73 4 
11 127 
197 39 
67 
1 97 163 78 176 181 118 
32 33 68 106 109 182 55 
75 109 82 19 186 95 
76 117 25 93 126 
70 135 39 14 48 
104 73 151 120 189 
102 55 25 188 62 
0 58 124 85 
96 81 187 148 
142 86 134 22 
24 88 157 181 
57 106 140 15 
113 54 199 
18 84 190 
170 84 103 
97 164 53 
105 118 23 
194 116 141 
129 70 43 79 16 53 182 90 
67 37 170 111 18 55 90 
195 43 109 50 119 152 
34 194 165 8 90 62 
36 74 11 138 170 156 
97 35 74 142 20 26 
162 198 71 16 82 
35 100 69 135 59 
67 5 182 124 190 
184 2 68 158 
156 182 134 55 
160 89 18 142 
128 1 194 7 
33 194 59 69 
19 69 167 
96 81 126 
81 146 95 
185 20 143 
32 42 156 
66 85 130 
73 119 47 
42 179 
196 77 
103 
167 
175 
64 4 36 70 50 146 117 124 
32 1 162 141 81 181 125 
40 76 15 81 182 153 158 
1 194 165 78 81 147 
33 97 173 16 88 62 
164 70 6 107 122 
178 181 185 27 28 
66 7 15 17 121 
165 40 42 125 94 
74 133 79 71 
42 101 62 
168 170 19 
130 15 
94 70 
123 75 
189 111 
192 
6 
36 68 6 141 86 158 31 
33 37 169 119 91 62 
43 139 143 182 189 29 
154 16 148 90 28 
32 163 132 134 106 
97 68 30 152 190 
50 83 181 54 58 
0 72 14 24 126 
98 132 36 144 24 
99 133 85 53 62 
183 127 70 7 
82 45 6 111 
112 194 158 63 
130 68 94 119 
128 195 116 189 
152 91 140 
143 101 7 
154 35 55 
177 131 142 
80 174 71 
89 164 62 
49 146 143 
146 109 
152 115 
27 126 
77 21 
12 13 173 152 115 88 58 187 29 
1 102 70 103 175 16 179 118 
69 103 199 112 81 181 93 
70 7 41 74 137 59 
164 38 43 82 188 61 
67 101 43 109 125 191 
102 43 174 151 152 
98 39 13 48 58 
8 137 152 27 157 
72 148 133 95 
8 197 38 
162 85 174 
185 92 157 
41 60 105 
75 84 
107 181 
82 181 
186 188 
67 19 
58 44 
160 155 
80 63 
64 77 
1 
134 71 199 148 149 23 89 28 
138 170 12 175 81 116 95 
32 100 80 145 19 84 31 
197 73 13 143 114 20 
163 71 137 75 110 87 
128 168 140 172 48 81 
5 137 46 176 180 149 
33 131 69 5 10 43 
0 98 109 174 85 
1 193 143 50 90 
82 87 88 157 62 
130 99 23 120 59 
160 6 169 18 178 
32 163 124 189 
8 84 53 199 
70 172 62 95 
25 51 6 97 
103 85 87 15 
128 159 30 31 
96 105 90 126 
59 34 19 74 
1 68 198 15 
136 11 127 23 
187 44 119 
72 168 151 
128 2 110 
162 107 180 
1 106 54 
161 166 175 
1 83 125 
96 51 104 
94 84 22 
171 149 191 
161 67 
18 165 
166 
7 106 112 146 53 22 186 
96 69 172 183 153 58 
96 99 177 118 182 152 
35 79 175 148 123 157 
98 139 17 189 158 
88 1 12 53 
54 66 141 38 
75 45 46 143 
135 49 113 47 
49 58 75 21 
128 137 186 111 
170 83 187 110 
171 156 165 
105 146 27 
18 19 117 
193 75 67 
177 183 
27 23 
22 
70 142 144 88 25 186 62 
35 75 145 182 59 127 
36 165 140 52 156 
2 70 49 183 121 
64 59 198 22 
152 169 52 94 
64 91 147 86 
196 119 197 95 
104 194 114 100 
45 21 46 71 
167 76 21 79 
129 122 91 125 
56 122 45 133 
72 186 75 
34 123 100 
130 179 94 
129 42 191 
81 85 198 
59 173 39 
116 174 6 
37 5 119 
66 116 23 
177 166 15 
58 99 95 
133 78 
196 182 
116 46 
27 
32 
6 39 102 9 141 146 86 91 
65 166 169 170 139 140 80 183 
129 102 104 41 48 146 83 
64 37 172 176 118 95 
32 163 101 41 144 158 
165 102 17 185 31 
103 75 142 19 59 
69 48 182 120 92 
34 130 107 12 59 
16 108 2 68 
136 196 77 151 
57 123 142 
47 158 39 
40 65 114 
73 3 117 
163 
4 168 108 79 16 82 52 121 
195 165 166 7 105 109 119 
35 198 135 178 114 187 
171 15 80 85 54 158 
195 39 199 176 113 22 
7 75 181 55 191 
4 109 15 149 29 
199 170 11 173 84 
160 41 117 38 
121 91 117 119 
169 81 3 177 
105 148 87 71 
140 5 95 
8 137 53 
113 3 85 
99 139 38 
74 141 159 
143 164 127 
73 172 
99 190 
67 92 
104 90 
175 
17 
37 166 169 78 17 177 149 86 
99 67 167 47 114 55 61 
65 102 106 81 178 149 126 
36 167 145 180 118 184 155 
69 166 39 169 55 127 
66 71 72 78 14 81 
195 43 146 122 124 
160 70 142 150 89 
198 81 146 121 122 
175 176 21 23 58 
2 11 152 90 126 
168 90 182 86 
104 137 83 191 
18 37 158 31 
88 153 138 127 
8 193 106 54 
40 33 58 169 
96 17 110 
183 109 135 
72 164 190 
154 69 71 
34 139 5 
125 111 
6 30 
102 
126 
45 47 145 177 83 26 
128 165 167 75 176 21 
1 34 10 174 25 93 
167 54 22 57 27 
177 66 21 106 
89 114 99 181 
194 195 108 69 
120 135 160 95 
105 138 153 157 
40 82 143 
104 83 36 
34 42 6 
74 43 90 
86 114 70 
154 196 
96 29 
198 
129 69 74 175 115 157 55 29 
32 198 167 43 50 153 93 31 
163 100 74 140 14 89 156 
161 99 179 116 150 58 
192 110 113 82 85 191 
138 48 81 82 191 
162 196 166 171 12 
197 39 83 116 21 
102 103 20 87 56 
65 59 116 13 
16 83 120 155 
80 81 186 85 
193 187 44 166 
176 36 134 
138 71 
73 107 
