200 2000
66 164 165 7 107 30 
194 3 7 48 51 89 
100 136 139 13 78 184 
193 166 16 176 53 
38 104 83 189 157 
195 137 51 148 149 
160 173 79 181 29 
160 99 175 114 63 
161 58 77 165 
108 58 103 23 
192 57 59 39 
168 50 157 70 
73 123 12 37 
1 153 93 
144 14 7 
16 34 31 
25 31 
56 36 
163 
34 68 135 9 169 17 89 
77 144 29 184 153 124 61 
165 134 103 42 18 95 
50 85 117 58 60 95 
65 5 105 141 175 113 
167 110 48 81 179 25 
41 145 51 181 94 
132 18 53 22 60 
96 5 107 45 20 
121 74 84 174 
120 57 29 190 
41 140 21 86 
0 33 42 179 
112 161 68 87 
25 55 157 15 
56 151 85 87 
192 59 172 
154 155 126 
40 120 
105 183 
184 3 
85 31 
98 133 165 106 107 146 154 156 
6 71 136 81 177 51 56 95 
69 134 103 40 154 92 
2 135 72 50 62 159 
193 6 39 170 177 19 
128 98 134 147 23 
122 12 185 90 190 
67 101 158 39 
144 13 150 159 
162 138 133 182 
17 91 59 94 
49 196 70 
3 13 22 
72 171 103 
161 133 95 
186 77 133 
10 75 140 
74 108 
136 31 
152 185 
159 39 
131 191 
66 
64 195 38 42 11 49 146 22 126 
35 10 12 141 83 147 60 
0 64 100 107 17 49 
105 141 176 55 89 191 
162 19 52 53 24 
66 138 139 174 19 
4 37 39 123 159 
107 56 28 30 95 
192 4 166 83 148 
134 20 149 56 27 
40 115 187 158 
170 35 124 77 
32 108 96 148 
178 43 6 183 
130 59 4 151 
24 20 182 142 
12 109 31 
184 51 172 
34 92 
159 
130 3 136 10 174 85 23 88 122 158 
69 199 9 117 183 123 190 29 126 
65 99 131 165 196 169 14 188 31 
161 162 8 75 141 182 120 59 92 
3 69 45 79 181 61 
0 11 177 82 25 61 
67 111 146 56 159 
97 168 178 154 94 
161 99 168 173 127 
176 145 106 158 
160 105 156 113 
49 166 77 38 
57 60 61 157 
137 140 165 
91 22 191 
169 126 23 
152 146 22 
132 108 5 
33 134 167 
58 98 
26 114 
162 
0 167 9 73 149 55 57 187 191 
68 39 171 86 151 157 
135 79 17 146 52 188 
193 68 69 8 21 126 
48 193 74 63 
124 186 12 184 
96 91 92 23 
90 108 69 
113 139 126 
117 107 53 
17 178 37 
69 174 103 
56 34 38 
186 127 
83 
65 164 42 18 147 86 121 187 
103 168 176 179 182 123 188 
15 145 82 24 154 
132 165 199 54 61 
75 173 14 25 124 
175 158 38 47 
129 161 29 151 
144 49 3 168 
80 132 46 199 
128 182 117 38 
189 13 134 143 
25 12 165 84 
1 125 67 37 
89 182 6 
69 22 151 
49 199 119 
42 171 197 
114 87 
152 49 
178 52 
137 83 150 123 93 158 31 
67 195 197 10 43 49 
128 130 73 143 57 91 
2 48 20 182 61 159 
68 73 108 52 91 
128 168 110 112 88 
129 12 70 167 
177 42 84 135 
130 79 14 23 
52 77 86 31 
171 3 141 111 
166 38 111 
11 179 189 
1 116 87 
8 91 159 
176 139 164 
72 133 166 
186 141 
65 129 101 166 9 43 143 
172 117 54 149 56 122 88 
99 101 165 147 21 150 
128 192 40 82 117 127 
64 100 70 71 142 87 
131 39 9 178 122 
4 107 110 27 157 
71 10 142 175 120 
74 75 78 47 24 
2 42 43 18 63 
129 122 67 23 
122 154 86 146 
24 123 128 87 
187 44 
74 189 
189 175 
80 44 
106 
33 163 68 146 183 185 28 61 
4 139 141 84 180 190 63 
129 104 105 75 86 90 
104 105 74 16 48 122 
68 135 9 147 122 189 
108 110 149 186 158 
102 71 12 84 21 
2 100 180 86 63 
163 197 13 16 117 
136 113 148 6 
74 37 86 149 
186 26 52 53 
150 43 44 86 
196 83 92 14 
9 83 95 
32 132 103 
194 50 142 
102 198 30 
24 6 
141 175 
112 67 
1 164 10 45 18 184 155 
1 66 4 136 42 175 
128 194 135 176 53 89 
128 75 146 179 21 29 
41 14 78 147 54 
68 136 105 20 84 
67 198 38 17 186 
107 119 
117 101 
98 
130 137 42 75 108 170 46 79 147 
129 99 67 111 81 22 30 
67 167 170 177 54 56 30 
2 4 39 17 54 90 
166 107 109 141 22 186 
198 15 180 117 58 126 
162 11 78 55 190 159 
162 197 198 169 149 187 
9 41 179 180 185 124 
161 132 37 196 48 94 
4 168 11 62 31 
198 18 120 29 31 
170 138 82 148 86 
32 41 109 117 60 
130 46 49 53 124 
186 169 178 154 62 
192 139 45 13 86 
33 134 181 27 93 
199 172 13 181 62 
175 177 87 79 
178 146 156 190 
77 157 135 
106 181 15 
154 36 165 
129 164 165 
11 116 147 
123 180 70 
65 161 159 
156 60 
4 150 
49 115 
75 
112 
96 194 70 80 21 125 
4 103 73 16 80 123 
3 5 17 21 88 
104 105 14 144 156 
96 199 79 181 88 
46 181 149 89 157 
8 115 53 23 
161 98 171 191 
27 37 46 141 
38 161 6 192 
145 75 133 189 
145 164 132 37 
72 134 30 
81 108 31 
56 18 156 
26 107 148 
153 182 143 
57 163 121 
66 131 
79 
191 76 17 178 25 95 
109 177 52 181 23 183 
162 38 106 48 112 148 
37 198 74 45 93 
152 111 61 15 
99 140 62 79 
48 164 61 79 
72 187 180 109 
33 177 103 41 
185 101 118 
96 84 78 
64 46 176 
194 107 71 
104 82 51 
114 20 29 
96 45 6 
121 115 190 
106 6 
196 85 
19 
63 
28 
162 13 48 181 190 94 127 
195 142 19 186 28 29 126 
135 171 114 120 153 154 
37 14 15 144 55 88 
163 172 84 91 125 127 
98 11 140 148 94 
67 73 10 108 116 
136 105 118 154 94 
7 174 112 178 85 
163 133 174 29 94 
50 155 70 195 
199 59 95 15 
121 29 13 71 
72 186 66 90 
120 11 181 47 
8 110 6 95 
101 117 53 119 
90 188 85 13 
24 73 190 79 
185 147 28 189 
172 126 95 
170 74 173 
56 91 168 
100 44 86 
90 181 
120 86 
137 117 
120 
136 138 79 50 55 94 
35 165 38 107 24 90 
174 49 179 21 90 127 
196 8 76 151 26 94 
106 142 16 112 116 31 
130 171 75 111 29 
40 169 107 82 187 
6 8 43 58 187 
167 135 182 57 188 
10 149 102 173 
184 73 58 7 
160 98 36 39 
57 163 4 199 
129 18 99 174 
185 66 3 173 
3 182 63 
58 5 126 
1 193 13 16 80 89 28 
38 43 76 178 90 
67 163 6 71 89 
104 82 11 52 
163 67 69 191 
49 122 155 57 
120 187 62 
48 155 95 
156 140 127 
43 5 102 
32 155 144 
177 183 
67 167 
82 93 
66 181 
191 135 43 21 119 186 61 31 
100 197 70 103 104 167 149 
7 108 48 147 155 31 
103 17 152 92 63 
34 114 148 26 190 
135 170 29 25 189 
74 108 78 59 94 
0 11 136 102 
105 90 180 181 
160 158 149 157 
48 145 43 134 
0 137 32 144 
16 161 84 118 
192 57 98 154 
157 6 39 
128 167 87 
20 36 103 
41 195 126 
146 95 
169 114 
74 46 
171 93 
76 53 
104 137 12 108 112 29 89 59 93 
97 166 46 81 82 118 23 92 
65 133 139 172 80 118 
134 172 76 152 186 187 
193 37 134 74 80 
109 5 6 
152 10 31 
41 187 172 
152 130 123 
131 156 45 
138 125 
155 78 
32 192 
33 107 
96 173 
12 
196 47 111 49 20 148 22 24 188 
64 197 137 19 86 182 127 
99 131 133 72 57 63 
176 84 54 157 95 159 
153 105 111 88 121 63 
64 43 13 148 152 185 
0 138 11 82 154 
130 17 148 122 62 
128 162 43 160 
195 156 101 165 
24 4 36 47 
57 189 45 55 
41 153 150 199 
163 93 133 
136 122 109 
1 148 61 
115 76 6 
169 131 30 
148 149 190 
197 38 31 
40 194 74 
192 169 79 
109 53 
104 4 
25 195 
171 38 
145 131 
107 83 
96 3 140 143 80 119 23 88 187 
193 6 39 73 106 49 152 26 
163 4 133 106 114 30 
162 198 138 80 145 
131 74 75 86 30 
122 42 109 152 186 
32 104 145 179 59 
122 83 110 159 
80 68 189 158 
148 172 177 12 
75 20 133 
32 121 74 
2 30 
160 
173 
32 128 160 131 101 73 177 122 94 
9 15 144 81 18 82 146 150 
33 67 133 177 18 53 190 
3 164 69 122 142 58 
173 46 178 147 89 
130 116 121 123 92 
136 159 12 55 
96 31 128 15 
128 69 21 160 
137 27 164 101 
74 147 61 
161 156 
187 23 
49 127 
9 199 
172 190 
97 42 14 16 153 27 189 
165 102 140 45 153 190 
33 66 100 145 18 30 
37 141 80 182 25 
37 38 165 173 60 
130 138 45 188 125 
192 7 42 176 183 
169 74 195 68 
136 169 199 175 
56 121 37 29 
136 51 77 13 
123 3 144 167 
27 85 158 
147 166 143 
184 92 30 
97 34 52 
49 172 37 
9 123 97 
10 146 
120 159 
90 13 
32 164 
26 
5 
5 
32 96 121 73 10 20 86 118 57 
132 5 168 144 50 23 121 
194 133 42 180 187 157 
0 65 98 82 23 121 
37 15 144 115 85 189 
66 171 157 29 62 
35 9 17 119 31 
192 16 179 189 62 
185 57 155 30 
0 49 196 143 
123 146 107 45 
32 69 126 55 
155 60 198 174 
186 42 199 87 
72 130 190 
19 60 175 
153 194 
65 139 
51 
60 
12 
142 
130 132 81 154 62 191 
2 66 164 71 10 91 
193 7 145 187 93 
195 137 84 21 119 
64 161 75 86 120 
132 142 111 20 62 
192 99 132 183 
128 49 138 127 
104 130 149 183 
88 33 28 92 
132 177 36 165 
80 86 114 14 
24 73 10 23 
155 119 78 39 
147 52 198 
172 164 86 
124 125 38 
3 135 
81 45 
123 126 
112 
33 39 137 18 52 119 187 158 31 
6 143 18 20 124 126 159 
32 161 41 138 178 154 
106 14 48 146 83 
101 136 106 91 93 
33 106 138 78 48 
73 106 37 86 
185 162 181 175 
0 166 70 159 
180 36 109 55 
17 4 78 76 
196 155 100 21 
72 164 136 110 
57 129 20 
83 100 55 
192 132 102 
161 151 
107 99 
92 
33 36 196 59 106 185 91 60 
160 131 110 51 19 20 156 30 
33 193 7 45 175 182 
67 196 167 76 18 116 
1 167 173 49 183 28 
35 72 142 22 123 
67 68 141 85 122 
111 48 15 124 126 
97 98 196 199 109 
100 90 40 77 26 
113 36 70 76 
64 180 116 94 
48 89 2 62 
48 115 60 22 
24 145 124 29 
120 137 44 
32 74 109 
128 115 133 
124 115 100 
42 36 143 
194 92 95 
121 59 20 
151 82 7 
104 146 63 
74 163 70 
58 
46 
66 39 73 13 174 17 186 
162 70 137 44 153 127 
161 41 172 82 52 191 
69 74 45 16 18 
32 96 131 144 190 
41 145 115 118 54 
146 179 4 95 
24 145 122 117 
88 120 118 151 
96 49 130 
17 133 15 
92 15 
192 181 
198 22 
34 43 
10 62 
170 
6 72 137 117 24 154 30 95 
128 197 102 14 91 29 
6 186 42 17 90 92 
140 47 18 146 54 
74 67 13 119 
158 73 155 38 
16 113 166 176 
160 90 157 176 
105 149 174 71 
48 137 83 
153 141 127 
51 157 142 
124 
187 
190 
100 134 199 140 111 147 180 87 
153 71 16 17 80 144 145 121 
0 68 104 105 181 150 189 
162 174 78 49 63 
160 195 106 157 127 
6 117 27 189 190 
130 100 151 94 63 
40 34 66 22 
128 121 195 4 
191 139 132 71 
80 194 27 190 
145 67 27 21 
47 37 86 7 
56 194 84 184 
121 85 62 
16 91 174 
0 195 104 
76 78 
58 132 
95 
50 
90 
128 97 98 161 164 69 7 167 
199 74 141 14 155 95 
64 147 182 55 185 124 
197 171 16 148 27 
174 78 118 123 92 
129 133 71 15 83 
11 119 163 47 
64 89 194 163 
84 166 6 79 
56 67 188 182 
156 10 164 140 
120 148 37 
73 122 30 
27 140 119 
140 36 38 
10 6 175 
65 45 165 
136 50 83 
146 69 
160 123 
187 
102 
159 173 175 81 51 116 53 90 27 63 
192 161 37 168 137 140 153 
195 69 103 171 148 55 
97 41 76 114 88 124 
39 143 182 22 184 93 
102 170 183 152 25 93 
130 35 92 87 60 
32 65 67 14 176 
0 134 74 123 60 
160 129 107 92 
24 122 180 182 
122 107 165 
65 124 117 
94 193 86 
113 123 
192 171 
197 182 
36 13 
42 93 
99 101 
165 
65 3 68 137 11 141 114 121 28 
139 44 49 18 52 53 90 92 
37 7 73 141 18 54 61 
133 170 79 80 117 187 125 
75 12 16 115 188 157 
4 108 50 117 184 
160 66 135 75 20 
193 134 138 142 17 
38 39 82 148 151 
160 50 181 87 88 
184 100 69 166 
0 100 197 158 
178 26 173 174 
90 3 101 
18 43 132 
18 36 127 
8 1 123 
112 146 187 
170 74 134 
9 119 
64 165 14 118 27 189 
32 103 113 155 188 125 
99 36 11 173 119 
128 164 72 138 149 
197 106 179 88 126 
1 196 36 183 28 
100 7 138 79 21 
0 17 76 7 
177 49 99 29 
16 167 15 
106 76 7 
82 131 93 
153 82 53 
0 58 23 
161 127 
160 11 
36 134 138 109 146 51 150 87 154 187 
98 172 143 144 15 87 
64 192 134 74 49 
19 84 61 157 
161 34 131 138 
25 161 141 
183 170 23 
75 10 43 
16 187 102 
178 30 135 
51 69 126 
122 71 
196 116 
102 23 
149 
153 
65 134 7 75 51 117 153 
162 49 18 51 50 181 
140 47 22 26 188 30 
103 139 121 154 63 
35 4 50 21 155 
165 12 16 145 82 
164 138 109 112 156 
65 174 62 94 
197 74 45 47 
193 75 13 198 
33 69 141 31 
24 81 185 94 
113 35 77 102 
123 68 103 
75 172 71 
139 4 
34 165 
18 187 
130 
36 175 146 25 156 94 57 
3 163 46 24 121 152 
73 105 22 24 121 88 
10 107 75 81 20 157 
197 70 136 174 153 
128 8 176 177 83 
68 105 82 156 157 
104 97 124 
24 162 34 
129 193 46 
17 129 174 
28 36 63 
98 47 
1 137 
29 
104 46 14 16 112 118 89 191 
65 193 3 132 197 72 117 
193 194 99 132 107 92 124 
130 197 75 82 52 157 30 
96 68 142 110 80 146 185 
69 71 72 142 54 
67 164 144 155 31 
129 145 82 51 178 
135 136 59 185 123 
32 113 125 23 189 
195 4 72 91 93 
69 75 45 174 49 
0 76 77 178 21 
72 57 77 176 
48 1 125 61 
89 12 126 
48 128 13 
34 75 87 
170 117 198 
35 36 126 
199 119 
105 85 
172 13 
186 3 
2 71 9 105 172 182 153 94 127 
129 34 132 102 39 41 172 91 
161 69 37 70 50 59 
103 106 80 177 83 26 
100 77 112 178 62 159 
129 98 165 173 158 
76 16 52 149 60 
108 132 84 86 
25 35 147 93 
9 114 118 130 
20 77 15 
81 33 171 
186 123 
41 109 188 21 149 123 60 
6 41 176 82 54 191 
96 75 53 21 188 
65 194 48 49 155 
98 67 147 185 123 
41 86 23 88 58 
71 106 108 50 24 
3 41 179 181 118 
35 11 156 94 
81 74 100 157 
48 193 176 31 
176 92 6 14 
72 37 102 
50 179 102 
152 73 30 
179 133 141 
88 26 60 
136 169 19 
57 130 
26 
101 38 39 49 114 19 116 124 
1 68 41 79 83 52 117 
129 5 44 46 80 117 92 
34 102 134 43 115 120 
41 138 108 51 124 158 
167 14 15 114 55 
96 91 147 45 
32 146 53 46 
72 156 158 127 
49 90 75 92 
177 77 5 174 
39 150 31 
186 12 133 
80 3 139 
33 131 4 
182 127 
43 84 
23 
76 173 175 148 149 56 
192 163 134 124 29 191 
34 165 107 21 152 91 
132 170 110 55 86 54 
64 96 106 112 90 190 
42 13 18 120 63 
41 170 113 56 26 
9 144 86 25 187 
177 179 188 135 
19 188 173 167 
177 182 133 110 
144 17 74 125 
97 18 181 62 
1 154 19 
192 123 183 
34 20 138 
132 54 191 
158 86 7 
130 157 
145 139 
131 181 
170 
174 
2 106 76 16 181 57 126 
8 108 78 175 50 146 20 
37 102 172 47 84 60 
6 103 104 19 58 
5 8 176 92 29 
97 193 68 166 55 
97 10 29 126 
136 127 102 55 
121 161 21 62 
80 131 84 158 
97 26 29 105 
187 91 139 5 
80 66 188 6 
65 190 86 
58 12 109 
152 81 103 
137 35 175 
130 79 
50 66 
144 68 
65 
29 
128 75 148 85 92 157 94 159 
2 35 9 169 112 119 88 
65 193 41 17 146 159 
36 136 168 106 55 
106 76 85 152 92 
65 77 147 182 190 
88 29 21 176 
129 90 12 23 
24 73 165 190 
88 51 180 187 
32 19 44 127 
185 57 179 150 
32 84 47 
122 166 95 
58 76 
58 51 
194 50 
2 93 
37 
23 
106 82 83 84 54 186 28 95 
33 100 136 79 146 153 124 
169 77 46 173 177 84 189 
35 197 63 85 29 127 
64 34 99 70 40 59 
105 169 172 174 84 60 
98 99 40 114 122 
165 169 42 150 94 
38 177 53 28 157 
140 118 23 88 62 
118 156 13 70 
48 148 42 28 
32 1 115 
88 35 197 
138 146 
64 172 
41 153 
168 42 
130 69 133 199 139 16 49 115 
78 22 89 26 91 158 
166 107 141 93 121 125 
163 100 51 88 60 30 
100 4 135 171 81 
194 164 28 109 
9 161 28 25 
42 195 116 158 
105 4 102 
17 68 103 
129 58 103 
75 3 60 
0 27 
10 187 
186 92 
66 131 8 175 51 150 119 184 60 
193 166 39 73 175 113 59 
2 66 163 105 62 94 
195 109 179 181 54 24 
35 76 148 190 191 
32 134 8 184 124 
1 80 117 30 158 
105 137 76 109 27 
121 18 109 149 
186 139 147 46 
81 66 4 146 
100 82 3 12 
72 158 109 78 
97 61 142 
98 46 119 
98 69 183 
176 97 171 
110 30 
113 10 
78 71 
37 143 
36 
34 195 36 164 38 140 141 26 
32 101 198 109 51 149 183 
75 47 178 51 125 
41 44 15 58 31 
38 178 52 86 93 
145 26 53 38 
41 75 14 113 
108 2 42 168 
128 199 164 7 
96 166 173 70 
176 199 110 79 
132 198 70 
195 174 38 
77 71 
1 
64 34 171 109 144 53 182 124 126 
164 106 111 180 189 62 
98 38 40 185 187 127 
33 5 137 45 50 
9 44 47 21 187 
173 127 157 31 
145 140 182 103 
113 122 69 183 
32 40 171 109 
123 138 59 140 
112 178 43 165 
105 106 67 37 
168 185 107 172 
42 59 100 155 
40 75 76 112 
25 153 28 
163 92 125 
192 60 101 
33 149 199 
152 25 90 
133 62 
0 7 
168 124 
160 181 
105 28 
66 98 
96 59 
8 188 
199 136 91 173 123 190 
32 102 118 183 26 61 
170 180 22 24 185 
34 135 40 72 127 
192 66 109 77 25 
66 197 72 18 87 
73 2 105 191 
97 187 53 
57 74 146 
184 122 3 
49 163 148 
58 92 199 
194 61 127 
196 107 124 
17 107 188 
1 90 
1 125 
168 161 
124 199 
186 100 
160 97 193 9 106 111 23 61 
160 129 141 17 178 118 22 188 
137 142 78 177 53 118 181 
64 2 109 189 31 
64 105 169 29 94 
72 50 147 61 125 
64 68 37 189 
155 63 6 30 
124 4 54 71 
25 10 99 199 
104 172 181 15 
65 140 193 38 
64 41 77 
184 39 15 
88 114 14 
17 118 113 
20 52 
126 
128 1 66 155 80 82 85 123 62 
36 73 138 48 51 180 121 191 
65 196 8 116 87 88 183 158 
198 117 182 86 152 187 190 
96 130 146 120 27 94 
162 99 196 173 111 
194 100 8 11 24 
0 48 176 184 57 
96 99 116 119 156 
42 74 188 66 
8 48 116 157 
26 116 21 199 
90 147 156 127 
180 36 141 
41 3 
169 92 
67 134 108 13 141 148 27 95 
6 28 182 123 156 157 95 
131 9 105 178 115 87 158 
165 197 72 138 75 90 
4 139 108 55 60 63 
65 90 37 26 127 
170 81 74 125 
81 42 37 142 
17 166 62 103 
9 92 190 191 
100 37 85 13 
144 149 70 151 
194 19 85 142 
192 145 42 51 
96 169 27 190 
56 194 70 
27 142 143 
123 20 179 
148 140 189 
114 71 
18 74 
57 35 
1 2 35 154 117 54 86 26 127 
64 162 7 41 12 177 117 
199 143 145 19 119 59 
139 140 121 122 191 
99 199 44 81 115 
194 38 177 146 59 
96 65 39 172 57 
108 12 38 192 
0 16 54 167 
32 129 161 93 
32 57 113 159 
65 129 175 
113 83 15 
57 106 115 
75 4 183 
81 4 
80 178 
198 7 
149 94 
141 182 
13 
174 
193 40 171 173 17 118 89 124 
0 64 98 198 40 50 
136 73 11 17 23 55 
131 165 111 48 87 189 
132 169 10 182 156 61 
134 118 59 60 61 
4 68 51 183 56 
76 78 80 189 61 
178 92 5 150 
151 175 21 143 
1 91 116 37 
104 121 2 127 
120 152 75 149 
156 90 28 
152 93 133 
1 5 103 
49 52 103 
105 141 121 
123 44 71 
179 100 62 
195 172 30 
116 21 15 
72 49 180 
66 131 175 
1 188 
43 60 
57 130 
163 143 
194 69 38 167 168 198 79 
128 70 108 175 54 93 
97 193 44 173 31 63 
70 38 178 116 31 
153 36 171 183 57 
0 131 13 141 29 
103 104 175 147 158 
152 132 182 127 
3 61 119 
138 147 94 
151 38 39 
137 173 142 
112 49 38 
105 157 
197 82 83 52 153 25 
65 143 19 20 118 
164 70 12 109 179 
2 66 164 143 16 
5 10 13 51 22 
113 2 66 14 
120 19 61 30 
25 163 53 175 
50 21 126 149 
64 81 62 
177 60 69 
72 184 
152 23 
101 6 
16 189 
122 39 
113 
133 
131 42 12 87 56 
166 40 141 182 125 
0 40 75 112 88 
98 133 145 147 31 
104 147 155 78 
136 26 67 110 
167 116 77 135 
168 137 50 69 
115 87 79 23 
2 179 22 
26 35 52 
184 123 150 
116 58 52 
193 2 6 
65 157 
53 159 
185 108 
4 
0 33 97 141 176 52 55 
168 12 117 184 153 58 127 
198 112 176 182 56 30 
163 38 46 15 83 118 
33 124 24 58 92 
3 197 56 89 91 
98 155 93 62 
113 58 147 133 
129 147 171 191 
0 1 4 6 
144 49 197 190 
56 43 187 
147 157 198 
105 35 109 
4 149 110 
191 157 31 
10 20 175 
46 186 14 
177 125 167 
84 150 143 
58 30 
193 189 
128 186 
159 55 
169 146 
104 182 
48 151 
112 147 
162 167 137 15 115 21 158 62 127 
1 107 16 144 24 91 159 
194 12 175 177 146 85 26 
195 140 17 153 27 95 
130 67 169 105 171 44 
33 18 180 57 31 
35 198 111 180 85 
9 55 87 39 
103 92 47 23 
128 139 164 197 
151 35 76 119 
172 140 77 
145 60 14 
80 60 
145 180 
168 
12 
8 
140 
32 122 108 13 48 26 
97 69 39 142 61 
0 153 139 88 25 
2 131 179 85 121 
199 175 144 24 158 
131 101 103 23 27 
99 51 55 24 121 
162 199 76 48 184 
81 116 77 63 
16 46 6 15 
129 154 22 143 
49 90 115 154 
2 75 95 
168 74 110 
5 149 165 
140 45 
105 126 
148 100 
199 
112 
75 
160 1 68 168 17 148 30 
134 77 110 181 183 25 
133 170 19 149 151 125 
4 134 8 186 124 95 
48 121 193 127 
136 137 86 103 
193 194 140 191 
24 56 75 70 
20 28 22 15 
96 133 62 
153 99 
161 100 164 168 75 173 19 122 
96 34 4 27 54 86 59 
32 193 162 103 91 62 
101 12 141 113 178 
171 108 80 90 190 
168 44 84 117 156 
165 41 139 83 25 
66 67 3 25 123 
129 12 45 85 122 
0 40 112 7 
196 41 59 156 
158 82 118 62 
48 137 142 71 
184 38 111 
159 173 87 
105 99 190 
196 43 116 
0 52 
154 175 
93 
142 111 52 119 155 156 
73 106 49 152 185 
112 177 152 122 156 
192 135 39 43 178 
0 162 149 59 92 
166 43 48 81 62 
134 42 107 94 63 
96 67 166 53 152 
137 43 173 81 29 
98 198 189 174 
32 27 52 155 
8 34 109 
115 109 126 
174 182 78 
1 125 46 
80 81 62 
120 122 146 
32 121 174 
8 9 151 
18 54 47 
42 124 
103 31 
88 167 
122 165 
153 
96 67 39 41 81 18 50 153 
71 9 76 50 183 124 95 
130 194 24 154 189 126 
39 40 75 143 178 181 
68 164 86 56 120 29 
64 163 72 189 29 
97 162 197 170 182 
89 74 108 69 
56 175 52 47 
90 195 122 159 
115 147 109 191 
80 180 27 140 
171 61 150 
191 18 87 
173 79 71 
0 170 172 
193 146 54 
105 69 46 
114 44 31 
114 11 175 
113 166 
128 3 134 14 47 49 89 30 
164 71 75 171 78 175 114 
162 196 102 16 85 183 123 
97 36 170 187 115 185 59 
167 104 78 84 184 94 
96 163 132 133 10 54 
130 194 134 50 86 94 
132 7 107 113 21 93 
2 10 139 153 126 
161 2 198 102 178 
74 171 123 124 191 
121 173 37 151 
160 114 102 199 
192 17 26 53 
184 9 76 39 
0 48 144 143 
160 81 19 
48 129 199 
186 148 151 
109 59 29 
134 6 
177 
4 134 11 139 142 152 
160 68 196 70 40 10 
195 134 170 109 49 182 
2 34 74 121 189 
2 66 170 138 13 
48 141 46 63 
100 164 36 183 
76 77 22 111 
128 33 85 23 
65 25 88 
160 154 191 
176 126 71 
176 34 183 
196 83 84 
64 10 163 
68 53 
93 95 
170 172 
18 122 
69 
96 129 101 197 137 46 14 
196 40 80 114 147 120 
196 137 109 179 184 121 
45 177 179 127 191 
128 199 49 53 28 
42 173 19 93 62 
98 107 110 117 24 
134 150 121 186 189 
104 10 13 143 
88 41 92 184 
168 20 151 
138 92 141 
25 146 46 
112 194 102 
24 85 77 
112 129 131 
117 157 119 
153 59 
48 
130 132 102 10 138 77 20 86 
170 44 144 60 93 
42 55 24 185 92 
16 26 27 116 
41 153 77 71 
72 19 45 
0 179 168 
49 130 108 
96 189 166 
173 71 
34 146 
196 
3 
198 136 41 78 119 57 61 
163 106 16 17 113 117 
65 2 3 14 28 157 
130 195 111 21 93 31 
1 80 177 49 93 
105 170 107 60 
120 180 59 44 
199 76 93 47 
116 178 99 52 
113 107 36 134 
98 100 95 
1 108 113 
183 19 15 
73 9 94 
117 158 
27 84 
16 42 
113 77 
199 135 
130 68 9 107 80 145 83 118 152 186 
128 33 35 100 37 7 20 26 124 
64 5 198 199 168 14 175 148 
32 199 78 111 18 189 190 
12 173 142 145 148 85 
167 172 141 18 54 89 
196 38 41 43 143 94 
194 72 120 29 62 
71 43 44 139 83 
120 10 20 7 
197 126 117 6 
33 191 95 7 
120 185 28 36 
56 53 150 
131 156 119 
10 77 135 
88 123 191 
72 141 189 
177 180 124 
49 156 7 
2 110 95 
90 189 135 
193 75 
130 
13 
22 
50 
96 34 72 143 17 145 83 24 186 
2 6 18 146 52 147 93 
40 106 45 79 48 25 31 
154 76 77 20 151 26 
1 111 112 81 119 126 
11 12 15 86 182 121 
198 7 168 77 46 
71 76 109 113 187 
39 75 186 92 31 
198 104 139 146 27 
169 155 181 122 59 
199 86 158 29 94 
64 193 73 54 126 
169 106 107 183 
183 115 163 39 
88 193 46 183 
168 91 28 
40 11 62 
113 66 74 
152 85 127 
199 7 
0 181 
114 122 
81 173 
198 137 106 12 115 19 29 
162 9 76 79 53 22 57 
1 37 171 108 25 191 
128 66 99 78 177 155 
161 68 177 117 95 
90 108 78 48 26 
67 73 48 147 30 
33 36 78 112 159 
196 109 87 59 28 
160 57 82 151 
64 194 21 62 
136 121 188 79 
144 180 116 46 
17 19 131 7 
180 36 77 189 
129 180 76 
116 149 47 
136 164 135 
73 101 190 
33 178 157 
122 36 101 
141 22 
185 107 
88 109 
171 
8 
128 192 69 7 127 159 
166 72 76 54 152 155 
128 6 71 137 119 151 
66 69 198 135 145 90 
99 42 187 145 88 27 
64 126 38 127 
49 18 183 146 
59 79 78 71 
176 41 42 67 
104 130 52 
19 94 87 
60 101 181 
73 187 142 
9 172 78 
1 34 
195 
19 
34 98 165 70 103 173 48 147 84 
36 109 81 17 117 
1 90 161 68 
43 124 189 86 
151 106 85 135 
164 149 30 189 
154 148 14 
27 165 119 
194 131 158 
49 166 159 
35 39 
73 188 
66 147 
1 165 
160 65 103 8 40 104 145 
161 132 165 79 178 188 
135 13 60 29 190 191 
143 22 185 28 31 
36 9 143 80 55 
1 102 53 185 186 
4 103 107 145 31 
129 11 44 114 159 
65 196 73 106 144 
183 156 118 31 
129 58 12 146 
73 17 45 102 
135 182 95 
98 19 109 
136 28 103 
194 100 13 
81 146 147 
99 116 
131 175 
115 196 
87 55 
11 63 
33 
41 
134 
71 
128 3 8 72 137 111 112 
34 130 115 84 57 156 191 
96 193 197 59 57 91 
133 167 168 110 27 159 
102 103 77 143 83 22 
163 133 11 114 90 
0 128 28 93 191 
57 74 124 151 
8 194 20 125 
115 60 117 166 
80 84 133 46 
64 144 88 85 
194 27 31 
120 75 180 
99 5 46 
74 82 146 
152 26 
48 120 
178 
70 107 44 172 115 116 24 93 184 
170 108 14 175 81 49 120 
101 42 176 148 124 95 
101 111 16 151 186 
160 5 17 117 25 
123 11 166 86 
41 114 161 108 
0 79 15 
8 105 173 
104 43 149 
114 76 45 
26 155 159 
162 91 151 
5 102 
88 165 
3 45 
192 3 163 45 54 151 184 89 
5 105 138 146 52 54 24 
9 16 176 178 147 183 25 
65 196 101 11 108 61 
173 143 79 90 27 157 
64 66 11 143 52 154 
33 5 144 184 25 
35 163 136 169 146 
67 69 75 178 61 
100 197 46 83 58 
16 98 36 191 
135 173 157 103 
104 67 144 6 
135 43 70 127 
16 115 88 
177 43 157 
137 74 130 
33 98 7 
129 54 175 
178 171 
185 195 
27 163 
69 
99 164 137 171 140 86 124 
102 199 149 56 58 30 
46 16 81 54 93 
2 98 197 52 184 
3 36 134 70 7 
195 165 5 102 157 
193 165 198 41 137 
96 160 195 16 31 
57 139 181 110 
65 123 28 142 
192 180 163 44 
114 77 53 87 
42 99 44 106 
120 123 117 
0 22 63 
120 153 197 
32 38 175 
104 43 182 
96 181 
114 180 
90 140 
26 31 
186 159 
96 99 10 46 145 181 
161 2 174 22 23 127 
161 78 148 153 30 
35 172 80 115 188 
162 132 144 84 119 
5 113 56 92 63 
0 26 126 118 
56 125 83 29 
66 19 125 127 
88 76 92 
185 52 39 
137 76 193 
136 140 
41 23 
44 85 
146 154 
82 130 
14 
128 170 123 50 86 153 59 93 30 
166 103 140 78 48 178 26 63 
71 46 14 57 189 
193 198 14 47 83 
101 11 145 180 24 
104 105 83 68 
147 198 110 
66 107 55 
131 183 
132 100 
0 
138 
38 70 41 105 14 16 24 
35 134 72 18 82 117 181 
6 44 172 149 151 122 
163 73 108 55 59 
71 60 83 149 124 
197 40 170 180 123 
41 176 50 22 61 
89 34 174 103 
138 83 62 119 
18 182 118 
104 144 61 
17 108 38 
168 92 
156 95 
26 
194 133 103 172 77 18 114 182 
64 132 197 135 136 16 55 156 
64 103 92 175 82 149 124 
192 198 135 92 17 90 28 
66 37 7 14 180 21 152 
192 132 133 108 148 125 159 
160 99 195 10 121 127 
162 197 170 172 115 
197 170 178 54 189 
110 24 29 126 95 
141 174 14 154 126 
73 50 163 166 
184 148 123 116 
177 28 61 84 
55 158 7 
52 5 6 
87 14 71 
72 67 141 
67 148 
129 180 
169 140 44 18 182 90 59 
167 41 51 184 91 92 
98 133 75 11 117 
102 6 174 90 125 
100 175 179 88 122 
121 66 149 94 
80 185 172 152 
178 75 69 79 
152 19 140 54 
16 9 41 
74 35 110 
32 40 111 
146 60 103 
153 92 
164 100 
131 
136 41 138 149 86 119 
141 78 51 121 122 61 
132 139 172 63 127 
33 86 55 124 158 
38 173 175 80 119 
186 59 110 143 
140 154 116 193 
136 25 138 117 
80 104 149 71 
136 154 108 149 
151 37 133 141 
64 17 117 
56 82 112 
166 69 134 
43 124 167 
105 161 
104 95 
35 13 
98 36 
192 106 80 50 182 89 62 
131 132 36 166 172 127 
96 132 11 147 86 
102 23 120 122 190 
33 135 12 88 27 
41 139 141 70 
1 20 150 15 
90 53 4 37 
0 20 60 
162 28 78 
10 196 71 
159 187 31 
184 67 43 
98 139 
112 130 
8 193 
111 
138 
195 7 9 53 27 124 127 
101 171 13 152 122 
194 45 19 23 183 
193 173 20 85 154 
107 142 46 122 95 
71 168 14 28 190 
24 110 43 30 
73 35 12 131 
81 158 4 148 
168 9 29 95 
16 20 117 
120 3 30 
154 147 163 
99 115 51 
132 101 
19 23 
92 190 
153 189 
192 42 44 141 143 147 
131 36 136 185 58 125 
101 37 14 151 184 185 
98 77 46 182 151 29 
71 14 17 19 180 
71 109 142 18 56 
103 73 13 19 124 
185 199 137 184 121 
34 171 46 145 156 
11 84 109 182 
145 41 98 83 
48 125 157 176 
72 2 123 44 
17 44 150 
179 6 127 
41 98 151 
32 18 119 
178 52 87 
49 111 95 
162 82 
139 20 
129 51 20 52 88 153 190 62 
168 169 170 51 185 27 156 94 
99 197 44 90 156 63 
46 142 80 120 26 94 
194 167 87 122 191 
134 143 116 62 158 
161 35 72 189 62 
164 101 78 27 190 
42 131 126 23 
113 27 172 163 
137 167 135 
73 114 7 
32 90 157 
160 169 140 
59 68 147 
128 129 132 
101 118 
184 133 
58 5 
89 75 
192 68 
106 
11 113 149 54 152 126 
128 146 151 28 189 
101 77 81 24 30 
129 101 73 143 153 
96 90 99 21 
24 50 166 31 
2 141 94 165 
2 11 174 158 
42 123 196 46 
41 170 107 133 
57 174 6 119 
73 66 22 47 
40 66 152 126 
179 132 54 63 
73 162 37 6 
128 116 151 
138 119 111 
197 77 38 
25 68 49 
121 139 
40 
193 34 166 104 118 185 
131 164 56 158 159 
162 165 43 112 180 
97 166 42 182 185 
166 168 46 149 93 
104 59 131 135 
0 121 163 14 
161 65 99 118 
1 45 133 149 
155 92 55 
28 135 
187 189 
191 
97 194 27 81 87 26 91 189 
129 75 110 188 180 187 92 
39 46 143 21 86 87 
194 14 176 17 148 60 
96 141 81 19 87 120 
2 66 70 72 43 
5 7 73 52 90 
48 137 13 127 
33 195 181 127 
42 50 133 60 
121 166 125 54 
41 19 12 31 
130 20 189 183 
153 94 79 
129 116 159 
99 35 20 
16 176 
105 61 
184 9 
152 31 
84 
141 
193 38 169 78 48 119 125 
133 71 174 82 89 62 
97 176 49 85 126 
166 174 19 53 184 
36 175 111 51 54 
156 138 12 173 
40 17 161 193 
178 34 192 175 
114 27 92 39 
136 34 181 143 
138 93 7 
90 70 103 
137 140 
125 117 
18 98 
79 
113 
160 67 36 37 168 23 
37 72 108 112 177 
38 78 15 18 91 
1 173 62 185 158 
129 114 163 130 
88 146 104 87 
192 183 191 23 
192 11 173 
136 61 119 
113 106 101 
40 56 
77 190 
78 
169 
161 199 177 51 19 181 122 
4 111 143 87 152 28 29 
96 34 70 134 82 90 
7 109 47 21 54 150 
162 37 136 13 182 
42 14 18 115 22 
153 199 57 187 62 
98 99 168 147 117 
2 68 135 114 118 
32 138 149 30 
49 18 177 63 
88 175 90 138 
152 25 26 68 
16 47 190 23 
41 119 95 
65 69 175 
195 198 166 
160 50 138 
0 171 141 
82 90 166 
129 148 
45 143 
105 
97 101 105 108 109 81 92 
10 48 182 89 123 61 158 
8 77 47 82 92 159 
167 39 171 172 143 122 
195 136 116 181 120 153 
64 98 198 112 145 
3 37 102 109 21 
44 81 17 60 159 
26 179 61 135 
88 162 171 196 
40 152 5 126 
81 49 197 118 
188 36 29 191 
180 28 189 14 
169 195 39 
104 126 14 
34 74 141 
178 90 147 
97 18 109 
163 12 29 
139 92 
89 123 
120 
96 134 13 16 80 18 148 154 59 
37 103 11 55 152 25 124 184 
165 167 73 174 143 58 
64 68 197 175 113 56 
140 82 149 154 93 190 
194 36 71 122 59 
193 50 184 126 63 
43 147 189 25 157 
96 37 198 38 157 
104 76 86 31 
139 84 181 111 
80 169 51 78 
120 153 84 103 
184 26 148 
184 21 86 
110 62 87 
43 196 
132 46 
136 134 
123 149 
1 131 
19 189 
148 55 
193 9 105 43 112 49 83 158 
170 171 47 145 20 149 186 31 
33 97 8 76 83 119 123 
64 138 44 172 147 26 
66 101 199 14 115 62 
108 77 110 143 123 
41 75 172 44 59 
71 171 109 47 149 
130 196 133 71 136 
40 82 147 187 125 
97 71 106 75 87 
8 153 115 144 
2 125 74 173 
0 49 120 140 
156 83 76 30 
144 75 150 168 
136 169 187 78 
56 109 13 
186 99 187 
108 74 92 
69 142 79 
114 85 
128 160 
4 20 
178 70 
91 
91 
130 162 106 109 145 50 31 
139 45 146 23 87 155 190 
67 131 196 199 169 9 113 
32 44 14 79 183 184 154 
129 52 157 55 122 125 
35 69 38 45 148 118 
34 47 176 118 95 
67 103 181 152 189 
195 45 78 111 150 
57 194 163 135 
89 35 117 127 
11 187 78 191 
80 25 187 198 
1 82 131 20 
183 21 13 87 
64 92 197 151 
26 92 133 55 
97 126 151 
64 65 153 
169 19 195 
123 181 174 
54 190 30 
104 158 94 
159 1 135 
49 137 20 
120 59 76 
80 177 115 
9 23 
112 148 
195 126 
10 46 
98 167 
136 53 
