200 1000
159 2 3 131 69 197 137 106 107 109 178 180 182 90 31 
1 130 195 198 74 75 106 170 17 113 189 88 61 31 
37 122 186 12 45 108 141 81 18 90 126 31 
32 97 9 10 11 109 142 177 20 153 125 127 
130 163 100 172 77 48 53 149 183 153 91 
196 101 73 75 141 46 174 175 117 181 62 
32 128 100 40 9 13 81 61 30 
103 44 140 155 15 84 86 27 61 
4 38 9 16 80 117 94 95 
64 69 38 197 143 50 187 
98 105 18 83 179 85 159 
132 196 11 189 185 93 
4 8 9 74 75 44 13 76 136 142 143 82 144 172 
160 65 35 103 40 11 44 16 180 117 121 28 31 
64 99 163 5 70 103 12 109 46 48 87 60 30 
163 196 198 71 42 124 145 18 117 181 92 157 
96 133 165 71 78 48 49 83 60 
66 71 11 143 80 81 178 25 93 
67 132 70 103 106 80 52 152 157 
98 104 49 52 53 119 88 26 31 
1 137 169 111 117 149 182 158 
102 169 171 144 55 184 59 30 
72 45 50 188 151 26 60 
35 166 15 18 22 120 
166 168 75 81 190 
174 80 118 89 191 
99 45 22 151 60 
35 104 169 138 11 44 43 78 140 115 121 26 125 
68 103 74 11 75 107 46 144 52 117 120 188 
128 153 136 138 140 16 120 121 156 189 158 
65 35 164 199 72 169 175 16 19 185 26 
161 132 5 74 146 147 52 88 127 157 63 
2 195 164 108 15 18 22 157 63 31 
64 99 67 102 40 140 113 52 184 127 
128 131 4 70 106 50 83 93 94 
161 164 135 77 50 116 28 31 
66 67 3 14 150 25 91 126 
68 137 169 112 124 25 28 127 
65 198 71 78 184 24 122 62 
196 134 139 85 53 184 159 
0 34 172 87 151 91 
74 87 
128 126 39 40 43 14 175 176 179 20 90 189 95 63 
191 40 137 10 11 77 174 15 82 179 184 89 159 
34 194 70 135 174 176 81 147 155 188 93 
98 100 42 75 11 148 87 89 186 190 94 
1 33 131 196 166 115 83 119 155 62 191 
96 132 37 40 15 49 81 147 180 156 
64 2 5 8 172 78 48 178 149 87 
165 169 10 139 142 14 149 183 60 
32 33 2 8 79 51 121 127 63 
122 39 142 111 181 24 58 30 
32 2 5 73 77 78 120 25 
161 69 139 111 185 190 
37 5 75 111 89 
162 89 90 135 
164 104 42 109 110 79 174 114 120 57 190 94 
129 71 8 199 140 13 145 146 117 54 59 
130 164 103 104 136 170 174 150 87 89 187 
128 97 195 76 142 115 21 149 56 
163 134 136 177 83 84 149 54 59 
128 186 46 124 18 51 88 90 60 
193 162 9 41 75 22 90 189 
64 96 37 16 22 121 191 
67 68 170 11 143 92 
129 131 132 164 196 12 47 177 115 83 118 26 124 189 
97 66 162 133 198 171 13 174 18 50 147 148 120 
162 4 196 38 138 107 140 111 83 86 28 29 30 
130 99 132 6 10 142 15 145 18 115 57 124 
69 10 43 11 138 48 81 113 54 92 126 
163 37 7 74 171 44 174 54 87 90 28 
64 37 168 139 113 22 55 28 125 
64 153 133 40 44 45 80 25 63 
102 11 82 83 150 24 
42 11 74 81 24 90 
67 109 81 121 27 159 
160 193 35 3 4 102 139 109 176 83 182 183 88 28 190 
65 162 67 196 133 166 39 73 105 144 17 83 21 183 156 
0 67 5 6 134 198 144 113 145 51 55 92 189 62 
96 33 42 170 173 15 147 52 86 56 154 60 184 95 
67 69 71 72 110 84 53 184 154 59 94 31 
164 133 134 165 42 138 47 112 188 29 190 
32 36 135 74 170 171 46 174 88 25 60 
66 98 38 11 50 179 188 155 124 125 
0 4 68 132 134 19 22 87 58 
37 198 135 104 74 106 81 87 90 
96 5 9 105 139 22 26 93 62 
32 64 194 35 101 8 136 108 77 142 181 24 157 
129 35 36 166 40 140 45 48 113 117 28 
198 104 76 16 113 112 150 120 153 126 
96 3 69 143 80 180 53 185 122 93 
64 100 107 113 146 53 183 57 154 61 
105 43 177 18 146 151 90 28 125 94 
1 163 105 78 143 84 119 24 91 
69 199 186 141 174 112 82 55 26 
34 104 136 83 84 115 151 26 
0 36 101 9 42 114 19 155 
194 99 37 71 39 41 78 17 116 119 87 185 
65 1 98 68 162 165 13 79 116 152 153 28 
99 135 9 75 171 81 179 117 151 154 124 31 
129 193 198 39 103 42 81 49 82 86 122 
96 132 36 196 198 142 144 183 185 59 
133 39 9 82 180 23 155 61 126 
194 166 70 81 17 52 
98 68 106 107 171 86 
98 35 67 165 102 11 15 55 185 26 92 189 190 
32 195 169 138 43 16 50 117 55 151 123 152 
96 104 136 140 146 53 23 121 27 28 125 
40 158 14 79 182 23 121 123 28 126 
128 5 107 173 79 177 115 20 
103 14 112 114 84 23 29 
38 6 107 172 145 
136 105 18 157 
75 126 127 
2 35 98 71 72 137 138 76 46 16 176 29 94 31 
32 4 106 77 15 113 52 21 118 151 56 88 157 
98 195 41 10 107 111 144 50 114 24 122 88 159 
194 4 134 41 171 175 114 180 23 57 30 
121 98 153 194 5 137 139 146 182 57 27 
7 107 44 110 144 81 85 53 120 190 
196 135 39 138 11 79 176 116 155 156 
134 14 145 146 20 21 159 31 39 171 181 57 191 67 196 81 85 88 101 103 
135 17 24 36 165 40 41 170 45 174 53 54 55 73 77 82 88 89 109 
64 194 135 167 199 74 140 142 176 50 115 123 157 
160 1 3 140 46 142 19 20 53 149 150 29 
161 104 42 11 139 85 117 182 56 183 156 189 
171 172 142 146 116 150 58 190 63 62 95 
67 71 136 140 14 16 115 120 159 
162 134 70 168 43 109 142 144 152 
39 110 48 51 52 87 55 30 
154 43 14 18 146 148 121 122 
68 42 140 111 113 89 31 
99 6 116 23 120 155 92 
0 33 130 38 109 88 190 
96 131 40 170 55 187 
128 129 193 164 8 11 12 13 109 144 89 60 189 126 
132 37 197 8 105 168 78 177 115 182 87 185 27 
68 38 135 42 76 142 145 50 114 183 120 153 62 
2 7 167 59 140 82 180 23 94 27 124 30 31 
159 193 2 71 167 186 171 109 116 89 26 63 
35 102 167 155 112 83 123 190 
40 141 112 178 21 87 
129 37 107 143 25 61 
98 166 9 12 113 146 19 23 184 57 122 183 
0 6 39 40 76 16 176 178 150 25 154 157 
160 67 36 71 105 107 47 52 53 184 57 159 
192 2 122 8 186 13 181 152 58 188 126 
32 34 36 199 78 15 144 116 148 58 190 
99 165 197 135 7 168 141 142 148 119 152 
2 109 14 110 143 179 20 85 153 155 
76 13 172 144 17 149 183 120 57 124 
129 168 44 175 81 178 149 27 62 
100 37 70 91 43 155 15 120 27 
129 14 177 50 115 116 180 28 61 
128 161 81 149 54 184 25 63 
104 10 75 76 24 89 188 63 
165 90 172 143 58 
191 66 3 9 45 50 146 179 21 53 183 186 91 95 
2 43 108 109 78 173 80 174 82 51 175 56 156 190 
33 4 197 38 166 43 77 16 114 148 21 58 156 
98 165 7 171 141 78 48 112 18 19 24 90 
195 170 140 111 16 85 54 55 24 122 158 95 
36 69 6 45 145 116 181 189 55 27 63 31 
101 44 172 113 50 114 21 23 156 94 
2 34 131 75 174 145 28 126 127 
3 132 133 43 139 142 50 55 25 
69 70 197 179 119 56 90 92 152 
195 4 167 174 16 112 18 25 
160 67 71 136 199 111 86 187 
11 112 17 176 116 158 157 126 
69 199 138 171 174 177 178 119 
32 153 44 86 121 159 
16 177 179 151 156 
130 194 132 199 111 177 18 89 156 93 
38 104 77 142 50 151 25 90 156 95 
192 33 81 49 189 61 95 
129 194 131 137 78 178 154 
2 8 137 51 148 93 
88 179 60 104 
0 129 131 9 11 16 18 19 23 151 163 164 171 45 55 187 62 73 88 127 
130 4 42 108 76 141 157 186 125 31 
96 66 130 100 168 150 24 57 122 30 
32 105 75 109 14 47 141 144 86 
2 194 195 5 196 106 111 55 125 
3 199 136 107 140 46 15 48 179 20 149 120 57 63 31 
0 1 33 193 133 106 139 44 146 95 153 91 93 30 63 
160 97 70 42 76 14 48 49 19 83 85 118 182 60 
64 35 58 69 197 198 199 171 145 50 26 
129 99 197 102 106 173 79 50 53 185 92 
64 142 47 22 119 152 25 125 30 159 
160 193 130 39 72 143 19 182 156 62 
102 166 40 18 148 183 120 187 189 
64 98 162 101 78 152 155 92 
65 129 170 108 46 148 118 188 
162 133 199 77 53 58 124 30 
66 163 136 176 85 86 89 
71 39 175 115 122 
103 41 139 141 48 145 19 119 24 188 190 
195 196 8 109 16 148 87 24 29 158 63 
32 129 2 195 68 5 172 50 20 189 
32 193 2 34 36 99 43 22 23 57 
5 38 69 102 46 111 80 49 114 56 
131 132 38 43 108 50 178 116 179 56 
130 102 104 109 79 187 62 
34 8 13 17 145 83 20 116 56 153 26 152 127 
128 97 35 68 37 134 198 40 169 112 91 124 62 
166 39 103 104 10 79 15 175 84 148 189 
32 160 166 104 175 179 148 54 57 58 62 
129 4 39 42 45 176 177 24 186 
160 47 82 51 52 22 87 24 187 
129 35 3 137 76 78 51 24 126 
101 10 144 81 55 185 158 62 
96 69 199 42 171 76 26 
161 79 119 151 57 158 159 
66 137 51 116 149 23 190 
0 8 172 173 49 61 
100 196 41 181 187 157 
2 36 103 173 175 145 188 147 180 118 183 88 27 124 191 
97 195 166 106 110 142 52 118 58 159 
96 67 102 136 145 147 118 56 27 156 
195 100 41 85 53 92 61 
96 170 51 19 119 93 
64 194 16 149 93 158 
99 35 175 15 186 
171 50 51 52 85 
192 161 67 3 196 102 197 8 44 112 116 85 60 191 
160 192 153 163 194 70 47 48 20 117 119 57 156 29 
37 106 76 80 19 23 84 86 55 180 182 189 95 
32 192 2 37 6 14 175 49 147 179 56 25 122 
0 161 192 164 107 176 177 179 182 61 62 127 
64 1 34 100 101 38 102 180 187 125 63 
90 168 11 111 18 147 150 26 155 
104 168 140 16 181 186 59 95 
130 7 50 55 126 159 
129 48 84 187 191 
128 1 36 5 100 103 164 137 165 11 168 199 46 176 150 184 
64 65 153 101 38 136 42 173 177 179 120 89 58 124 
128 133 38 8 76 47 18 117 150 122 188 189 95 
194 74 140 46 177 18 19 84 24 56 92 
32 34 100 37 103 174 175 51 158 31 
192 130 131 132 166 111 149 123 189 62 
192 37 69 101 47 16 48 15 149 87 
68 18 115 116 120 188 152 127 
38 179 54 23 152 90 158 
193 34 38 178 57 91 
32 163 51 157 
97 129 163 37 70 138 45 110 80 84 118 122 59 124 159 
36 39 8 199 171 76 50 146 56 90 120 29 
65 161 165 197 169 119 89 59 190 94 
162 36 7 78 178 83 85 149 87 187 
38 7 103 166 139 114 83 51 26 
134 43 140 47 143 51 57 189 
161 67 197 73 173 176 123 126 
153 166 13 18 181 118 25 191 
39 9 105 142 90 91 
10 107 140 78 178 115 
171 61 111 
66 35 162 133 134 8 41 139 83 116 181 150 184 91 29 
96 129 100 39 135 110 51 20 53 117 118 56 154 60 
34 163 132 197 167 73 137 16 150 90 
4 7 167 199 75 76 142 52 148 
66 7 72 112 51 52 89 187 
131 108 110 180 149 121 27 190 
162 39 172 175 85 53 184 127 
193 197 38 106 144 152 29 
102 135 72 44 45 78 79 109 140 177 19 21 85 121 93 127 
99 100 133 195 198 77 81 83 148 55 30 120 62 
65 195 100 71 135 41 138 79 22 150 88 27 152 
129 2 100 74 75 15 18 82 24 186 
100 4 140 141 79 81 178 123 29 158 
195 57 58 187 31 
160 36 199 49 145 
106 177 146 19 27 
128 4 166 170 45 13 79 175 145 178 115 20 116 180 125 159 
32 65 162 67 4 166 7 40 9 167 114 189 24 29 
32 128 101 6 134 197 77 142 145 157 154 29 127 
163 4 100 132 39 73 11 172 173 20 120 92 127 
34 73 75 139 83 150 88 153 59 120 125 95 
192 33 129 36 13 113 146 86 58 158 62 
162 35 36 100 70 71 181 27 30 
195 36 37 101 73 78 112 187 95 
33 195 7 72 10 108 159 
160 167 139 82 180 150 121 
96 8 168 15 175 179 53 
65 4 71 179 152 25 
98 99 142 145 115 124 
36 37 68 105 123 77 15 21 152 59 124 63 31 
0 132 140 79 111 81 146 115 54 150 26 
64 129 161 4 102 76 46 149 91 92 
96 192 100 166 8 105 74 175 154 
96 98 166 103 138 80 120 152 126 
128 35 197 141 146 116 184 30 
35 165 39 49 179 52 157 
1 129 193 167 186 140 77 113 146 52 21 153 26 191 
34 40 136 16 146 147 149 119 123 62 
192 195 36 41 169 44 140 84 53 59 
70 108 16 48 18 112 23 59 29 
98 38 112 81 178 87 121 157 
131 37 102 71 81 23 58 
136 74 141 14 48 51 
1 100 191 49 
1 66 35 5 197 167 172 77 78 81 85 22 182 28 
160 68 37 103 139 44 113 184 59 60 189 159 
128 194 100 133 164 105 137 83 19 88 127 
135 76 114 115 117 119 27 31 
97 100 68 132 103 133 136 
192 35 4 67 101 8 136 42 106 174 143 114 179 23 190 30 
132 37 102 137 77 78 173 152 148 120 26 61 94 63 
32 64 34 66 160 197 71 137 143 175 151 62 
0 164 5 105 107 171 147 179 182 153 154 27 
96 162 70 103 8 9 40 139 154 27 95 
4 68 197 45 173 177 180 21 158 
34 36 197 170 150 119 31 
128 3 132 197 104 187 
78 47 116 56 26 
74 14 148 91 189 
96 128 34 130 5 69 198 40 170 76 15 16 48 49 178 25 125 159 
98 99 37 39 73 80 112 114 54 24 121 58 62 
96 102 43 11 110 49 82 145 185 26 124 63 
0 193 167 136 139 143 114 51 53 120 153 91 
101 134 169 11 155 183 118 54 151 25 123 126 
1 129 70 72 48 179 24 89 186 31 
130 35 3 132 196 135 8 105 111 18 
160 100 138 170 141 47 175 183 
161 194 6 166 198 45 47 50 
133 72 42 176 25 124 
66 37 75 183 58 
89 165 72 44 79 80 112 115 147 25 59 94 
193 3 68 101 199 8 186 76 17 86 90 156 
195 132 198 10 43 108 172 142 176 21 56 
32 67 70 198 44 108 78 142 154 187 
65 130 4 38 70 102 76 122 61 190 
33 98 102 199 49 115 20 55 121 61 
3 39 139 171 46 150 191 
5 42 12 76 14 83 118 
65 3 37 198 74 
3 171 54 135 
64 66 153 166 73 111 112 156 51 20 117 54 151 94 187 60 62 
65 1 132 171 173 51 20 119 89 124 189 190 127 
193 163 4 5 72 106 139 140 172 143 177 21 188 
67 104 41 113 50 148 118 150 92 127 
34 165 102 122 11 179 58 188 30 
130 186 12 49 148 53 121 26 126 
40 169 43 171 45 120 184 
32 7 135 42 140 141 144 178 115 125 54 150 151 123 93 158 
2 34 68 98 38 195 76 47 145 154 187 191 
163 166 7 170 78 149 153 30 159 
130 101 167 108 79 144 85 26 191 
1 153 17 145 181 87 121 60 62 
192 101 37 6 106 109 48 117 120 
0 35 68 186 19 58 124 
173 20 150 23 26 
99 4 68 70 40 137 168 108 77 49 86 152 123 190 
1 130 196 198 72 9 169 112 115 183 152 121 
130 194 197 38 7 76 110 143 16 146 126 62 
163 4 69 5 71 8 104 42 140 80 118 120 
33 131 135 73 76 51 54 88 153 90 158 
96 70 43 142 48 54 86 118 25 187 
33 194 163 101 154 41 145 180 26 31 
67 35 4 165 168 138 145 149 86 
10 77 79 143 49 114 117 121 157 
64 137 109 15 145 146 83 90 
161 165 134 146 84 54 27 
98 67 40 41 168 171 45 13 112 84 53 87 57 60 190 
34 163 70 190 15 143 180 55 24 57 60 126 
67 131 154 199 105 46 15 51 181 122 124 126 
64 194 38 138 43 172 109 85 181 58 187 126 
98 163 164 103 76 79 47 182 152 89 93 
4 68 137 138 107 139 189 119 120 29 
101 10 11 78 80 156 18 146 92 31 
2 5 11 172 13 19 85 22 183 91 
36 166 76 81 24 
38 23 151 88 61 
64 34 98 37 84 
164 199 42 108 172 176 17 149 86 30 155 60 62 
96 7 40 10 12 172 145 52 54 191 
191 194 36 132 16 17 177 185 30 127 
3 195 138 155 22 157 91 188 29 126 
96 14 111 146 148 117 150 152 61 126 
192 131 76 85 22 55 188 158 
66 4 45 146 51 122 94 
133 39 111 84 85 22 24 
3 102 171 56 26 60 29 
166 44 78 79 179 182 158 
167 76 109 19 157 30 
164 196 76 56 187 127 
136 12 110 81 185 
2 66 98 37 5 69 100 101 133 75 197 52 150 56 94 
128 67 163 101 70 8 45 16 84 21 180 55 187 31 
191 98 167 40 73 14 146 54 189 89 123 156 93 159 
89 4 5 72 9 109 78 82 115 54 57 186 27 31 
134 135 8 72 137 43 15 17 177 116 150 184 156 
96 167 15 16 17 146 147 177 24 185 26 155 31 
192 131 163 164 7 12 47 182 23 155 60 
3 71 74 44 140 172 144 17 87 156 31 
160 99 36 23 188 157 
162 141 86 23 93 
32 65 195 165 134 135 170 43 187 15 21 155 189 31 
5 103 135 44 80 145 177 179 181 120 188 94 127 
32 97 165 40 44 155 19 20 51 180 59 189 127 
99 4 106 11 141 16 178 19 20 149 54 24 
97 100 101 70 133 134 136 169 146 21 94 
196 7 106 78 14 48 84 181 87 55 152 
96 160 2 165 134 168 137 78 85 90 123 
33 3 164 71 9 169 11 86 61 
192 161 7 137 142 48 50 19 116 
102 107 78 178 147 116 23 29 
34 130 14 15 143 18 182 157 
96 65 163 199 77 23 56 
130 73 112 116 151 189 191 
0 129 99 131 101 195 39 167 76 15 83 118 152 122 62 
194 100 71 72 106 43 109 148 53 54 119 151 25 63 
128 192 3 67 131 102 40 43 143 50 24 61 127 
32 64 102 74 139 170 77 174 116 120 125 127 
34 103 45 178 116 55 25 123 92 158 95 
0 35 69 165 166 137 76 50 190 
161 131 39 199 80 178 52 55 62 
35 39 135 105 17 55 56 157 
68 171 50 31 63 
66 163 9 106 109 14 111 141 143 82 114 148 118 154 91 127 29 63 
2 36 101 104 11 187 82 61 93 88 59 29 
197 6 167 74 77 13 84 181 152 154 191 
129 42 108 141 112 124 85 88 155 60 30 
1 34 90 199 11 18 84 118 58 191 
72 137 42 168 45 51 22 119 186 187 
32 163 198 47 115 150 90 27 61 
64 121 6 41 141 88 25 120 
7 106 107 170 15 113 52 184 
191 4 199 173 56 126 95 
12 173 14 176 113 19 
78 175 52 84 56 62 
2 102 76 151 125 
102 10 111 144 175 188 19 151 88 58 28 93 
98 71 74 11 77 173 143 174 117 151 155 125 
67 6 102 103 170 79 143 156 154 28 93 
160 194 67 7 42 170 14 148 86 31 
66 35 72 78 178 55 57 92 61 183 
65 196 102 104 168 174 144 149 22 
1 66 7 139 13 14 23 63 
109 173 18 51 116 183 25 
96 161 140 116 148 184 91 
132 39 8 144 118 
0 32 66 130 4 192 70 134 78 84 53 153 123 
35 70 6 9 180 181 118 119 150 122 30 
98 162 4 74 75 113 188 19 26 123 28 
100 132 43 140 45 46 17 146 178 
37 165 74 177 82 184 94 
45 117 151 25 27 28 93 
98 71 77 179 25 187 60 
133 135 15 116 59 
66 67 99 105 138 75 172 45 18 188 180 181 92 61 
195 100 11 44 76 14 78 178 22 87 150 92 29 158 
128 193 102 16 48 82 179 87 57 186 60 125 127 
0 129 66 196 104 43 143 82 51 20 118 
3 100 107 81 147 20 53 179 182 90 189 
195 132 164 134 42 138 108 77 183 
160 129 161 77 46 21 87 
99 197 122 181 90 93 
32 99 6 38 199 10 170 108 77 111 113 25 126 
64 158 186 44 78 174 113 179 88 154 59 29 94 
89 194 4 36 71 8 135 10 76 181 119 25 126 
33 196 197 103 11 15 17 50 187 28 125 
98 131 197 47 17 114 51 151 155 95 
65 97 161 36 101 10 109 48 154 
64 1 162 132 71 44 172 187 157 
33 36 105 107 142 47 174 63 
0 98 163 41 79 18 22 188 
128 131 144 17 145 184 89 
129 5 71 108 146 28 
32 64 128 131 195 37 196 103 147 84 182 24 57 56 92 61 62 
32 65 99 167 8 72 136 12 44 14 18 50 178 21 190 158 
2 130 154 15 176 145 18 116 23 185 90 155 
162 168 142 80 113 181 151 25 186 60 157 
4 102 134 9 42 170 181 120 155 157 158 
2 71 41 108 142 79 176 53 91 159 
64 34 130 38 9 106 145 149 188 31 
1 2 35 198 136 172 54 95 
163 10 174 176 84 118 151 63 
131 4 164 108 92 154 28 
161 101 168 21 183 24 
100 199 139 177 27 157 
96 164 74 11 15 149 
42 79 144 114 52 157 
100 37 199 41 75 13 14 148 88 126 95 31 
35 100 109 112 49 114 178 121 93 30 
194 165 7 170 75 79 23 187 190 
96 197 166 174 14 112 178 179 
0 64 193 100 134 9 44 
194 67 132 140 141 92 
35 68 107 174 15 176 145 147 84 57 154 155 60 94 159 
0 33 162 6 70 135 11 76 81 87 91 
7 103 167 43 107 46 78 17 51 116 87 
35 163 167 105 76 80 112 147 180 21 190 
98 7 135 14 17 82 23 154 157 
163 198 107 172 143 53 86 152 63 
99 5 48 81 115 86 188 157 
131 101 72 169 76 148 90 159 
96 133 105 174 111 116 122 
33 132 174 183 63 
97 2 131 196 197 106 81 17 178 55 121 58 187 188 
35 4 69 8 74 17 114 177 54 23 118 124 157 190 
64 65 100 135 74 108 110 156 116 180 54 28 
37 103 40 168 91 106 173 49 82 57 59 188 
1 33 3 65 67 15 111 118 23 153 
135 7 138 139 175 116 152 92 62 
129 164 137 14 79 180 184 189 
160 192 163 4 68 143 25 127 
103 45 174 176 23 157 158 
160 162 132 198 105 10 139 77 111 181 87 26 
33 195 101 137 169 75 173 17 118 89 60 61 
33 98 11 140 149 181 121 155 188 
130 6 51 86 150 126 
39 42 114 150 157 
160 66 194 5 198 138 45 143 178 147 149 181 122 123 189 
128 97 2 15 143 81 113 175 180 154 157 126 
97 67 6 71 167 169 142 79 112 116 92 127 
100 196 186 107 112 85 24 58 187 125 
1 35 135 138 47 179 21 153 
67 35 136 109 151 24 122 29 
44 77 189 22 151 29 62 
97 68 14 143 127 62 63 
0 112 145 181 29 95 
137 140 21 188 191 
64 2 196 38 136 137 171 76 78 142 16 52 87 88 25 122 
97 134 45 16 144 145 119 153 61 62 63 
131 199 72 43 16 19 24 58 93 191 
2 101 6 72 10 15 51 186 28 
163 36 166 39 10 45 81 83 94 
71 186 141 77 143 87 154 123 157 
132 38 168 41 138 22 150 185 187 
128 160 67 5 77 16 86 61 
69 74 172 50 179 118 25 59 
70 38 167 105 15 81 125 
97 162 108 79 114 186 
32 100 69 165 8 168 43 171 45 47 79 51 116 85 86 153 31 
38 9 41 137 169 170 79 18 82 116 180 184 63 
65 161 193 135 80 81 50 115 52 57 125 62 
32 4 40 72 13 145 50 19 180 119 89 
192 129 197 7 172 182 23 153 95 63 
195 196 168 9 172 174 16 118 87 61 
192 34 136 174 51 152 57 127 
64 33 70 177 158 62 95 
130 11 78 182 120 188 126 
121 36 103 11 13 89 
101 174 78 50 150 
128 160 37 72 104 75 43 109 48 146 84 89 92 157 
160 34 6 134 169 172 14 148 151 94 27 62 
33 97 194 74 123 187 14 148 91 93 
5 6 102 167 45 178 19 89 60 
185 68 165 6 73 12 152 57 58 
196 167 73 170 15 16 83 122 127 
160 196 106 43 76 141 50 180 
0 104 172 147 184 121 31 
0 135 47 175 18 89 
96 33 130 198 41 76 155 174 144 82 51 150 24 25 56 59 60 94 
33 34 35 36 166 10 170 108 78 177 82 88 57 90 
99 165 70 199 91 11 114 51 23 186 27 62 
32 37 90 122 165 14 175 81 56 185 26 127 
64 68 38 142 80 17 49 83 149 154 188 61 
66 165 72 170 13 82 21 22 183 186 61 
67 3 38 13 14 109 142 121 90 94 
191 4 37 39 103 42 107 113 50 31 
71 72 171 45 111 117 30 
35 68 101 135 137 139 15 111 176 20 52 118 154 
96 97 128 104 172 16 48 178 85 86 151 56 191 
193 3 131 136 170 43 187 51 26 59 188 127 
66 98 37 101 76 155 142 19 151 59 30 
194 137 42 175 176 115 149 118 150 121 31 
128 67 36 69 166 7 195 198 76 53 30 
160 33 97 69 76 13 147 20 156 31 
35 131 197 70 104 14 85 117 118 89 
161 68 40 46 49 84 56 185 94 
0 128 67 163 136 114 
74 11 109 47 152 
193 101 134 59 123 44 109 172 144 82 51 186 91 188 127 
64 69 6 73 10 12 173 174 146 115 147 88 61 159 
161 185 45 145 189 149 150 157 183 155 124 125 158 
1 67 197 12 45 140 20 126 156 62 
34 132 136 173 78 110 80 58 187 61 
3 133 6 134 74 139 174 19 95 
193 5 8 42 109 80 52 187 
4 36 108 140 20 159 
65 129 93 127 
2 133 17 18 146 152 153 154 158 34 169 49 58 62 79 82 111 122 125 
66 131 100 37 199 76 143 112 17 50 181 119 58 159 
0 192 2 171 79 80 176 83 179 88 155 156 157 184 
66 4 101 105 42 76 140 141 172 80 183 121 60 158 
160 98 42 43 140 81 113 84 148 184 126 127 
191 195 197 45 60 80 85 118 149 26 28 31 
193 102 198 44 175 113 54 87 154 95 
70 167 108 78 142 16 24 25 31 
194 6 75 174 145 86 58 125 
2 66 70 7 118 185 154 124 
64 99 134 104 75 85 188 29 
97 196 103 14 111 90 187 
195 40 20 87 189 
36 101 196 137 111 48 175 83 53 23 152 186 59 190 
162 35 36 68 9 170 109 176 21 184 61 94 
193 66 6 136 75 15 87 23 56 121 
67 99 75 16 179 84 25 
106 14 145 116 117 118 59 
58 38 170 108 182 26 
33 2 3 121 132 140 15 113 18 82 83 86 57 123 
33 35 132 195 135 75 46 17 182 186 27 124 190 
32 97 100 37 196 47 57 187 60 189 126 191 
162 195 4 198 199 107 44 13 52 88 190 159 
32 4 197 7 78 80 49 115 117 57 29 
162 122 166 139 140 172 81 113 24 58 91 
2 165 78 48 117 150 56 185 
97 131 36 101 107 113 21 
41 2 189 54 
132 197 8 9 107 14 81 145 183 88 59 93 94 
160 35 170 11 45 15 177 21 85 149 152 121 28 
128 1 193 6 134 74 75 21 181 57 191 
122 40 172 86 24 154 159 
133 168 138 107 158 191 
2 81 82 22 188 
64 96 128 35 133 7 12 173 46 175 144 114 55 153 187 
1 3 67 37 164 72 47 145 179 149 22 
34 100 105 110 79 149 22 92 125 190 
97 130 101 103 77 50 146 154 28 191 
161 68 43 44 17 19 116 121 125 
103 39 139 16 150 153 59 156 
160 65 130 104 108 182 123 189 
101 5 144 19 179 25 27 
32 39 169 85 153 155 63 
133 135 104 136 170 155 172 50 19 85 22 117 26 59 190 30 31 
35 42 106 107 138 46 170 190 146 25 26 60 62 31 
96 97 128 100 165 102 40 140 141 151 28 63 
129 99 70 72 42 171 79 22 126 28 189 94 
35 36 37 8 40 43 92 183 56 28 63 
163 4 133 9 42 137 108 13 138 170 187 
98 153 39 170 174 47 112 179 25 124 
99 199 10 44 47 150 23 187 60 126 
65 1 35 99 39 84 182 151 155 191 
0 2 131 39 45 109 21 149 23 186 
2 66 79 22 23 151 182 154 29 
2 40 9 106 170 78 23 152 
99 137 10 82 115 124 
1 34 100 101 6 105 138 108 77 142 150 123 189 94 
192 69 103 139 174 143 112 17 147 23 116 55 
1 194 6 81 17 181 184 153 90 155 
1 99 10 42 110 177 27 92 126 95 
4 167 40 73 188 52 150 183 60 31 
136 137 13 85 91 29 
134 198 8 154 27 62 
160 66 67 132 5 70 71 134 167 42 177 146 181 55 
33 2 161 4 165 104 169 42 138 174 114 182 89 60 
6 39 71 134 135 13 174 47 113 117 57 62 
97 34 195 5 167 44 174 143 175 19 58 62 
96 65 34 67 164 167 137 47 175 19 22 156 
37 38 6 7 40 41 138 142 15 181 91 
192 101 5 199 13 110 143 116 56 57 155 
160 1 8 75 44 114 152 91 92 30 127 
34 72 170 75 16 49 113 177 85 
64 98 169 48 184 153 
32 146 190 39 
151 23 
130 88 41 168 11 139 187 15 177 119 56 57 59 188 
160 192 98 164 74 11 15 144 114 146 178 24 184 
2 36 37 132 137 10 78 149 55 56 156 125 126 
1 4 6 166 13 143 49 86 87 153 157 127 
160 90 72 186 140 45 84 150 23 58 91 126 
161 67 35 163 39 135 10 74 82 149 156 
161 98 167 138 141 46 174 18 55 152 154 
164 165 198 105 76 49 82 146 179 54 
35 110 142 144 176 21 86 29 31 
33 162 39 141 80 121 188 190 31 
160 35 9 16 51 87 183 26 
58 104 46 83 180 24 26 
5 143 16 144 145 150 26 158 161 176 177 181 57 192 67 199 96 102 105 114 
2 35 164 101 198 73 75 79 82 20 116 55 187 
97 161 101 10 76 18 20 116 23 184 28 
161 34 186 107 175 81 85 189 154 93 127 
193 165 107 187 17 53 57 91 190 
163 132 168 78 119 95 127 
161 106 139 140 88 90 
160 13 176 20 123 
80 144 147 29 126 
3 132 133 73 138 16 115 147 148 22 26 
0 34 167 44 80 17 19 148 22 188 190 
132 198 199 106 48 81 53 118 158 
167 8 15 21 56 57 88 
0 161 99 131 138 171 155 79 15 111 112 143 116 152 24 154 27 125 
32 34 132 167 72 9 43 12 139 53 119 156 30 
0 67 39 74 106 44 110 52 54 89 27 62 
160 36 132 134 166 9 107 44 108 115 184 58 
164 71 105 10 106 170 175 82 148 119 184 158 
193 37 166 78 79 143 49 86 184 58 92 61 
40 42 173 46 79 143 17 150 61 94 31 
64 128 6 136 41 107 142 175 115 189 62 
68 104 73 13 174 16 112 113 115 116 188 
100 37 70 135 168 109 53 154 61 
130 68 165 171 143 153 27 190 
3 68 144 52 181 24 89 30 
128 38 137 179 23 187 94 
64 3 166 137 175 25 
113 18 83 19 185 61 
37 165 71 197 42 171 12 109 78 52 53 148 150 62 122 92 30 
192 133 70 71 166 41 168 77 110 79 141 50 114 120 
2 35 39 40 169 173 14 142 53 151 26 123 28 
1 5 39 60 16 80 81 177 182 59 28 157 
69 165 71 137 11 111 83 116 179 
162 3 104 171 172 78 148 155 
65 165 10 74 122 30 
132 137 44 46 15 
32 66 131 165 197 103 43 109 142 143 146 179 84 183 24 91 93 191 
129 36 37 7 73 169 12 44 14 140 141 21 150 58 60 158 191 
192 35 100 5 185 72 105 177 50 151 183 92 29 
1 33 3 131 196 39 44 142 16 80 18 178 84 
162 195 36 165 138 109 77 174 146 
162 194 165 105 112 176 86 23 189 
4 69 5 44 13 81 123 190 
96 129 75 179 86 121 125 31 
197 71 145 177 150 89 28 
32 36 11 114 119 55 184 
100 4 37 133 18 86 
35 199 50 58 59 
56 83 101 118 
0 99 164 6 40 9 73 139 171 177 157 23 182 153 59 93 63 
1 101 197 199 8 43 75 108 52 54 158 188 61 126 
0 33 65 99 71 72 73 76 50 118 150 126 62 
34 194 90 186 13 15 82 51 87 58 127 157 31 
161 34 6 70 166 110 48 80 114 19 59 62 
36 196 197 198 113 50 177 181 125 31 
3 102 9 13 48 84 22 189 93 
3 105 77 13 46 125 189 88 61 
0 34 4 166 103 75 48 178 159 
133 134 6 135 171 21 152 31 
98 195 136 43 81 19 84 152 
128 73 75 79 47 85 22 
99 46 84 151 26 61 
99 3 106 45 157 29 
3 134 45 48 86 
1 33 121 163 167 11 140 187 15 19 116 25 123 127 
64 192 37 72 78 114 19 149 151 185 95 
160 132 69 102 170 142 147 149 154 95 
0 195 164 38 167 8 168 174 19 185 
67 109 49 84 86 151 183 61 159 
130 197 108 114 147 86 156 
64 129 130 141 83 53 22 
192 37 6 39 102 167 187 182 87 56 59 61 62 
128 194 198 71 167 139 124 81 56 59 60 158 
36 72 9 74 43 12 138 52 55 183 187 159 
134 75 43 173 46 110 16 179 54 188 95 
163 132 70 166 167 11 79 143 49 53 126 
2 163 195 73 77 46 47 146 121 59 30 
130 35 168 41 79 49 151 24 90 120 157 
132 102 145 18 50 183 89 122 188 31 
193 134 73 146 118 154 31 127 
192 194 99 36 133 135 43 46 49 84 58 92 158 31 
96 162 68 198 135 167 12 172 173 81 117 22 89 124 
1 100 122 166 177 19 148 183 88 58 27 125 
128 195 70 38 42 11 138 182 184 122 63 
166 11 173 174 187 146 178 183 121 27 124 
64 33 192 36 165 107 49 84 151 91 93 
133 7 74 44 80 145 157 185 29 190 
36 166 103 168 198 10 75 111 144 86 
64 129 193 99 5 166 135 75 44 118 
194 185 8 178 153 26 123 156 158 
0 131 38 51 83 21 88 59 157 
195 173 80 177 82 120 59 188 31 
193 132 106 77 80 176 178 28 
160 42 48 114 181 185 28 
34 134 40 136 182 151 24 
161 2 164 152 27 125 
171 142 175 112 59 60 
0 33 192 36 132 197 71 104 173 176 81 51 52 148 89 123 188 29 
71 199 139 109 60 174 156 20 88 91 28 30 
64 35 132 42 107 77 47 79 111 119 187 125 
96 132 165 7 105 108 45 172 174 49 89 31 
159 100 133 73 76 47 79 113 144 91 31 
40 105 169 145 179 54 119 92 127 
36 106 112 148 118 155 125 127 
194 7 186 42 110 46 179 58 
68 38 42 138 139 14 47 78 49 180 150 23 24 183 191 
121 163 36 38 8 140 79 85 151 25 155 57 31 
153 38 71 102 74 107 15 145 84 25 
66 99 67 131 135 171 175 17 190 
67 101 12 44 172 53 57 94 
32 107 14 15 151 88 57 184 
35 102 11 140 119 159 
3 195 197 106 14 175 
100 108 79 156 18 146 182 183 57 60 158 95 
65 97 99 191 47 143 145 156 20 148 31 95 
2 164 104 107 12 171 79 118 151 185 93 159 
3 68 5 134 196 173 18 146 178 22 24 120 
162 103 104 186 113 178 182 184 26 91 189 
0 128 195 70 103 186 45 112 149 58 
65 129 130 108 13 189 87 123 28 157 
42 141 142 51 147 23 59 188 93 
66 2 90 8 45 174 149 153 26 
128 1 162 67 37 168 176 184 29 
76 176 114 55 89 59 124 61 
160 143 115 180 117 154 155 
101 11 50 156 157 
199 108 12 15 90 
64 100 167 104 41 106 12 15 148 85 181 55 185 125 
2 163 169 138 173 16 83 20 93 57 59 60 29 159 
101 76 155 48 114 116 125 149 59 156 29 62 
96 162 131 68 122 41 74 108 143 112 144 90 
4 68 166 158 137 106 19 54 87 120 123 62 
192 199 104 105 75 109 46 141 16 117 86 
162 99 67 133 144 49 115 184 58 157 
128 2 69 198 39 40 9 11 25 60 
129 162 38 47 175 57 123 124 126 
159 66 100 5 132 196 136 137 139 141 19 149 188 190 31 
96 97 35 99 42 171 76 77 140 48 178 87 56 58 
32 153 166 72 107 109 14 47 19 148 25 123 
6 102 174 17 82 49 125 118 152 61 184 
130 78 46 80 79 110 142 85 158 
193 134 40 43 14 18 179 25 191 
39 140 110 117 87 124 189 
65 6 113 117 59 127 
97 37 6 46 146 
192 146 69 133 
35 163 107 46 79 15 84 117 181 122 
64 65 199 40 107 14 155 190 
162 38 102 40 134 42 77 47 116 22 54 87 
130 67 36 168 73 142 18 146 90 125 191 
128 160 5 141 16 53 117 89 187 93 
36 5 167 104 108 115 151 153 189 
100 101 42 171 44 174 21 27 156 
34 196 38 139 172 181 159 
45 78 79 115 183 61 158 
194 166 9 59 190 191 
96 131 4 5 69 106 174 83 20 55 155 31 
164 122 75 141 20 55 26 27 61 62 
6 166 171 187 14 114 52 123 
96 192 199 44 173 178 122 94 
100 133 170 78 14 113 23 61 
34 102 12 77 21 117 127 
130 14 174 50 179 55 152 
161 130 15 150 122 124 190 
1 167 172 110 47 79 111 18 82 115 176 150 23 188 
164 37 5 7 10 44 112 144 51 148 119 184 26 92 
0 34 194 171 172 45 13 176 113 84 86 119 56 91 
195 165 134 39 75 11 78 49 86 124 31 
121 2 162 106 43 16 183 24 89 91 125 
66 35 136 187 46 80 182 153 59 157 62 
98 195 136 73 80 18 178 116 182 153 59 
191 164 105 42 75 41 139 172 115 25 159 
34 6 43 111 17 179 86 156 127 
1 35 100 101 38 103 167 137 106 168 46 144 177 27 62 63 
161 162 37 70 74 110 111 48 17 179 84 121 155 191 
191 195 36 5 44 14 142 174 149 22 151 24 153 159 
36 165 71 7 73 173 79 51 20 83 116 180 88 
192 97 66 161 7 105 106 14 82 146 117 87 156 
96 129 68 69 39 15 177 50 83 23 190 
65 99 5 198 199 45 175 83 179 117 
32 64 2 67 106 172 181 120 62 
64 98 67 163 194 70 140 115 180 
130 196 73 74 11 77 
64 164 101 154 139 13 78 176 125 55 89 126 92 29 94 
192 129 161 168 123 15 49 117 149 56 88 92 29 
198 107 140 16 51 179 118 119 24 151 183 
160 67 3 199 104 74 141 114 19 155 125 
160 135 106 12 109 175 147 153 91 126 
96 136 76 109 172 184 28 29 
163 13 143 50 147 151 61 63 
161 195 72 15 116 23 28 61 
3 46 114 86 121 188 
192 69 134 105 43 45 174 80 17 24 188 191 
0 193 34 130 100 195 15 147 86 62 60 30 
160 4 36 134 196 136 43 145 179 119 29 
64 39 72 140 110 79 18 179 117 62 31 
67 73 76 174 175 17 18 180 182 88 
35 40 77 46 179 28 93 
64 1 191 192 70 41 137 155 110 112 20 86 123 159 
65 36 197 38 169 123 109 53 182 56 185 27 156 159 
33 2 43 139 141 171 49 178 118 56 125 184 
195 10 171 142 49 82 54 118 60 157 95 
64 136 170 171 49 118 94 60 189 30 
33 37 103 169 42 75 138 49 180 94 
3 197 76 14 79 80 178 30 95 
96 193 4 170 43 44 172 120 121 
96 129 73 77 110 141 55 152 186 
38 73 10 146 84 184 187 
199 104 168 107 13 26 125 
2 98 133 38 102 78 110 16 142 175 20 84 54 116 151 26 156 
3 164 38 72 75 47 147 119 154 125 191 
5 39 8 135 111 81 184 24 122 94 
67 196 169 107 115 55 120 157 95 
66 8 186 11 77 147 149 22 154 
192 167 139 124 56 88 156 191 
4 73 141 53 149 87 124 158 
38 10 24 57 187 190 
65 34 35 100 6 70 72 41 12 174 180 86 191 
32 67 102 134 9 176 113 145 84 24 28 159 
96 161 98 70 169 138 77 182 186 123 95 
160 65 3 134 199 105 10 91 142 16 27 
0 70 72 10 139 109 111 16 146 93 
33 195 69 102 135 72 108 143 121 158 
96 160 34 100 37 168 10 17 90 
161 67 165 7 46 117 30 62 
66 169 74 75 47 48 51 126 
166 104 139 155 109 20 27 
65 129 162 165 152 187 61 
9 74 148 85 150 24 191 
9 10 109 81 155 92 126 
99 164 113 183 187 29 
99 104 81 147 117 90 
191 34 131 5 197 103 44 173 80 57 26 125 62 95 
159 65 163 132 164 104 14 174 175 179 152 25 30 31 
160 98 74 75 107 140 14 145 178 84 54 118 152 
64 105 106 107 174 143 154 31 
7 167 12 76 178 83 157 
99 133 103 79 176 20 153 
3 68 101 134 197 104 137 169 107 140 77 144 51 184 28 94 
195 69 198 40 41 170 76 79 111 177 114 54 151 56 157 
101 71 173 174 180 181 87 119 182 153 62 
32 128 66 166 136 107 108 13 48 55 191 
1 122 136 50 21 24 121 90 190 
159 192 142 114 84 54 156 189 95 
129 99 197 198 11 107 16 119 122 
6 103 12 113 20 55 185 29 126 
128 97 131 175 114 52 158 191 
140 176 23 180 55 89 91 
102 38 39 47 144 121 91 
129 34 37 5 138 44 141 79 175 82 57 127 
198 42 108 141 49 82 57 28 29 30 95 
38 103 71 14 113 83 148 149 181 186 187 
65 69 70 103 133 168 176 51 122 189 158 
0 129 68 122 168 42 82 180 149 90 
130 36 198 136 169 140 180 149 86 29 
67 39 15 154 124 190 
1 2 67 99 186 74 142 16 145 116 152 57 26 61 190 
66 194 72 170 140 143 52 54 56 89 90 91 
160 66 194 102 71 7 144 30 93 62 95 
0 64 129 35 43 93 116 121 186 124 29 
2 66 100 164 40 104 74 105 141 181 88 
1 164 7 79 146 181 22 189 24 61 126 
130 68 103 199 179 188 63 
130 99 88 121 125 
66 98 100 163 7 168 43 44 107 143 144 146 185 58 27 28 29 
64 191 134 167 8 168 172 78 22 118 182 93 158 127 
161 35 38 135 198 175 179 85 118 151 24 91 95 
1 129 170 76 141 173 47 86 87 24 94 30 
160 192 98 40 107 175 177 20 53 56 126 
128 131 100 68 196 135 44 16 177 54 156 
192 130 131 198 71 114 85 121 92 
128 129 34 198 174 177 84 86 156 
65 199 169 108 44 84 158 62 
3 36 101 82 121 187 190 
101 109 79 151 184 93 94 
64 65 100 39 9 
98 134 198 8 75 142 83 115 183 153 125 63 
130 70 198 9 137 105 141 173 177 150 183 
192 135 105 106 45 109 82 55 56 185 63 
131 197 8 44 173 46 48 144 116 152 158 
64 38 106 141 110 144 145 51 86 119 26 
98 37 6 198 40 170 109 88 25 120 
66 38 198 72 104 140 13 112 19 159 
97 34 131 6 113 50 179 182 125 
38 106 47 19 51 21 23 88 59 
166 199 110 177 146 57 26 61 
35 39 167 9 108 78 148 62 
65 34 35 193 5 8 9 73 107 137 168 172 47 177 54 121 90 126 
67 37 168 9 170 75 141 47 180 120 58 59 188 63 
34 163 133 39 104 105 15 143 113 116 158 
162 7 40 41 106 169 140 83 189 157 
64 10 107 14 146 149 123 63 
98 167 137 180 185 93 190 
102 166 42 14 178 155 95 
64 65 165 173 183 123 
65 98 67 161 37 194 196 73 111 51 147 149 184 154 
75 46 14 143 113 144 174 151 183 154 27 63 
130 8 40 91 79 112 177 83 59 189 62 
97 129 161 69 166 167 104 144 55 183 126 
1 165 39 76 17 49 120 26 59 28 191 
1 194 196 12 174 112 121 187 92 
4 133 73 41 11 170 146 83 184 
34 172 46 79 48 116 149 55 88 
128 97 195 72 79 19 89 122 59 
67 104 136 175 116 149 121 125 191 
64 37 165 186 170 183 24 90 94 
197 166 40 50 52 57 92 95 
69 141 110 78 115 19 121 126 
67 68 139 172 174 149 182 155 
160 163 103 114 150 55 25 62 
194 164 105 141 173 84 
192 33 97 7 42 106 77 124 177 51 149 89 58 92 62 31 
33 67 6 7 71 135 136 143 84 85 22 23 156 125 
65 37 198 39 8 141 142 113 177 51 87 24 183 157 
1 2 67 133 80 179 180 53 117 183 156 189 159 
64 96 132 5 38 108 16 81 179 84 58 61 
64 129 66 193 164 42 138 44 76 170 124 29 
129 162 163 77 45 143 80 49 144 152 26 
129 196 133 6 169 106 75 49 62 95 
64 33 11 155 81 52 153 91 156 
34 4 7 135 140 45 54 182 152 
0 64 160 35 48 49 89 186 
161 34 103 170 15 18 91 124 
33 135 110 49 52 183 24 88 
97 130 3 131 44 23 119 127 
97 5 166 71 110 80 115 
159 97 75 172 113 82 95 
101 168 114 118 183 185 62 
96 76 108 53 23 154 91 
68 198 52 22 186 27 
