300 3000
291 37 166 104 74 235 299 270 52 247 189 158 
288 194 199 296 298 237 207 16 59 158 
0 161 256 122 41 268 89 26 27 188 
128 192 66 199 138 175 16 54 122 
232 169 250 15 24 218 94 63 
256 5 134 49 148 213 186 124 
66 292 296 105 235 114 282 189 
100 136 140 16 17 91 124 127 
291 132 138 114 215 60 62 
257 134 204 17 90 222 286 
129 2 289 235 13 86 253 
166 19 52 280 217 157 95 
132 298 75 77 112 85 153 
69 15 147 212 92 157 222 
34 268 77 56 185 91 
64 71 44 206 142 210 
34 130 292 79 178 223 
225 10 275 243 283 
162 203 271 52 121 
32 34 201 211 54 
65 131 167 22 120 
166 262 174 81 21 
160 37 38 205 253 
292 234 138 248 91 
120 106 189 
223 238 183 
9 59 205 
173 63 
14 
61 
160 259 298 172 269 238 177 117 246 24 216 
128 257 36 260 237 81 148 85 87 187 253 
197 70 249 75 269 240 146 244 216 89 191 
128 33 194 35 262 103 167 202 112 176 126 
65 230 295 104 298 107 175 87 250 219 
292 135 199 52 85 222 127 
225 71 117 86 183 62 63 
64 96 258 198 8 50 60 
8 141 85 86 56 217 254 
66 195 292 43 277 150 59 
98 42 107 47 178 213 
198 141 238 112 146 244 
225 290 264 239 181 124 
99 142 143 82 247 282 
236 145 215 249 94 
102 167 44 177 123 
77 174 209 84 279 
195 196 75 214 151 
258 100 104 146 281 
225 68 170 13 143 
297 45 275 116 54 
97 279 133 23 
56 65 202 199 
107 118 27 102 
216 17 67 41 
200 269 236 157 
282 147 157 150 
151 122 107 87 
88 2 263 
66 119 
148 
289 102 167 43 238 47 15 17 213 218 
256 197 139 45 145 17 117 284 221 
260 249 43 11 204 110 179 57 255 
129 291 133 263 114 210 181 216 
164 101 228 74 205 113 61 255 
168 232 107 88 25 190 62 255 
3 37 6 7 9 73 109 275 
98 100 71 137 169 143 116 
33 99 163 37 72 138 82 
35 103 72 207 145 60 31 
67 13 238 240 17 127 
64 97 169 237 239 208 
34 35 100 194 41 152 
231 206 208 125 95 
42 299 277 57 159 
69 41 137 277 156 
184 282 187 116 
242 123 140 
291 122 235 
49 213 14 
259 86 183 
73 37 
156 14 
129 132 231 72 140 45 141 269 208 147 246 217 93 
162 135 168 266 176 81 149 183 222 
98 104 106 143 80 208 272 61 93 
98 228 198 295 44 141 153 28 62 
291 58 264 139 47 112 186 285 
70 103 74 267 209 180 159 
132 294 8 72 78 46 253 
65 71 127 142 115 92 31 
162 38 8 144 212 56 
65 34 230 236 269 145 
230 232 236 112 276 58 
43 172 114 187 92 
262 79 50 181 284 
233 202 81 29 221 
68 144 22 26 283 
98 100 170 145 23 
97 185 70 211 153 
131 69 14 16 176 
24 74 268 184 
16 26 14 168 
192 76 69 54 
245 50 21 
64 105 112 
194 43 
192 4 261 10 45 187 221 254 159 
192 69 198 297 47 179 245 279 216 
128 98 136 270 47 82 84 94 
289 98 298 46 111 244 26 
229 200 107 211 55 282 221 
256 205 270 80 154 187 222 
1 78 270 53 278 249 127 
227 165 262 263 8 173 56 
200 208 241 117 152 220 63 
111 213 117 118 251 223 
70 199 168 75 78 216 
138 107 45 80 245 56 
64 98 198 238 19 250 
5 49 125 214 89 29 
232 141 152 218 252 
162 2 274 152 216 
199 115 20 117 152 
227 4 233 179 125 
205 120 26 157 191 
38 13 240 241 179 
32 210 187 36 
136 249 206 62 
205 164 133 
229 6 199 9 42 205 175 112 120 283 93 222 
193 2 36 263 295 137 75 140 83 154 30 
98 291 141 17 84 276 55 218 279 253 63 
128 162 229 167 250 175 209 24 90 158 
192 162 262 231 294 112 253 189 
248 199 7 114 275 88 219 
264 51 19 119 216 126 287 
161 259 266 77 209 275 255 
1 33 38 135 270 243 
128 98 292 298 215 121 
192 227 75 19 249 94 
64 165 208 245 279 93 
32 39 105 82 90 156 
196 5 262 104 211 
194 292 74 243 156 
199 79 242 243 126 
288 130 142 279 
17 142 166 121 
35 244 110 207 
81 74 3 105 
41 263 191 95 
220 36 94 
256 231 
119 
255 
34 132 134 8 232 75 172 77 174 82 217 127 
100 296 140 142 207 22 278 249 28 190 
33 195 134 230 136 138 142 240 250 
36 68 38 260 11 207 83 115 91 
0 130 102 6 135 174 21 55 154 
128 70 205 60 284 216 156 221 
171 13 270 211 20 275 150 94 
288 129 27 78 50 242 212 123 
273 278 215 56 185 285 62 
195 132 8 106 139 268 255 
199 103 114 242 180 118 218 
163 36 166 201 139 285 191 
294 237 238 51 152 219 62 
290 230 173 210 245 184 31 
228 169 138 112 157 125 
296 241 179 245 215 159 
226 299 174 181 89 26 
196 260 170 11 144 281 
199 137 113 211 57 
230 109 148 253 95 
289 196 267 248 286 
136 233 296 116 277 
168 238 208 242 23 
138 84 295 111 
112 280 34 30 
202 91 60 62 
97 156 45 105 
169 166 197 6 
257 93 46 
190 103 
99 181 
97 211 
33 258 289 165 73 265 208 86 283 
97 225 108 113 145 20 153 59 93 
195 292 263 266 178 148 87 90 
34 298 11 12 14 18 116 121 
0 128 226 131 178 53 280 281 
128 256 100 76 112 61 
131 81 114 181 213 155 
33 172 180 151 60 287 
209 82 83 148 281 94 
262 202 140 269 188 125 
128 73 271 79 155 
102 238 239 182 278 
64 130 299 271 251 
0 147 148 54 215 
137 213 85 214 283 
32 41 163 200 
296 121 164 109 
257 299 269 55 
109 139 21 286 
220 141 31 
279 101 189 
145 125 102 
27 245 271 
204 125 
77 150 
67 35 70 8 79 177 23 246 55 279 125 
224 290 238 19 116 214 246 152 281 188 
257 187 80 113 209 83 247 91 190 
102 103 74 139 83 157 221 93 
227 229 237 243 121 26 28 
130 199 75 242 214 151 127 
256 229 200 267 238 118 285 
101 198 170 139 110 277 154 
163 111 48 21 277 249 286 
3 68 267 175 15 247 187 
293 14 18 248 190 95 
12 237 212 53 56 62 
224 256 136 267 280 59 
167 176 117 280 124 
288 162 272 89 218 
169 234 50 26 31 
43 174 88 26 157 
274 118 187 284 63 
251 174 149 166 
105 293 198 271 
107 90 11 157 
88 41 144 278 
296 9 93 57 
88 274 112 69 
25 190 22 
52 46 23 
56 65 219 
158 30 295 
265 10 
72 21 
30 
162 164 233 74 172 205 142 207 176 81 17 274 246 87 
32 161 135 40 174 83 53 150 152 89 251 252 
193 230 71 39 171 204 237 142 269 83 152 
96 227 170 204 51 21 183 250 219 188 
96 35 4 231 266 237 148 119 153 
160 259 102 206 243 244 187 286 
164 165 295 41 297 15 116 63 
128 257 131 230 73 215 188 253 
162 200 74 43 76 15 274 147 
226 8 138 113 215 91 188 
7 40 170 75 45 274 117 
161 130 75 112 180 153 221 
67 131 104 235 241 123 
197 269 185 155 253 191 
34 232 73 114 219 
194 142 143 210 150 
192 229 45 52 118 
216 177 228 175 
155 260 141 251 
123 253 102 95 
250 98 115 163 
298 211 292 
104 180 
32 164 103 39 167 233 176 81 145 275 287 
256 293 102 70 40 272 244 88 285 156 61 
224 69 201 269 112 85 56 25 216 57 
1 2 258 295 186 236 19 51 21 90 
3 293 110 18 210 151 250 126 
96 80 144 20 181 59 189 190 
281 167 40 295 138 145 57 189 
226 42 106 138 241 179 27 125 
96 42 272 87 281 123 220 189 
97 196 165 47 213 184 125 
234 76 174 206 82 54 28 
106 269 270 114 215 221 31 
2 138 12 268 178 276 154 
131 235 80 177 29 63 
226 36 71 266 185 127 
230 42 177 149 54 31 
160 5 168 76 241 247 
259 11 44 237 113 51 
200 41 277 85 56 284 
35 269 274 147 54 287 
172 110 18 115 25 
138 92 247 156 127 
69 210 150 220 29 
131 163 169 213 24 
260 101 173 79 153 
104 269 213 95 
48 74 171 263 
177 290 142 191 
120 50 93 168 
9 178 21 
89 273 
49 156 
192 162 163 258 165 261 200 282 44 47 144 122 287 
131 164 259 291 292 170 12 214 119 220 253 
199 75 235 269 273 146 274 215 217 59 
154 42 268 110 179 57 90 251 60 
193 176 177 243 53 245 279 26 287 
285 102 172 80 22 24 26 60 221 
291 236 239 16 19 211 252 249 28 
96 225 68 45 175 49 22 283 
1 76 269 14 17 119 184 191 
32 4 235 110 280 121 26 
0 135 72 171 267 187 156 
7 237 46 240 153 250 159 
260 268 111 145 213 246 
162 39 201 234 181 117 
290 262 10 206 214 59 
64 35 231 235 13 47 
162 261 167 144 82 25 
96 193 4 234 25 124 
40 75 45 141 252 
96 104 85 53 281 
128 55 216 92 29 
228 267 206 271 92 
48 162 142 199 
297 123 132 268 
220 156 284 238 
96 53 215 
41 3 228 
89 74 51 
200 262 
194 3 199 231 267 109 173 179 24 184 
100 101 38 167 76 140 53 184 217 28 
260 262 41 11 14 242 248 217 186 189 
36 7 137 109 13 182 155 156 287 
256 70 206 79 277 119 59 157 63 
192 66 262 266 205 209 179 220 253 
1 9 202 265 112 181 150 156 253 
259 164 137 298 172 142 88 59 
259 291 229 16 113 29 24 125 
36 11 205 270 79 274 56 285 
226 73 206 21 55 120 125 127 
224 230 74 112 24 91 62 255 
192 131 103 72 276 87 94 
33 163 293 281 120 89 92 
66 11 44 150 183 88 189 
133 203 12 283 60 63 
225 34 299 172 119 31 
199 104 204 278 119 56 
0 6 238 211 55 27 
161 239 177 21 151 155 
197 137 44 110 147 148 
295 73 267 107 14 126 
260 164 69 133 40 274 
36 79 80 144 114 241 
203 142 19 117 58 
227 9 42 106 265 
135 266 205 239 254 
66 36 292 86 216 
264 58 262 143 
192 170 19 140 
89 235 253 207 
145 146 174 71 
184 266 134 191 
113 98 102 270 
225 52 61 
40 202 136 
76 189 271 
73 213 199 
23 
143 
195 105 205 238 239 112 242 275 91 158 
197 298 141 205 80 148 281 125 255 
224 98 131 133 229 201 107 172 141 
96 35 104 73 143 51 279 280 255 
258 35 134 266 79 243 84 246 88 
297 11 282 77 177 247 249 122 127 
160 68 293 137 298 171 117 187 
0 5 262 203 209 86 216 123 
96 293 294 104 270 248 126 
193 228 232 41 75 19 244 
194 130 196 111 82 242 85 
293 46 207 147 117 53 
97 200 297 114 274 53 
227 292 206 52 283 
196 44 155 91 157 
34 133 241 158 63 
271 186 91 60 157 
227 228 176 247 221 
56 254 14 95 
240 257 83 20 
24 145 193 265 
272 33 291 156 
257 245 
200 
161 68 260 205 78 46 147 149 88 217 58 123 124 31 
226 6 103 166 202 273 114 52 88 57 61 222 
129 105 218 139 44 210 51 275 56 90 157 
67 4 101 231 80 244 117 59 
280 26 227 293 6 40 56 186 
67 135 250 108 142 247 26 62 
233 171 78 145 55 89 223 
66 259 260 102 235 155 61 
1 68 69 168 84 184 26 
225 100 132 197 202 29 93 
0 98 76 269 16 215 63 
227 230 21 119 216 31 191 
163 240 244 181 121 155 156 
129 266 18 82 211 187 191 
2 228 13 143 118 87 249 
248 292 107 152 284 216 
4 260 232 298 238 209 
128 229 176 244 85 21 
296 269 46 175 48 221 
131 68 249 204 242 185 
68 166 76 242 118 
101 199 266 21 220 
196 148 85 281 253 
2 39 176 246 58 
227 103 250 252 222 
184 137 257 278 
256 297 274 85 
217 247 151 
296 27 238 
128 194 131 
192 81 195 
115 107 285 
72 184 
163 239 
129 194 185 166 231 232 74 139 209 213 280 121 159 
136 200 74 171 268 17 50 114 245 88 25 
192 226 263 11 268 242 115 147 56 
128 280 72 136 137 148 23 88 155 
227 231 171 271 243 148 58 155 221 
256 106 268 176 240 84 117 27 
32 67 205 46 14 143 149 30 
191 235 79 16 111 83 29 63 
35 106 18 83 115 283 29 
103 233 177 85 154 221 
69 103 171 204 254 286 
256 194 164 132 14 221 
100 203 45 52 118 26 
132 11 240 113 180 155 
194 7 110 207 246 94 
257 2 51 211 285 
192 1 194 69 50 
32 201 233 235 31 
199 16 20 154 27 
66 165 9 243 20 
196 229 205 17 177 
65 236 46 51 23 
193 10 174 121 127 
90 59 14 7 
202 252 101 279 
212 259 35 52 
250 293 148 285 
288 99 37 142 
0 139 230 263 
186 172 228 111 
80 213 109 
168 273 59 
161 177 239 
290 142 
169 78 
163 232 269 174 207 20 213 54 87 281 
255 297 16 81 80 220 284 216 156 159 
33 194 228 165 38 297 10 170 53 249 
96 227 196 72 171 84 220 222 94 
290 132 71 233 143 15 145 208 54 
256 298 81 156 151 153 250 187 92 
288 291 260 5 6 292 168 205 59 
1 259 5 136 75 144 27 31 
255 37 263 73 179 246 219 191 
64 138 176 240 210 277 247 250 
259 75 171 238 245 214 62 287 
1 8 235 172 110 114 180 216 
225 34 166 205 112 81 91 
297 141 81 116 278 280 93 
290 4 106 210 21 119 127 
192 261 135 78 209 88 189 
97 261 206 143 82 246 280 
1 2 134 139 59 189 
96 163 229 141 121 252 
256 98 68 283 281 219 
73 202 269 29 182 221 
196 105 51 185 283 222 
287 113 55 24 26 95 
137 201 215 58 63 127 
161 226 11 144 157 
289 102 140 244 30 
144 152 37 190 
232 203 134 103 
56 248 101 54 
277 27 179 38 
199 99 143 
227 106 46 145 241 51 212 213 284 219 252 
33 259 293 102 233 299 45 119 253 159 
5 104 136 206 147 280 218 
8 207 80 208 53 216 281 
104 140 205 206 178 280 156 
6 9 202 85 247 223 
4 263 297 111 93 223 
64 160 35 267 23 152 
259 234 235 271 80 248 
161 168 174 142 117 251 
294 103 271 88 61 
193 290 4 292 109 
176 243 277 250 155 
226 165 273 147 148 
68 261 234 109 113 
229 270 176 218 62 
67 16 53 88 122 
224 232 202 157 
136 68 46 31 
65 17 161 222 
65 241 53 281 
186 170 101 133 
248 244 166 
66 77 5 
10 267 20 
88 274 244 
122 229 
173 30 
158 
156 
33 161 195 165 74 171 204 15 49 246 247 24 217 
99 227 261 8 170 109 174 81 50 150 58 158 
34 133 7 135 266 44 237 180 123 
228 165 102 70 138 75 170 147 281 
161 295 233 173 270 146 211 31 
1 133 204 80 114 243 57 
257 164 76 212 279 56 125 
71 105 211 181 119 280 220 
2 198 73 242 244 25 124 
294 106 109 144 23 219 30 
96 192 133 268 90 155 127 
7 139 235 142 176 273 23 
230 137 298 235 208 18 127 
64 227 69 297 145 212 
4 265 204 207 90 191 
260 268 143 25 286 95 
38 73 42 74 14 151 
64 230 201 10 267 214 
37 234 145 85 88 
48 53 278 215 188 
89 202 201 276 
145 161 295 
114 234 36 
298 292 
206 159 
124 
2 131 194 290 134 295 201 10 139 299 109 239 214 151 186 
0 1 129 36 102 135 143 241 23 25 
193 133 165 8 73 234 143 18 282 63 
0 97 34 226 136 265 208 180 24 
131 261 170 176 243 278 155 284 95 
166 103 170 115 84 277 90 253 63 
98 132 266 282 112 114 51 57 218 
67 294 74 43 44 114 86 247 
130 227 230 48 54 152 249 188 
99 13 187 16 240 118 56 123 
96 3 132 72 296 113 178 53 
198 168 11 204 80 54 282 253 
33 195 199 40 238 112 277 86 
290 46 47 16 273 245 219 
36 170 116 120 219 63 127 
128 224 66 257 267 177 254 
192 74 149 250 91 159 
130 131 36 261 9 181 
133 167 271 279 156 286 
49 156 52 26 124 125 
267 109 207 91 29 255 
160 265 51 23 26 188 
129 50 179 21 191 
194 98 5 11 209 
108 241 87 249 255 
199 200 236 242 159 
240 264 292 95 
294 13 142 157 
234 51 197 95 
288 65 82 91 
50 147 271 223 
275 124 293 
267 196 
64 161 101 198 39 262 41 281 268 18 185 
6 265 242 274 244 21 119 56 120 190 
293 8 136 235 143 48 273 52 95 
196 8 169 200 45 274 211 151 155 
248 41 77 110 15 145 244 152 285 
8 202 266 117 183 216 281 95 
97 129 295 12 242 274 276 219 
133 279 242 246 119 124 125 94 
129 227 134 237 15 275 277 
64 71 168 41 202 176 242 
128 77 47 211 277 127 
256 166 106 83 246 247 
135 44 240 246 278 61 
67 131 79 186 155 254 
97 249 46 175 25 
98 169 267 173 249 
1 196 73 79 92 
134 141 89 250 93 
193 98 273 149 156 
193 241 121 61 253 
267 240 148 277 57 
67 46 208 279 120 
202 35 148 14 
73 180 261 246 
200 281 212 135 
169 179 238 231 
296 202 269 221 
289 269 214 
294 69 270 
288 41 286 
80 231 143 
298 236 135 
216 171 
97 2 228 106 203 237 46 78 14 115 85 219 
153 166 44 77 18 275 53 86 25 61 191 
101 265 77 14 149 118 120 185 218 284 287 
227 6 295 9 268 45 18 244 53 285 
128 4 294 7 172 237 19 275 216 186 
68 5 261 294 265 42 179 183 281 
193 136 237 177 182 22 187 279 127 
96 194 68 137 145 116 21 152 91 
67 133 39 168 140 83 87 120 
168 123 238 239 146 187 125 222 
290 260 292 231 77 120 284 
96 256 68 75 18 213 252 
194 163 170 46 238 112 50 
224 68 103 72 234 54 
256 225 202 182 216 154 
259 165 198 104 211 123 
160 137 236 79 273 154 
137 45 46 173 23 153 
192 290 11 140 139 61 
45 274 182 89 122 123 
5 38 114 212 213 251 
65 104 143 47 222 
32 45 111 118 155 
96 165 233 82 88 
128 135 41 46 31 
262 167 14 242 94 
66 233 298 107 250 
228 181 54 123 191 
205 174 209 116 221 
195 198 102 79 181 
274 105 162 3 
80 193 188 286 
120 78 99 22 
297 211 84 22 
240 251 228 47 
128 122 260 191 
16 173 22 
48 219 70 
144 259 46 
56 144 
235 
90 
69 167 72 200 74 235 239 145 244 221 
121 229 241 24 89 284 152 31 
128 67 287 208 240 56 253 95 
34 200 140 77 268 86 27 222 
160 35 104 137 170 239 272 
0 131 199 139 112 283 63 
1 35 164 168 84 118 189 
67 131 291 75 81 274 286 
5 13 242 151 89 154 
130 72 206 78 147 223 
3 76 46 113 184 186 
6 203 16 51 89 90 
10 47 247 122 125 63 
67 293 234 83 56 63 
224 22 251 285 95 
105 10 42 55 188 
129 107 15 244 125 
32 136 78 15 275 
161 35 138 56 284 
128 164 231 203 148 
105 75 111 52 25 
128 194 197 150 156 
240 145 101 280 
221 29 179 21 
42 148 94 
171 38 270 
211 294 183 
113 268 95 
227 277 230 
0 59 221 
80 89 
184 281 
3 124 
229 70 166 40 12 79 207 24 154 88 152 191 
97 34 200 14 145 156 180 87 56 124 
225 38 202 76 13 48 144 179 249 60 
68 8 106 75 242 243 244 21 156 157 
130 293 264 105 77 175 22 120 31 
4 38 266 204 13 19 53 186 
129 7 171 267 141 78 279 249 
257 163 133 103 76 182 55 280 
153 38 298 49 116 89 127 31 
257 197 167 77 142 177 278 215 
64 164 261 135 237 239 177 218 
33 240 115 55 123 253 222 
104 236 242 276 182 247 124 
162 261 123 77 117 187 287 
97 131 294 105 46 14 238 
35 100 147 181 60 189 254 
131 297 76 208 21 61 
168 172 110 79 241 30 
194 138 114 279 248 158 
228 260 201 174 211 251 
196 102 203 21 61 
75 80 208 90 155 
43 237 110 16 57 
33 101 297 54 247 
165 266 141 78 274 
161 246 57 90 155 
129 7 141 209 222 
65 267 47 244 222 
260 233 112 18 119 
272 236 254 23 
281 259 204 31 
72 149 215 
72 218 242 
281 219 13 
106 171 180 
129 291 276 
2 94 
76 141 
230 169 12 110 112 273 242 147 274 54 94 
34 103 72 295 138 203 181 86 22 277 60 
1 99 261 198 71 237 144 117 185 285 
98 215 40 73 206 15 54 22 90 221 
130 194 165 14 113 180 22 285 252 157 
0 34 227 170 79 48 49 145 281 
257 226 259 38 168 232 209 242 126 
224 97 164 260 266 113 212 245 
128 257 233 238 47 153 187 158 
128 160 8 203 141 175 28 
291 164 200 169 179 150 27 
256 133 73 208 210 250 28 
6 200 233 144 150 156 253 
260 206 142 112 50 156 221 
97 131 294 232 77 86 250 
4 69 79 209 147 22 24 
258 79 113 150 246 186 127 
3 70 167 52 119 180 151 
65 167 273 275 279 126 
289 35 164 16 54 23 
192 224 14 47 271 248 
11 111 212 85 62 
129 36 284 63 255 
296 266 115 85 182 
3 237 113 85 30 
193 38 22 91 95 
152 232 195 117 
24 33 41 
150 151 
12 287 
33 161 263 200 232 139 240 49 149 216 218 30 
96 295 296 297 171 238 179 148 54 246 29 
131 133 9 74 106 236 269 49 18 254 95 
39 135 200 267 268 83 20 243 275 26 126 
256 226 40 136 200 266 46 183 27 61 
248 262 279 113 177 119 24 252 189 
34 130 70 236 209 83 54 247 188 
66 199 72 172 236 142 144 89 123 
2 166 264 107 45 89 27 25 287 
2 281 106 204 177 20 89 282 220 
289 202 205 142 239 212 52 278 248 
2 228 293 264 204 48 54 58 
192 162 198 296 138 43 209 123 
195 132 101 75 110 147 117 120 
36 5 105 12 242 24 61 
129 75 147 86 282 92 221 
33 34 81 274 248 253 31 
132 39 263 207 283 124 158 
140 146 150 86 215 125 
133 71 143 214 215 91 
295 167 274 85 121 
66 198 266 44 282 
202 212 238 295 
80 89 2 186 
8 1 239 223 
88 236 128 190 
234 282 28 
252 62 270 
185 66 39 
213 89 157 
86 87 
131 37 133 198 41 11 20 213 248 61 158 
289 227 287 291 265 181 182 150 59 223 
249 73 42 201 14 50 276 89 95 
98 229 102 266 238 17 146 219 31 
162 171 145 22 94 286 62 31 
2 228 69 202 76 109 112 115 
232 235 205 109 13 24 190 255 
257 2 42 140 46 149 214 
228 293 264 242 182 126 222 
67 100 164 12 80 182 187 
65 42 13 111 116 150 151 
75 76 237 27 63 223 
32 65 258 49 242 250 
202 236 207 248 250 
98 35 102 20 255 
153 217 263 115 57 
259 235 204 51 63 
128 225 10 140 86 
172 48 54 59 221 
192 258 79 49 86 
64 103 55 90 284 
145 18 118 122 286 
57 219 198 121 
17 11 190 
128 99 159 
202 66 217 
164 77 
208 154 
1 171 84 117 212 218 284 93 254 223 
224 6 168 106 251 272 86 249 155 
290 102 72 43 17 115 217 286 159 
230 170 270 47 210 243 149 22 190 
194 69 199 137 298 274 275 124 61 
3 228 231 138 43 146 85 283 
257 67 73 140 177 114 115 63 
67 5 261 169 74 24 281 92 
204 111 79 53 55 121 90 
202 174 112 176 208 180 184 
65 197 48 56 185 186 187 
248 104 266 243 54 152 26 
171 237 79 272 213 119 185 
65 293 264 10 277 151 
196 260 6 45 84 59 
293 21 119 91 61 254 
233 83 84 245 121 29 
39 171 12 245 153 222 
99 7 16 49 221 
170 142 277 119 58 
32 289 174 282 252 
293 42 143 18 248 
224 134 45 244 54 
242 21 185 156 62 
225 162 173 242 223 
195 264 138 55 187 
69 298 43 143 283 
294 90 292 102 
207 287 13 173 
206 150 238 
289 130 78 
192 114 259 
290 243 125 
172 93 
244 38 
157 
97 67 7 295 239 16 20 278 152 62 31 
96 192 288 37 297 74 75 207 52 213 87 
2 194 5 133 294 136 295 153 220 
196 7 204 178 50 20 243 152 
256 162 135 143 16 177 276 214 
101 293 265 236 23 85 215 188 
256 234 299 44 271 180 53 156 
7 145 242 275 212 90 30 
163 167 105 270 145 275 61 
64 40 171 146 243 182 221 
99 68 9 266 236 116 
34 73 142 153 283 61 
0 162 164 80 177 118 
35 43 47 90 251 28 
65 258 107 149 89 29 
35 43 206 19 276 250 
66 100 204 80 148 281 
257 99 293 137 179 244 
130 270 209 286 223 
128 145 209 77 
113 27 118 239 
71 206 62 31 
236 39 149 15 
260 6 286 
0 225 131 5 199 265 43 267 79 17 148 127 
288 137 218 203 110 270 208 120 57 186 
32 232 169 239 114 276 248 254 286 
0 38 6 232 266 203 76 242 284 
128 100 137 42 267 110 83 181 254 
293 167 43 46 48 272 51 214 26 
64 168 175 240 273 51 55 186 253 
259 68 237 221 26 156 125 30 
105 84 148 54 183 25 285 
193 289 133 39 298 11 78 
258 104 268 112 114 118 154 
226 8 200 235 60 190 
293 204 21 22 187 94 
103 112 49 86 215 218 
162 297 11 108 279 216 
33 291 118 24 154 157 
227 261 167 200 135 49 
4 299 109 114 29 
0 98 279 61 255 
20 280 125 95 223 
16 17 132 276 
0 67 251 
215 274 7 
188 51 36 
274 268 
229 264 202 11 266 271 246 183 219 284 221 
64 168 9 200 297 108 141 145 20 85 95 
160 261 166 71 168 298 141 243 21 283 
194 70 45 48 178 85 215 187 127 
98 6 204 111 112 179 182 249 219 
2 5 230 74 299 12 81 178 190 
193 7 73 137 140 239 157 255 
263 171 269 114 51 20 243 54 
289 294 103 78 240 53 85 21 
128 1 230 45 51 117 151 
70 295 40 204 275 53 94 
226 142 112 277 221 
139 113 114 244 187 
168 174 242 151 185 
298 259 110 7 
104 161 201 206 
172 28 87 
266 262 278 
104 227 167 
74 205 279 
104 73 184 
0 8 138 92 271 188 180 21 119 28 
67 260 295 9 205 179 278 94 30 
194 197 234 109 141 237 272 115 284 
160 285 39 143 82 26 91 157 
67 291 264 299 269 212 55 251 
193 225 229 136 11 81 277 217 
256 230 118 57 285 253 159 
269 205 115 279 25 283 31 
162 67 165 294 39 76 158 
96 224 293 166 206 210 50 
65 1 270 176 208 54 186 
288 34 202 142 15 282 
64 227 236 246 24 122 
34 259 258 231 276 158 
97 258 80 274 22 250 
289 136 109 62 218 126 
171 203 16 147 118 214 
122 6 203 250 254 
258 226 4 42 141 
228 143 49 50 245 
194 136 46 48 275 
35 72 172 21 252 
5 207 214 118 28 
162 70 106 51 116 
128 1 98 76 55 
135 234 276 213 59 
146 274 148 117 
1 52 182 142 
170 237 142 271 
0 163 68 247 
218 187 181 
1 250 133 
81 147 270 
72 90 295 
125 286 
281 234 
281 2 
10 
166 262 267 108 78 177 178 284 280 59 31 157 286 127 
33 5 166 135 8 75 12 206 208 277 153 223 
224 3 70 74 76 147 277 182 87 125 94 
69 230 261 232 73 41 271 51 276 60 254 
176 240 115 54 22 157 183 214 252 125 
128 248 289 197 167 299 45 47 56 
102 70 262 112 17 145 242 123 61 
197 295 73 75 205 154 59 254 191 
33 103 168 169 142 240 177 23 95 
33 195 132 104 11 268 90 125 126 
259 100 74 171 45 112 83 86 122 
196 41 170 78 113 246 151 57 
224 3 231 14 16 176 53 283 
98 99 131 48 242 93 127 
33 258 135 104 176 113 26 
192 36 168 73 20 150 254 
256 289 39 114 242 24 156 
200 28 206 240 274 27 188 
41 265 13 240 152 57 190 
226 259 70 139 235 275 249 
39 109 277 215 61 255 
162 137 10 12 188 30 
133 136 84 123 28 254 
270 144 274 25 27 159 
162 70 168 106 13 254 
9 233 141 17 90 127 
140 207 239 177 182 184 
131 296 108 145 276 119 
292 139 77 143 118 183 
162 201 202 148 183 
134 10 79 116 221 
107 205 277 186 30 
194 6 44 275 21 
102 79 116 53 61 
69 143 272 278 284 
260 177 276 151 221 
105 11 134 227 
200 237 196 125 
66 149 54 103 
234 147 182 270 
49 43 171 
249 147 166 
185 108 15 
90 
160 248 130 194 261 174 242 284 23 184 156 
67 166 135 11 140 144 240 242 19 181 
288 130 291 293 47 50 115 247 284 
133 167 296 170 80 211 214 251 189 
195 166 297 172 205 143 116 157 254 
163 5 43 108 268 143 62 255 
69 102 200 205 211 276 58 221 
160 292 102 6 202 241 245 
224 289 226 34 270 18 117 
227 9 241 211 25 26 252 
136 204 50 151 26 91 125 
160 192 5 9 19 24 222 
197 40 41 296 275 212 23 
67 68 170 83 26 59 
227 101 138 213 55 157 
73 234 77 211 275 249 
40 138 149 24 56 
257 295 235 77 78 
162 36 198 238 210 
0 224 73 172 15 
135 34 36 111 
288 49 134 54 
245 166 29 142 
112 201 172 118 
232 74 228 93 
64 177 282 236 
81 26 180 173 
116 158 262 
8 202 14 
113 92 
69 12 111 211 117 183 217 250 155 
291 228 197 140 172 79 213 91 92 
1 3 259 166 103 198 210 22 216 
259 197 8 114 244 182 153 188 
32 65 96 228 260 102 140 248 
35 166 265 107 108 43 245 25 
5 165 10 170 208 146 87 127 
289 202 172 110 272 280 62 
0 129 37 233 298 114 185 
34 259 200 75 46 47 118 
164 4 141 175 146 282 125 
225 70 12 109 208 52 218 
132 102 204 44 209 221 
40 13 208 145 275 245 
227 267 210 243 52 277 
35 166 73 149 121 218 
193 163 298 270 46 15 
132 7 117 53 118 151 
6 171 173 53 87 191 
35 163 12 269 174 47 
2 231 170 14 47 
64 137 234 235 239 
137 13 246 56 59 
272 29 110 239 
40 49 193 173 
281 266 139 134 
216 298 126 215 
296 277 206 167 
216 269 157 238 
248 65 106 204 
18 133 122 254 
265 259 21 
40 51 150 
8 195 
130 67 132 72 141 15 145 56 187 
258 5 137 275 180 277 182 216 27 
288 2 166 18 86 247 184 287 
294 135 9 76 13 78 111 247 
2 4 198 170 110 214 249 126 
289 140 238 145 50 212 88 251 
291 134 45 84 53 280 282 
129 289 136 142 84 55 221 
5 263 268 277 55 284 255 
134 210 151 281 90 94 
160 225 226 261 11 76 
100 187 48 82 277 27 
131 134 296 12 286 
66 291 131 40 191 
232 106 266 279 222 
292 175 148 149 187 
40 145 209 231 
104 164 276 94 
66 274 180 5 
208 89 155 
259 268 173 
96 65 101 
100 26 50 
10 108 141 
19 164 247 
66 163 45 
274 206 
107 
64 159 131 44 219 251 50 82 52 147 59 28 63 
66 196 8 104 141 208 276 185 157 95 
35 69 296 10 11 266 16 149 220 222 
1 290 137 138 76 180 157 278 57 29 
65 200 73 10 204 238 16 22 253 
224 98 165 105 218 83 154 284 127 
292 197 7 297 11 238 177 89 254 
4 135 105 107 207 51 245 62 
99 40 41 42 266 269 241 59 
167 231 171 241 276 59 124 62 
161 196 104 138 139 173 186 29 
194 50 86 214 24 247 61 
289 4 40 58 63 191 
128 233 110 280 282 287 
227 171 81 92 286 191 
193 225 108 19 89 93 
281 135 139 47 178 121 
4 205 144 208 219 
36 76 271 280 223 
258 11 204 83 185 
294 39 277 120 285 
5 264 152 92 125 
292 266 122 59 254 
291 294 109 210 242 
216 244 230 23 
233 43 147 205 
297 179 127 
148 222 198 
72 12 
225 105 206 219 156 274 147 249 91 60 61 
161 229 198 261 190 238 147 185 28 62 
65 97 225 12 145 188 87 283 156 31 
192 36 71 39 176 50 84 215 217 190 
101 261 88 9 81 50 24 281 59 
261 72 76 113 51 118 28 253 
292 231 136 232 237 210 20 182 
96 257 227 36 101 44 249 124 
192 297 146 243 152 121 154 190 
225 130 197 294 84 251 92 126 
33 131 70 167 8 17 59 
128 196 293 59 115 155 124 
65 130 258 72 9 114 275 
33 5 141 174 88 281 155 
96 261 6 156 277 153 60 
197 11 172 142 49 85 31 
100 264 113 50 244 220 
224 10 111 182 118 190 
224 66 195 196 145 118 
260 293 263 235 270 54 
162 6 270 175 118 253 
257 163 294 179 243 154 
235 243 148 85 276 24 
35 207 245 57 251 
160 109 176 121 156 
228 101 201 112 52 
195 166 171 88 217 
19 108 206 270 
121 226 131 163 
80 241 148 255 
9 83 36 44 
234 299 70 
256 54 
110 
160 66 100 261 234 209 274 23 88 215 91 31 
66 98 8 202 46 79 110 239 19 180 94 
256 34 164 133 41 206 143 238 20 57 
228 90 230 138 268 246 24 186 216 
33 130 72 80 23 56 187 254 159 
72 9 136 76 142 112 154 222 
227 264 41 43 110 272 148 157 
99 71 10 175 80 176 274 151 
129 194 260 84 213 88 122 
131 232 268 15 250 157 286 
229 231 105 138 201 54 60 
228 197 169 108 176 84 186 
67 259 42 189 26 125 127 
0 38 173 53 24 
1 6 204 113 117 
73 43 120 189 216 
34 45 176 272 283 
36 135 138 239 115 
68 44 113 120 59 
256 35 7 232 137 
121 179 260 205 
137 26 278 175 
94 204 78 246 
229 205 198 
9 169 
142 
32 36 39 11 20 116 118 247 188 
225 261 6 135 209 50 178 23 153 
255 135 296 73 45 111 241 61 63 
192 225 228 261 170 16 214 151 186 
294 178 85 23 88 247 93 94 
69 265 237 47 271 52 279 120 
131 139 237 77 270 182 283 
165 51 52 244 89 187 95 
227 234 236 142 84 55 152 
269 49 246 278 188 93 190 
33 228 6 40 236 78 155 
65 226 67 293 210 29 94 
85 152 89 123 188 253 
35 263 11 299 55 92 
36 42 107 142 145 
1 45 21 87 184 
257 291 145 182 121 
4 8 138 13 279 
34 268 182 54 281 
256 66 235 13 279 
144 82 181 102 
59 13 
33 277 
68 231 296 298 44 146 21 54 184 60 
163 133 38 265 297 299 45 239 87 
6 167 169 171 14 175 18 146 
295 106 172 238 239 275 248 156 
225 231 175 79 177 242 186 252 
32 227 102 6 214 121 186 156 
291 230 103 10 44 271 280 222 
226 287 200 139 171 124 255 
67 294 104 267 48 277 250 
130 8 72 50 274 180 85 
289 34 136 105 237 14 16 
68 279 56 251 158 191 
1 231 108 49 83 211 
34 122 104 12 243 26 
100 41 202 51 251 125 
129 4 109 142 147 95 
1 289 230 140 141 
7 73 79 249 29 
193 6 248 283 222 
44 112 51 84 118 
99 207 117 123 92 
256 5 205 50 115 
3 149 54 90 191 
73 91 105 223 
0 25 70 135 
67 11 76 135 
249 2 18 23 
114 11 246 159 
37 92 29 
129 275 148 
280 180 95 
180 
3 264 267 12 269 143 240 92 125 
0 69 232 265 270 143 211 217 286 
65 102 168 169 140 50 152 27 159 
99 200 75 43 274 278 122 255 
65 1 234 140 176 246 153 156 
102 42 44 140 85 25 157 
33 162 66 68 130 227 219 
100 199 8 234 268 57 255 
195 40 200 46 15 121 189 
129 296 142 111 242 274 
260 6 73 207 175 84 
101 262 141 142 81 86 
100 260 265 174 23 60 
257 267 12 53 248 58 
292 135 105 50 222 159 
165 202 11 207 48 
35 136 234 177 114 
130 168 202 268 249 
294 232 206 273 63 
8 42 172 82 118 
160 113 149 92 127 
48 218 88 293 
120 178 187 215 
264 10 107 47 
299 29 14 
161 253 
195 260 229 70 72 78 238 115 247 159 
256 131 40 169 172 204 116 154 123 125 
131 292 37 134 137 79 85 155 220 
106 268 240 272 18 83 53 58 190 
228 197 170 107 205 14 48 87 151 
257 130 38 7 208 278 23 156 
3 46 112 144 246 281 61 94 
226 205 49 88 89 125 57 
232 236 18 184 220 157 158 
128 192 98 294 272 210 118 
264 42 43 268 182 150 156 
33 258 37 165 45 13 18 
4 37 297 79 25 159 
240 116 120 154 158 95 
236 83 19 53 86 190 
98 141 83 116 155 127 
238 207 114 180 119 156 
6 295 72 277 219 95 
262 71 203 49 145 247 
293 230 264 42 11 106 
65 100 137 74 118 
196 102 41 110 78 
288 295 136 124 188 
98 43 206 78 250 
195 70 10 51 222 
298 238 142 115 223 
100 286 278 279 
225 90 91 98 
195 141 215 
96 113 104 
264 291 111 
90 167 
281 85 
98 38 294 297 111 80 113 150 88 123 
130 195 229 294 264 111 53 215 125 62 
193 196 104 139 236 45 269 18 249 
111 112 273 18 181 120 29 126 255 
295 144 113 240 54 214 187 31 
2 169 204 83 180 246 88 61 
196 5 199 170 281 123 222 126 
231 138 12 114 245 118 277 120 
160 44 141 207 57 92 190 63 
66 217 261 136 73 140 146 185 
37 294 144 85 217 124 253 255 
295 233 108 81 213 183 25 
8 282 240 81 250 59 94 
225 200 76 210 51 52 219 
192 137 140 239 48 20 124 
258 165 204 140 240 211 190 
161 69 199 72 182 55 
256 43 272 17 178 188 
291 199 299 271 59 255 
266 270 244 276 150 26 
291 68 133 14 111 123 
192 68 166 10 122 28 
292 10 11 82 22 
1 49 147 20 285 
263 78 52 86 220 
143 145 181 184 284 
58 77 54 217 186 
283 131 84 29 
232 177 235 255 
160 217 67 270 
2 292 133 
152 156 110 
156 148 239 
240 236 268 
276 87 
226 100 102 135 72 141 54 119 182 89 222 63 
259 132 281 46 17 178 211 280 217 188 29 126 
192 161 102 39 232 264 42 139 265 14 30 
193 264 73 139 109 145 83 150 250 28 
68 229 172 251 16 180 56 91 62 
256 4 203 83 243 215 90 221 
288 161 292 178 53 214 151 220 
97 205 49 146 276 87 152 
224 256 3 78 114 83 279 
101 271 208 83 277 90 93 
290 166 9 13 242 276 85 
256 66 3 36 80 114 276 
199 137 243 182 153 92 63 
290 103 39 144 278 220 
34 228 9 149 59 253 
161 41 267 238 15 223 
4 71 81 209 212 
128 2 8 182 283 
57 50 11 106 
193 236 181 167 
99 92 61 79 
144 168 79 
194 140 77 
64 217 220 
200 196 286 
128 167 
288 262 105 270 178 19 58 284 31 
196 294 204 80 52 21 183 217 
0 290 99 291 175 207 82 115 
133 233 170 235 18 56 155 
32 289 38 9 114 152 59 
131 133 239 209 243 184 58 
288 293 14 272 81 154 127 
101 167 272 184 252 63 
224 70 13 175 82 86 
136 78 116 149 250 126 
193 298 111 52 117 95 
32 294 264 75 208 282 
0 98 164 268 81 281 
100 44 237 240 113 114 
270 56 153 189 286 159 
266 78 179 219 287 
224 163 291 101 283 
64 11 267 46 48 
201 208 241 210 274 
259 134 151 28 157 
207 242 280 218 283 
128 230 89 219 285 
233 90 285 173 
224 10 100 150 
17 284 198 41 
186 155 116 103 
291 58 266 
80 275 220 
122 277 182 
224 34 197 294 49 115 252 181 279 220 61 
194 101 37 198 230 141 115 85 21 154 61 
96 160 167 168 49 241 24 57 221 286 
288 195 228 169 10 77 117 85 222 
37 40 203 78 110 23 282 60 30 
36 68 237 142 83 148 30 62 
160 290 171 141 78 174 121 122 
65 1 2 37 106 140 117 29 
192 258 134 234 77 54 279 56 
97 166 44 46 115 85 123 125 
160 259 36 142 15 55 119 
256 229 134 139 269 150 31 
226 99 229 138 266 144 187 
0 293 267 210 89 58 
193 240 20 21 86 
259 163 45 184 94 
36 52 150 186 219 
32 36 74 213 27 
3 196 69 263 
98 150 154 
76 37 292 
267 118 63 
9 267 60 
184 97 234 
16 194 72 
118 63 
96 218 
117 
97 101 167 8 10 13 156 177 87 251 60 221 127 
198 39 10 43 173 270 273 50 83 52 148 
98 234 139 172 114 54 247 217 283 157 
227 250 248 217 186 219 124 63 
227 169 13 283 50 276 21 59 
196 296 202 139 208 24 155 221 
165 249 41 142 89 27 191 
259 39 234 11 235 84 280 
32 38 198 10 11 279 30 
4 133 8 80 146 248 124 
2 100 168 210 157 94 
68 75 180 120 92 285 
80 150 154 251 253 222 
226 69 214 183 29 158 
291 100 8 88 120 
98 261 6 41 282 
105 74 204 178 255 
65 257 48 58 31 
295 8 184 25 222 
65 131 209 285 
2 190 109 38 
201 266 4 268 
220 61 22 279 
25 34 181 218 
56 76 53 
101 78 7 
178 165 6 
297 163 207 
128 3 4 78 81 210 19 88 217 154 125 223 
256 289 34 35 131 260 39 201 205 239 21 159 
100 228 76 110 111 81 85 55 27 220 125 
226 99 258 72 200 82 146 212 243 284 93 
1 294 297 139 236 272 177 18 115 152 223 
65 99 40 265 106 170 13 174 123 
262 294 235 268 269 240 21 
196 104 209 18 273 150 90 
289 102 234 108 150 25 
224 293 71 105 243 189 
128 297 148 278 62 
103 204 44 17 241 
229 107 116 183 221 
2 99 209 183 29 
102 204 141 239 222 
133 298 141 27 188 
260 292 139 243 183 
114 299 100 158 
192 244 84 61 
107 189 157 181 
217 218 116 289 
112 82 60 286 
291 247 111 
100 171 4 
74 204 278 
27 270 
60 21 
278 
64 162 154 272 49 20 26 155 284 63 
195 229 166 139 267 21 86 119 152 
162 166 143 274 180 53 87 119 212 
160 225 133 205 50 151 187 60 29 
260 6 190 247 56 60 95 127 
289 164 263 232 107 205 82 
35 101 72 271 55 215 190 
258 295 200 250 172 186 285 
257 133 70 231 106 87 88 
296 45 206 181 25 251 127 
288 178 281 221 95 159 
230 40 106 11 145 219 
33 107 273 151 187 60 
289 231 168 143 240 255 
260 46 210 215 186 283 
71 264 297 180 281 
105 178 210 279 282 
202 140 210 248 30 
227 164 230 40 127 
97 259 230 21 250 
290 231 107 110 54 
197 13 207 58 221 
32 293 5 62 
123 107 44 237 
159 175 204 7 
252 93 157 119 
288 209 244 22 
75 269 30 87 
11 133 174 47 
106 43 286 231 
200 114 258 230 
162 254 262 
288 225 98 228 267 204 15 247 216 220 94 
66 258 71 240 51 117 86 22 153 219 95 
296 270 20 84 277 186 187 60 
131 164 239 16 146 186 284 255 
130 228 41 270 185 58 220 285 
195 71 141 178 50 151 222 
290 133 166 9 16 217 190 
200 41 180 212 119 187 158 
231 167 109 110 59 252 
170 111 20 53 185 59 
252 85 187 31 29 95 
41 138 140 86 254 
296 140 16 245 61 
288 102 72 26 286 
205 276 28 254 63 
33 232 48 176 254 
68 271 244 118 215 
227 38 43 269 249 
9 42 195 295 
275 273 67 197 
144 129 109 38 
249 205 126 239 
26 107 148 5 
178 149 159 
128 233 245 
290 230 271 
288 134 168 299 78 50 51 19 90 221 126 286 
129 165 72 297 171 48 113 273 20 22 190 
230 264 107 273 84 119 216 123 285 95 
8 41 11 76 267 207 145 20 253 
68 294 231 43 274 55 184 91 254 
68 6 7 236 181 216 281 155 158 
257 259 164 165 136 56 155 286 255 
132 70 15 240 181 85 249 188 
225 35 163 261 138 107 78 126 
36 197 156 50 85 153 124 
160 66 166 230 14 242 183 
129 40 10 205 239 51 
193 238 48 177 156 93 
3 196 85 21 285 255 
191 131 133 208 285 255 
1 262 148 53 54 
100 87 24 188 159 
2 10 175 278 185 
229 198 30 289 
265 42 291 269 
34 250 132 102 
299 149 63 
204 55 
0 73 201 11 203 141 205 50 19 84 247 88 220 
128 228 260 261 287 104 181 91 255 
226 227 106 234 208 275 20 90 30 
224 227 263 168 120 57 220 253 
193 298 177 51 151 156 157 
196 200 271 212 85 122 220 
3 291 5 202 175 218 285 
96 258 3 132 36 5 
160 166 201 268 109 20 
131 70 202 170 240 23 
65 11 273 250 285 158 
196 6 202 113 276 124 
280 268 246 215 24 
164 38 23 24 253 
225 198 268 269 179 
288 134 204 60 287 
37 295 19 88 253 
0 41 10 276 253 
64 71 202 188 286 
217 34 78 15 
57 18 299 101 
56 104 244 167 
296 177 18 5 
72 296 260 192 
225 28 87 
24 281 11 
11 279 255 
32 
0 40 234 238 241 51 212 213 151 57 
166 135 8 201 17 82 49 276 245 153 
98 259 73 45 18 115 85 21 184 91 
230 199 265 43 12 267 212 244 86 156 
166 294 105 15 271 243 84 280 63 
291 166 230 205 245 55 124 31 
32 134 38 241 244 149 60 93 
65 161 167 109 113 275 154 190 
225 198 199 178 179 278 123 95 
3 297 267 206 273 25 154 125 
76 173 60 117 85 278 92 
224 228 260 200 9 19 277 
229 102 167 8 233 147 280 
7 264 266 279 249 253 
226 36 292 111 210 251 
98 264 145 146 117 252 
266 139 18 180 245 87 
128 263 299 245 24 154 
130 168 81 149 25 94 
161 27 76 142 283 
225 77 144 176 146 
0 134 174 179 150 
132 233 268 237 91 
112 136 21 263 
159 202 122 111 
90 75 260 197 
216 221 214 
56 254 23 
233 218 
121 293 
224 161 4 229 72 141 46 206 238 242 254 
128 1 36 237 47 118 27 31 
195 4 137 142 114 24 123 188 
289 135 167 232 7 234 172 299 
99 135 108 209 273 21 86 
0 107 77 220 183 120 188 
33 291 265 267 116 59 31 
167 9 201 297 205 273 255 
72 232 10 49 149 248 223 
289 133 170 18 279 26 
2 68 12 80 284 158 
260 69 43 78 148 281 
257 137 114 85 26 
137 30 120 220 62 
104 75 276 154 251 
130 68 46 280 121 
96 44 244 245 90 
289 139 244 212 125 
272 194 170 213 
170 10 296 71 
120 82 115 269 
234 27 44 213 
176 154 244 119 
232 188 246 295 
288 67 78 159 
43 11 229 31 
57 201 181 
288 116 109 
0 13 287 
160 202 163 
32 228 102 71 134 262 42 269 50 146 211 189 
41 297 108 45 111 51 20 54 86 93 190 
1 101 230 71 13 206 146 24 56 
96 66 168 73 245 25 90 188 158 
289 179 150 56 121 26 59 152 
204 144 245 277 278 59 124 93 
71 169 46 52 120 217 220 287 
289 107 171 79 240 20 283 62 
289 98 260 167 206 16 209 118 
227 73 44 236 276 214 24 
287 11 14 19 56 94 191 
201 11 237 142 147 150 91 
163 4 292 202 172 78 285 
33 4 203 16 278 152 223 
230 41 298 238 47 212 221 
128 33 269 142 184 62 
298 238 113 52 22 126 
231 170 43 212 86 285 
32 114 152 282 123 
200 173 109 47 273 
289 103 105 173 158 
10 228 92 213 
185 35 261 38 
136 83 148 85 
182 125 30 
249 226 45 
177 229 111 
212 
160 223 99 198 72 42 20 212 217 253 31 
192 129 215 250 143 239 52 87 120 26 
130 227 72 139 237 238 114 185 30 287 
33 161 291 261 295 202 14 55 222 127 
161 35 196 41 45 79 50 214 189 
2 72 200 235 178 116 213 248 157 
161 130 231 239 85 122 27 28 253 
161 260 101 292 43 239 272 178 
162 133 168 75 172 51 221 62 
32 227 299 243 181 151 95 
226 293 108 113 275 55 31 
7 17 115 87 153 123 222 
192 196 263 267 236 20 84 
228 39 112 277 246 61 286 
8 76 80 249 220 286 
295 135 297 299 245 186 
69 283 180 21 123 95 
225 259 143 182 217 219 
251 88 153 58 59 285 
199 109 176 150 285 
96 72 146 242 92 
291 197 170 24 95 
153 196 249 248 121 
201 84 189 287 
1 234 181 273 
296 164 197 134 
66 52 190 
161 244 289 
67 27 230 
296 114 76 
177 130 71 
9 99 
178 206 
61 
293 281 200 139 205 239 209 51 117 215 249 58 190 286 
288 34 99 228 232 233 12 82 215 28 
97 269 271 20 23 55 152 90 95 
293 167 170 174 175 83 118 122 159 
261 138 75 298 20 244 277 55 254 
96 289 2 299 246 184 187 220 
193 263 202 173 19 182 214 
97 109 78 253 30 286 
192 194 135 20 220 62 
231 9 174 52 279 27 
257 100 234 238 175 158 
228 235 278 248 153 94 
160 164 238 157 24 221 
233 109 271 152 25 216 
2 227 273 50 212 125 
171 203 250 189 286 
99 295 18 215 58 
159 168 297 50 191 
290 199 16 80 28 
37 230 135 82 150 
0 17 162 181 
148 140 134 270 
58 284 197 138 
105 188 165 181 
34 235 270 
112 257 274 
280 66 227 
205 85 39 
233 291 271 
64 67 267 142 17 179 20 55 26 92 31 
164 38 135 136 262 76 47 240 52 89 282 
77 78 206 210 20 117 86 89 186 92 
2 200 266 209 147 87 25 93 63 
133 75 77 15 271 18 52 282 
1 163 196 206 51 285 253 30 
97 137 42 147 182 59 124 
166 263 294 43 47 248 59 
136 140 270 276 181 189 
101 71 205 84 152 217 
288 164 104 142 17 145 
196 167 144 181 219 253 
195 260 295 145 56 155 
0 224 232 243 153 94 
256 130 292 142 79 248 
99 77 152 217 125 
262 267 15 22 284 
226 197 103 10 58 
0 35 149 218 94 
58 163 228 37 
120 241 171 192 
9 82 217 257 
127 246 150 31 
96 106 164 183 
213 11 173 166 
281 228 143 
48 145 210 
250 267 237 
2 291 232 265 12 108 147 179 53 21 156 63 
32 160 98 135 104 9 201 210 279 58 91 221 
192 224 226 104 168 174 20 245 214 87 183 
32 98 99 6 46 21 280 59 156 93 
2 131 295 233 236 206 144 280 190 
162 4 196 294 39 202 78 111 157 
162 169 140 44 268 47 146 218 287 
64 257 258 289 103 298 76 182 60 
290 167 13 49 241 86 280 188 
3 136 11 79 82 212 252 63 
4 135 72 231 205 55 88 29 
256 196 198 169 84 60 158 287 
226 265 141 206 276 184 26 284 
97 129 35 40 111 143 17 124 
267 237 181 123 285 126 223 
37 73 43 44 173 235 212 
67 259 45 47 116 88 191 
163 132 294 7 79 152 284 
104 137 209 248 154 158 
290 100 36 228 183 62 
67 263 8 112 58 220 
172 110 252 94 156 222 
231 171 143 151 124 
64 96 179 217 254 
228 140 46 240 180 
225 35 71 16 146 
142 147 141 110 
32 17 211 253 
213 233 5 254 
166 277 14 295 
288 66 107 211 
81 74 234 
203 142 
195 250 206 51 23 220 243 55 154 156 63 
193 196 5 270 111 80 240 244 22 88 
4 204 205 80 272 86 185 58 156 
99 164 166 236 80 273 55 157 63 
256 257 199 107 238 83 84 212 127 
40 279 239 17 87 56 60 127 
194 195 137 12 238 16 182 190 
130 163 198 268 123 188 62 
288 225 257 229 269 249 252 
162 198 139 108 117 120 222 
41 44 276 87 283 284 
224 100 70 237 111 247 
205 270 246 186 187 223 
163 5 60 189 254 255 
165 42 179 213 153 123 
290 10 45 280 124 
191 66 72 158 287 
41 84 217 59 29 
132 234 244 151 89 
266 235 13 273 179 
295 206 240 148 28 
272 212 276 23 24 
103 202 211 86 60 
128 102 204 21 183 
133 182 251 252 31 
32 138 267 216 91 
72 17 271 199 
98 275 268 263 
253 99 68 205 
1 66 109 49 
278 254 15 
99 6 135 136 10 282 15 113 122 61 
166 39 265 141 14 239 242 122 27 61 
193 162 134 298 176 82 57 285 223 
0 204 176 24 153 90 157 222 
3 105 235 48 18 85 55 28 
98 290 197 82 275 149 247 
161 39 138 173 207 117 156 
161 290 260 199 269 89 218 
32 293 233 236 285 125 159 
65 34 67 4 80 283 
281 299 175 279 121 158 
202 142 110 115 249 94 
101 109 173 80 247 254 
96 193 133 70 277 28 
226 113 209 282 287 
232 73 171 90 91 
1 198 166 76 274 
202 74 275 248 250 
288 227 270 183 155 
161 74 246 87 219 
258 133 134 85 62 
200 236 178 23 24 
164 108 173 85 216 
96 227 228 266 275 
191 131 225 7 
178 247 
193 70 135 166 168 170 198 80 17 82 90 
192 233 74 14 110 111 21 88 30 223 
129 98 77 81 18 53 120 58 94 286 
224 195 196 168 83 54 249 188 31 
66 135 206 79 49 184 155 92 
160 69 219 143 245 23 187 190 
292 231 232 139 183 155 93 191 
224 39 137 76 213 59 284 93 
137 47 113 242 86 280 27 29 
256 73 202 14 153 156 159 
193 197 101 269 52 214 280 
130 100 46 48 49 151 25 
96 194 197 20 91 31 191 
225 130 289 196 73 14 222 
161 162 231 297 138 267 285 
140 13 176 115 180 151 217 
228 106 11 110 78 61 
98 141 242 152 217 282 
291 37 262 7 170 24 
96 167 76 110 50 276 
236 239 49 56 61 
291 165 295 184 122 
133 38 134 14 240 
240 212 53 23 87 
98 146 19 21 278 
162 167 235 275 180 
256 2 269 45 
291 284 269 47 
89 155 4 289 
128 89 299 197 
162 58 288 31 
256 154 140 119 
202 156 290 55 
50 147 39 
218 26 
29 
242 
256 199 266 299 110 80 176 242 117 278 63 
288 167 73 41 10 43 142 146 149 86 126 
160 65 195 249 170 245 119 56 183 
135 40 136 12 147 246 215 94 127 
131 71 266 176 116 149 86 249 158 
66 5 232 268 206 251 214 183 27 
133 40 106 203 266 267 176 190 
1 290 132 199 43 48 56 90 
232 43 76 208 241 272 149 252 
225 131 294 11 145 242 118 216 
133 232 16 113 50 244 23 252 
67 122 103 282 108 13 82 58 
289 66 40 144 52 281 219 
32 198 238 241 19 85 
131 71 46 248 249 222 
102 7 232 218 252 63 
2 268 274 215 186 279 
128 131 173 78 18 92 
154 234 107 44 119 122 
96 162 4 197 134 140 
7 168 273 210 186 
163 101 205 22 23 
88 174 94 55 
250 99 131 245 
42 147 58 
177 59 257 
298 68 261 
1 97 35 229 295 137 175 239 114 248 287 
160 161 194 101 145 273 180 55 56 247 
225 196 40 267 77 14 270 81 151 279 
0 132 4 164 267 78 209 210 90 
65 202 266 77 15 211 55 188 
64 99 131 152 121 31 221 95 
37 6 70 73 9 110 178 283 
197 6 236 46 114 248 123 93 
160 289 262 142 93 254 
195 180 21 187 254 159 
133 206 150 217 189 223 
226 67 138 17 83 150 
160 290 36 264 108 17 
224 36 241 54 122 159 
33 265 106 202 81 149 
68 165 262 208 17 18 
262 264 218 81 217 90 
99 202 176 272 277 217 
166 8 170 113 185 
1 37 177 218 61 
104 86 23 
288 261 189 
106 204 126 
170 115 46 
114 237 
236 149 
192 166 103 43 12 76 78 187 267 179 27 92 
33 2 290 132 74 266 14 49 282 157 190 
129 97 164 37 198 199 260 265 138 57 158 
42 43 111 112 175 178 55 87 183 255 
226 291 7 136 297 298 51 19 158 
266 207 178 82 85 30 247 62 
97 194 261 264 210 115 119 95 
64 160 6 231 282 181 90 159 
33 129 101 40 140 150 280 252 
289 135 42 74 202 86 122 159 
2 228 296 9 237 270 208 
161 36 164 134 264 139 111 
292 133 261 10 115 184 127 
3 228 9 235 268 82 93 
161 133 73 47 243 27 29 
164 106 206 270 272 220 191 
97 165 170 16 145 91 253 
32 194 104 168 16 56 217 
70 201 20 52 119 26 220 
65 163 206 179 53 63 
67 198 233 74 173 89 
134 14 242 253 222 
258 195 102 87 91 
146 165 53 135 
115 11 229 195 
64 108 182 31 
32 288 76 103 
224 9 129 228 
32 41 2 60 
252 
98 99 228 103 200 232 172 77 18 19 180 245 182 253 154 283 221 
160 161 166 73 9 11 171 265 146 245 218 187 252 31 
229 293 296 45 78 272 50 84 121 61 158 
256 131 69 70 45 275 244 24 252 
64 194 131 218 141 86 183 249 122 
65 67 262 39 75 141 47 93 
288 257 290 195 136 298 171 235 
98 134 294 79 184 123 92 222 
227 232 205 45 208 214 278 217 
0 33 64 129 12 279 184 57 
2 229 267 241 50 211 254 30 
131 108 109 60 270 213 28 158 
143 177 82 179 116 214 88 
101 139 18 114 277 154 252 
193 105 233 109 21 23 216 
0 288 198 7 8 176 278 
136 15 240 272 245 90 60 
291 103 104 202 280 154 284 
33 136 168 236 113 246 155 
47 83 56 92 152 159 
260 264 13 142 177 243 
65 225 172 238 179 
245 21 222 247 
48 161 268 38 
135 52 150 23 
105 113 265 
144 33 27 
256 223 175 
188 287 
60 141 
233 116 
224 226 70 139 47 244 150 86 215 156 253 
72 9 78 271 80 112 272 184 26 220 
97 290 263 200 9 273 50 52 25 29 
161 194 260 265 42 13 220 52 92 
0 66 35 37 109 14 208 149 63 
1 33 265 107 236 177 220 219 92 
66 262 72 272 273 147 215 120 58 
257 3 229 70 76 116 149 280 
228 263 297 172 110 184 249 
228 166 236 113 245 62 
134 140 244 246 23 219 
32 136 42 146 280 25 
70 201 141 112 145 89 
71 265 179 278 56 
132 36 68 46 175 
167 140 215 247 254 
228 52 22 216 220 
195 138 212 250 283 
97 270 239 215 152 
201 82 94 210 
176 226 188 295 
105 210 5 167 
112 285 253 
54 58 46 
243 28 284 
220 197 
195 101 201 74 112 18 84 149 248 185 221 190 255 
130 68 39 136 138 139 143 113 179 122 59 158 
1 4 232 109 208 209 277 214 246 89 155 25 
257 163 100 132 133 199 170 75 205 48 116 
99 235 174 81 18 150 88 154 59 254 286 
224 226 39 178 244 86 54 280 89 186 
96 258 133 171 46 206 20 87 188 
97 66 73 173 177 276 87 125 
67 132 165 168 252 85 218 60 
162 73 201 75 273 185 156 287 
67 269 18 86 189 251 125 
225 137 204 236 149 57 251 
224 168 265 171 238 282 251 
4 134 296 208 118 56 
74 11 17 25 285 
153 166 296 57 125 
130 132 202 213 188 
66 180 246 187 124 
69 294 6 235 274 
217 76 270 84 
168 98 83 215 
210 123 235 
154 70 270 
81 99 109 
154 35 195 
48 244 118 
96 201 218 79 81 54 280 249 186 219 253 158 255 
289 131 101 166 231 172 174 175 146 213 86 248 
3 105 172 45 13 116 85 86 153 252 126 95 
225 163 168 264 44 14 175 53 119 25 124 
33 172 141 176 211 53 86 87 247 95 
285 218 234 208 178 87 183 215 157 254 
161 290 165 197 200 203 240 51 87 156 
224 34 3 71 179 55 88 184 31 
64 161 163 104 265 74 18 61 126 
280 167 204 270 22 151 214 278 188 
0 262 201 10 139 275 276 214 285 
257 295 168 43 205 238 120 63 
68 200 140 246 183 283 189 127 
162 71 268 78 146 248 218 155 
2 294 234 211 217 252 255 
68 230 203 12 174 213 121 
128 195 50 82 84 275 281 
193 298 80 213 279 90 155 
128 2 39 148 20 253 158 
192 35 268 206 17 219 126 
64 290 230 169 144 277 
259 42 110 208 56 90 
225 226 290 203 204 159 
0 102 295 42 172 30 
202 139 298 114 22 91 
160 66 10 75 270 82 
129 258 194 261 102 26 
36 72 76 116 249 127 
228 14 84 150 183 
262 38 271 240 111 
76 109 22 186 287 
17 219 205 231 
26 203 60 23 
256 65 34 42 
234 171 125 262 
208 153 255 199 
73 34 265 
17 298 78 
104 293 
112 
226 69 70 166 205 112 147 183 282 28 158 
97 34 292 261 72 299 44 109 54 220 95 
162 194 266 235 140 180 276 151 26 219 
96 193 255 196 137 299 173 111 245 191 
67 293 104 109 278 215 280 26 
98 263 104 295 170 239 213 155 
161 285 74 266 270 26 187 125 
197 261 108 177 85 118 26 
0 96 75 238 112 241 58 
294 41 106 266 238 25 62 
51 181 279 152 25 187 60 
161 196 103 40 73 75 145 
4 234 42 80 18 253 
129 227 198 41 215 184 
232 44 112 144 82 245 
102 109 144 211 23 151 
288 100 68 143 242 54 
197 102 231 105 144 27 
66 259 4 270 244 215 
160 258 259 68 108 252 
194 169 75 121 154 157 
36 102 9 80 113 
227 132 293 8 150 
102 50 148 155 125 
138 145 242 247 27 
226 36 168 127 223 
42 81 84 89 285 
297 237 243 217 283 
65 43 155 39 
258 51 13 262 
40 98 295 207 
169 236 252 
282 204 126 
67 3 71 73 173 19 280 155 60 255 
160 2 4 238 92 207 121 28 191 
0 97 161 288 40 202 267 121 93 
293 102 231 43 206 147 53 150 26 
291 197 229 264 182 184 221 62 
231 298 18 115 212 119 253 158 
129 69 134 168 86 55 278 
65 168 175 251 274 90 155 
228 231 140 17 145 117 125 
205 270 207 15 276 86 217 
225 257 262 268 110 251 29 
102 167 262 295 141 14 144 
192 266 203 12 82 222 255 
226 99 262 175 52 286 
165 76 247 283 189 222 
138 75 207 148 183 255 
237 141 174 239 156 287 
131 75 180 117 182 152 
160 266 272 179 30 
256 129 44 245 187 
123 91 54 199 
26 236 94 238 
185 83 67 251 
216 169 197 
2 27 
192 135 
229 246 
32 5 72 297 80 49 19 118 183 121 
99 171 267 241 273 51 116 244 189 
198 39 48 243 212 246 60 223 
162 67 3 5 195 82 213 
224 294 135 173 125 27 221 
101 262 174 277 22 87 189 
132 238 47 274 182 254 
96 7 204 145 178 63 
68 265 74 117 219 255 
1 258 203 109 209 113 
129 39 104 9 25 30 
291 231 9 105 175 
194 68 69 71 116 
256 257 73 221 190 
64 217 168 107 89 
34 8 45 119 28 
108 271 211 212 185 
233 282 75 245 
220 203 52 173 
152 49 254 281 
160 204 174 143 
179 188 5 235 
122 155 22 199 
137 35 127 
1 42 66 
16 80 147 
250 83 
272 17 
161 
257 168 173 241 188 213 189 185 60 61 191 
130 259 293 85 88 153 218 27 31 127 
289 165 13 113 20 118 151 221 286 127 
168 9 203 267 270 15 178 154 59 158 
34 98 162 133 293 263 75 14 17 148 
256 67 41 46 14 210 84 86 247 26 
226 291 260 134 70 103 209 216 25 
128 42 234 204 77 15 277 156 
224 166 232 170 203 81 209 220 
129 134 72 169 76 236 84 148 
4 139 76 203 278 123 158 95 
96 167 9 77 21 246 185 63 
195 292 229 71 264 240 244 282 
36 263 201 13 176 273 151 284 
99 101 134 200 147 120 281 157 
8 14 207 208 180 84 57 
96 258 67 138 49 56 89 
168 297 299 44 205 275 118 
162 293 204 113 216 283 221 
73 142 176 145 115 212 26 
269 141 111 280 60 286 31 
69 70 261 182 183 57 279 
225 106 143 19 92 127 
213 149 22 151 215 92 
291 136 12 45 254 30 
6 203 216 157 158 
77 45 50 250 286 
3 141 48 112 250 
25 132 141 189 
185 115 262 55 
137 148 37 270 
233 10 11 118 
41 60 265 159 
296 98 109 263 
72 153 163 103 
16 108 96 232 
16 41 166 167 
250 186 107 254 
232 267 85 
152 172 158 
209 210 298 
217 76 
40 99 
181 198 
289 41 11 76 173 174 176 114 279 281 158 
34 131 42 44 141 14 240 274 24 249 
36 196 102 104 140 270 151 154 254 
99 292 9 78 174 16 80 177 
5 165 297 43 49 246 216 287 
96 225 39 176 178 83 215 155 
34 36 37 104 139 108 156 254 
161 258 110 19 84 278 222 
9 202 175 178 22 185 191 
70 39 108 246 122 28 30 
261 38 234 277 118 185 
226 103 237 111 87 158 
102 295 40 106 115 252 
203 110 20 30 249 62 
133 41 150 248 124 63 
68 6 295 200 182 280 
37 171 172 77 275 
293 11 180 277 223 
96 231 157 155 253 
7 137 76 270 15 
66 187 244 86 
248 205 110 271 
225 36 165 68 
89 147 205 195 
48 228 128 
128 195 4 101 102 264 276 181 247 155 92 
104 105 203 80 61 280 218 93 62 31 
129 163 102 134 74 172 243 117 22 
289 101 70 139 83 116 189 158 159 
160 1 3 196 135 200 211 278 151 
192 1 290 206 79 144 149 183 255 
4 229 104 140 45 111 52 24 286 
198 264 269 238 47 18 127 
193 132 267 114 83 247 91 
197 207 143 209 210 219 253 
101 199 297 80 213 151 31 
66 227 101 165 232 109 281 
99 267 12 57 219 188 
162 100 36 214 249 28 
129 233 77 239 279 122 
64 33 68 199 9 
289 36 89 94 191 
290 175 208 148 60 
33 106 77 183 90 
34 100 18 30 287 
264 42 75 174 52 
106 52 29 79 
105 298 237 134 
120 179 132 219 
88 170 58 246 
280 242 261 247 
104 295 77 200 
144 299 132 160 
57 101 78 278 
161 171 131 101 
273 6 215 
9 13 149 
147 287 
224 33 130 3 163 199 264 74 106 176 209 19 149 
200 77 206 81 115 277 118 183 248 25 278 
226 165 135 168 270 15 151 58 283 188 221 
3 101 264 77 174 145 53 23 248 158 
196 12 60 177 55 245 87 250 156 
130 35 100 171 44 16 144 176 284 
106 12 269 46 20 215 220 125 254 
224 203 272 81 244 214 124 63 
290 236 142 16 82 274 149 279 
197 39 234 46 113 179 118 155 
161 66 163 289 262 168 151 284 
259 196 198 23 248 220 285 94 
130 228 173 18 51 20 156 
262 135 9 10 265 143 239 
102 137 147 148 214 119 63 
72 79 80 178 275 247 156 
225 77 271 181 126 158 
256 130 36 170 243 153 
163 212 21 123 254 
71 42 14 116 213 
80 177 213 57 190 
121 218 181 286 
288 73 19 121 
35 11 243 95 
115 51 43 233 
265 42 150 270 
152 57 82 95 
167 38 63 
242 293 197 
9 209 69 
58 279 
67 68 217 261 204 271 17 178 244 56 185 120 254 
256 161 2 101 167 205 110 176 148 154 
128 73 14 15 251 20 59 95 
34 68 168 234 108 181 218 222 
9 298 235 111 277 182 56 221 
289 170 138 172 272 273 31 
96 67 281 117 278 55 89 
33 164 136 45 147 119 58 
73 267 12 278 122 92 189 
193 66 74 174 58 28 222 
226 108 174 49 83 94 
72 202 272 18 21 95 
38 135 232 107 44 275 
255 261 166 86 287 
109 179 152 26 187 
99 131 74 19 118 
97 38 212 20 280 
136 83 180 278 159 
230 104 211 117 29 
153 261 3 53 
80 65 116 297 
89 162 67 257 
33 92 148 87 
275 182 263 
59 
161 227 292 69 135 104 9 140 236 79 178 51 181 25 253 
128 195 102 294 213 152 218 220 286 
224 7 72 46 47 174 213 251 127 
132 228 167 71 238 270 284 28 159 
258 164 4 267 112 146 213 278 283 
293 142 207 177 241 19 22 151 61 
64 98 233 11 14 250 251 30 
258 8 141 210 214 282 62 223 
291 69 37 135 138 271 222 
195 292 37 47 86 121 122 
32 160 34 36 261 113 217 
160 227 7 16 148 212 150 
162 3 231 136 119 152 188 
1 36 262 177 91 189 31 
1 229 75 142 48 114 31 
100 233 270 18 154 223 
160 265 19 279 283 62 
288 162 296 105 110 150 
64 257 199 236 210 58 
72 48 240 179 249 284 
224 225 239 79 186 
40 145 116 248 91 
45 122 187 124 125 
39 41 180 52 152 
240 235 180 205 
168 116 38 208 
72 265 61 279 
266 243 28 173 
200 233 268 289 
34 259 181 7 
153 220 253 
198 78 
220 
128 256 3 101 12 108 81 116 182 23 88 27 255 
194 226 291 214 279 248 285 188 157 159 
161 39 297 78 238 112 150 55 30 
192 226 261 296 109 48 272 50 277 
288 69 136 41 201 239 50 148 
268 110 145 178 181 184 25 282 
96 163 36 259 264 15 250 
129 229 101 299 14 87 252 
295 45 141 111 112 210 213 
138 268 209 182 281 60 254 
234 108 237 242 51 84 159 
64 255 5 107 183 252 31 
224 264 207 121 219 30 
32 293 210 243 244 156 
160 236 109 176 90 61 
132 261 37 295 45 93 
227 113 55 279 29 
1 193 42 234 143 
70 264 41 10 221 
128 197 44 54 24 
39 8 268 174 285 
67 169 265 112 51 
253 247 21 63 
294 123 38 135 
0 147 245 206 
152 253 294 
280 153 60 
298 292 213 
252 279 239 
177 215 95 
3 251 127 
138 279 
129 292 229 134 154 261 263 243 148 180 58 91 
224 130 70 39 47 15 245 87 59 
69 229 295 140 269 208 57 219 93 
257 197 137 106 172 109 146 21 191 
128 288 68 134 168 250 87 218 155 
288 33 230 76 175 271 214 90 28 
262 78 114 179 85 22 55 88 151 
289 107 76 175 239 20 221 30 159 
65 161 68 207 17 24 93 223 
131 215 110 87 184 58 29 95 
160 103 202 205 269 118 23 
167 231 10 43 106 82 51 
196 233 174 239 112 23 25 
36 133 70 71 44 270 47 
98 201 108 21 218 251 92 
97 197 235 113 52 153 62 
135 108 14 145 244 278 184 
230 7 15 50 150 29 
66 292 236 211 52 158 
128 196 68 135 156 254 
162 165 172 237 118 280 
138 140 109 246 29 94 
0 268 206 242 254 
173 177 147 124 285 
259 40 110 212 119 
257 258 139 246 156 
224 257 212 204 
59 284 22 235 
169 122 52 292 
241 82 271 103 
299 205 30 167 
176 177 94 
175 217 95 
122 60 6 
41 276 277 
125 174 
104 59 
8 158 
256 65 97 257 228 258 135 73 137 299 110 239 83 244 279 
5 262 167 40 41 14 83 55 56 279 
128 2 98 36 194 170 178 148 88 
164 12 268 208 147 213 24 61 
7 137 143 111 210 211 180 276 
1 225 289 241 114 276 120 59 
96 229 38 266 204 79 152 
289 290 36 296 22 156 62 
172 239 80 147 20 187 254 
96 11 76 244 119 217 
32 230 140 76 46 52 
32 1 160 294 199 270 
197 293 71 48 182 93 
76 13 111 56 89 250 
99 134 172 12 272 21 
230 112 276 148 189 
51 53 123 126 287 
195 231 168 147 122 
224 203 48 281 95 
152 123 190 54 
104 49 93 263 
240 281 290 180 
274 99 5 279 
236 259 84 5 
242 194 43 235 
16 185 194 83 
212 196 68 
152 221 77 
64 4 53 
25 90 
87 
256 193 169 78 15 110 147 148 180 55 58 94 95 
225 260 70 47 112 81 175 51 23 90 279 
97 228 260 198 168 86 24 189 184 
256 166 102 104 264 107 271 19 
65 230 135 297 148 57 190 31 
160 260 232 172 141 240 19 
132 231 207 245 247 122 92 
97 104 106 112 274 21 25 
202 107 139 299 114 246 92 
39 87 151 280 122 286 95 
161 6 109 47 49 183 91 
162 291 228 265 180 86 
67 5 263 60 178 220 
99 102 234 84 149 284 
248 7 275 182 216 189 
197 103 105 241 278 55 
232 181 87 25 285 62 
3 131 105 87 217 
37 205 211 213 185 
104 277 117 152 286 
1 137 203 212 119 
294 237 80 177 240 
38 141 176 275 153 
43 204 251 71 
226 43 134 
88 248 255 
0 161 97 260 165 167 41 236 149 216 
160 100 205 239 271 209 243 186 59 
0 36 10 113 181 122 220 286 
128 194 262 137 234 210 214 186 
198 103 262 234 13 220 29 127 
225 196 164 167 209 186 253 159 
129 230 202 12 151 60 287 
97 169 239 242 51 57 223 
33 36 79 241 213 123 
265 297 79 48 53 54 
288 131 262 38 84 151 
66 168 202 50 19 188 
7 108 80 116 189 63 
103 233 212 280 27 125 
69 262 296 77 89 
167 75 173 126 158 
192 228 74 11 15 
198 167 281 222 191 
232 87 153 27 93 
97 98 194 25 253 
289 226 290 206 62 
100 133 43 81 213 
69 23 55 185 219 
111 274 24 284 184 
200 258 132 
81 153 54 
288 282 171 
128 160 226 68 293 71 231 269 208 145 
129 101 6 168 175 179 124 189 30 127 
195 133 294 263 171 274 86 216 281 287 
292 101 69 261 296 169 146 242 154 
35 294 71 200 53 118 121 187 93 
153 163 168 265 171 47 148 89 59 
130 228 197 77 206 51 275 182 123 
1 235 144 50 210 149 182 121 62 
160 70 230 107 268 61 251 93 255 
195 295 105 44 14 146 59 159 
108 208 210 147 86 249 285 189 
97 197 102 38 262 79 243 153 
0 68 250 18 82 218 124 
225 207 81 85 182 150 26 
292 69 169 83 51 28 
130 101 242 278 28 191 
2 68 199 278 280 287 
161 228 133 265 240 62 
140 277 246 189 94 255 
100 237 79 80 115 119 
292 298 171 177 82 253 
33 16 84 149 282 
32 12 17 157 126 
0 236 174 216 153 
227 295 47 188 189 
152 1 106 265 
97 250 67 173 
41 19 235 49 
187 67 220 171 
241 259 188 263 
225 210 211 108 
115 267 67 
89 33 186 
219 101 214 
82 244 135 
96 161 293 168 265 141 219 146 149 118 155 190 
70 281 136 14 238 245 56 57 284 29 31 
67 35 140 174 209 154 190 29 158 95 
1 194 35 42 239 86 87 215 191 
161 261 105 77 238 245 183 56 249 
73 10 139 12 299 57 286 
293 169 110 207 176 54 284 
35 227 71 136 269 148 
290 100 264 12 86 122 
65 39 233 48 144 59 
272 243 117 150 280 26 
237 14 242 25 58 91 
71 208 241 83 249 251 
257 77 115 55 121 282 
226 204 51 183 24 
40 201 149 25 187 
130 297 74 241 50 
202 138 246 47 
114 206 21 190 
145 226 209 70 
177 202 291 260 
228 157 173 
152 272 134 
265 292 117 
16 115 214 
51 5 
224 131 163 165 138 109 45 239 21 186 59 221 63 
227 69 38 104 233 10 202 76 267 147 85 
69 5 296 42 107 174 111 81 113 
0 34 162 71 177 209 151 184 249 
192 68 39 200 178 20 248 123 188 
35 132 281 139 110 145 121 29 
230 167 74 298 110 270 22 57 
281 108 44 236 147 89 122 61 
43 141 14 60 156 118 28 
1 134 211 254 123 284 126 
224 226 258 165 47 279 62 
1 263 16 144 146 57 
257 194 40 239 55 155 
96 37 263 78 119 29 
105 297 82 21 187 156 
129 69 297 181 91 284 
100 165 80 21 220 
272 229 83 117 
88 230 182 192 
65 202 45 239 
17 147 174 121 
74 76 287 154 
112 209 118 
176 180 92 
208 70 
108 111 
269 
160 69 70 73 45 47 278 153 124 
160 262 11 85 214 151 279 61 
226 35 5 169 139 206 244 95 
217 44 271 241 119 25 251 124 
256 68 199 276 87 250 219 
256 69 72 109 18 181 58 
71 106 11 146 117 185 60 
291 76 174 207 117 281 191 
162 231 241 147 124 61 254 
162 259 232 137 237 221 
98 35 36 114 53 56 
33 201 139 85 53 214 
256 2 131 34 261 84 
105 116 92 95 255 
170 42 175 47 180 
46 50 275 19 221 
240 280 210 21 
128 17 280 7 
49 218 255 
145 204 15 
143 47 15 
74 292 174 
288 296 14 
64 203 13 
143 197 47 
283 294 
174 
289 34 73 139 204 275 151 284 285 
194 259 206 17 18 182 120 186 59 
191 100 279 147 118 22 182 92 95 
96 290 20 85 151 153 279 221 191 
170 172 173 236 209 182 91 191 
132 205 110 239 187 253 30 95 
32 136 105 238 213 277 88 286 
0 292 76 251 150 250 59 30 
292 296 173 17 273 216 221 
1 259 166 236 180 281 188 
5 8 107 240 273 56 121 
33 66 231 12 20 120 284 
2 203 110 208 84 181 222 
43 147 155 156 253 127 
229 174 251 120 59 159 
0 8 296 150 28 253 
195 167 202 177 20 286 
99 8 243 89 125 31 
288 16 178 57 154 187 
164 106 77 238 175 
97 43 210 91 28 
98 130 114 116 248 
167 172 20 85 61 
73 146 291 197 
88 96 160 295 
90 46 183 
296 35 94 
165 222 
154 110 
267 22 
258 68 292 170 75 202 206 111 145 92 
97 258 99 69 165 263 109 78 85 287 
257 5 231 267 270 79 176 279 58 62 
1 4 71 41 11 205 80 185 156 
258 232 106 139 205 78 209 124 
294 114 275 52 278 280 122 156 
129 68 198 136 84 250 253 
128 192 256 39 9 110 281 
257 295 40 47 48 146 281 
166 7 48 147 88 187 
101 135 76 148 247 281 
161 296 52 84 124 94 
166 73 75 11 24 29 
194 106 13 115 217 
38 173 142 28 190 
153 234 131 20 
232 249 171 37 
33 186 85 143 
49 162 174 210 
265 130 284 207 
96 172 95 
289 227 213 22 119 122 285 190 95 
35 227 263 73 267 45 53 186 
64 66 258 106 203 145 86 182 
65 289 231 201 11 85 218 
99 198 74 173 110 244 255 
199 136 200 7 142 239 
4 50 243 88 283 61 
73 14 280 249 155 286 
261 110 283 273 83 155 
32 165 200 174 181 118 
64 193 176 116 149 184 
194 217 263 271 56 57 
42 45 15 210 116 60 
36 112 144 60 95 
104 237 211 63 191 
100 249 240 25 125 
97 2 195 135 153 
200 78 177 120 158 
257 66 231 184 285 
167 110 118 248 124 
38 250 49 274 218 
37 200 265 42 175 
290 298 246 143 
259 113 242 147 
49 130 139 243 
168 177 28 109 
73 225 44 109 
168 57 180 260 
83 261 227 
193 87 55 
96 158 70 
248 252 276 
105 286 
114 154 
107 
98 132 39 200 107 171 141 239 146 244 60 
165 6 72 41 142 180 277 151 183 
203 13 14 237 83 20 249 189 
34 142 110 176 145 270 84 219 
36 70 298 108 147 251 62 
290 196 100 205 79 250 253 
160 67 270 175 79 178 115 
39 169 233 48 113 274 
64 229 262 9 299 222 
291 132 199 239 23 216 
256 231 203 216 123 
273 122 187 61 62 
194 266 180 21 219 
1 9 151 25 279 
164 295 239 241 26 
16 40 19 68 
24 170 146 136 
88 42 99 111 
101 259 37 270 
105 59 158 
209 19 278 
240 194 
290 188 
291 293 168 76 110 206 272 18 211 213 277 123 190 
256 153 68 133 38 298 110 14 113 89 154 
32 194 9 234 108 179 149 88 30 
258 9 169 233 141 240 87 31 95 
161 72 232 80 241 246 280 121 
96 1 138 77 175 279 252 190 
288 41 106 139 173 283 284 62 
129 98 262 174 111 48 115 155 
288 225 140 178 277 279 218 
293 264 203 206 144 251 29 
223 287 103 45 18 286 159 
32 262 106 87 120 191 
68 10 17 51 284 31 
263 8 239 50 243 180 
231 232 169 107 115 25 
66 35 297 234 14 58 
160 2 98 297 15 252 
5 178 52 181 246 156 
43 77 274 53 277 152 
4 46 145 276 253 
39 42 12 173 159 
1 260 46 274 90 
32 177 118 90 189 
73 298 115 186 191 
256 203 213 117 223 
257 201 237 21 191 
155 205 110 175 
192 129 227 78 
226 77 6 30 
40 99 44 260 
168 275 276 159 
295 143 
50 
72 203 142 47 275 276 150 215 249 158 
295 136 218 265 272 211 275 216 126 158 
289 162 291 101 231 116 183 252 29 255 
256 198 73 143 79 116 245 278 190 
132 175 271 276 21 151 56 152 
101 171 177 118 23 216 26 123 
110 14 113 18 91 188 254 
259 167 170 242 85 92 255 
226 164 295 233 114 278 251 
255 134 6 7 281 254 63 
295 266 79 82 86 280 254 
132 135 42 138 74 280 253 
148 20 52 55 246 252 28 
257 298 13 51 117 127 
99 6 13 20 21 60 
107 171 112 54 184 89 
228 133 45 242 22 283 
2 3 175 81 55 
259 232 237 211 91 
269 52 182 59 60 
226 73 56 27 62 
249 115 174 79 
269 172 189 110 
2 226 148 29 
75 29 79 71 
210 114 188 22 
280 75 262 
35 197 150 
50 155 37 
259 179 175 
54 
66 260 7 202 172 80 147 52 212 244 284 190 94 
225 105 201 175 209 183 215 285 158 223 
97 259 263 268 80 114 23 154 59 157 
259 103 42 176 115 21 149 213 127 
231 232 171 47 178 116 218 188 287 
97 281 168 105 111 87 57 62 223 
131 132 167 44 269 83 252 93 
291 133 136 46 79 15 18 247 
257 109 15 214 56 251 31 
6 294 108 237 141 215 249 
72 296 75 205 143 82 122 
100 166 294 46 115 151 184 
196 69 263 173 113 82 22 
259 138 238 174 55 251 159 
230 175 61 275 156 93 126 
257 66 5 198 110 90 187 
128 160 67 279 125 62 
5 39 105 138 155 189 
262 71 171 271 244 24 
102 297 147 86 183 191 
96 99 198 199 111 116 
259 59 17 245 91 61 
66 36 68 231 282 
291 35 69 203 122 
32 36 232 233 51 
194 252 196 13 
114 235 164 228 
145 164 236 15 
121 199 263 167 
41 11 4 277 
177 242 188 182 
136 91 212 
29 21 6 
128 218 
0 162 163 41 138 202 241 120 153 251 221 
106 203 12 175 144 278 215 217 219 
192 257 162 98 3 264 175 21 
225 131 42 237 17 84 190 63 
201 266 143 208 210 116 23 28 
166 38 48 49 210 244 276 
33 70 138 11 286 158 255 
4 73 179 243 85 154 61 
129 97 35 229 105 25 189 
265 239 116 148 25 286 
3 292 236 279 62 190 
1 196 235 112 92 61 
161 67 181 25 285 223 
37 297 81 49 254 159 
170 139 172 267 207 145 
227 137 14 240 184 
288 197 198 45 253 
0 5 267 142 270 
40 51 186 60 29 
2 18 19 179 185 
33 6 265 275 147 
26 147 156 237 
268 109 54 181 
240 256 290 275 
260 132 109 47 
216 121 23 
233 62 15 
265 108 78 239 244 54 151 120 183 278 254 
160 33 131 228 133 293 207 242 153 26 
121 6 108 143 209 82 273 57 63 
195 132 259 140 147 244 150 186 29 
226 37 70 294 208 50 125 126 
68 75 13 175 146 248 122 
9 267 12 240 177 250 190 
1 75 13 251 24 121 91 
4 233 108 109 244 281 159 
160 289 130 134 234 91 126 
65 226 297 82 277 27 29 
65 38 168 44 21 189 
100 167 72 200 25 
32 217 182 153 287 
38 295 115 214 247 
193 225 175 80 57 
288 69 70 230 40 
4 71 110 19 216 
195 201 44 49 188 
193 198 74 113 188 
48 56 279 223 
224 130 4 292 
225 247 278 231 
218 108 71 31 
89 146 23 
170 2 
25 277 
206 183 
272 18 
67 4 69 36 199 228 232 44 272 83 215 254 191 
128 196 197 136 269 46 175 239 187 93 
2 7 71 45 16 114 19 275 22 92 
99 35 133 281 76 77 119 25 223 
162 167 9 83 179 149 123 286 63 
98 249 270 80 116 184 89 125 
129 130 291 296 267 53 281 123 
66 292 46 79 238 178 156 30 
160 202 107 140 15 113 183 124 
193 37 298 203 44 52 87 
38 141 113 156 183 28 157 
65 43 108 283 51 27 
232 264 17 177 54 281 
67 43 281 125 31 
256 2 102 267 242 
205 208 273 120 58 
166 173 142 177 83 
259 298 212 149 150 
293 232 110 176 49 
299 156 150 7 
208 232 21 271 
225 250 179 116 
193 233 37 265 
152 194 157 143 
213 45 294 87 
48 291 293 
152 202 15 
25 194 196 
161 147 100 
255 86 207 
272 66 93 
216 167 
115 
3 5 165 9 107 236 173 83 85 218 187 
64 1 66 260 40 74 170 141 154 189 190 
65 289 101 295 169 112 211 279 252 93 222 
256 27 137 74 175 112 56 88 284 286 
194 36 165 41 74 15 207 272 30 
64 289 101 204 240 84 53 249 
34 290 101 133 299 108 12 79 
104 11 239 49 177 180 119 27 
164 74 138 13 148 182 278 221 
64 65 133 295 297 43 49 286 
135 234 44 16 114 181 55 95 
134 75 203 46 279 152 91 126 
167 106 149 246 119 217 29 
33 163 37 242 214 219 252 
9 176 113 117 120 286 
64 2 174 22 218 219 
129 269 47 177 209 183 
65 97 195 262 80 251 
234 206 243 284 252 157 
165 199 201 138 54 220 
13 208 242 122 219 285 
160 66 293 280 282 285 
36 139 149 190 125 158 
1 134 231 170 274 279 
98 68 261 234 179 124 
67 228 237 239 127 
79 20 182 25 60 
291 263 107 84 282 
96 235 204 167 
241 59 102 278 
221 125 269 5 
24 43 242 35 
266 251 87 7 
136 272 191 
65 178 225 
240 161 111 
104 234 259 
281 131 116 
34 195 100 293 263 171 267 45 17 114 51 31 
6 135 9 74 78 47 177 184 57 125 221 
290 293 46 78 48 238 183 57 29 
65 163 111 50 181 24 122 88 
145 19 53 22 213 89 26 189 
32 293 137 201 43 79 153 60 
192 291 261 238 213 218 219 
2 258 231 103 169 252 
203 299 278 281 26 222 
291 295 75 117 151 287 
0 128 66 6 39 41 
291 134 173 54 281 124 
35 260 102 167 268 153 
131 137 16 54 280 
99 106 109 77 220 
292 10 15 244 22 
226 258 290 231 85 
97 244 204 61 
105 122 123 263 
282 83 198 78 
152 178 261 262 
250 235 92 
163 
