300 3000
33 69 72 171 12 80 81 209 148 87 186 157 
1 33 38 262 266 44 46 83 20 148 212 
225 231 204 79 52 248 126 286 
2 38 294 168 138 235 81 93 
32 256 67 5 11 82 55 254 
193 72 234 12 268 18 284 
34 68 38 76 210 22 24 
192 266 172 81 92 158 286 
162 196 145 210 20 94 127 
5 170 298 176 209 85 
256 8 266 84 254 223 
37 10 271 93 151 125 
229 38 295 238 51 184 
161 169 140 47 151 222 
161 173 142 274 21 
170 172 176 52 216 
16 9 132 285 
4 45 52 263 
40 110 85 38 
9 116 287 71 
298 108 287 
104 73 145 
98 259 68 102 169 107 115 149 190 30 
193 3 38 231 81 245 24 219 158 216 
132 260 9 138 237 119 185 219 156 
160 3 140 148 181 278 57 92 253 
129 193 132 102 264 202 171 234 52 
191 163 272 51 276 153 58 57 
296 10 139 108 15 18 156 285 
133 203 235 77 15 80 23 94 
97 289 131 269 145 245 60 
257 139 28 54 215 188 159 
161 194 99 132 201 127 
2 293 76 241 146 189 
67 210 18 242 218 189 
4 38 138 266 178 190 
241 273 180 181 278 119 
75 270 242 210 276 183 
68 38 232 238 155 61 
34 132 167 15 247 189 
259 291 136 202 44 151 
244 150 250 285 127 
102 92 214 156 287 
78 47 20 244 185 
65 259 167 173 119 
65 296 248 154 29 
167 105 202 203 113 
257 295 50 147 184 
66 227 204 59 156 
96 134 232 14 183 
57 139 92 55 
82 219 228 70 
82 275 61 106 
171 196 
59 276 
160 34 
195 
67 72 74 172 15 112 17 114 22 157 
33 162 169 139 145 115 52 60 223 
195 101 199 206 272 17 149 215 279 
135 74 170 76 78 82 180 248 190 
260 43 139 54 182 120 58 253 158 
0 96 161 224 68 10 145 156 
193 35 170 49 276 278 88 251 
290 8 200 267 147 23 55 31 
33 4 105 243 148 185 219 
228 69 18 276 182 152 63 
225 131 103 106 141 79 286 
99 266 236 181 119 185 155 
35 131 203 246 249 282 
66 296 139 19 182 183 
225 2 213 218 155 125 
65 97 168 109 78 52 
139 77 270 274 53 151 
195 135 72 46 79 208 
0 2 142 274 248 31 
34 215 111 210 151 90 
166 239 114 121 285 29 
236 76 173 56 217 251 
297 235 78 51 24 
226 229 136 207 188 
281 45 21 14 
96 45 22 30 
273 220 52 
96 45 37 
130 43 
33 197 
153 258 71 274 21 54 121 251 252 254 95 
135 232 203 206 272 118 88 281 27 30 
130 263 40 236 80 82 147 218 189 
229 198 105 13 205 271 148 26 223 
261 295 108 240 178 148 182 246 
128 65 293 202 142 80 209 240 
2 234 177 178 246 92 159 
230 170 113 273 150 185 124 
1 68 196 40 16 52 
34 149 22 23 88 221 
68 166 71 118 220 221 
136 200 110 84 221 
70 42 75 114 94 
68 13 19 211 95 
0 227 112 120 91 
122 42 178 179 218 
4 70 239 211 191 
121 268 262 39 
137 106 109 271 
56 273 61 238 
104 49 236 61 
291 37 151 
41 129 219 
160 81 
140 103 
144 65 
17 90 
130 197 266 268 20 53 149 23 187 31 127 
290 67 70 266 139 15 271 182 154 91 
293 296 41 138 110 79 50 217 252 94 
225 196 169 250 140 207 178 58 
33 37 165 48 53 85 93 
64 262 265 107 116 57 220 
164 196 261 76 207 220 
65 294 42 240 85 
226 260 299 79 49 
153 77 25 154 223 
167 169 177 183 61 
228 102 212 29 158 
233 138 45 211 251 
88 267 155 87 
209 261 197 239 
89 106 114 191 
258 109 174 254 
233 130 35 188 
97 299 30 47 
218 28 270 84 
185 211 295 
152 177 2 
281 12 
266 283 
130 
205 
293 102 104 173 14 112 145 82 147 116 21 214 272 280 186 27 
128 288 164 261 230 186 178 56 154 92 221 
133 170 11 111 144 177 82 209 23 92 
33 97 161 259 42 43 14 79 23 
226 100 199 42 146 274 183 184 127 
192 101 75 114 23 90 92 29 191 
263 295 9 275 52 214 248 28 
65 7 296 10 19 117 186 219 
128 255 166 78 53 281 155 31 
134 82 83 150 247 280 90 285 
257 36 171 206 177 88 59 93 
128 193 68 197 71 170 13 155 
226 249 103 297 51 217 189 
224 3 255 243 214 58 127 
161 101 70 15 52 120 93 
3 104 105 235 237 56 
71 7 44 175 181 63 
110 15 275 244 214 57 
33 292 263 236 286 
8 207 115 187 127 
172 13 54 248 159 
193 35 42 279 63 
168 115 156 117 
200 81 191 95 
103 190 38 55 
97 114 28 
5 270 159 
232 238 151 
98 235 
227 291 104 107 43 173 116 85 21 215 251 284 
96 1 225 196 296 233 10 42 212 184 281 28 
35 259 261 291 44 241 209 242 153 
193 131 291 261 137 209 125 95 
128 36 167 110 144 123 190 159 
292 102 140 14 16 214 87 285 
164 9 141 269 209 52 25 156 
66 260 233 299 50 150 91 190 
129 130 36 294 268 20 84 121 
294 200 41 271 113 19 282 93 
160 129 36 212 280 27 221 63 
297 174 16 114 146 22 280 
129 107 235 78 271 85 221 
161 46 209 210 276 54 155 
261 78 208 118 216 249 94 
100 108 16 272 181 279 187 
65 166 46 78 181 119 282 
296 265 297 112 50 55 
3 71 175 20 117 287 
65 37 136 105 153 124 
32 96 288 67 78 187 
198 235 176 30 126 
258 203 14 111 243 
67 166 11 206 125 
131 230 269 82 117 
160 264 9 150 90 
170 242 117 89 252 
199 267 177 53 282 
120 283 44 255 
213 265 258 29 
153 103 109 71 
169 58 132 
245 118 
227 132 293 102 103 198 105 201 140 84 222 62 
293 266 139 15 175 209 213 86 214 155 157 
0 293 208 50 119 30 94 191 
32 262 168 264 266 207 146 211 
0 161 225 42 112 243 20 281 
288 200 208 51 85 153 186 
96 75 12 111 207 279 127 
227 133 116 117 183 185 219 
230 202 146 275 154 253 287 
192 266 15 272 81 244 
175 50 220 284 61 287 
36 295 44 269 25 221 
96 224 160 299 178 250 
224 290 217 140 25 
33 294 108 275 60 
289 227 209 214 87 
121 102 141 174 57 
72 299 237 208 63 
280 155 36 285 
240 82 139 102 
96 297 282 
32 156 68 
171 4 175 
168 286 247 
202 140 
160 193 71 104 199 231 232 265 110 244 154 59 
134 296 139 171 207 49 113 276 119 251 124 
2 195 164 293 170 268 14 52 278 31 
129 200 202 276 182 247 253 188 157 126 
295 139 44 267 144 240 246 218 59 
97 3 196 10 273 146 19 217 59 
160 193 132 6 202 206 145 149 119 
256 259 102 201 107 268 84 22 
199 104 263 77 238 112 82 28 
34 132 261 71 43 12 216 27 
101 251 179 117 281 91 254 95 
192 231 176 179 151 252 189 
64 257 36 133 174 241 254 
40 41 107 16 80 124 157 
96 227 299 77 49 122 95 
99 291 177 180 93 190 
36 165 8 265 115 223 
131 292 16 209 59 124 
256 264 202 204 269 83 
65 231 199 169 53 252 
0 3 259 73 143 223 
225 145 210 19 214 280 
65 67 166 13 146 60 
32 103 233 29 60 221 
289 262 14 29 285 
132 110 271 80 274 
165 296 239 112 59 
261 295 167 205 46 
193 264 175 147 29 
57 82 298 143 
264 178 243 151 
249 282 76 142 
114 11 85 86 
1 299 165 
16 129 211 
241 83 249 
298 259 
100 8 233 77 238 111 240 245 57 127 
98 135 45 145 178 179 52 182 215 31 
65 195 137 238 81 145 20 88 221 
164 38 71 73 169 141 47 112 81 
198 74 206 274 19 183 24 186 28 
293 202 143 149 26 156 286 63 
66 36 293 233 234 44 210 188 
134 70 136 264 51 22 182 25 
96 193 205 142 52 121 90 
129 6 296 90 123 28 254 
259 37 140 237 214 54 281 
195 36 44 13 83 219 220 
194 75 206 145 179 254 
66 235 13 207 47 280 
104 73 9 200 276 214 
19 20 181 54 84 276 
38 42 210 53 251 284 
292 133 168 172 15 184 
0 97 273 211 126 31 
131 74 206 284 124 
137 77 50 87 88 
167 232 146 284 223 
232 26 156 6 
57 147 233 87 
136 97 95 31 
185 275 197 291 
205 275 85 133 
73 98 3 181 
153 139 13 
180 197 23 
194 35 
140 260 
1 162 166 106 43 299 142 244 213 54 28 
64 101 8 200 145 18 87 89 28 157 63 
97 69 298 45 79 242 150 215 158 279 30 
163 298 173 111 271 18 85 29 286 
1 6 199 200 42 266 175 241 95 
67 237 17 222 117 187 189 62 
131 291 167 296 170 284 59 156 
7 41 171 267 20 184 57 
224 232 269 92 47 188 156 
33 165 40 137 72 142 244 
256 200 172 238 240 178 149 
3 261 38 271 16 209 155 
161 167 168 251 116 187 
292 297 91 246 187 157 
295 8 106 16 182 58 
296 266 116 246 280 186 
8 9 108 24 124 
193 136 88 25 221 
261 167 233 220 126 
68 169 116 184 25 
160 41 139 206 
197 218 124 77 
96 212 231 
124 12 261 
68 134 71 
132 21 135 
178 236 
68 299 76 77 12 220 247 88 28 254 95 
2 258 7 75 269 48 82 275 187 190 
132 166 263 203 208 55 182 87 
96 103 180 184 121 61 95 
192 162 258 167 43 190 
131 69 206 22 151 127 
71 8 144 182 189 125 
168 266 83 58 27 189 
161 43 173 117 25 94 
192 41 142 271 272 219 
225 47 242 55 253 
290 49 241 20 153 
288 179 286 103 
161 115 209 236 
25 196 237 214 
223 55 46 23 
291 82 242 230 
9 299 132 134 
296 251 108 213 
225 197 151 
30 
257 99 69 134 106 171 172 14 79 125 149 153 220 61 
192 36 103 169 267 271 81 241 245 61 
298 76 140 14 111 208 54 185 28 
161 167 171 111 211 183 88 251 95 
160 34 162 36 167 136 12 111 24 
161 196 292 134 72 104 266 285 
136 169 270 272 145 117 254 286 
33 237 269 81 21 56 218 220 
196 46 208 180 116 24 57 
194 226 9 43 111 144 254 
291 263 168 112 51 126 286 
3 131 175 19 51 277 23 
131 195 203 13 119 186 159 
161 294 13 142 209 122 255 
257 290 101 265 179 117 
34 134 50 147 277 186 
256 67 133 269 114 61 
130 299 241 242 84 92 
165 106 145 52 21 31 
223 196 38 8 221 159 
292 40 143 275 58 
256 260 199 267 152 
72 180 53 120 95 
225 233 247 88 190 
199 76 15 84 277 
74 43 172 143 274 
175 267 141 173 
249 139 260 94 
89 145 83 7 
105 6 183 
82 228 39 
240 18 109 
170 203 79 
176 250 5 
129 74 79 
294 103 296 172 209 114 147 153 27 221 
96 160 224 99 195 237 270 20 21 156 
37 295 264 201 266 146 83 22 186 220 
2 227 199 111 15 241 178 248 185 154 
32 96 196 238 21 91 93 190 127 
291 4 78 116 180 150 217 187 190 
193 99 199 233 42 173 239 245 59 
230 72 11 173 83 148 85 251 
229 293 42 80 273 278 184 250 
261 134 168 105 237 110 244 189 
44 76 271 146 87 220 158 286 
162 136 267 45 278 125 223 
129 132 201 75 18 149 28 
228 231 200 232 298 108 145 
67 3 77 141 246 249 155 
33 163 293 203 237 51 248 
260 147 148 20 250 156 221 
97 260 101 166 294 84 
175 112 50 54 120 156 
39 139 299 83 245 246 
1 234 43 211 244 28 
67 230 46 150 59 
257 133 230 232 49 
106 273 184 188 285 
25 163 187 142 
97 172 164 142 
256 41 188 
35 53 227 
169 245 62 
162 101 5 
17 244 6 
217 119 
8 76 
207 
289 101 264 235 173 113 210 273 86 151 255 
98 39 167 201 110 271 49 114 21 90 
101 135 105 14 111 144 244 186 187 157 
192 224 167 46 85 181 152 153 159 
248 290 73 298 75 206 177 120 63 
96 293 44 80 145 146 118 220 
263 275 116 183 217 190 95 
256 2 293 169 210 116 158 
4 167 9 237 276 85 152 
131 297 205 144 241 147 30 
199 174 175 211 20 188 
101 108 82 114 57 191 
166 105 213 87 88 
8 201 174 49 53 
174 274 54 247 284 
73 144 20 54 183 
100 207 4 92 
73 41 126 110 
184 28 214 270 
221 5 181 
96 291 286 
28 62 7 
101 235 85 
232 238 
98 
113 
290 261 134 71 230 74 235 141 79 239 49 179 154 91 126 
168 105 10 42 78 15 110 87 250 221 
67 36 132 263 73 208 247 30 95 
256 67 170 77 238 175 148 286 287 
160 265 11 45 151 121 59 220 
64 138 13 182 278 184 282 254 
67 3 110 284 56 283 60 159 
37 166 76 205 242 148 120 250 
226 35 200 265 208 242 83 
288 293 234 46 49 84 159 
65 197 104 16 152 219 
7 234 14 54 26 187 
296 174 85 25 28 
263 13 270 14 91 
4 170 141 207 154 
175 79 82 116 213 
258 141 142 216 29 
35 232 204 180 276 
288 294 134 38 149 
185 213 230 159 
136 251 245 207 
128 218 155 
240 264 274 
131 69 119 
64 277 
146 99 
224 35 71 263 201 265 110 240 241 116 276 183 218 95 
193 3 291 297 106 43 110 55 24 217 30 
3 291 133 263 73 105 266 13 174 83 222 
289 194 164 68 6 197 292 266 207 117 
96 256 226 296 73 107 211 219 253 
38 294 72 206 52 54 251 222 158 
258 135 139 178 52 248 217 26 
35 233 76 175 83 275 213 254 
35 281 142 206 57 123 156 221 
99 132 14 89 253 190 31 
99 139 140 176 276 182 249 
193 138 108 269 144 20 222 
195 207 49 273 147 280 31 
130 205 182 214 184 59 60 
32 288 292 136 13 19 248 
69 37 235 214 182 216 159 
128 70 167 170 92 189 
195 291 48 181 27 189 
36 72 12 236 53 118 
33 74 81 29 190 287 
67 68 17 151 217 255 
69 167 74 177 215 217 
196 106 46 23 186 187 
4 11 108 142 116 182 
96 133 38 213 248 89 
171 109 178 119 248 285 
39 180 58 63 127 
64 65 96 293 243 
69 42 75 83 181 
163 265 211 87 286 
261 296 111 246 156 
38 109 207 113 189 
75 140 152 281 221 
1 218 75 180 186 
121 201 70 71 
228 5 22 31 
128 290 100 205 
9 210 234 241 
120 201 186 13 
252 83 20 171 
97 82 234 
137 35 174 
64 233 215 
115 37 189 
209 154 229 
226 228 284 
88 142 
64 65 34 258 73 219 182 279 281 186 59 
256 37 262 168 46 143 177 18 55 25 159 
65 162 108 271 178 179 86 281 63 286 127 
225 17 50 188 85 184 92 286 
4 101 41 138 202 208 221 125 
36 105 173 242 22 28 254 286 
224 230 294 200 232 171 17 60 
288 7 73 108 80 23 27 60 
258 8 201 234 205 119 123 221 
136 140 109 214 151 91 95 
194 287 71 7 19 126 95 
1 131 106 17 215 26 93 
1 193 133 297 181 61 
281 207 180 88 217 255 
162 5 44 272 83 285 
164 8 43 12 174 279 
258 293 265 10 284 159 
148 219 60 7 
161 209 236 142 
296 58 51 95 
176 75 238 
75 68 243 
214 45 102 
282 245 175 
84 
113 
258 196 165 293 142 246 249 122 156 285 94 
224 227 41 205 17 89 58 60 125 158 
67 133 76 177 117 245 278 122 219 127 
1 259 132 230 79 80 244 247 
68 234 112 177 215 156 285 126 
36 134 8 77 85 56 92 31 
192 36 196 8 15 153 254 
199 105 138 44 151 254 63 
100 294 77 176 19 213 94 
131 263 168 121 285 286 63 
128 226 290 133 20 286 
214 122 286 29 62 63 
161 145 114 149 56 287 
225 167 235 208 184 
6 173 238 47 190 
134 103 110 178 52 
261 54 152 153 191 
202 34 107 182 
18 60 262 39 
24 251 237 151 
168 180 262 191 
113 93 77 
30 262 
84 199 
193 35 68 227 7 148 180 245 253 
100 44 77 110 179 212 278 
163 70 12 240 18 146 87 
68 104 171 143 243 88 286 
129 292 104 265 108 24 58 
262 135 42 138 19 121 
65 69 47 272 184 255 
224 169 29 181 92 61 
296 275 182 91 29 94 
3 71 139 79 52 223 
16 241 275 53 124 126 
41 180 85 282 220 
161 295 282 119 250 
264 234 271 151 123 
96 68 134 137 90 
200 131 68 62 
225 35 164 191 
88 34 269 261 
18 275 76 215 
208 296 35 53 
128 45 255 
224 101 78 
51 45 15 
210 111 
20 29 
64 96 259 37 293 140 244 85 278 120 27 253 
161 9 107 12 140 14 175 179 85 184 
70 264 233 204 45 17 115 252 280 60 
226 71 7 231 15 21 214 250 287 
131 169 10 106 92 19 147 28 94 
256 193 162 297 180 55 283 63 
1 71 296 237 16 274 148 254 
227 102 201 17 247 57 63 127 
69 270 111 207 81 18 219 189 
197 103 73 43 16 242 122 220 
162 140 80 17 208 243 26 
295 15 273 148 20 30 95 
64 44 176 182 216 122 187 
262 108 271 112 50 19 181 
256 291 167 170 246 217 
65 3 267 274 187 62 
3 261 7 233 174 23 
295 105 206 81 18 214 
1 263 136 42 143 
294 206 144 273 126 
240 299 124 221 
29 30 143 
176 194 212 
177 50 261 
41 187 237 
89 155 12 
64 296 
161 
96 97 248 8 268 46 15 182 183 184 
225 39 201 138 11 268 177 84 57 125 
34 170 109 50 52 213 182 87 214 276 
0 217 43 12 235 78 143 246 121 26 
289 98 134 78 271 54 278 219 188 
4 104 201 75 177 179 275 117 158 
164 37 104 200 206 53 152 185 287 
66 5 264 107 273 213 215 281 219 
0 165 142 16 84 119 247 189 
197 137 107 17 82 117 218 155 
98 68 197 173 178 251 93 127 
288 289 2 240 274 51 152 25 
67 238 29 56 93 254 286 
287 168 200 141 114 151 191 
96 161 200 82 146 52 252 
288 199 144 278 221 253 
0 129 194 40 87 121 
100 68 267 143 81 115 
231 104 140 109 119 90 
167 110 241 19 85 221 
196 73 13 148 150 190 
224 3 195 69 262 274 
96 193 140 173 84 90 
101 271 186 30 95 
37 71 234 45 178 
162 5 207 184 253 
248 261 69 231 216 
81 162 69 149 
200 59 52 173 
90 91 252 294 
12 182 158 
16 81 258 
120 46 111 
297 34 
221 159 
290 
256 161 38 263 294 13 146 275 155 30 
66 197 166 199 262 172 108 149 182 254 
37 71 234 172 17 254 26 190 287 
67 292 198 186 19 243 53 90 126 
101 203 140 172 79 180 89 156 158 
192 97 225 70 134 105 53 120 
262 264 236 206 244 55 25 122 
264 235 142 178 276 245 152 252 
192 129 202 219 117 53 59 188 
262 59 10 107 278 120 91 
32 161 69 15 87 26 222 
65 90 80 242 86 26 155 
9 270 19 243 149 87 
227 294 262 280 255 
289 174 270 273 222 
164 188 132 211 
57 172 92 135 
268 20 29 126 
104 229 278 
25 177 53 
35 133 31 
1 45 182 
264 26 27 
6 265 139 12 267 112 176 82 242 84 285 29 63 
36 260 235 236 237 111 178 242 119 88 186 
288 294 73 298 11 242 83 154 155 31 
289 258 132 102 138 236 78 149 249 63 
292 135 72 41 15 50 87 57 60 
229 142 145 82 179 279 152 218 188 
163 227 229 122 167 231 205 121 90 
289 162 66 168 233 204 272 182 122 
227 106 204 47 271 273 274 29 
160 46 144 117 221 283 29 222 
194 35 71 73 46 14 176 209 
1 196 166 76 140 206 123 284 
66 75 140 207 208 23 183 215 
1 98 71 73 138 297 153 188 
128 70 10 176 149 23 187 
130 68 267 176 280 28 286 
260 6 138 266 206 279 222 
260 142 176 147 275 188 190 
195 260 38 42 277 281 251 
193 294 269 21 214 188 
64 98 72 203 147 223 
257 3 199 175 144 251 
192 2 241 210 248 
107 235 214 25 61 
3 163 15 16 177 
291 203 157 55 93 
197 299 80 89 154 
274 163 179 294 
144 233 204 168 
97 153 267 29 
282 130 242 286 
125 6 279 
99 68 39 
256 191 289 164 108 46 212 247 26 189 95 
224 33 194 163 298 111 24 57 152 158 
168 9 264 142 16 49 52 55 253 
7 40 104 282 20 122 253 127 
257 130 195 172 175 271 49 145 
38 169 42 297 206 178 86 159 
290 5 198 182 254 282 190 
288 68 165 294 299 80 26 
5 262 271 51 56 90 91 
35 13 141 189 216 29 
2 34 226 102 111 85 
293 295 110 82 217 59 
132 198 295 19 26 
224 4 43 242 30 
232 42 234 246 30 
289 142 157 6 
58 226 85 62 
178 241 90 146 
104 17 250 
112 161 252 
138 61 159 
258 148 94 
161 39 
64 1 134 9 139 299 77 238 214 215 246 285 
288 226 99 230 296 42 12 55 157 
3 197 7 13 80 117 54 55 250 
287 262 168 171 78 86 25 223 
295 111 177 19 212 153 59 125 
142 114 116 52 148 120 124 
5 137 243 283 125 126 127 
130 170 110 210 150 183 89 
5 264 233 204 245 217 91 
32 7 201 109 14 221 
1 194 261 233 59 31 
96 2 294 266 182 125 
144 51 19 61 30 
257 233 83 283 188 
294 136 200 24 285 
44 206 92 183 188 
163 165 102 113 182 
135 204 269 78 127 
272 18 229 70 
192 114 229 222 
184 74 164 261 
97 258 282 
132 54 199 
112 33 
1 103 107 268 45 210 275 85 215 283 287 
128 41 233 205 270 176 247 25 155 
2 37 7 235 242 179 245 218 92 
196 102 75 83 117 246 216 154 
160 134 73 234 235 76 267 93 
161 4 292 111 277 86 183 122 
290 68 260 17 85 149 247 
173 23 24 185 283 61 
256 136 144 118 183 92 
1 263 13 82 93 223 
240 85 182 215 152 30 
256 260 271 247 30 191 
5 198 47 280 89 29 
9 238 83 253 223 
65 230 279 183 252 
162 249 111 185 93 
39 8 206 176 56 
226 163 70 210 149 
102 104 20 117 58 
113 147 278 227 
269 58 179 53 
200 226 274 
184 
288 194 291 68 40 266 77 207 50 23 121 283 286 
259 132 36 228 237 14 15 283 147 275 153 27 
224 161 288 169 204 142 206 211 186 123 285 159 
194 226 172 109 240 179 54 246 216 278 188 
228 77 143 50 210 148 248 158 60 126 
257 167 201 107 75 140 240 245 283 
67 260 165 71 139 205 207 19 88 
96 65 161 261 262 199 8 177 
198 44 208 52 54 58 251 94 
197 39 233 77 272 119 184 
224 297 172 206 143 16 182 
291 102 237 48 276 219 156 
225 88 45 251 279 24 123 
291 133 229 295 73 238 18 
193 4 108 115 180 213 126 
67 134 10 118 25 155 127 
96 196 174 239 211 120 
6 40 144 20 88 221 
43 52 247 26 155 158 
65 35 163 294 265 220 
2 11 146 279 255 
0 130 166 140 175 
34 233 144 240 127 
289 233 107 212 154 
97 231 240 58 94 
1 289 195 38 219 
216 146 190 271 
176 89 284 293 
208 266 214 270 
256 257 155 214 
72 244 269 216 
49 251 54 239 
191 282 7 
128 264 273 
291 260 38 294 144 51 52 119 122 189 159 
100 261 293 201 106 11 108 238 81 183 223 
35 4 108 140 237 48 81 85 25 
97 195 133 268 77 13 80 179 
291 203 111 209 241 54 183 285 
97 225 100 264 83 22 31 
261 198 166 268 240 81 248 
32 128 78 241 211 120 59 
161 166 82 52 247 217 
79 53 54 246 184 127 
202 206 242 245 218 252 
130 170 14 239 21 118 
229 234 43 18 180 25 
274 214 86 88 57 255 
194 292 143 241 62 190 
108 114 182 91 125 
293 14 145 280 219 
34 10 235 144 215 
261 101 44 141 146 
4 167 176 186 62 
50 247 238 199 
112 249 27 260 
57 170 91 68 
82 228 222 142 
65 226 266 279 
121 250 158 127 
82 282 244 122 
107 44 167 
124 44 13 
242 221 174 
73 190 295 
221 246 
224 134 137 174 81 49 177 212 55 251 
7 231 204 270 239 209 152 249 191 
289 34 290 7 200 235 145 119 218 
33 289 67 38 71 39 182 283 
288 98 198 199 171 216 286 
165 133 169 76 21 217 157 
37 198 265 271 20 214 190 
268 145 209 245 55 219 223 
98 290 102 7 105 234 16 
2 66 229 76 240 49 158 
296 75 174 216 153 285 287 
288 68 229 137 107 239 188 
102 262 294 141 142 88 123 
193 225 99 196 170 58 
164 36 233 106 146 150 
291 5 210 148 116 126 
102 295 10 46 241 56 
154 299 143 111 87 58 
261 134 76 275 215 
297 110 177 82 211 
294 103 8 241 187 
198 75 44 116 53 
168 185 274 83 
235 12 30 262 
58 147 279 154 
16 256 68 38 
112 12 192 
210 21 87 
273 266 111 
224 97 226 67 293 106 202 207 48 18 117 118 220 
1 297 10 42 202 52 85 182 281 63 
194 131 137 235 267 13 268 15 145 94 
65 34 164 10 14 16 87 217 122 27 
192 65 97 116 180 55 154 123 279 
257 166 199 10 175 79 215 249 189 
35 43 108 109 273 82 180 117 251 
199 40 14 111 243 52 23 26 62 
224 256 293 9 83 212 243 218 254 
0 194 9 170 201 172 13 211 216 
248 161 200 273 117 245 216 91 252 
194 102 297 10 108 46 281 253 
65 66 135 72 44 208 285 30 
291 80 147 179 117 281 122 124 
163 106 75 15 146 148 217 93 
136 268 110 18 53 186 91 
96 196 229 265 267 182 54 
1 195 49 217 250 155 
194 132 108 13 270 90 
167 74 45 270 250 252 
261 6 43 246 89 284 
128 140 146 180 214 253 
67 299 173 271 81 30 
1 263 42 273 19 56 
71 236 48 85 216 59 
47 145 217 251 126 
194 73 76 24 63 
65 294 136 140 177 
99 299 210 84 214 
56 161 74 19 
128 257 77 102 
264 279 134 215 
130 180 92 205 
164 171 116 223 
210 122 174 87 
260 276 30 
106 189 87 
48 125 
255 
96 224 290 100 70 134 201 266 114 188 182 124 
232 264 296 79 17 83 280 58 123 
2 195 103 265 266 48 208 83 249 
224 228 70 231 233 55 248 187 254 
289 100 294 232 42 142 181 185 
97 167 41 78 240 153 255 
161 9 42 140 145 151 216 
65 290 287 76 144 91 31 
197 235 175 17 18 246 
258 102 138 178 274 150 
164 229 166 295 210 57 
7 8 269 110 23 
164 13 112 245 283 
89 274 276 78 
299 74 266 228 
185 82 276 106 
192 167 181 151 
112 58 52 141 
56 202 98 298 
32 53 263 
75 51 
142 
129 259 264 73 107 236 110 20 245 151 249 154 191 
32 231 168 137 80 112 19 248 153 31 
97 194 135 106 237 112 145 83 56 
7 106 75 266 80 84 180 182 121 
36 5 168 200 42 80 280 188 253 
2 229 142 112 50 212 220 286 255 
259 13 174 17 151 215 251 189 
128 199 137 54 184 122 284 93 
9 51 151 57 123 157 190 95 
4 263 176 117 280 281 222 
296 74 299 206 79 221 253 
265 107 236 146 275 217 283 
106 205 47 48 245 185 250 
67 292 105 110 148 86 27 
113 242 21 120 254 287 
161 261 72 42 144 149 
167 207 275 150 183 217 
106 13 89 252 61 158 
5 293 46 144 247 188 
293 72 246 57 58 91 
289 50 179 212 280 
4 77 174 175 179 
66 238 272 155 156 
69 173 238 54 125 
258 131 111 113 27 
168 33 172 14 
152 137 236 215 
185 148 85 215 
210 133 238 103 
97 178 156 209 
132 162 100 
248 171 110 
269 205 199 
240 277 135 
113 133 
186 77 
290 70 7 72 266 12 81 85 127 
65 292 104 81 115 86 252 222 
165 10 49 275 148 252 158 287 
161 69 229 296 76 82 24 255 
280 229 80 178 85 152 28 191 
262 199 140 15 241 243 58 
199 106 43 138 244 150 156 
224 288 195 203 267 208 217 
162 172 206 46 242 244 219 
66 138 250 110 50 154 189 
198 77 215 120 217 122 156 
194 287 73 274 62 286 
34 74 150 91 221 30 
227 228 106 26 187 124 
234 75 16 18 51 187 
100 165 166 295 201 16 
291 103 209 114 280 
293 29 148 285 95 
231 74 24 220 222 
258 199 208 113 242 
226 71 74 236 251 
40 22 280 217 127 
232 115 88 89 127 
249 146 253 214 
41 252 36 5 
231 131 6 71 
48 81 267 245 
40 245 295 
104 290 187 
259 47 
90 
2 130 290 101 264 169 138 201 299 178 87 249 125 
224 67 164 38 105 298 45 244 23 280 158 94 
97 35 6 136 44 81 148 216 251 125 
290 292 75 268 299 79 61 118 284 221 
64 2 107 171 111 181 247 216 251 
193 290 5 264 140 13 144 178 
32 226 131 291 167 111 244 21 
225 281 234 299 280 217 282 60 
32 65 256 204 275 250 251 92 
97 230 299 77 78 16 120 218 
191 3 4 99 71 22 87 159 
101 136 44 268 78 79 113 126 
256 262 145 84 148 250 159 
227 68 173 50 276 220 222 
2 75 45 47 147 185 283 
160 162 9 299 236 206 89 
194 232 297 269 206 241 62 
194 232 137 237 178 117 29 
41 201 297 275 21 28 221 
33 133 165 48 252 29 
231 234 269 49 182 150 
34 104 44 216 285 
1 134 154 26 187 
163 263 16 211 220 
198 144 23 279 125 
259 39 206 209 181 
120 244 214 6 
248 145 173 87 
88 162 138 287 
171 85 149 
245 6 103 
3 131 229 
184 170 156 
67 237 119 
12 245 
0 1 96 159 165 45 146 214 87 189 31 
257 130 164 122 299 273 51 248 58 
96 128 37 5 165 299 85 27 223 
232 171 172 76 177 276 150 122 284 
289 197 103 234 271 119 183 251 94 
32 66 165 70 264 137 234 24 191 
293 264 175 240 278 183 88 25 216 
291 5 70 198 12 268 54 215 
64 36 197 167 41 273 245 189 
290 81 114 276 279 28 221 95 
130 132 294 11 116 24 155 157 
130 132 237 86 183 92 61 94 
164 6 135 136 85 249 58 
193 260 201 12 16 53 58 
0 96 36 201 246 217 93 
96 259 100 49 116 61 
160 40 204 53 184 250 
71 10 107 276 249 284 
168 41 141 271 52 252 
64 68 136 233 55 95 
200 233 203 175 210 246 
290 195 20 181 88 
193 102 210 115 58 
135 106 111 28 157 
48 210 146 294 
103 61 166 71 
112 25 82 137 
185 147 191 
10 174 239 
50 292 
196 
23 
34 260 38 6 297 142 50 19 179 274 120 281 
100 6 40 201 264 174 149 214 155 28 31 
259 168 170 78 208 30 248 186 156 126 286 
39 263 296 11 273 115 20 116 214 91 
69 134 249 200 24 153 28 62 
196 104 73 241 146 83 178 246 
97 226 294 71 172 208 190 
162 12 76 16 82 52 94 
168 137 109 48 116 24 126 
97 167 266 204 50 212 88 
0 169 171 45 78 141 
263 200 271 145 119 61 
34 266 282 144 18 186 
65 129 67 199 7 250 
129 13 156 249 60 
212 116 281 283 223 
144 57 283 53 
82 274 285 
218 115 77 
109 255 
113 
33 34 292 234 118 25 187 28 287 
291 292 71 79 17 177 210 122 223 
128 33 130 261 218 209 241 186 285 
165 295 201 75 275 149 118 251 93 
1 3 195 75 236 13 269 51 181 
197 231 273 85 246 280 122 61 
168 176 18 244 248 253 95 
290 196 6 263 175 246 219 
194 99 70 12 20 127 
75 299 78 179 55 284 
9 205 177 211 219 60 
35 295 105 184 29 127 
167 174 176 82 24 92 
42 84 276 22 121 282 
128 193 25 92 29 63 
8 275 53 247 60 
299 208 221 122 253 
260 272 276 279 251 
128 273 56 58 187 
145 138 169 276 
196 172 77 263 
289 82 85 47 
294 274 219 78 
32 203 285 239 
27 124 
217 253 
192 165 171 115 19 117 182 278 285 126 
132 165 168 201 296 110 154 91 126 
96 235 46 112 178 179 246 215 188 
0 290 8 171 236 238 245 86 124 
98 131 258 8 246 219 254 191 
64 288 195 227 166 140 111 79 
7 234 44 207 272 246 217 190 
96 290 167 42 248 154 61 126 
256 34 5 166 7 233 150 
266 171 48 274 23 151 252 
103 73 205 237 239 179 27 
32 39 269 147 277 57 63 
107 109 111 241 115 86 
289 229 170 80 81 241 
163 265 45 13 240 31 
162 133 251 188 223 
291 7 75 16 284 
70 12 214 120 25 
10 75 269 247 
120 242 258 263 
261 284 189 294 
44 62 183 
19 13 189 
24 58 52 
88 69 215 
120 35 220 
32 
226 9 297 172 205 210 83 151 248 157 
195 39 140 15 243 214 218 252 62 
32 65 288 204 207 209 83 180 251 
162 291 231 170 43 211 281 220 
96 5 174 80 240 116 186 93 
69 236 82 51 214 182 283 
70 102 8 6 167 275 159 
41 202 81 82 241 21 26 
99 5 42 108 109 80 92 
293 298 252 118 155 60 127 
162 99 232 75 45 250 287 
35 69 49 82 87 251 
256 131 274 254 89 30 
112 22 280 58 286 255 
129 290 135 267 140 61 
32 67 100 263 53 89 
196 145 55 250 284 
65 40 142 244 191 
99 294 243 54 186 
288 229 76 45 177 
105 269 142 147 254 
97 42 80 273 25 
76 174 117 54 246 
200 13 115 147 24 
70 108 142 208 189 
3 234 172 146 213 
195 40 139 174 208 
0 40 200 205 114 
265 282 284 239 
248 193 282 101 
290 188 197 207 
233 28 158 
99 135 200 169 10 265 12 18 178 244 277 55 187 
65 196 71 109 112 144 56 94 63 
1 34 289 297 52 84 186 221 
160 71 232 74 77 19 25 95 
67 291 38 81 23 56 250 95 
288 130 46 208 180 212 23 254 
132 68 38 234 212 150 58 
27 137 168 110 47 145 91 
136 42 18 243 50 286 
64 128 228 235 76 283 
98 35 180 56 60 94 
259 165 38 293 30 31 
160 97 98 172 176 124 
258 293 231 298 204 51 
96 178 147 54 120 59 
263 204 47 278 247 
96 197 70 148 218 
5 40 77 14 58 
65 166 145 28 29 
226 40 277 218 219 
163 238 178 82 55 
81 155 281 135 
18 190 38 146 
176 26 130 23 
258 36 53 44 
25 282 283 221 
99 19 237 
280 107 30 
162 10 135 
65 2 70 135 294 169 234 204 271 51 155 
258 202 11 143 273 85 277 285 187 253 
38 295 234 237 51 20 53 90 28 63 
262 235 173 251 48 21 153 250 123 
1 109 269 144 23 120 186 28 
133 136 44 79 176 209 245 189 
66 162 136 139 299 110 221 63 
217 266 171 78 54 185 58 60 
195 231 139 299 239 211 248 
34 291 292 180 21 190 222 
96 122 204 208 246 90 
289 35 235 12 217 159 
101 293 9 139 12 122 
235 180 84 53 154 127 
258 195 172 175 117 285 
64 132 77 80 179 252 
233 170 265 204 46 
289 260 232 241 22 
96 257 50 283 92 
128 196 242 212 118 
165 140 16 150 159 
206 210 184 90 216 
105 282 251 198 
216 288 27 260 
225 242 87 
232 73 278 
24 223 71 
88 179 96 
162 3 166 40 42 75 12 299 81 274 249 122 59 29 
290 132 101 297 42 172 204 205 79 251 
133 293 204 13 79 49 85 23 90 190 
130 198 105 297 80 144 180 151 284 
64 193 258 195 234 269 84 25 157 
33 249 41 211 148 23 217 253 30 
6 201 76 13 80 86 157 125 
289 66 195 51 52 213 121 60 
32 130 3 100 81 147 254 
224 294 298 83 85 121 124 
37 145 243 86 216 27 92 
161 196 143 23 183 155 30 
160 228 101 232 118 154 91 
196 164 18 54 23 219 
230 106 182 279 216 25 
68 107 270 279 282 254 
231 8 73 51 63 
268 17 250 157 126 
100 7 210 277 157 
160 230 43 84 218 
176 180 292 208 
160 18 26 203 
8 106 132 62 
108 19 84 294 
168 89 193 244 
80 17 244 134 
152 11 21 149 
160 4 157 
136 226 140 
268 46 
128 256 66 199 72 296 118 151 221 220 157 
191 2 8 169 112 243 276 120 31 
32 3 139 77 242 183 248 122 93 
257 71 73 179 149 183 281 124 
257 133 107 269 176 121 286 
192 3 41 107 212 250 124 
258 164 296 10 115 22 26 
160 299 272 20 278 215 249 
66 76 268 18 56 89 190 
292 261 234 204 15 148 222 
136 234 298 144 20 123 157 
67 228 233 240 212 21 94 
32 1 39 19 281 255 
164 231 103 41 298 223 
288 229 54 251 92 286 
35 133 238 272 51 57 
38 104 208 21 284 221 
259 298 271 217 122 62 
196 6 20 54 216 
227 206 18 119 159 
73 173 110 175 95 
141 148 181 214 150 
97 292 199 74 91 
40 177 180 53 54 
178 163 101 207 
113 225 173 30 
40 90 164 253 
56 43 126 95 
122 68 223 
224 138 254 
206 231 
4 207 
160 1 192 164 137 234 269 241 242 277 55 121 219 
1 289 134 264 41 138 170 297 81 55 25 94 
289 100 230 111 81 18 114 274 61 62 
2 295 8 177 82 276 23 88 255 
166 39 294 169 296 78 206 84 127 
161 226 100 36 298 107 108 240 181 
162 228 135 168 109 17 25 57 
230 39 231 115 147 22 55 
3 263 270 207 277 280 58 
224 228 202 45 210 118 
240 147 182 220 158 223 
225 68 296 170 29 159 
129 226 99 210 250 93 
100 260 261 199 82 59 
0 143 18 50 285 222 
196 169 74 79 209 90 
132 198 74 174 17 219 
34 199 103 249 124 
36 267 272 276 158 
94 90 277 38 
16 232 276 270 
80 57 5 46 
58 3 276 292 
277 12 261 134 
26 180 133 
0 271 207 
124 37 174 
90 126 159 
256 153 14 
57 
97 290 292 38 174 79 112 283 54 279 250 187 157 223 
0 96 161 67 288 37 41 298 107 271 117 27 191 
193 162 250 270 272 20 278 90 251 94 191 
64 3 167 190 248 188 157 126 159 
161 136 236 142 79 148 279 251 95 
65 37 106 243 55 25 63 
290 261 38 201 299 253 222 
195 45 14 144 242 118 278 
262 138 113 210 213 23 88 
233 207 150 284 29 286 
231 40 60 246 281 28 
225 5 71 267 149 281 
131 264 105 82 189 29 
199 174 175 242 24 220 
32 225 8 15 120 60 
97 34 40 108 150 
160 1 265 274 219 
103 265 237 147 248 
162 235 244 248 124 
216 223 109 167 
296 49 130 293 
16 248 250 253 
208 141 206 247 
136 9 203 
197 244 5 
41 18 294 
138 219 246 
121 158 
105 118 
224 33 166 39 198 267 12 140 86 22 152 183 
65 258 163 68 18 21 150 28 157 94 
160 65 40 168 16 50 51 21 25 
163 234 237 79 176 212 117 55 92 
98 166 295 9 267 154 123 
257 2 68 237 88 218 284 
229 42 174 48 280 90 253 
5 39 205 110 46 114 63 
162 258 42 144 81 241 179 
129 164 233 11 267 45 183 
64 73 269 20 86 188 
202 234 175 208 209 180 
259 39 243 244 149 123 
136 44 149 213 90 30 
161 169 47 56 123 
1 132 244 24 184 
40 98 54 239 
144 265 43 181 
261 51 187 231 
40 242 269 111 
97 129 121 47 
56 229 157 158 
0 226 52 22 
144 218 14 
218 261 
210 
0 
99 196 229 71 200 296 141 145 179 246 
135 169 106 79 207 251 280 26 59 92 
261 200 232 79 274 275 183 123 279 
102 27 106 273 83 214 120 59 152 
197 73 10 171 265 46 27 28 285 
0 130 67 35 200 272 245 187 
289 260 266 11 204 237 120 221 
225 198 262 235 140 112 126 190 
0 100 165 261 73 145 91 127 
224 3 4 102 212 94 95 
161 99 35 228 118 247 221 
229 104 203 172 47 145 22 
45 150 118 219 284 222 
295 170 46 275 85 159 
130 41 12 211 280 155 
195 229 171 108 83 180 
67 236 146 121 286 191 
294 200 150 155 126 223 
198 170 298 140 54 253 
67 293 167 104 170 
0 47 213 91 127 
290 228 269 149 184 
37 199 170 270 190 
251 15 209 27 287 
230 171 47 50 283 
256 194 78 80 26 
81 73 128 238 
115 99 144 270 
80 150 188 142 
192 33 59 97 
202 194 261 102 
161 137 147 281 
177 63 47 
226 171 46 
233 2 
73 114 
160 34 228 165 38 168 268 207 144 187 156 
35 6 198 11 180 57 26 93 159 
280 98 291 140 120 250 59 152 127 
224 195 71 104 179 86 278 126 
160 225 70 168 266 210 245 125 
260 293 8 299 211 184 58 155 
162 135 11 269 271 81 118 91 
0 236 210 24 217 126 127 
260 69 145 179 248 281 251 
226 228 42 12 249 282 
192 260 107 171 49 50 
66 298 145 179 281 189 
192 256 35 249 25 127 
1 266 236 80 185 
7 137 299 213 215 
256 194 3 145 216 
291 69 262 49 84 
110 51 278 283 125 
130 230 73 106 157 
185 68 173 255 
88 273 288 47 
209 290 189 167 
281 170 211 230 
89 99 118 
194 172 116 
235 135 
161 66 226 228 261 74 108 239 18 243 30 
225 35 295 170 204 47 213 24 59 156 63 
194 8 234 171 214 246 247 124 31 
66 290 165 103 201 78 47 18 276 
130 69 264 105 12 237 111 53 213 
226 195 197 199 104 105 76 254 95 
128 121 72 10 180 25 282 189 
225 131 195 71 295 73 148 283 
98 8 176 274 121 156 221 95 
64 96 288 260 262 137 25 93 
160 193 164 167 264 203 108 60 
208 243 276 245 186 155 220 
288 193 207 16 147 85 
96 33 133 270 178 117 
3 293 294 239 241 89 
100 6 170 106 182 123 
291 100 106 141 208 49 
290 291 259 202 88 
225 195 136 25 255 
128 99 40 296 27 
72 42 275 190 
297 218 115 125 
72 36 260 198 
169 138 229 
209 205 231 
144 242 250 
160 263 264 13 141 143 81 145 278 24 187 28 
195 68 227 281 168 200 201 44 240 121 250 31 
0 32 291 297 16 113 240 280 25 218 57 
3 106 234 267 45 211 183 24 220 
263 296 106 75 141 22 216 185 93 
96 97 133 238 274 117 91 255 
160 136 296 140 211 152 25 62 
130 101 5 107 49 53 215 94 
257 289 164 168 200 140 248 217 
258 261 166 232 51 150 285 191 
35 165 138 139 118 119 218 63 
258 71 297 10 142 110 180 
225 98 5 264 213 251 190 
225 258 231 142 115 245 158 
166 167 46 174 148 215 30 
128 226 4 295 11 142 271 
64 231 106 170 145 185 255 
193 259 204 206 249 219 189 
38 199 13 55 25 124 31 
192 38 204 240 85 86 57 
290 259 165 251 240 27 
165 138 208 209 246 119 
0 227 228 74 144 251 
132 260 200 12 236 270 
165 261 17 116 84 86 
0 33 74 181 184 89 
174 178 181 152 153 91 
64 136 142 53 216 
107 44 243 245 184 
203 76 272 52 278 
74 114 119 248 90 
16 82 101 223 
99 142 51 62 
18 268 157 
104 193 263 
41 251 239 
272 236 117 
193 235 28 
161 154 156 
173 158 247 
195 219 
259 277 
216 193 
194 276 
221 
96 265 170 139 205 207 243 152 26 184 
194 164 101 169 12 270 81 146 178 182 
197 267 77 271 241 276 54 25 287 
128 135 299 77 271 273 82 54 63 
258 169 42 107 173 87 220 
65 264 237 207 146 213 94 
128 160 297 47 17 123 60 
195 107 141 237 145 213 286 
229 107 172 75 174 239 112 
200 137 15 283 252 30 
72 265 173 208 177 31 
34 70 266 108 21 89 
39 75 48 149 213 26 
44 15 240 216 94 191 
229 264 73 110 244 219 
209 242 252 22 55 60 
224 289 98 8 20 250 
163 172 12 89 283 188 
200 9 18 88 284 221 
36 267 184 185 284 30 
206 79 120 185 27 
68 203 239 185 94 
68 177 244 58 286 
160 2 261 77 60 
258 228 266 49 56 
249 134 110 212 153 
70 8 250 220 61 
128 235 172 247 186 
56 231 205 207 
240 153 253 174 
184 59 116 94 
11 236 110 
233 61 
121 141 
227 
256 129 168 42 11 74 202 209 273 244 86 151 
128 98 36 6 264 108 13 185 284 30 
98 291 260 229 294 43 45 113 281 285 
64 33 217 144 273 84 185 218 
141 177 82 275 278 87 90 31 
2 229 111 47 272 19 180 223 
225 292 262 103 232 142 112 18 
229 38 200 107 146 149 58 287 
32 168 264 296 241 153 253 
2 68 292 209 82 124 286 
160 227 11 109 285 60 157 
290 76 272 23 88 25 282 
100 103 142 271 283 251 
41 170 11 270 146 86 
229 265 119 90 92 61 
167 299 13 176 216 154 
259 166 296 251 189 254 
33 130 237 48 51 26 
65 229 79 152 184 
65 296 266 299 122 
244 54 92 222 63 
256 66 238 178 53 
163 143 218 283 92 
225 171 110 152 26 
161 170 238 178 152 
18 99 228 7 
34 131 251 227 
49 140 213 113 
201 260 125 
152 281 287 
169 51 117 
169 250 
227 70 167 295 12 79 177 178 273 54 125 254 
161 2 260 102 73 108 15 112 271 282 
132 69 292 155 83 179 27 60 190 
290 35 9 275 120 281 285 63 223 
165 199 298 299 83 122 157 159 
101 200 41 232 242 179 212 118 
97 12 140 175 118 56 153 188 
75 235 237 239 241 185 126 
225 257 139 49 116 247 90 
162 67 101 231 201 235 142 
132 136 203 207 176 24 283 
1 226 168 264 52 217 186 
129 227 292 266 141 24 
160 226 16 272 20 189 
35 167 239 183 121 91 
166 233 48 53 215 249 
162 267 55 27 93 63 
32 36 12 270 86 182 
295 174 271 213 121 
129 101 136 19 154 
260 104 137 74 236 
225 28 93 191 
137 35 110 231 
291 11 117 70 
248 130 6 
184 229 101 
16 236 54 
146 118 279 
261 39 
170 7 
130 226 292 249 233 267 140 79 145 179 149 221 57 155 189 
193 163 100 39 138 267 12 268 152 157 
133 154 203 268 142 113 274 122 252 
99 233 107 110 114 115 23 58 62 
160 36 229 270 239 186 124 127 
160 2 132 260 134 263 295 75 
193 101 70 171 179 25 62 
129 226 258 298 143 111 190 
35 259 37 209 211 92 30 
228 39 168 172 173 22 155 
34 168 175 279 218 188 93 
291 74 298 80 210 88 
98 197 40 174 178 115 
97 161 100 104 265 178 
136 61 189 188 93 
193 226 37 49 18 
256 171 268 114 219 
128 264 105 45 121 
274 155 235 39 
290 52 197 214 
237 99 108 131 
220 260 6 167 
298 139 20 230 
170 90 75 22 
240 1 257 
121 242 102 
224 137 78 
25 145 277 
210 175 
32 258 292 17 18 146 150 57 26 29 126 255 
64 257 260 37 295 266 77 271 87 122 
194 290 201 78 15 238 242 184 217 
288 104 202 75 76 16 180 29 222 
34 164 299 172 183 283 93 287 
260 295 173 49 156 211 92 
65 262 39 17 92 157 255 
260 41 11 145 24 92 157 
132 292 111 181 278 60 287 
291 234 106 203 270 241 188 
33 3 140 206 149 87 27 
32 4 7 207 82 119 
129 76 80 210 216 121 
193 136 107 84 121 159 
135 200 235 85 249 95 
193 225 103 136 271 146 
196 70 232 82 19 188 
231 299 173 211 282 
73 15 17 211 222 
168 298 83 277 221 
228 104 44 82 85 
67 90 265 242 186 
207 240 177 275 190 
36 104 46 251 123 
152 65 213 167 
168 250 298 103 
137 43 166 257 
197 240 157 22 
224 202 207 
296 85 150 
89 34 158 
113 106 153 
225 66 163 261 293 207 177 242 121 252 63 
161 100 38 298 75 44 141 150 248 219 31 
130 71 235 173 176 146 84 244 279 220 
224 166 205 81 146 277 284 216 283 124 
132 164 166 27 108 44 114 185 154 123 
0 98 227 196 136 138 109 24 286 
0 4 197 198 229 43 238 16 122 
160 261 7 203 299 272 52 246 286 
224 257 103 72 296 234 19 280 92 
96 285 250 144 145 20 212 26 125 
96 3 231 172 205 48 87 119 
96 192 162 34 256 112 50 275 
64 257 171 111 272 83 91 
98 44 77 276 149 188 94 
2 230 40 168 251 243 123 
97 102 136 234 142 18 51 
257 280 13 175 113 275 152 
64 69 37 83 51 284 287 
227 102 109 80 208 86 158 
0 67 298 219 179 244 27 
289 81 50 82 87 253 
128 230 107 181 26 220 
192 3 76 19 22 152 
171 75 12 145 245 28 
194 4 36 242 119 157 
298 174 14 272 21 249 
96 33 38 39 220 254 
228 6 47 151 285 287 
131 199 7 247 56 28 
257 98 131 227 6 12 
139 12 269 299 211 281 
295 269 143 82 244 
168 266 80 180 120 
11 260 165 86 
153 194 173 
217 106 235 
64 220 230 
193 151 
67 196 197 139 47 178 245 23 24 152 
289 162 102 138 79 48 241 57 60 
96 160 3 261 135 146 183 190 94 
97 3 39 104 106 176 20 213 
128 2 70 103 138 208 253 63 
130 134 135 262 77 178 245 122 
133 136 210 51 20 180 184 28 
0 291 263 295 43 142 151 26 
192 228 165 197 169 209 189 
163 255 145 210 186 126 127 
38 203 208 215 281 284 
164 40 10 177 51 187 
0 129 194 195 103 282 
105 272 119 153 93 63 
264 78 207 240 156 31 
97 162 144 116 93 30 
72 174 184 91 29 
268 206 175 213 119 
256 212 152 252 216 
68 42 271 144 123 
227 166 53 149 222 
172 13 111 30 31 
216 224 27 223 
88 146 235 180 
8 145 193 39 
264 49 6 263 
192 73 122 191 
24 157 295 
218 194 
187 118 
288 2 258 198 295 73 74 268 243 25 
101 230 200 139 267 209 254 279 29 158 
133 10 75 106 108 110 138 20 22 30 
32 290 6 75 146 19 279 124 95 
159 130 100 9 83 278 185 254 127 
38 230 137 241 22 215 89 187 
225 163 133 102 74 238 116 22 
104 48 113 246 25 250 156 255 
65 225 99 233 173 176 242 285 
228 167 210 274 244 123 95 
1 39 75 76 53 222 62 
1 106 205 81 179 182 62 
194 41 268 113 49 20 187 
96 99 196 263 13 142 93 
98 239 115 61 219 221 
34 142 50 82 55 189 
36 167 168 206 215 279 
96 101 78 113 147 57 
36 133 73 10 272 217 
1 168 46 18 50 287 
289 231 105 235 124 62 
142 14 215 188 190 
5 7 20 247 223 
101 14 186 27 159 
263 264 45 175 25 
224 289 231 296 209 
16 106 214 138 
297 131 165 71 
73 74 180 257 
176 140 118 
209 251 196 
176 1 179 
254 87 
288 289 133 41 137 265 209 154 220 286 
33 131 232 298 171 172 79 271 123 95 
261 38 270 81 182 254 92 157 222 
128 164 135 136 299 108 23 279 189 
163 132 173 14 50 51 244 28 
162 165 70 229 136 13 269 
34 226 69 38 17 21 60 
225 101 102 171 237 78 207 
224 33 164 295 77 16 153 
298 282 77 53 182 26 220 
38 264 277 86 247 218 
260 68 137 239 271 29 
290 131 36 134 137 31 
36 107 16 50 216 254 
80 116 55 120 91 157 
196 294 271 80 59 94 
96 230 267 269 142 287 
229 293 263 29 95 
259 261 180 152 27 
102 107 175 215 120 
108 213 150 280 126 
202 292 110 231 
40 91 70 
258 298 293 
266 228 102 
253 182 
247 87 
158 
100 5 262 135 263 59 110 185 123 189 
98 71 11 206 116 56 89 26 189 
130 295 73 46 143 206 207 116 
192 172 16 148 181 212 89 251 
165 71 234 85 182 58 156 286 
192 256 290 3 263 42 172 158 
34 67 258 75 76 87 186 155 
288 34 296 241 114 283 28 
219 208 214 280 155 252 126 
280 292 174 47 62 59 94 
259 230 72 139 272 30 
162 71 11 247 188 189 
192 73 172 242 53 184 
32 68 71 299 113 18 
296 138 178 181 25 
229 6 84 221 159 
41 145 283 103 
185 190 71 39 
197 284 117 
3 196 298 139 206 239 50 116 20 182 57 218 253 
66 228 107 267 13 82 245 86 89 26 
227 37 169 235 77 115 179 54 248 188 
161 35 4 71 39 277 246 249 92 61 
6 172 208 146 244 154 123 191 
261 72 104 207 18 149 150 30 
100 101 134 41 85 213 120 187 
33 194 100 229 263 202 82 
129 257 163 73 146 90 157 
166 7 78 241 275 23 90 
128 5 142 206 17 273 151 
295 296 10 13 50 118 223 
7 43 48 22 222 62 
8 201 238 281 250 283 
257 106 110 276 53 125 
100 230 294 204 48 276 
99 164 295 181 62 255 
8 105 202 241 148 277 
36 102 137 74 80 
129 228 201 240 244 
194 99 135 120 127 
205 142 46 21 89 
144 66 46 286 
257 258 110 55 
1 117 158 271 
26 44 
177 54 
32 132 106 43 207 16 18 243 119 249 127 
97 130 259 291 230 72 206 14 247 222 
35 37 134 201 297 204 277 150 55 59 
98 69 37 104 200 138 139 205 78 250 
289 198 135 42 273 242 27 254 31 
67 232 73 201 267 252 55 283 124 
39 142 212 116 246 217 157 286 
33 137 176 54 280 188 254 63 
165 136 219 207 17 210 21 91 
2 293 206 147 118 22 25 187 
33 295 168 175 208 22 282 283 
195 123 272 115 51 52 118 27 
101 293 104 74 204 79 51 
202 204 21 30 157 158 
168 236 177 210 148 276 
3 5 103 146 119 251 
98 166 231 76 237 238 
228 267 43 269 16 287 
193 162 74 270 182 
176 89 242 249 
105 75 86 254 
135 169 271 55 
48 122 4 
192 100 101 287 296 106 13 205 111 86 185 158 127 
271 83 117 22 119 56 249 154 251 28 
32 162 292 38 263 74 234 19 124 63 
167 218 172 240 145 148 247 248 154 157 
193 37 105 110 272 242 85 281 31 
99 100 4 249 171 121 222 30 
7 138 173 14 113 273 280 29 
228 197 230 135 76 238 175 111 
160 131 104 46 146 210 212 
260 292 134 266 108 44 157 
192 69 41 282 80 90 220 
99 229 75 14 142 26 62 
192 41 79 54 217 253 94 
33 5 261 7 202 15 81 
192 196 71 9 10 215 184 
133 45 173 49 156 285 
32 258 99 23 92 
200 204 82 117 183 
205 45 53 279 287 
288 162 278 185 187 
73 101 13 183 
168 256 164 69 
0 256 296 272 
160 10 59 141 
264 90 75 285 
0 81 261 263 
192 246 
128 227 
208 101 
161 193 38 39 168 43 140 172 112 17 273 120 185 122 94 223 
1 98 169 233 236 18 212 24 61 
4 134 71 158 81 26 123 189 62 
0 98 258 259 71 48 49 210 153 
2 292 168 106 176 53 185 282 253 
0 267 76 273 180 212 185 30 
290 165 5 270 112 178 242 119 
224 231 43 44 142 220 94 
163 196 297 240 273 115 252 
194 169 268 207 181 151 
108 76 176 53 186 95 
32 160 101 134 200 205 
3 6 268 49 148 89 
228 138 116 218 255 
160 294 137 298 286 
124 219 4 69 
240 275 277 254 
290 84 285 
193 52 225 
56 173 
96 193 164 90 166 10 79 241 273 184 26 155 
257 168 265 203 237 112 50 251 124 189 
160 296 12 18 211 20 52 212 124 
290 292 265 11 205 269 119 249 218 
32 160 292 262 205 47 176 117 159 
6 202 12 212 213 245 87 155 60 
197 169 10 298 16 56 89 220 
37 230 203 140 276 213 286 
194 107 187 80 155 287 
135 78 243 152 190 223 
265 107 45 272 150 282 
10 141 81 52 85 29 
74 80 184 186 159 
37 210 179 155 92 
224 249 266 183 
8 115 72 263 
34 150 141 22 
128 235 116 166 
160 156 168 
220 76 86 
225 14 297 
161 130 195 135 41 141 14 275 52 24 89 188 125 
98 70 8 76 78 79 83 53 119 62 
197 103 40 73 72 139 110 15 145 56 
0 192 258 7 72 105 299 108 25 158 
35 263 266 187 112 81 116 151 26 27 
192 195 295 234 174 271 274 243 151 157 
186 172 49 148 149 217 154 29 95 
194 226 39 175 114 21 90 28 94 
96 288 227 102 13 141 15 213 125 
65 37 6 13 113 117 216 27 
128 36 198 73 111 146 246 27 
164 166 118 184 26 220 29 126 
65 129 7 297 209 26 191 
164 108 205 111 178 222 191 
9 234 265 175 241 244 214 
164 11 28 274 119 282 124 
65 106 299 236 279 93 
64 258 6 120 186 127 
165 77 144 176 89 191 
294 74 236 148 279 58 
4 230 170 109 84 217 
128 70 72 142 153 
38 108 23 155 254 
257 168 24 90 123 
293 171 145 273 159 
288 210 10 94 
49 258 21 39 
260 286 94 135 
16 24 210 157 
184 58 296 244 
175 150 63 
0 242 143 
196 5 
258 229 71 41 106 171 112 114 115 86 153 26 188 
193 98 195 36 141 19 21 158 220 189 126 159 
97 194 225 27 155 174 274 148 118 123 158 
96 257 101 230 105 137 140 143 275 180 27 
98 166 9 10 106 266 145 52 87 123 222 
3 197 235 108 270 240 145 178 282 60 
225 285 202 141 79 243 215 216 154 253 
192 66 35 291 45 112 56 25 26 93 
128 218 250 107 144 210 154 91 220 
102 11 208 18 276 86 188 158 95 
1 66 4 101 103 44 205 14 
129 67 8 140 80 186 123 223 
293 265 202 51 180 211 284 254 
64 165 262 103 108 204 115 59 
249 137 201 48 276 117 25 58 
99 165 166 230 143 144 283 
290 8 170 143 114 153 61 
68 135 266 22 215 24 221 
133 238 20 153 219 30 95 
67 12 16 240 56 250 189 
65 296 202 174 111 282 
257 142 79 238 54 31 
100 6 15 210 22 252 
66 132 208 146 278 159 
172 268 52 84 22 185 
69 198 134 201 42 
69 167 138 155 124 
50 148 30 199 
112 42 235 262 
139 148 93 195 
242 52 260 279 
88 193 98 68 
16 49 227 126 
193 20 174 281 
176 266 109 192 
42 284 20 53 
294 18 238 
233 44 262 
258 282 244 
205 13 
131 36 133 195 281 136 265 77 239 113 51 185 
160 35 37 232 201 267 12 239 49 
290 38 203 44 235 110 179 153 95 
134 102 206 175 80 120 91 216 159 
7 233 44 49 248 218 155 220 
65 225 101 206 14 210 244 127 
228 8 40 83 182 279 283 
291 6 199 210 184 155 253 
192 100 198 199 8 267 48 
101 295 136 43 13 15 85 
294 42 49 84 151 91 
36 266 15 178 52 181 
291 265 78 85 182 187 
97 134 109 15 61 94 
237 177 183 280 157 223 
69 9 74 218 108 26 
263 72 233 167 90 
5 294 274 284 95 
137 42 171 45 84 
65 42 266 88 95 
2 234 206 46 178 
0 121 219 92 127 
67 163 166 108 282 
225 280 21 24 29 
240 202 298 198 
144 66 276 222 
147 38 235 
161 2 231 137 169 204 268 242 244 122 124 
129 39 111 207 275 181 213 56 184 
191 257 5 108 115 214 30 95 
195 267 78 15 242 147 88 123 
193 98 171 238 270 55 152 59 
0 195 7 11 13 113 220 95 
42 107 202 235 240 81 84 280 
33 228 101 37 142 207 252 61 
65 292 168 171 80 85 57 
294 145 210 147 216 26 157 
32 131 100 269 178 147 61 
162 195 132 206 143 22 284 
196 69 293 266 185 283 127 
226 166 39 202 115 255 
129 162 105 16 187 223 
197 165 202 208 50 191 
259 100 206 243 212 119 
96 227 81 114 177 179 
71 15 120 57 122 92 
233 42 171 146 87 90 
231 171 45 115 243 245 
102 135 7 22 153 
266 139 63 31 
191 23 125 7 
137 249 156 109 
176 178 34 
169 186 254 
291 190 23 
75 132 
258 
129 249 41 202 265 270 114 279 217 27 
67 70 199 233 25 282 28 93 158 255 
289 259 4 108 47 272 245 157 29 
166 231 200 10 43 74 149 156 
160 164 106 172 110 143 149 21 
134 8 9 11 241 56 282 
289 195 8 205 14 57 159 
0 163 138 241 183 152 186 
161 65 164 234 75 113 245 
96 68 265 174 144 17 217 
12 237 20 58 123 61 
256 48 211 151 152 125 
297 139 248 62 254 95 
194 72 178 214 122 
292 173 15 185 222 
3 36 144 85 118 
288 194 279 92 221 
198 143 49 53 149 
161 130 196 197 13 
101 268 274 248 285 
147 148 246 24 120 
97 98 265 143 156 
129 72 267 271 81 
290 172 207 25 285 
160 113 247 143 
144 114 83 100 
128 175 262 119 
16 253 260 157 
67 77 287 
257 20 87 
44 69 262 
17 226 190 
267 212 
6 
59 
0 1 128 129 131 197 108 113 181 153 125 
289 69 296 74 12 109 16 176 24 88 
288 135 232 169 11 204 243 180 184 222 
98 35 250 79 16 143 218 251 63 
161 226 67 229 105 53 58 91 
161 102 233 144 53 281 156 223 
280 13 82 116 85 55 152 
108 237 239 145 215 58 
261 38 203 236 49 249 
3 36 107 17 186 125 
36 198 7 78 29 
32 67 165 46 83 
103 266 43 12 93 
256 81 52 281 190 
295 149 150 238 
202 277 125 55 
88 210 244 77 
0 259 99 205 
112 98 92 
58 284 173 
48 172 36 
256 39 
106 107 
102 38 73 233 203 270 15 88 252 285 
98 229 16 113 114 116 54 278 219 221 
264 201 282 174 274 217 58 284 125 254 
97 39 41 74 140 271 87 60 221 
257 9 10 201 219 274 122 123 254 
288 194 136 42 44 80 210 91 94 
36 165 262 116 118 23 249 155 95 
131 142 274 115 276 277 118 125 
97 193 36 171 268 270 279 95 
98 108 143 207 210 118 94 
32 153 155 276 89 91 253 
0 226 297 81 209 51 220 
194 231 266 76 281 254 286 
39 232 18 114 20 117 277 
162 101 198 50 24 218 251 
98 166 43 177 51 276 27 
192 42 235 46 55 247 255 
292 8 235 140 269 122 220 
224 203 141 116 213 91 
196 7 150 24 26 187 
256 6 184 249 26 127 
163 281 233 120 217 251 
71 81 180 276 214 189 
227 105 237 279 186 156 
64 3 73 246 90 188 
297 74 45 238 177 252 
128 258 287 39 207 159 
249 138 299 121 255 
194 262 47 126 190 
259 145 50 211 188 
289 68 168 245 283 
96 194 44 79 48 
10 48 280 186 62 
260 77 270 16 210 
2 143 50 281 189 
112 17 215 111 
135 145 29 87 
8 105 165 
19 46 
32 68 135 41 42 204 216 121 187 95 
129 98 99 229 41 10 297 79 23 56 
69 103 42 74 14 271 112 183 57 
1 2 33 44 45 143 20 220 158 
193 137 273 83 147 149 150 159 
67 138 204 209 178 273 249 
133 72 207 54 23 187 31 
258 46 270 17 274 123 30 
41 139 237 20 244 153 91 
6 167 41 105 172 49 221 
72 268 276 119 60 159 
0 230 298 115 148 88 
101 71 41 111 241 243 
102 40 276 154 189 
34 131 229 246 29 
110 249 186 28 253 
100 72 271 239 84 
201 187 220 182 
17 235 44 140 
8 139 4 
227 262 87 
41 18 218 
155 213 
40 227 
89 
258 291 164 260 70 103 139 204 46 14 116 149 89 
218 282 140 17 146 21 55 217 58 123 188 254 
292 69 264 173 17 179 244 219 285 62 
0 96 259 136 273 243 117 185 27 190 
96 293 263 12 19 20 243 118 215 187 
128 161 166 105 297 75 108 210 91 223 
224 291 101 6 103 229 202 108 283 91 
64 3 164 261 143 212 21 184 154 
98 41 298 204 17 114 85 188 255 
160 225 34 293 199 136 138 243 188 
100 136 75 140 241 151 218 91 
195 132 230 146 19 84 89 123 
66 98 165 249 17 211 121 250 
3 259 42 77 87 88 154 59 
230 176 82 276 214 22 89 219 
226 292 169 44 80 51 282 
224 70 40 298 111 116 84 
160 65 194 46 209 249 155 
194 103 295 152 252 63 
196 70 265 110 183 93 
130 275 20 117 153 251 
137 174 53 119 58 95 
229 110 78 112 212 213 
202 75 205 83 179 
256 173 275 55 284 
5 237 271 20 56 
195 227 201 106 26 
114 204 278 15 
96 113 70 168 
121 226 61 158 
256 61 228 13 
35 279 286 183 
219 252 260 286 
210 90 205 297 
35 92 22 263 
137 233 182 
56 153 11 
9 282 149 
107 3 
201 93 
196 101 41 107 270 145 50 116 254 88 251 94 
194 7 8 201 144 211 118 157 184 60 125 
160 226 68 135 42 234 277 153 92 158 287 
34 260 166 299 48 114 23 254 255 
162 249 8 296 108 174 48 121 158 
161 298 268 238 175 51 217 122 
135 232 272 274 276 26 61 62 
2 163 258 198 81 150 154 222 
163 287 40 173 210 247 94 286 
36 7 266 221 57 218 29 
298 49 273 119 92 285 127 
32 129 259 13 207 218 62 
258 99 261 76 23 120 218 
35 12 142 212 278 284 
162 133 6 14 114 242 
164 165 179 19 277 126 
162 231 9 75 78 211 
104 76 87 59 252 
71 39 299 14 58 
289 197 102 7 29 
35 68 13 273 191 
32 260 278 88 27 
257 37 296 152 220 
75 172 269 47 215 
4 38 173 190 191 
248 175 145 180 120 
57 170 44 151 
274 122 203 215 
201 100 53 157 
295 
160 
193 101 167 232 9 75 44 80 176 19 244 118 121 
288 1 233 271 241 82 147 117 181 91 
224 99 259 72 168 11 107 178 210 
198 104 207 52 86 280 153 218 223 
256 67 164 12 114 247 153 191 
2 291 100 265 205 249 219 223 
101 295 237 269 178 18 52 90 
132 166 201 236 270 49 212 217 
228 102 236 45 50 278 90 
64 65 271 241 276 62 127 
228 261 9 76 141 179 88 
36 199 103 204 281 250 190 
100 167 268 88 90 152 
4 197 139 268 176 150 
128 102 171 76 59 92 
129 259 262 202 117 31 
169 15 82 274 54 247 
193 3 295 270 279 187 
164 204 147 278 61 159 
96 233 150 183 184 254 
1 298 12 205 219 
288 229 140 173 208 
224 12 180 119 189 
292 281 199 279 121 
167 241 53 282 219 
288 290 133 174 83 
193 234 276 92 255 
56 188 85 31 
160 193 285 93 
120 281 290 92 
272 161 10 204 
56 148 108 
113 206 183 
18 243 138 
234 75 63 
128 97 225 99 134 166 231 243 154 219 188 
195 68 196 41 48 240 21 56 122 28 
192 69 294 264 169 41 239 27 284 
271 208 50 85 118 245 121 124 222 
291 100 250 43 142 145 209 58 283 
1 100 176 49 116 279 248 30 
287 107 171 299 46 22 279 255 
194 290 269 208 146 182 247 255 
0 194 78 208 149 122 221 
225 263 267 208 114 243 252 
192 195 4 47 277 123 285 
235 81 51 52 150 153 
99 174 48 177 182 24 
164 70 10 240 185 27 
164 197 263 144 152 
185 146 291 87 
232 153 238 265 
72 33 235 201 
192 291 179 219 
205 52 109 7 
137 68 285 
0 220 93 
35 155 117 
219 78 
67 191 
292 69 232 169 74 201 203 183 88 120 94 31 
68 228 8 74 108 270 27 190 158 95 
228 170 16 115 211 276 154 284 30 287 
33 261 9 169 235 80 209 148 159 
260 202 270 18 54 119 25 91 28 
131 197 137 77 46 112 49 86 
161 99 229 269 47 16 115 179 
64 225 257 264 113 117 87 
33 163 292 101 5 8 147 
35 71 155 50 246 27 124 
32 38 141 48 281 158 191 
2 37 137 175 53 93 254 
248 75 48 85 184 218 124 
96 194 68 8 136 75 
102 105 112 177 58 220 
199 268 273 50 152 59 
96 197 198 299 79 186 
34 294 78 80 49 186 
98 6 232 176 151 
35 263 265 115 157 
136 173 114 179 52 
297 43 211 181 22 
298 107 269 239 145 
170 90 299 262 
232 298 109 62 
73 10 11 210 
34 116 117 
0 280 62 
65 114 261 
98 262 295 
224 175 
216 217 
44 292 
196 37 5 197 168 198 75 13 77 239 50 179 23 184 219 
130 295 296 245 280 281 92 254 63 
68 38 134 262 110 276 118 88 28 
299 77 241 83 51 150 151 120 216 
36 292 16 272 184 59 157 286 
194 293 112 179 20 244 87 127 
288 1 104 208 148 87 153 
102 231 168 205 243 120 26 
129 289 170 52 88 216 
36 169 206 144 19 92 
291 293 230 180 120 221 
135 171 108 245 87 62 
33 137 233 11 122 283 
16 242 51 276 29 190 
96 2 229 230 236 247 
165 229 181 54 216 60 
199 272 241 176 24 
134 296 175 182 253 
161 261 17 252 92 
288 39 74 112 212 
256 35 164 143 221 
259 71 45 27 157 
202 107 219 23 
33 203 44 265 
16 170 80 278 
8 245 152 136 
234 210 139 100 
260 125 134 23 
66 227 63 
219 214 39 
264 27 252 
251 30 
4 
165 295 200 10 298 115 52 21 219 30 255 
291 196 263 42 106 44 204 47 211 287 
34 35 196 133 109 18 50 87 88 120 
32 261 72 265 171 147 185 187 62 
129 37 168 200 138 108 279 26 124 
289 226 35 27 246 91 220 62 287 
100 294 40 145 179 211 149 183 126 
32 142 79 47 239 245 54 186 
130 5 170 75 237 273 276 88 
288 66 98 293 294 107 15 113 
224 39 42 174 247 24 89 
290 259 228 71 202 24 91 
100 200 172 112 81 180 
0 160 7 203 277 118 
226 217 264 44 57 92 
137 265 43 45 181 218 
225 2 172 241 121 27 
234 177 180 20 117 278 
297 271 81 116 215 93 
0 227 69 170 142 91 
132 168 14 240 276 250 
160 226 53 278 121 62 
37 44 46 52 214 
145 151 153 283 125 
129 156 215 122 188 
101 295 49 123 31 
19 181 153 252 63 
9 202 236 17 29 
228 111 251 222 255 
144 283 11 191 
259 188 195 28 
152 59 77 143 
72 299 140 198 
237 19 205 
74 166 
93 21 
100 68 166 8 233 11 171 268 209 148 85 
257 70 168 137 272 17 146 215 122 252 63 
232 9 41 201 236 109 242 86 182 94 
101 37 200 105 264 107 176 89 156 
68 134 202 77 174 150 154 126 
193 99 165 104 136 107 149 126 
64 129 67 69 41 108 115 119 
2 101 293 168 73 205 275 180 
291 103 108 205 111 29 88 93 
2 291 229 230 166 297 146 
65 43 173 240 152 281 220 
256 227 8 139 273 218 220 
33 234 11 140 58 61 127 
37 7 299 113 284 190 254 
99 135 235 299 45 86 287 
162 131 138 107 267 221 
193 37 134 38 269 253 
160 67 138 43 202 174 
163 37 109 179 182 247 
129 3 48 20 56 283 
263 40 73 295 21 153 
224 291 268 51 214 124 
131 70 41 241 182 218 
129 34 195 80 217 186 
33 265 172 27 93 
270 246 24 89 222 
97 66 259 289 281 
128 142 108 6 
9 267 125 159 
232 9 109 23 
92 205 46 
207 55 7 
273 175 
29 126 
290 227 135 73 234 203 111 241 214 26 156 221 
1 33 195 100 10 170 266 47 208 191 
129 225 48 240 148 150 87 26 189 
224 288 10 299 76 178 279 185 221 
2 175 84 150 278 89 122 61 
230 40 282 204 241 275 26 62 
37 137 42 202 19 183 93 
40 177 19 20 55 59 
128 129 258 167 235 240 
165 122 147 21 25 90 
193 232 238 111 117 22 
167 11 76 209 88 252 
131 134 155 179 26 27 
5 297 173 84 250 252 
176 114 156 93 287 
64 8 22 190 158 
97 291 168 113 245 
296 297 269 271 254 
291 264 74 212 92 
212 183 57 90 220 
160 111 127 7 
128 203 181 199 
48 165 150 151 
184 275 75 22 
226 239 13 79 
144 266 123 166 
232 57 205 287 
186 142 261 78 
41 154 159 
159 130 36 101 233 282 108 205 81 245 86 89 58 95 
98 35 130 7 265 80 114 149 280 94 
102 11 268 283 117 149 91 124 189 254 
161 3 164 103 71 105 78 49 179 126 
9 236 269 47 114 51 275 53 21 
101 201 45 17 178 185 123 189 
1 257 48 176 87 221 29 62 
96 261 299 237 45 22 285 127 
290 11 148 181 23 189 191 
224 295 233 109 50 147 116 
261 72 79 50 85 221 61 
128 132 8 140 118 188 63 
170 107 14 238 241 210 50 
265 298 141 89 254 127 
197 296 17 55 61 222 
169 240 274 212 23 57 
197 262 134 297 179 95 
224 194 66 74 151 63 
227 269 14 16 277 94 
130 269 146 275 54 
256 231 200 142 117 
256 297 10 241 148 
295 203 84 86 280 
132 170 122 28 285 
70 181 14 237 
10 166 85 149 
40 105 20 160 
0 81 58 96 
179 284 5 142 
18 59 36 203 
58 261 52 149 
177 182 31 
154 294 55 
209 260 279 
114 61 87 
167 9 44 173 142 207 16 87 25 
258 196 8 298 139 216 27 190 159 
64 100 293 9 10 13 273 218 93 
1 100 261 202 219 25 154 91 
131 231 16 114 147 57 221 253 
224 287 69 9 237 121 31 
32 35 195 45 56 282 287 
2 164 198 166 105 219 
196 9 12 49 121 255 
35 166 109 79 146 184 
0 11 46 86 57 125 
161 102 199 172 77 177 
4 293 296 143 275 276 
141 79 242 274 25 154 
32 116 278 120 250 
290 259 228 236 286 
144 287 85 255 
120 115 110 251 
232 114 14 254 
137 83 257 247 
220 68 285 287 
48 289 51 
195 158 251 
220 180 150 
275 83 245 
54 38 287 
234 223 
161 215 
114 
161 131 36 230 219 271 248 25 91 93 
64 1 194 102 265 171 181 87 284 
226 217 76 45 268 178 153 283 28 
32 35 131 260 122 40 87 58 219 
131 110 112 113 176 149 122 31 
224 225 229 13 79 144 215 91 
257 258 99 169 299 114 60 191 
232 296 16 245 248 90 190 191 
248 70 38 268 240 54 56 188 
64 257 211 181 59 157 191 
161 232 236 113 213 283 156 
193 35 72 145 50 179 127 
128 199 106 299 176 120 221 
134 199 272 146 122 60 126 
260 47 273 180 213 252 61 
162 260 143 50 148 24 121 
104 46 17 178 115 286 
37 299 270 240 150 31 
226 135 107 142 242 117 
256 1 297 107 112 25 
96 193 67 87 95 
231 137 13 270 86 
65 260 39 183 29 
24 201 196 71 
100 235 28 36 
224 171 60 6 
193 90 236 262 
274 123 30 
105 162 275 
241 34 236 
50 94 
227 37 198 39 9 105 203 49 18 273 25 
32 198 8 232 110 15 142 146 51 85 
2 197 171 268 207 210 19 116 278 219 
96 234 279 54 215 249 218 220 62 
64 198 172 46 79 145 18 149 
193 69 8 138 76 24 190 
64 34 101 298 236 245 24 
197 264 235 269 86 251 221 
106 13 15 241 244 281 251 
41 75 16 88 187 221 
288 130 113 82 280 287 
96 11 145 20 276 125 
3 131 265 44 177 151 
228 262 118 94 127 
288 71 174 247 93 
106 277 87 28 127 
292 134 46 55 157 
132 196 68 50 221 
224 292 70 205 147 
226 293 45 275 285 
167 203 13 207 126 
112 289 35 36 
114 150 253 102 
0 35 52 84 
186 83 230 238 
199 53 182 87 
172 189 111 
25 83 126 
260 207 
47 
225 130 35 229 167 251 153 59 62 
4 6 122 198 297 46 143 85 26 
290 5 229 171 141 244 25 158 
64 289 107 50 278 58 188 
139 140 76 82 179 284 
226 13 242 220 189 95 
223 201 50 213 23 95 
4 133 116 56 89 124 
65 289 40 180 189 
1 183 28 254 223 
105 140 114 121 58 
98 140 18 117 60 
225 197 6 171 124 
277 214 282 158 190 
296 297 140 205 115 
183 268 70 79 
49 108 117 247 
49 13 262 165 
75 93 37 135 
167 201 295 23 
120 272 108 200 
10 36 98 
192 188 216 
27 133 
0 38 72 140 47 111 81 179 86 184 282 
195 39 138 14 113 50 184 282 285 255 
265 241 50 82 116 85 210 24 249 159 
256 2 259 10 238 48 87 280 191 
105 123 12 82 279 120 217 91 
193 230 40 136 145 19 190 
100 7 210 115 19 118 55 
260 134 206 120 253 254 159 
162 4 169 202 239 277 
109 173 276 53 214 
196 171 143 156 63 
1 2 213 62 127 
129 143 177 23 189 
263 104 235 179 181 
231 72 139 179 156 
203 157 134 211 
288 94 54 279 
110 259 76 86 
281 218 149 246 
249 51 28 39 
41 210 274 199 
0 56 150 
299 180 134 
98 261 45 
128 264 230 
266 91 219 
8 
130 217 231 233 108 16 50 146 212 151 153 63 
290 196 8 73 238 50 93 53 248 29 94 
192 130 36 78 17 115 279 282 219 252 
228 165 80 118 254 278 217 219 158 
290 101 172 12 20 181 186 220 61 
224 2 228 46 79 113 241 286 223 
35 198 109 173 81 242 180 27 255 
257 291 132 69 167 271 18 250 
134 265 174 48 119 89 28 
233 204 143 146 84 281 191 
153 163 196 293 143 57 283 
203 270 179 246 183 120 
171 172 109 47 241 55 
192 100 292 38 237 245 
272 145 50 115 95 
131 202 46 27 60 
193 280 85 216 284 
99 298 113 275 254 
129 258 117 58 30 
131 13 238 55 126 
261 17 214 217 92 
17 244 166 286 
269 174 237 6 
200 272 214 30 
249 83 271 235 
96 121 186 118 
197 177 131 141 
272 249 270 
8 224 
200 39 
66 98 235 76 205 269 242 212 151 215 156 158 
130 196 263 138 266 13 83 19 56 185 218 
260 261 72 115 211 246 216 91 92 253 
192 195 229 102 231 41 171 56 282 123 
193 260 292 295 72 75 268 78 14 220 
258 69 38 202 114 51 55 285 95 
98 12 143 82 215 216 90 155 189 
292 166 104 235 299 173 54 218 191 
194 294 235 206 19 22 26 220 
128 194 261 296 50 53 31 
287 41 111 117 58 156 63 
32 195 199 107 110 182 25 
223 168 73 296 271 182 255 
65 2 100 68 7 219 253 
291 114 19 55 189 253 
258 67 197 238 57 254 
234 48 81 177 155 189 
288 99 108 215 216 
226 99 163 227 43 
0 295 39 242 243 
199 172 177 151 31 
0 209 246 247 122 
194 3 195 74 221 
296 202 267 15 220 
290 11 15 19 277 
111 47 52 124 29 
192 262 88 186 285 
197 49 246 154 191 
112 129 50 209 
2 275 13 166 
199 115 294 119 
128 150 269 54 
136 276 134 192 
137 90 269 
115 21 
88 166 
95 
262 
224 34 130 6 200 142 112 20 245 87 152 279 184 
225 98 163 165 262 155 45 141 115 149 123 
257 2 163 37 299 108 45 51 27 221 
153 67 292 199 43 116 55 89 247 
128 227 171 172 111 118 56 284 158 
197 6 138 50 244 281 251 30 127 
264 12 236 15 145 83 22 62 
192 33 71 72 107 209 23 286 
97 37 199 203 208 20 54 94 
288 289 231 73 76 19 278 187 
295 136 9 203 113 53 22 
96 1 66 33 170 115 215 
1 258 199 185 31 286 255 
2 130 232 176 240 245 219 
261 104 168 175 54 282 
131 42 237 87 26 123 
261 76 269 246 152 31 
40 106 234 55 91 124 
99 199 78 178 114 191 
36 39 138 139 51 56 
226 205 179 56 88 285 
129 45 78 95 255 
202 11 111 211 184 
107 139 203 275 61 
231 9 143 62 287 
291 68 272 276 158 
128 297 117 182 122 
106 150 184 254 216 
167 266 77 180 124 
193 228 263 137 138 
8 171 222 6 
96 177 265 87 
210 82 241 207 
104 85 176 
245 172 173 
217 299 263 
243 156 61 
161 102 103 265 78 142 275 181 60 93 191 
1 258 259 13 242 183 119 25 94 
265 46 143 115 84 218 155 157 159 
65 66 261 166 10 234 148 278 284 
100 71 168 73 233 147 182 253 93 
257 132 197 102 38 204 115 282 
3 48 83 244 149 22 213 61 
141 206 83 148 150 56 287 
225 289 163 101 7 277 121 
110 79 112 207 242 147 85 
32 1 136 175 52 255 
130 3 165 71 177 24 
196 230 263 268 180 215 
226 195 98 10 78 244 
194 99 237 273 21 246 
288 133 165 296 115 20 
2 291 269 173 280 
261 208 49 243 121 
72 200 49 273 251 
205 240 87 215 281 
129 69 37 169 45 
40 107 140 12 272 
227 157 278 122 93 
265 235 55 154 187 
164 70 232 266 273 
277 290 29 86 
129 108 5 297 
297 163 219 246 
0 294 126 
252 125 119 
265 110 
217 263 
256 259 69 70 231 262 236 207 242 247 285 221 63 
289 135 72 199 80 87 184 90 284 126 
194 91 205 48 18 179 184 218 123 60 
65 38 271 210 20 189 56 283 124 29 
33 68 293 136 137 76 209 115 179 127 
8 15 115 252 86 249 188 62 
99 259 173 48 49 244 184 221 
228 264 9 170 10 241 253 
66 100 229 70 74 174 31 
128 133 138 267 269 14 53 
163 39 73 16 17 59 221 
32 291 267 11 54 215 283 
5 166 237 271 22 217 
292 172 211 148 277 284 
196 42 268 207 182 278 
96 97 298 81 53 123 
270 145 148 213 60 286 
96 6 232 178 19 118 
130 207 180 117 190 
15 244 31 61 191 
258 165 171 218 187 
106 113 82 117 23 
48 294 11 158 
233 275 265 231 
65 247 221 7 
96 90 286 239 
48 255 5 223 
27 133 238 143 
280 146 123 
50 11 156 
128 141 135 
265 92 142 
136 261 134 
242 107 156 
212 269 
288 55 
194 131 7 168 9 139 172 212 23 155 285 
129 130 4 6 200 14 110 81 253 94 
4 229 260 41 265 144 180 24 189 
230 41 73 239 48 19 243 245 249 
192 97 224 289 267 174 146 183 251 
226 3 102 107 119 23 89 63 
199 238 244 276 152 89 90 284 
105 47 176 113 23 25 158 127 
37 5 135 296 202 267 20 191 
224 226 196 77 14 115 52 28 
225 100 6 233 273 277 220 222 
161 104 218 78 14 245 88 122 
64 100 142 47 80 53 123 
107 299 46 89 186 59 157 
192 103 241 182 280 154 159 
36 262 107 175 144 242 
67 7 168 177 179 287 
294 44 179 117 120 59 
160 105 139 141 78 269 
97 134 83 92 255 
257 294 234 153 27 
289 204 172 117 221 
226 116 53 57 60 
69 209 117 149 123 
0 274 19 122 252 
225 148 182 62 159 
65 98 130 79 89 
40 249 101 87 
56 165 190 119 
26 147 277 195 
233 50 172 116 
33 212 249 6 
114 4 158 159 
212 131 76 293 
218 42 181 253 
65 161 209 276 
241 5 118 165 
205 133 173 
192 33 162 5 229 247 41 235 109 52 151 219 
257 291 231 203 47 271 274 24 285 222 
256 226 4 5 295 73 235 237 284 
162 259 293 262 266 239 143 218 221 
64 289 38 8 201 174 119 283 
135 40 233 203 111 207 242 54 
256 5 294 103 51 121 28 62 
199 44 270 174 276 281 255 
66 74 15 143 219 92 31 
192 290 198 264 171 43 109 
101 264 275 51 180 283 
35 75 174 54 121 286 
160 39 266 46 17 49 
1 37 144 272 184 283 
0 233 77 141 19 93 
74 171 110 214 219 
134 105 14 147 212 
129 153 85 29 
56 221 71 
27 206 191 
220 77 71 
182 
103 
65 161 75 14 240 18 117 246 279 281 124 
227 249 231 297 235 15 246 57 91 287 
200 42 107 270 208 277 278 248 93 255 
195 259 293 204 13 207 85 220 254 95 
0 103 233 139 44 177 244 121 123 
132 294 231 201 178 153 158 159 
262 201 202 118 250 92 255 
32 288 297 269 175 190 286 
258 71 171 268 109 46 219 
165 104 50 86 214 188 254 
98 132 135 233 107 278 27 
230 233 178 18 275 123 
291 199 274 148 154 254 
128 229 238 113 23 183 
0 131 197 167 7 200 
198 166 230 171 25 
64 231 74 113 221 
40 105 58 123 93 
193 6 112 18 252 
203 45 62 63 
18 138 222 23 
264 297 186 102 
40 134 286 
49 44 183 
20 214 44 
68 6 
184 232 
1 167 232 264 108 14 18 93 22 279 217 29 254 
100 198 172 112 19 119 21 179 23 24 92 
37 5 6 44 77 178 148 182 250 
98 226 100 262 236 238 179 123 60 
129 289 259 106 108 237 88 284 95 
164 44 49 150 152 217 184 31 
129 132 296 142 244 118 152 63 
289 292 101 107 109 57 253 190 
256 205 206 49 114 120 223 
196 5 38 49 85 86 123 
67 71 107 111 16 114 279 
165 39 8 269 274 189 158 
233 212 116 276 246 287 
34 130 46 87 93 
1 237 271 87 153 
0 16 51 79 
253 138 290 93 
248 194 163 293 
116 206 6 295 
280 187 276 94 
86 82 83 6 
64 269 176 55 
130 181 6 
184 125 
38 
195 
194 36 299 140 237 175 271 82 23 27 220 255 
2 3 258 101 70 165 12 109 47 241 221 
97 3 167 237 110 211 52 282 155 190 
197 134 233 110 83 84 53 245 216 
0 67 196 228 293 212 152 155 
153 203 242 244 89 156 63 
2 266 242 180 250 59 252 
32 111 146 83 117 245 281 
130 172 283 154 187 125 190 
67 132 267 50 153 283 
263 295 139 54 219 254 
107 204 76 23 28 
65 171 78 55 216 
110 143 118 23 120 
41 234 139 79 28 
185 108 70 87 
73 107 118 254 
16 290 188 7 
281 227 157 86 
209 239 252 175 
75 4 197 
56 9 245 
184 163 133 
145 181 
253 79 
171 86 
37 70 
279 
33 97 3 70 264 42 140 174 145 273 
196 40 41 142 183 153 90 28 29 
224 65 169 111 208 211 116 27 29 
165 249 263 205 21 55 280 153 
224 290 4 267 204 76 277 285 
5 142 46 273 51 244 183 186 
6 76 204 110 51 115 54 156 
4 41 237 110 152 186 285 
258 43 238 243 253 191 
296 73 13 25 156 63 
225 236 148 87 218 
11 116 60 189 158 
4 204 174 112 282 
165 267 176 148 86 
224 10 203 213 183 
197 231 140 207 154 
88 296 205 94 
153 274 219 124 
74 36 39 
202 235 84 
186 155 271 
152 289 45 
248 142 
209 124 
