1792 1024
0 1 3 6 10 15 21 
0 2 4 7 11 16 22 
0 34 38 43 28 29 31 
0 64 49 50 52 55 59 
1 2 5 8 12 17 23 
32 1 35 39 44 28 30 
1 100 85 86 88 91 95 
65 2 49 51 53 56 60 
96 2 101 85 87 89 92 
70 71 73 76 80 49 28 
106 107 109 112 116 85 28 
131 49 85 121 122 124 127 
3 4 5 9 13 18 24 
33 3 36 40 45 29 30 
161 3 146 147 149 152 156 
66 4 50 51 54 57 61 
162 4 146 148 150 153 157 
70 72 74 77 81 50 29 
167 168 170 173 177 146 29 
192 50 146 182 183 185 188 
97 5 102 86 87 90 93 
163 5 147 148 151 154 158 
106 108 110 113 117 86 30 
167 169 171 174 178 147 30 
207 208 210 147 213 86 217 
128 132 51 87 121 123 125 
193 51 148 182 184 186 189 
207 209 211 148 214 87 218 
70 136 137 106 139 142 121 
197 198 70 167 200 203 182 
225 228 167 106 207 222 223 
232 233 235 238 207 182 121 
6 7 8 9 14 19 25 
32 33 37 6 41 46 31 
258 6 263 248 249 251 254 
67 7 52 53 54 58 62 
259 7 264 248 250 252 255 
71 72 75 78 82 52 31 
269 270 272 275 279 248 31 
290 294 52 248 284 285 287 
98 103 8 88 89 90 94 
256 260 8 265 249 250 253 
32 107 108 111 114 118 88 
32 269 271 273 276 280 249 
312 309 310 88 249 315 319 
129 133 53 89 122 123 126 
288 291 295 53 250 284 286 
320 313 309 311 89 250 316 
71 136 138 107 140 143 122 
71 299 300 269 302 305 284 
324 325 327 330 107 269 309 
334 335 337 340 309 122 284 
164 9 149 150 151 155 159 
257 261 9 266 251 252 253 
33 168 169 172 175 179 149 
33 270 271 274 277 281 251 
353 356 360 149 251 350 351 
194 150 54 184 183 187 190 
289 292 296 54 252 285 286 
352 354 357 361 150 252 350 
197 199 72 168 201 204 183 
72 299 301 270 303 306 285 
168 365 366 270 368 371 350 
381 375 376 183 378 285 350 
215 208 209 212 151 90 219 
321 314 310 311 90 317 253 
352 355 358 362 151 253 351 
224 226 229 169 108 208 222 
324 326 328 331 108 271 310 
169 365 367 271 369 372 351 
391 392 394 397 208 310 351 
232 234 236 239 209 184 123 
334 336 338 341 311 123 286 
352 382 375 184 377 379 286 
352 391 393 395 398 209 311 
197 136 232 242 243 245 222 
324 136 299 334 344 345 347 
385 386 388 197 299 365 375 
324 391 365 401 402 404 222 
391 232 334 407 408 410 375 
10 11 12 13 14 20 26 
34 35 36 37 10 42 47 
416 417 419 422 10 426 431 
68 11 55 56 57 58 63 
416 418 420 423 11 427 432 
34 73 74 75 79 83 55 
416 34 437 438 440 443 447 
416 452 453 455 458 462 55 
99 104 12 91 92 93 94 
417 418 421 424 12 428 433 
35 109 110 111 115 119 91 
448 417 35 437 439 441 444 
480 417 483 487 91 477 478 
130 134 92 56 124 125 126 
418 452 454 456 459 463 56 
481 418 484 488 92 477 479 
73 137 138 109 141 144 124 
452 73 467 468 437 470 473 
492 493 109 495 498 437 477 
452 508 502 503 505 124 477 
160 165 13 152 153 154 155 
419 420 421 425 13 429 434 
36 170 171 172 176 180 152 
449 419 36 438 439 442 445 
419 518 519 521 524 528 152 
153 185 195 57 186 187 191 
420 453 454 457 460 464 57 
420 518 520 522 525 529 153 
198 199 170 74 202 205 185 
453 74 467 469 438 471 474 
518 170 533 534 438 536 539 
544 546 453 518 549 185 543 
210 211 212 216 154 220 93 
482 421 485 489 93 478 479 
421 519 520 523 526 530 154 
224 227 230 171 110 210 223 
492 494 110 496 499 439 478 
439 519 171 533 535 537 540 
519 559 560 210 562 565 478 
233 234 237 240 211 186 125 
509 454 502 504 506 125 479 
545 547 454 550 520 186 543 
520 559 561 211 563 566 479 
198 137 233 242 244 246 223 
512 513 515 137 492 467 502 
198 553 554 556 467 533 543 
492 559 533 569 570 572 223 
576 578 233 543 559 502 575 
256 257 262 267 14 254 255 
422 423 424 425 14 430 435 
37 272 273 274 278 282 254 
450 37 422 440 441 442 446 
422 584 585 587 590 594 254 
288 289 255 293 297 58 287 
455 456 457 423 461 465 58 
423 584 586 588 591 595 255 
75 300 301 272 304 307 287 
455 472 75 468 469 440 475 
440 584 272 599 600 602 605 
609 610 612 455 584 615 287 
256 318 322 312 313 314 94 
480 481 482 486 424 490 94 
256 424 585 586 589 592 596 
325 326 329 332 111 273 312 
480 493 494 111 497 500 441 
585 601 273 599 441 603 606 
480 585 625 626 628 631 312 
288 335 336 339 342 313 126 
481 510 456 503 504 507 126 
288 609 611 613 456 616 586 
481 586 625 627 629 632 313 
325 138 300 335 344 346 348 
512 514 516 138 493 468 503 
609 619 300 620 622 468 599 
325 493 625 599 635 636 638 
609 641 642 644 335 625 503 
257 354 355 353 359 363 155 
425 522 523 521 527 531 155 
257 425 587 588 589 593 597 
353 172 366 367 274 370 373 
521 172 538 534 535 442 541 
587 274 600 601 442 604 607 
353 521 650 587 651 653 656 
289 354 376 377 187 380 383 
544 545 548 551 457 522 187 
289 610 611 614 457 617 588 
354 522 650 652 588 654 657 
385 387 389 199 301 366 376 
544 199 553 555 557 469 534 
610 619 301 621 623 469 600 
650 366 660 661 534 663 600 
544 610 650 376 666 667 669 
355 392 393 396 399 212 314 
482 523 560 561 212 564 567 
482 589 626 627 630 633 314 
355 523 652 651 589 655 658 
224 326 392 367 401 403 405 
224 494 560 535 569 571 573 
326 494 626 601 635 637 639 
651 367 660 662 535 664 601 
675 676 678 392 651 560 626 
393 234 409 336 407 377 411 
545 577 579 234 561 504 575 
641 611 643 645 336 627 504 
545 611 652 377 666 668 670 
675 677 679 393 652 561 627 
385 401 242 407 344 413 414 
512 581 582 553 242 569 575 
512 641 647 648 619 344 635 
672 385 673 553 619 660 666 
675 681 682 401 660 569 635 
641 675 684 685 407 666 575 
15 16 17 18 19 20 27 
38 39 40 41 42 15 48 
15 688 689 691 694 698 703 
69 16 59 60 61 62 63 
704 16 688 690 692 695 699 
38 76 77 78 79 84 59 
709 710 38 712 715 719 688 
688 724 725 727 730 59 734 
96 97 98 99 105 17 95 
705 17 690 689 693 696 700 
39 112 113 114 115 120 95 
709 711 39 713 716 720 689 
749 750 752 689 755 759 95 
96 129 128 130 135 60 127 
690 724 726 728 731 60 735 
96 749 751 753 690 756 760 
139 140 76 141 112 145 127 
739 740 709 742 745 76 724 
770 709 749 112 764 765 767 
774 775 777 780 749 724 127 
160 166 18 156 157 158 159 
706 18 691 692 693 697 701 
40 173 174 175 176 181 156 
710 711 40 714 717 721 691 
800 796 691 790 791 793 156 
196 157 189 188 61 190 191 
736 692 725 726 729 732 61 
801 797 692 790 792 794 157 
200 201 202 77 173 206 188 
739 741 710 743 746 77 725 
805 806 710 808 811 173 790 
815 816 818 725 790 821 188 
97 213 214 215 216 221 158 
97 750 751 754 693 757 761 
802 798 693 791 792 795 158 
225 226 227 231 174 113 213 
768 771 711 750 113 764 766 
805 807 711 809 812 174 791 
832 834 837 750 213 791 831 
128 235 236 237 241 214 189 
128 774 776 778 781 751 726 
815 817 819 726 822 792 189 
833 835 838 751 214 792 831 
225 200 139 235 243 244 247 
739 774 139 784 785 787 764 
739 805 200 815 825 826 828 
225 805 841 842 844 764 831 
774 235 847 815 848 850 831 
258 259 260 261 262 268 19 
707 19 694 695 696 697 702 
258 41 275 276 277 278 283 
712 41 714 713 718 722 694 
258 866 694 856 857 859 862 
290 291 259 292 293 298 62 
737 695 727 728 729 733 62 
259 867 695 856 858 860 863 
290 302 78 303 304 275 308 
740 741 712 744 747 78 727 
871 712 872 874 877 275 856 
290 887 881 882 884 727 856 
98 323 260 315 316 317 318 
98 752 753 754 758 696 762 
864 260 868 696 857 858 861 
327 328 329 333 114 276 315 
769 772 713 752 114 765 766 
871 713 873 875 878 276 857 
897 898 900 903 752 857 315 
129 291 337 338 339 343 316 
129 775 776 779 782 753 728 
291 881 883 888 885 728 858 
897 899 901 904 753 858 316 
327 140 302 337 345 346 349 
740 775 140 784 786 788 765 
740 871 302 881 891 892 894 
897 871 327 907 908 910 765 
897 775 337 913 881 914 916 
356 357 261 358 359 364 159 
803 799 793 697 794 795 159 
865 261 869 697 859 860 861 
356 175 368 369 370 277 374 
806 807 714 810 813 175 793 
872 873 714 876 879 277 859 
928 356 923 793 922 859 925 
384 292 357 378 379 380 190 
816 817 820 823 729 794 190 
292 882 883 886 729 860 889 
929 357 860 794 924 926 922 
386 387 390 201 303 368 378 
741 806 201 816 825 827 829 
741 872 303 882 891 893 895 
932 933 806 935 872 368 922 
938 939 941 816 882 378 922 
358 394 395 396 400 215 317 
832 833 836 839 754 215 795 
898 899 902 905 754 317 861 
930 923 358 795 924 861 927 
226 328 394 369 402 403 406 
832 226 807 841 843 845 766 
898 328 873 907 909 911 766 
932 934 807 936 873 369 923 
832 898 394 947 948 950 923 
395 236 338 408 409 379 412 
833 776 236 847 817 849 851 
899 776 913 338 883 915 917 
938 940 942 817 883 379 924 
833 899 395 947 949 951 924 
386 402 243 408 345 413 415 
841 847 784 243 853 854 825 
907 784 913 919 920 345 891 
386 932 938 944 945 825 891 
932 841 907 402 947 953 954 
938 847 913 947 408 956 957 
426 427 428 429 430 20 436 
708 20 698 699 700 701 702 
451 426 42 443 444 445 446 
42 715 716 717 718 723 698 
960 961 963 966 426 970 698 
458 427 460 459 461 466 63 
738 730 699 732 733 731 63 
960 962 964 967 427 971 699 
458 79 470 471 472 443 476 
742 743 744 715 748 79 730 
960 715 975 976 978 981 443 
960 986 458 985 730 988 991 
99 484 485 483 486 491 428 
99 755 756 757 758 763 700 
961 962 965 968 428 972 700 
483 495 496 497 115 501 444 
768 769 773 716 115 755 767 
961 716 975 977 979 982 444 
961 483 1001 1002 1004 1007 755 
130 484 459 505 506 507 511 
130 777 778 779 783 756 731 
992 962 987 459 985 731 989 
962 484 1001 1003 1005 1008 756 
513 514 517 141 495 470 505 
742 777 141 785 786 789 767 
995 996 742 998 975 470 985 
1001 975 495 1011 1012 1014 767 
1001 777 1020 505 1018 985 1017 
160 524 525 429 526 527 532 
160 804 701 796 797 798 799 
963 964 965 969 429 973 701 
524 176 536 537 538 445 542 
808 809 810 717 814 176 796 
963 717 976 977 980 983 445 
1026 1027 963 1029 1032 524 796 
546 547 548 552 460 525 191 
818 819 820 824 732 797 191 
993 964 460 986 987 732 990 
1026 1028 964 1030 1033 525 797 
546 202 554 555 558 471 536 
743 808 202 818 826 827 830 
995 997 743 999 976 471 986 
1026 808 1036 1037 1039 976 536 
546 1026 818 1042 1043 1045 986 
485 568 526 562 563 564 216 
834 835 836 840 757 216 798 
965 485 1002 1003 1006 1009 757 
1027 1028 965 1031 1034 526 798 
227 496 562 537 570 571 574 
768 834 227 809 842 843 846 
768 1002 496 977 1011 1013 1015 
1027 809 1036 1038 1040 977 537 
834 1027 1002 562 1051 1052 1054 
576 577 547 580 237 563 506 
835 778 237 848 849 819 852 
1019 778 1003 1017 506 987 1021 
547 1028 1042 819 1044 1046 987 
835 1028 1003 563 1051 1053 1055 
576 513 581 583 554 244 570 
842 848 785 244 853 855 826 
1024 513 995 785 1011 1017 1023 
995 554 1036 1042 1048 1049 826 
1057 1058 842 1036 1011 570 1051 
576 1060 1061 848 1042 1017 1051 
262 590 430 592 591 593 598 
864 865 262 870 702 862 863 
966 967 968 969 430 974 702 
608 590 278 602 603 604 446 
874 875 876 718 880 278 862 
966 718 978 979 980 984 446 
966 1064 1065 1067 590 1070 862 
612 613 293 614 618 461 591 
293 884 885 886 890 733 863 
994 967 461 989 988 733 990 
967 1064 1066 1068 591 1071 863 
612 620 621 304 624 472 602 
896 744 874 304 884 892 893 
996 997 744 1000 978 472 988 
1064 874 978 1074 1075 1077 602 
612 1064 884 1080 1081 1083 988 
486 592 628 629 630 634 318 
864 900 901 902 906 758 318 
486 968 1004 1005 1006 1010 758 
864 968 1065 1066 1069 592 1072 
640 329 497 628 603 636 637 
769 900 329 875 908 909 912 
769 1004 497 979 1012 1013 1016 
1065 875 1074 979 1076 1078 603 
1089 1090 900 1092 1065 1004 628 
642 643 613 646 339 629 507 
901 779 914 339 915 885 918 
1019 779 1005 1018 507 989 1022 
613 1066 885 1080 1082 1084 989 
1089 1091 901 1093 1066 1005 629 
514 642 647 649 620 346 636 
908 786 914 919 921 346 892 
1025 514 996 786 1012 1018 1023 
996 620 1074 1080 892 1086 1087 
1089 1095 1096 908 1074 1012 636 
1089 642 1098 1099 914 1080 1018 
359 653 654 527 655 593 659 
865 931 359 927 925 926 799 
1029 1030 1031 969 1035 527 799 
865 969 1067 1068 1069 593 1073 
653 370 661 662 665 538 604 
933 934 937 810 876 370 925 
1029 810 1037 1038 1041 980 538 
1067 876 1075 980 1076 1079 604 
1029 1067 653 1102 1103 1105 925 
668 548 614 654 667 380 671 
939 940 943 820 886 380 926 
548 1030 1043 820 1044 1047 990 
614 1068 886 1081 1082 1085 990 
1030 1068 1102 654 1104 1106 926 
672 674 387 555 621 661 667 
387 933 939 944 946 827 893 
997 555 1037 1043 1048 1050 827 
1088 997 621 1075 1081 893 1086 
933 1037 1102 1075 1108 661 1109 
939 1102 1043 1111 1112 1081 667 
676 677 680 396 655 564 630 
836 902 396 948 949 952 927 
1056 836 1031 1006 564 1052 1053 
1090 1091 902 1094 1069 1006 630 
1031 1069 1103 655 1104 1107 927 
676 681 683 403 662 571 637 
934 843 909 403 948 953 955 
1057 1059 843 1038 1013 571 1052 
1090 1095 1097 909 1076 1013 637 
934 1038 1103 1076 1108 662 1110 
1090 676 1103 1116 948 1115 1052 
577 643 677 684 686 409 668 
940 849 915 949 409 956 958 
577 1060 1062 849 1044 1019 1053 
643 1091 1098 1100 915 1082 1019 
940 1104 1044 1111 1113 1082 668 
1091 677 1104 1117 949 1115 1053 
672 581 647 681 684 687 413 
944 853 919 953 956 413 959 
1057 1060 581 1063 853 1048 1023 
1095 647 1098 1101 919 1086 1023 
672 944 1108 1111 1048 1114 1086 
1057 1095 681 1108 953 1115 1118 
1060 1098 684 1111 1115 956 1119 
21 22 23 24 25 26 27 
43 44 45 46 47 48 21 
1120 1121 1123 1126 1130 1135 21 
64 65 66 67 68 69 22 
1120 1122 1124 1127 1131 1136 22 
64 43 80 81 82 83 84 
1120 43 1141 1142 1144 1147 1151 
64 1120 1156 1157 1159 1162 1166 
100 101 102 103 104 105 23 
1121 1122 1125 1128 1132 1137 23 
100 44 116 117 118 119 120 
1152 1121 44 1141 1143 1145 1148 
1184 1121 1187 100 1191 1181 1182 
65 131 132 101 133 134 135 
65 1122 1156 1158 1160 1163 1167 
1185 1122 1188 101 1192 1181 1183 
131 142 143 80 144 145 116 
1156 80 1171 1172 1141 1174 1177 
1196 1197 1199 1202 116 1141 1181 
131 1156 1206 1207 1209 1212 1181 
161 162 163 164 165 166 24 
1123 1124 1125 1129 1133 1138 24 
161 45 177 178 179 180 181 
1153 1123 45 1142 1143 1146 1149 
161 1123 1222 1223 1225 1228 1232 
192 193 162 66 194 195 196 
66 1124 1157 1158 1161 1164 1168 
162 1124 1222 1224 1226 1229 1233 
192 203 204 205 206 81 177 
1157 81 1171 1173 1142 1175 1178 
1222 177 1237 1238 1142 1240 1243 
192 1248 1250 1157 1222 1253 1247 
163 102 217 218 219 220 221 
1186 1125 102 1189 1193 1182 1183 
163 1125 1223 1224 1227 1230 1234 
228 229 230 231 178 117 217 
1196 1198 1200 1203 117 1143 1182 
1223 178 1237 1143 1239 1241 1244 
1223 1263 1264 1266 1269 217 1182 
193 132 238 239 240 241 218 
132 1158 1206 1208 1210 1213 1183 
193 1249 1251 1158 1254 1224 1247 
1224 1263 1265 1267 1270 218 1183 
228 203 142 238 245 246 247 
1216 1217 1219 1196 142 1171 1206 
1257 1258 203 1260 1171 1237 1247 
228 1196 1263 1237 1273 1274 1276 
1280 1247 1282 238 1263 1206 1279 
263 264 265 266 267 268 25 
1126 1127 1128 1129 1134 1139 25 
263 46 279 280 281 282 283 
1154 1126 46 1144 1145 1146 1150 
1126 263 1288 1289 1291 1294 1298 
67 294 295 264 296 297 298 
67 1159 1160 1161 1127 1165 1169 
1127 264 1288 1290 1292 1295 1299 
294 305 82 306 307 308 279 
1159 82 1172 1173 1144 1179 1176 
1304 1288 1303 1144 1306 279 1309 
1313 1314 1316 294 1159 1288 1319 
320 321 322 323 103 265 319 
1184 1185 1186 1190 103 1128 1194 
1128 265 1290 1289 1293 1296 1300 
330 331 332 333 118 280 319 
1184 1197 1198 1201 1204 118 1145 
1305 1289 1303 280 1145 1307 1310 
1184 1289 1329 1330 1332 1335 319 
320 133 295 340 341 342 343 
1185 133 1160 1207 1208 1211 1214 
1313 1315 1317 295 1160 1320 1290 
320 1185 1290 1329 1331 1333 1336 
330 143 305 340 347 348 349 
1216 1218 1220 1197 143 1172 1207 
1313 1323 1324 1326 305 1172 1303 
330 1197 1329 1303 1339 1340 1342 
1345 1313 1346 1348 1329 340 1207 
164 360 361 266 362 363 364 
164 1129 1226 1227 1225 1231 1235 
1129 266 1291 1292 1293 1297 1301 
360 179 372 371 373 374 281 
1225 1242 179 1238 1239 1146 1245 
1305 1291 1304 281 1146 1308 1311 
360 1225 1354 1291 1355 1357 1360 
384 194 296 361 381 382 383 
1248 1249 194 1252 1255 1161 1226 
1314 1315 1318 296 1161 1321 1292 
361 1226 1354 1292 1356 1358 1361 
388 389 390 204 306 371 381 
1248 1257 1259 204 1261 1173 1238 
1314 1323 1325 1327 306 1173 1304 
1354 371 1364 1365 1238 1367 1304 
1248 1314 1354 1370 1371 1373 381 
321 362 397 398 399 400 219 
1186 1227 1264 1265 1268 1271 219 
321 1186 1293 1330 1331 1334 1337 
362 1227 1355 1293 1356 1359 1362 
229 331 397 404 372 405 406 
229 1198 1264 1239 1273 1275 1277 
331 1198 1330 1305 1339 1341 1343 
1355 372 1364 1366 1239 1368 1305 
1379 1380 1382 1355 397 1264 1330 
398 239 341 410 411 412 382 
1249 1281 1283 239 1265 1208 1279 
1345 1315 1347 1349 1331 341 1208 
1249 1374 1315 1356 1370 1372 382 
1379 1381 1383 1356 398 1265 1331 
388 404 245 410 347 414 415 
1216 1285 1286 1257 245 1273 1279 
1216 1345 1351 1352 1323 1339 347 
1376 1377 388 1257 1323 1364 1370 
1379 1385 1386 404 1364 1273 1339 
1345 1379 1388 1370 1389 410 1279 
431 432 433 434 435 436 26 
1130 1131 1132 1133 1134 1140 26 
448 449 450 451 431 47 447 
1155 1130 47 1147 1148 1149 1150 
1130 431 1392 1393 1395 1398 1402 
68 462 463 432 464 465 466 
68 1162 1131 1164 1163 1165 1170 
1131 432 1392 1394 1396 1399 1403 
462 83 473 474 475 476 447 
1162 83 1174 1175 1176 1147 1180 
1408 1410 1413 447 1392 1147 1407 
1417 1162 1418 1420 462 1423 1392 
487 104 489 488 490 491 433 
1187 1188 1189 1190 104 1195 1132 
1132 433 1394 1393 1397 1400 1404 
448 487 498 499 500 501 119 
1187 1199 1200 1201 1205 119 1148 
448 1409 1411 1414 1393 1148 1407 
1187 487 1393 1433 1434 1436 1439 
134 488 463 508 509 510 511 
1188 134 1163 1209 1210 1211 1215 
1417 1163 1419 1421 463 1424 1394 
1440 1188 488 1394 1433 1435 1437 
515 516 517 144 498 473 508 
1217 1218 1221 1199 144 1174 1209 
1417 1427 1428 1174 1430 473 1407 
1443 1444 1446 1199 498 1433 1407 
1417 1449 1433 1450 1452 1209 508 
165 528 529 434 530 531 532 
165 1228 1229 1133 1230 1231 1236 
1133 434 1395 1396 1397 1401 1405 
449 528 180 539 540 541 542 
1228 180 1240 1241 1242 1149 1246 
1408 449 1409 1412 1415 1395 1149 
1228 528 1458 1395 1459 1461 1464 
195 549 550 551 552 464 529 
1250 195 1251 1252 1256 1164 1229 
1418 1419 1164 1422 464 1425 1396 
1229 529 1458 1460 1396 1462 1465 
549 556 205 557 558 474 539 
1250 1258 1259 205 1262 1175 1240 
1408 1431 1418 1427 1429 1175 474 
1408 1458 1240 539 1468 1469 1471 
1474 1250 1475 549 1477 1418 1458 
489 530 565 566 567 568 220 
1189 1230 1266 1267 1268 1272 220 
1441 1189 489 1397 1434 1435 1438 
1230 530 1459 1460 1397 1463 1466 
230 574 499 565 540 573 572 
230 1200 1266 1241 1274 1275 1278 
1409 1443 1445 1447 1200 499 1434 
1472 1409 1459 1241 1468 540 1470 
1483 1484 1486 1266 1459 565 1434 
578 579 580 550 240 566 509 
1280 1281 1251 1284 240 1267 1210 
1449 1419 1451 1453 1210 1435 509 
1474 1251 1476 550 1478 1419 1460 
1483 1485 1487 1267 1460 566 1435 
578 515 582 583 556 246 572 
1280 1217 1285 1287 1258 246 1274 
1217 515 1443 1449 1455 1456 1427 
1474 1480 1481 1258 556 1427 1468 
1443 1468 1483 1489 1490 1274 572 
1280 578 1474 1449 1483 1492 1493 
267 594 595 596 435 597 598 
267 1134 1295 1296 1294 1297 1302 
1134 435 1398 1399 1400 1401 1406 
608 450 594 282 605 606 607 
1312 1306 1294 282 1307 1308 1150 
450 1411 1410 1412 1416 1398 1150 
1294 594 1398 1496 1497 1499 1502 
615 616 297 617 618 465 595 
1316 1317 1318 297 1322 1165 1295 
1420 1165 1421 1422 465 1426 1399 
1295 595 1399 1496 1498 1500 1503 
615 622 623 624 307 475 605 
1316 1324 1325 1328 307 1176 1306 
1410 1432 1420 1428 1429 1176 475 
1506 1410 1507 1509 1496 1306 605 
1316 615 1512 1513 1515 1420 1496 
322 490 596 631 632 633 634 
322 1190 1296 1332 1333 1334 1338 
1442 1190 490 1400 1436 1437 1438 
1504 1296 596 1400 1497 1498 1501 
640 606 332 500 631 638 639 
1344 332 1201 1332 1307 1340 1341 
1411 1444 1445 1448 1201 500 1436 
1506 1411 1508 1510 1497 1307 606 
1521 1522 1332 1524 631 1497 1436 
644 645 646 616 342 632 510 
1346 1347 1317 1350 1333 342 1211 
1450 1451 1421 1454 1211 1437 510 
1317 616 1512 1514 1516 1421 1498 
1521 1523 1333 1525 632 1498 1437 
644 516 648 649 622 348 638 
1218 1346 1351 1353 1324 348 1340 
1218 516 1444 1450 1455 1457 1428 
1506 1512 1324 622 1518 1519 1428 
1506 1444 1521 1527 1528 1340 638 
1346 644 1512 1450 1521 1530 1531 
363 656 657 658 531 659 597 
363 1357 1358 1231 1359 1297 1363 
1231 531 1461 1462 1463 1401 1467 
1505 1297 597 1401 1499 1500 1501 
656 373 663 664 665 541 607 
1357 373 1365 1366 1369 1242 1308 
1473 541 1412 1461 1242 1469 1470 
1507 1412 1508 1511 1499 1308 607 
1537 1357 656 1461 1499 1534 1535 
551 617 671 657 669 670 383 
1252 1318 1375 1358 1371 1372 383 
1475 1252 1476 551 1479 1422 1462 
1318 617 1513 1514 1517 1422 1500 
1536 1538 1358 657 1462 1500 1534 
673 674 389 557 623 663 669 
1376 1378 389 1259 1325 1365 1371 
1475 1480 1482 1259 557 1429 1469 
1507 1513 1325 1518 623 1520 1429 
1507 1540 1541 1365 663 1469 1534 
1475 1543 1544 1513 1371 669 1534 
678 679 680 399 658 567 633 
1380 1381 1384 1359 399 1268 1334 
567 1484 1485 1488 1268 1463 1438 
1522 1523 1334 1526 633 1501 1438 
1536 1539 1359 658 1463 1501 1535 
678 682 683 405 664 573 639 
1380 1385 1387 405 1366 1275 1341 
1445 1484 1489 1491 1275 573 1470 
1508 1445 1522 1527 1529 1341 639 
1508 1540 1542 1366 664 1470 1535 
1380 678 1547 1484 1548 1522 1535 
579 645 679 685 686 411 670 
1281 1347 1381 1388 1390 411 1372 
1281 579 1476 1451 1485 1492 1494 
1347 645 1514 1451 1523 1530 1532 
1536 1476 1543 1545 1514 1372 670 
1536 1381 679 1547 1485 1549 1523 
673 582 648 682 685 687 414 
1376 1285 1351 1385 1388 1391 414 
1285 582 1480 1455 1489 1492 1495 
1351 648 1518 1455 1527 1530 1533 
1376 673 1540 1543 1480 1546 1518 
1540 1385 682 1547 1550 1489 1527 
1543 1547 1388 685 1551 1492 1530 
704 705 706 707 708 27 703 
1135 1136 1137 1138 1139 1140 27 
719 48 721 720 722 723 703 
1152 1153 1154 1155 1135 48 1151 
1135 1552 1553 1555 1558 1562 703 
704 736 737 738 69 734 735 
69 1166 1167 1136 1168 1169 1170 
704 1552 1136 1554 1556 1559 1563 
745 746 747 748 719 84 734 
1166 84 1177 1178 1179 1180 1151 
1568 1570 1573 719 1552 1151 1567 
1577 1578 1580 1166 1583 1552 734 
705 105 759 760 761 762 763 
1191 1192 105 1193 1194 1195 1137 
705 1553 1554 1137 1557 1560 1564 
770 771 772 773 720 759 120 
1152 1191 1202 1203 1204 1205 120 
1152 1569 1571 1574 720 1553 1567 
1191 1553 759 1593 1594 1596 1599 
135 780 781 782 783 760 735 
135 1192 1167 1212 1213 1214 1215 
1577 1579 1581 1167 1584 1554 735 
1600 1192 1554 760 1593 1595 1597 
770 745 780 145 787 788 789 
1219 1220 1221 145 1202 1177 1212 
745 1577 1587 1588 1590 1177 1567 
770 1603 1604 1606 1202 1593 1567 
1609 1577 1610 780 1612 1593 1212 
800 801 706 802 803 804 166 
166 1232 1233 1138 1234 1235 1236 
706 1138 1555 1556 1557 1561 1565 
800 811 812 813 814 721 181 
1153 1232 181 1243 1244 1245 1246 
1568 1153 1569 1572 1575 721 1555 
800 1232 1618 1555 1619 1621 1624 
736 801 196 821 822 823 824 
196 1253 1254 1255 1256 1168 1233 
736 1578 1579 1582 1168 1585 1556 
801 1233 1618 1556 1620 1622 1625 
746 811 206 821 828 829 830 
1253 1260 1261 206 1262 1178 1243 
1568 746 1578 1587 1589 1591 1178 
1568 811 1618 1243 1628 1629 1631 
1634 1635 1253 1637 1578 1618 821 
802 837 838 839 840 761 221 
1193 1234 1269 1270 1271 1272 221 
1601 1193 1557 761 1594 1595 1598 
802 1234 1619 1620 1557 1623 1626 
771 837 231 844 812 845 846 
231 1203 1276 1269 1244 1277 1278 
1569 771 1603 1605 1607 1203 1594 
1632 1569 812 1619 1244 1630 1628 
837 1643 1644 1646 1619 1269 1594 
838 781 241 850 851 852 822 
1282 1283 1284 1254 241 1270 1213 
1609 1579 1611 781 1613 1595 1213 
1634 1636 1254 1638 1579 1620 822 
838 1643 1645 1647 1620 1270 1595 
844 855 850 787 854 247 828 
1282 1219 1286 1287 1260 247 1276 
1603 1219 1609 1615 1616 1587 787 
1634 1640 1641 1260 1587 828 1628 
1603 1643 844 1649 1650 1276 1628 
1282 1634 1609 1643 850 1652 1653 
866 867 868 707 869 870 268 
268 1298 1299 1139 1300 1301 1302 
707 1139 1558 1559 1560 1561 1566 
866 877 878 879 880 722 283 
1312 1154 1298 283 1309 1310 1311 
1570 1571 1154 1572 1576 722 1558 
866 1298 1558 1656 1657 1659 1662 
737 867 298 887 888 889 890 
1319 1320 1321 298 1322 1169 1299 
737 1580 1581 1582 1169 1586 1559 
867 1299 1559 1656 1658 1660 1663 
896 747 877 308 887 894 895 
1319 1326 1327 1328 308 1179 1309 
1570 747 1580 1588 1589 1592 1179 
1570 1666 1667 1669 877 1656 1309 
1319 1672 1673 1675 1580 887 1656 
323 868 903 904 905 906 762 
323 1194 1300 1335 1336 1337 1338 
1602 1194 1560 762 1596 1597 1598 
1664 868 1300 1560 1657 1658 1661 
772 903 333 910 878 911 912 
1344 1343 333 1204 1335 1342 1310 
1571 772 1604 1605 1608 1204 1596 
1666 1571 1668 1670 878 1657 1310 
903 1681 1682 1684 1335 1657 1596 
904 782 916 917 918 343 888 
1348 1349 1350 1320 343 1336 1214 
1610 1611 1581 782 1614 1597 1214 
1320 1672 1674 1676 1581 888 1658 
904 1681 1683 1685 1336 1658 1597 
910 916 788 920 921 349 894 
1220 1348 1352 1353 1326 349 1342 
1220 1604 1610 1615 1617 788 1588 
1666 1672 1326 1678 1679 1588 894 
1666 1604 910 1681 1687 1688 1342 
1348 1672 1610 1681 916 1690 1691 
928 929 930 803 931 869 364 
364 1360 1361 1362 1235 1363 1301 
803 1235 1621 1622 1623 1561 1627 
1665 869 1301 1561 1659 1660 1661 
928 935 936 937 813 879 374 
1360 374 1367 1368 1369 1245 1311 
1633 1572 1629 813 1621 1245 1630 
1667 1572 1668 1671 879 1659 1311 
928 1697 1360 1621 1659 1694 1695 
384 929 941 942 943 823 889 
384 1255 1321 1361 1373 1374 1375 
1635 1636 1255 1639 1582 1622 823 
1673 1321 1674 1677 1582 889 1660 
1696 929 1698 1361 1622 1660 1694 
390 935 941 945 946 829 895 
1377 1378 390 1261 1327 1367 1373 
1635 1640 1642 829 1261 1589 1629 
1667 1673 1678 1327 1680 1589 895 
1667 1700 1701 935 1367 1629 1694 
1635 1703 1704 1673 941 1373 1694 
930 839 905 400 950 951 952 
1382 1383 1384 400 1362 1271 1337 
839 1644 1645 1648 1623 1271 1598 
905 1682 1683 1686 1337 1661 1598 
1696 930 1699 1362 1623 1661 1695 
936 845 911 950 406 954 955 
1382 1386 1387 406 1368 1277 1343 
1605 1644 845 1649 1651 1277 1630 
1668 1605 911 1682 1687 1689 1343 
1668 1700 1702 936 1368 1630 1695 
1382 1707 1644 1708 1682 950 1695 
942 851 917 951 412 957 958 
1283 1349 1383 1389 1390 412 1374 
1283 1636 1611 1645 851 1652 1654 
1349 1674 1611 1683 917 1690 1692 
1696 1636 1703 1705 1674 942 1374 
1696 1383 1707 1645 1709 1683 951 
945 854 920 959 954 957 415 
1377 1286 1352 1386 1389 1391 415 
1286 1640 1615 1649 1652 854 1655 
1352 1678 1615 1687 920 1690 1693 
1377 1700 1703 1640 1706 1678 945 
1700 1386 1707 1710 1649 1687 954 
1703 1707 1389 1711 1652 1690 957 
708 970 971 972 973 974 436 
1140 436 1402 1403 1404 1405 1406 
708 1140 1562 1563 1564 1565 1566 
451 970 723 981 982 983 984 
451 1155 1413 1414 1415 1416 1402 
1155 1573 1574 1575 1576 723 1562 
970 1402 1712 1713 1715 1718 1562 
992 993 738 994 971 466 991 
1423 1424 1425 466 1170 1426 1403 
738 1583 1584 1585 1170 1586 1563 
971 1712 1714 1403 1716 1719 1563 
998 999 1000 748 981 476 991 
1413 1423 1430 1431 1432 476 1180 
1573 748 1583 1590 1591 1592 1180 
1573 1413 1712 981 1722 1723 1725 
1728 1729 1731 1423 1583 1712 991 
491 972 1007 1008 1009 1010 763 
1440 1441 1442 491 1195 1404 1439 
1600 1601 1602 1195 763 1564 1599 
972 1713 1714 1717 1720 1404 1564 
773 1007 1015 501 1014 982 1016 
1446 1414 1447 1448 501 1205 1439 
773 1606 1574 1607 1608 1205 1599 
1574 1414 1713 982 1722 1724 1726 
1737 1738 1740 1599 1007 1713 1439 
992 783 1008 1020 1021 1022 511 
1440 511 1452 1453 1454 1424 1215 
1600 1612 1613 1614 783 1584 1215 
992 1728 1730 1732 1584 1424 1714 
1600 1440 1737 1739 1741 1008 1714 
1024 1025 517 998 789 1014 1020 
1221 1446 517 1452 1456 1457 1430 
1221 1606 1612 1616 1617 789 1590 
1728 998 1734 1735 1590 1430 1722 
1606 1446 1737 1743 1744 1014 1722 
1728 1737 1452 1612 1746 1747 1020 
804 1032 1033 1034 1035 973 532 
1236 532 1464 1465 1466 1467 1405 
804 1236 1624 1625 1626 1627 1565 
973 1715 1405 1716 1717 1721 1565 
1032 814 1039 1040 1041 983 542 
1472 1473 542 1415 1464 1246 1471 
1632 1633 1575 814 1624 1246 1631 
1415 1575 1715 983 1723 1724 1727 
1464 1032 1715 1750 1751 1624 1753 
993 552 1033 1045 1046 1047 824 
1477 1478 1479 552 1256 1425 1465 
1637 1638 1639 1256 1585 824 1625 
993 1729 1730 1733 1425 1585 1716 
1033 1465 1716 1750 1752 1625 1754 
999 558 1039 1045 1049 1050 830 
1477 1481 1482 1262 558 1431 1471 
1637 1641 1642 1262 1591 830 1631 
1729 1591 1734 999 1736 1431 1723 
1631 1039 1750 1723 1756 1757 1471 
1760 1729 1477 1637 1045 1750 1759 
1056 840 1034 1009 568 1054 1055 
1272 1441 1486 1487 1488 568 1466 
1601 840 1646 1647 1648 1272 1626 
1601 1441 1738 1739 1742 1009 1717 
1034 1626 1717 1751 1752 1466 1755 
1058 1059 574 846 1040 1015 1054 
1472 1447 574 1486 1490 1491 1278 
1632 1607 1646 846 1650 1651 1278 
1447 1607 1738 1743 1745 1015 1724 
1632 1472 1756 1040 1751 1724 1758 
1763 1764 1738 1646 1486 1751 1054 
580 1061 1062 852 1046 1021 1055 
580 1284 1478 1453 1487 1493 1494 
1284 1638 1613 1647 852 1653 1654 
1730 1739 1613 1453 1746 1748 1021 
1761 1730 1638 1478 1046 1752 1759 
1763 1765 1739 1487 1647 1752 1055 
1024 1058 1061 583 1063 855 1049 
1287 583 1481 1456 1490 1493 1495 
1287 1655 1641 1616 1650 1653 855 
1024 1734 1743 1616 1456 1746 1749 
1762 1734 1481 1641 1049 1756 1759 
1058 1763 1766 1743 1490 1650 1756 
1763 1061 1767 1746 1493 1653 1759 
870 1070 974 1071 1072 1073 598 
1504 1505 1502 598 1302 1406 1503 
1664 1665 870 1566 1302 1662 1663 
1566 974 1718 1719 1720 1721 1406 
608 1070 880 1077 1078 1079 984 
608 1312 1509 1510 1511 1416 1502 
1312 1669 1670 1671 1576 880 1662 
1576 1416 1718 984 1725 1726 1727 
1502 1768 1769 1771 1070 1718 1662 
994 618 1071 890 1083 1084 1085 
618 1515 1322 1516 1517 1426 1503 
1322 1675 1676 1677 1586 890 1663 
994 1731 1732 1733 1586 1426 1719 
1768 1770 1772 1663 1071 1719 1503 
896 1088 1000 624 1077 1083 1087 
1509 1515 1519 624 1328 1520 1432 
896 1669 1675 1679 1328 1680 1592 
1731 1432 1735 1000 1736 1592 1725 
1509 1669 1768 1774 1775 1077 1725 
1731 1768 1675 1515 1777 1778 1083 
1092 1093 1094 906 1072 1010 634 
1504 1442 1338 1524 1525 1526 634 
1664 1602 906 1684 1685 1686 1338 
1442 1602 1740 1741 1742 1010 1720 
1504 1664 1769 1770 1773 1072 1720 
640 1092 1096 1097 912 1078 1016 
640 1344 1510 1448 1524 1528 1529 
1344 1670 1608 912 1684 1688 1689 
1608 1448 1740 1744 1745 1016 1726 
1510 1670 1769 1774 1776 1078 1726 
1092 1769 1740 1684 1524 1781 1782 
1093 646 1099 1100 918 1084 1022 
1350 646 1516 1454 1525 1531 1532 
1350 1676 1614 1685 918 1691 1692 
1732 1741 1614 1454 1747 1748 1022 
1732 1770 1676 1516 1777 1779 1084 
1093 1770 1783 1741 1525 1685 1781 
1025 1096 649 1099 1101 921 1087 
1353 649 1519 1457 1528 1531 1533 
1353 1679 1617 1688 921 1691 1693 
1025 1735 1744 1617 1457 1747 1749 
1735 1774 1679 1519 1777 1780 1087 
1096 1688 1774 1744 1784 1781 1528 
1099 1777 1747 1781 1531 1785 1691 
931 1035 1073 1105 659 1106 1107 
1505 1537 1538 1539 1363 659 1467 
1665 1697 931 1698 1699 1363 1627 
1035 1753 1467 1721 1754 1627 1755 
1665 1505 1771 1772 1773 1073 1721 
937 1105 1041 1109 1110 1079 665 
1473 1537 1541 1542 1511 665 1369 
1697 1633 1701 1702 1671 937 1369 
1473 1633 1041 1753 1757 1758 1727 
1671 1511 1771 1775 1776 1079 1727 
1697 1537 1771 1105 1753 1786 1787 
943 1106 1047 1112 1113 1085 671 
1538 1479 1544 1545 1517 671 1375 
1698 1639 1704 1705 1677 943 1375 
1760 1761 1733 1479 1639 1047 1754 
1733 1772 1517 1677 1778 1779 1085 
1698 1538 1786 1772 1106 1754 1788 
1088 674 1114 946 1109 1112 1050 
674 1378 1541 1544 1482 1546 1520 
1378 1701 1704 1642 1706 1680 946 
1760 1762 1736 1482 1642 1050 1757 
1088 1736 1775 1520 1680 1778 1780 
1541 1701 1789 1775 1109 1786 1757 
1760 1544 1704 1778 1112 1786 1790 
1056 1094 680 1107 952 1116 1117 
1539 680 1384 1548 1549 1488 1526 
1699 1384 1708 1709 1648 1686 952 
1056 1764 1765 1742 1648 1488 1755 
1094 1783 1773 1742 1526 1686 1782 
1539 1699 1773 1107 1755 1788 1787 
1059 1097 683 1110 955 1116 1118 
1542 1387 683 1548 1550 1491 1529 
1702 1387 1708 1710 1651 1689 955 
1059 1764 1766 1745 1651 1491 1758 
1097 1529 1776 1745 1782 1784 1689 
1702 1542 1776 1110 1787 1789 1758 
1764 1708 1548 1782 1787 1116 1791 
1062 1100 686 1113 1117 958 1119 
1545 1549 1390 686 1551 1494 1532 
1705 1709 1390 1711 1654 1692 958 
1761 1765 1062 1767 1748 1654 1494 
1100 1532 1779 1748 1783 1785 1692 
1761 1705 1545 1779 1113 1788 1790 
1765 1549 1709 1783 1788 1117 1791 
1063 1101 687 1119 1114 1118 959 
1546 1550 1391 687 1551 1495 1533 
1706 1710 1391 1711 1655 1693 959 
1762 1766 1655 1063 1767 1749 1495 
1693 1101 1780 1749 1784 1785 1533 
1762 1706 1546 1780 1114 1789 1790 
1766 1710 1550 1784 1789 1118 1791 
1767 1711 1551 1791 1785 1790 1119 
