511 210
0 1 2 3 4 5 6 7 8 9 10 11 12 13 14 15 16 17 18 19 20 21 22 23 24 25 26 27 28 29 30 31 32 33 34 35 36 37 38 39 40 41 42 43 44 45 46 47 48 49 50 51 52 53 54 55 56 57 58 59 60 61 62 
0 1 2 3 4 5 6 7 8 9 10 11 12 13 14 15 16 17 18 19 20 21 22 23 24 25 26 27 28 29 30 63 64 65 66 67 68 69 70 71 72 73 74 75 76 77 78 79 80 81 82 83 84 85 86 87 88 89 90 91 92 93 94 
0 1 2 3 4 5 6 7 8 9 10 11 12 13 14 31 32 33 34 35 36 37 38 39 40 41 42 43 44 45 46 63 64 65 66 67 68 69 70 71 72 73 74 75 76 77 78 95 96 97 98 99 100 101 102 103 104 105 106 107 108 109 110 
0 1 2 3 4 5 6 15 16 17 18 19 20 21 22 31 32 33 34 35 36 37 38 47 48 49 50 51 52 53 54 63 64 65 66 67 68 69 70 79 80 81 82 83 84 85 86 95 96 97 98 99 100 101 102 111 112 113 114 115 116 117 118 
0 1 2 7 8 9 10 15 16 17 18 23 24 25 26 31 32 33 34 39 40 41 42 47 48 49 50 55 56 57 58 63 64 65 66 71 72 73 74 79 80 81 82 87 88 89 90 95 96 97 98 103 104 105 106 111 112 113 114 119 120 121 122 
0 3 4 7 8 11 12 15 16 19 20 23 24 27 28 31 32 35 36 39 40 43 44 47 48 51 52 55 56 59 60 63 64 67 68 71 72 75 76 79 80 83 84 87 88 91 92 95 96 99 100 103 104 107 108 111 112 115 116 119 120 123 124 
1 3 5 7 9 11 13 15 17 19 21 23 25 27 29 31 33 35 37 39 41 43 45 47 49 51 53 55 57 59 61 63 65 67 69 71 73 75 77 79 81 83 85 87 89 91 93 95 97 99 101 103 105 107 109 111 113 115 117 119 121 123 125 
0 1 2 3 4 5 6 7 8 9 10 11 12 13 14 15 16 17 18 19 20 21 22 23 24 25 26 27 28 29 30 128 132 133 153 134 154 156 157 158 135 136 137 129 138 139 155 140 141 142 130 143 144 145 146 147 131 148 149 150 151 152 127 
0 1 2 3 4 5 6 7 8 9 10 11 12 13 14 129 130 136 137 138 131 140 141 142 132 128 133 31 32 33 34 35 36 37 38 39 40 41 42 43 44 45 46 135 134 161 162 170 171 163 173 174 164 139 159 160 165 166 167 168 169 172 127 
0 1 2 3 4 5 6 128 129 130 131 132 133 134 15 16 17 18 19 20 21 22 143 144 145 146 147 148 149 150 31 32 33 34 35 36 37 38 159 160 161 162 163 164 165 166 47 48 49 50 51 52 53 54 175 176 177 178 179 180 181 182 127 
0 1 2 128 129 130 7 8 9 10 135 136 137 138 15 16 17 18 143 144 145 146 23 24 25 26 151 152 153 154 31 32 33 34 159 160 161 162 39 40 41 42 167 168 169 170 47 48 49 50 175 176 177 178 55 56 57 58 183 184 185 186 127 
0 128 3 4 131 132 7 8 135 136 11 12 139 140 15 16 143 144 19 20 147 148 23 24 151 152 27 28 155 156 31 32 159 160 35 36 163 164 39 40 167 168 43 44 171 172 47 48 175 176 51 52 179 180 55 56 183 184 59 60 187 188 127 
1 129 3 131 5 133 7 135 9 137 11 139 13 141 15 143 17 145 19 147 21 149 23 151 25 153 27 155 29 157 31 159 33 161 35 163 37 165 39 167 41 169 43 171 45 173 47 175 49 177 51 179 53 181 55 183 57 185 59 187 61 189 127 
0 1 2 3 4 5 6 7 8 9 10 11 12 13 14 129 130 136 137 138 131 140 141 142 132 128 133 134 135 205 139 63 64 65 66 67 68 69 70 71 72 73 74 75 76 77 78 191 192 193 194 202 203 204 195 206 196 197 198 199 200 201 127 
0 1 2 3 4 5 6 128 129 130 131 132 133 134 15 16 17 18 19 20 21 22 143 144 145 146 147 148 149 150 63 64 65 66 67 68 69 70 191 192 193 194 195 196 197 198 79 80 81 82 83 84 85 86 207 208 209 210 211 212 213 214 127 
0 1 2 128 129 130 7 8 9 10 135 136 137 138 15 16 17 18 143 144 145 146 23 24 25 26 151 152 153 154 63 64 65 66 191 192 193 194 71 72 73 74 199 200 201 202 79 80 81 82 207 208 209 210 87 88 89 90 215 216 217 218 127 
0 128 3 4 131 132 7 8 135 136 11 12 139 140 15 16 143 144 19 20 147 148 23 24 151 152 27 28 155 156 63 64 191 192 67 68 195 196 71 72 199 200 75 76 203 204 79 80 207 208 83 84 211 212 87 88 215 216 91 92 219 220 127 
1 129 3 131 5 133 7 135 9 137 11 139 13 141 15 143 17 145 19 147 21 149 23 151 25 153 27 155 29 157 63 191 65 193 67 195 69 197 71 199 73 201 75 203 77 205 79 207 81 209 83 211 85 213 87 215 89 217 91 219 93 221 127 
0 1 2 3 4 5 6 128 129 130 131 132 133 134 31 32 33 34 35 36 37 38 159 160 161 162 163 164 165 166 63 64 65 66 67 68 69 70 191 192 193 194 195 196 197 198 95 96 97 98 99 100 101 102 223 224 225 226 227 228 229 230 127 
0 1 2 128 129 130 7 8 9 10 135 136 137 138 31 32 33 34 159 160 161 162 39 40 41 42 167 168 169 170 63 64 65 66 191 192 193 194 71 72 73 74 199 200 201 202 95 96 97 98 223 224 225 226 103 104 105 106 231 232 233 234 127 
0 128 3 4 131 132 7 8 135 136 11 12 139 140 31 32 159 160 35 36 163 164 39 40 167 168 43 44 171 172 63 64 191 192 67 68 195 196 71 72 199 200 75 76 203 204 95 96 223 224 99 100 227 228 103 104 231 232 107 108 235 236 127 
1 129 3 131 5 133 7 135 9 137 11 139 13 141 31 159 33 161 35 163 37 165 39 167 41 169 43 171 45 173 63 191 65 193 67 195 69 197 71 199 73 201 75 203 77 205 95 223 97 225 99 227 101 229 103 231 105 233 107 235 109 237 127 
0 1 2 128 129 130 15 16 17 18 143 144 145 146 31 32 33 34 159 160 161 162 47 48 49 50 175 176 177 178 63 64 65 66 191 192 193 194 79 80 81 82 207 208 209 210 95 96 97 98 223 224 225 226 111 112 113 114 239 240 241 242 127 
0 128 3 4 131 132 15 16 143 144 19 20 147 148 31 32 159 160 35 36 163 164 47 48 175 176 51 52 179 180 63 64 191 192 67 68 195 196 79 80 207 208 83 84 211 212 95 96 223 224 99 100 227 228 111 112 239 240 115 116 243 244 127 
1 129 3 131 5 133 15 143 17 145 19 147 21 149 31 159 33 161 35 163 37 165 47 175 49 177 51 179 53 181 63 191 65 193 67 195 69 197 79 207 81 209 83 211 85 213 95 223 97 225 99 227 101 229 111 239 113 241 115 243 117 245 127 
0 128 7 8 135 136 15 16 143 144 23 24 151 152 31 32 159 160 39 40 167 168 47 48 175 176 55 56 183 184 63 64 191 192 71 72 199 200 79 80 207 208 87 88 215 216 247 95 96 223 224 248 103 104 231 232 111 112 239 240 119 120 127 
1 129 7 135 9 137 15 143 17 145 23 151 25 153 31 159 33 161 39 167 41 169 47 175 49 177 55 183 57 185 63 191 65 193 71 199 73 201 79 207 81 209 87 215 89 217 247 95 223 97 225 249 103 231 105 233 111 239 113 241 119 121 127 
3 131 7 135 11 139 15 143 19 147 23 151 27 155 31 159 35 163 39 167 43 171 47 175 51 179 55 183 59 187 63 191 67 195 71 199 75 203 79 207 83 211 87 215 91 219 247 95 223 99 227 103 231 107 235 111 239 251 115 243 119 123 127 
0 1 2 3 4 5 6 7 8 9 10 11 12 13 14 15 16 17 18 19 20 21 22 23 24 25 26 27 28 29 30 259 260 280 261 281 283 284 285 262 286 263 256 264 265 282 266 267 268 257 269 270 271 272 273 258 274 275 276 277 278 279 255 
0 1 2 3 4 5 6 7 8 9 10 11 12 13 14 256 257 264 265 258 267 268 269 270 259 260 31 32 33 34 35 36 37 38 39 40 41 42 43 44 45 46 261 262 263 288 289 290 287 301 302 291 266 292 293 294 295 296 297 298 299 300 255 
0 1 2 3 4 5 6 256 257 258 259 260 261 262 15 16 17 18 19 20 21 22 271 272 273 274 275 276 277 278 31 32 33 34 35 36 37 38 287 288 289 290 291 292 293 294 47 48 49 50 51 52 53 54 303 304 305 306 307 308 309 310 255 
0 1 2 256 257 258 7 8 9 10 263 264 265 266 15 16 17 18 271 272 273 274 23 24 25 26 279 280 281 282 31 32 33 34 287 288 289 290 39 40 41 42 295 296 297 298 47 48 49 50 303 304 305 306 55 56 57 58 311 312 313 314 255 
0 256 3 4 259 260 7 8 263 264 11 12 267 268 15 16 271 272 19 20 275 276 23 24 279 280 27 28 283 284 31 32 287 288 35 36 291 292 39 40 295 296 43 44 299 300 47 48 303 304 51 52 307 308 55 56 311 312 59 60 315 316 255 
1 257 3 259 5 261 7 263 9 265 11 267 13 269 15 271 17 273 19 275 21 277 23 279 25 281 27 283 29 285 31 287 33 289 35 291 37 293 39 295 41 297 43 299 45 301 47 303 49 305 51 307 53 309 55 311 57 313 59 315 61 317 255 
0 1 2 3 4 5 6 7 8 9 10 11 12 13 14 256 257 264 265 258 267 268 269 270 259 260 261 332 262 263 266 63 64 65 66 67 68 69 70 71 72 73 74 75 76 77 78 320 321 328 329 330 331 322 333 334 319 323 324 325 326 327 255 
0 1 2 3 4 5 6 256 257 258 259 260 261 262 15 16 17 18 19 20 21 22 271 272 273 274 275 276 277 278 63 64 65 66 67 68 69 70 319 320 321 322 323 324 325 326 79 80 81 82 83 84 85 86 335 336 337 338 339 340 341 342 255 
0 1 2 256 257 258 7 8 9 10 263 264 265 266 15 16 17 18 271 272 273 274 23 24 25 26 279 280 281 282 63 64 65 66 319 320 321 322 71 72 73 74 327 328 329 330 79 80 81 82 335 336 337 338 87 88 89 90 343 344 345 346 255 
0 256 3 4 259 260 7 8 263 264 11 12 267 268 15 16 271 272 19 20 275 276 23 24 279 280 27 28 283 284 63 64 319 320 67 68 323 324 71 72 327 328 75 76 331 332 79 80 335 336 83 84 339 340 87 88 343 344 91 92 347 348 255 
1 257 3 259 5 261 7 263 9 265 11 267 13 269 15 271 17 273 19 275 21 277 23 279 25 281 27 283 29 285 63 319 65 321 67 323 69 325 71 327 73 329 75 331 77 333 79 335 81 337 83 339 85 341 87 343 89 345 91 347 93 349 255 
0 1 2 3 4 5 6 256 257 258 259 260 261 262 31 32 33 34 35 36 37 38 287 288 289 290 291 292 293 294 63 64 65 66 67 68 69 70 319 320 321 322 323 324 325 326 95 96 97 98 99 100 101 102 351 352 353 354 355 356 357 358 255 
0 1 2 256 257 258 7 8 9 10 263 264 265 266 31 32 33 34 287 288 289 290 39 40 41 42 295 296 297 298 63 64 65 66 319 320 321 322 71 72 73 74 327 328 329 330 95 96 97 98 351 352 353 354 103 104 105 106 359 360 361 362 255 
0 256 3 4 259 260 7 8 263 264 11 12 267 268 31 32 287 288 35 36 291 292 39 40 295 296 43 44 299 300 63 64 319 320 67 68 323 324 71 72 327 328 75 76 331 332 95 96 351 352 99 100 355 356 103 104 359 360 107 108 363 364 255 
1 257 3 259 5 261 7 263 9 265 11 267 13 269 31 287 33 289 35 291 37 293 39 295 41 297 43 299 45 301 63 319 65 321 67 323 69 325 71 327 73 329 75 331 77 333 95 351 97 353 99 355 101 357 103 359 105 361 107 363 109 365 255 
0 1 2 256 257 258 15 16 17 18 271 272 273 274 31 32 33 34 287 288 289 290 47 48 49 50 303 304 305 306 63 64 65 66 319 320 321 322 79 80 81 82 335 336 337 338 95 96 97 98 351 352 353 354 111 112 113 114 367 368 369 370 255 
0 256 3 4 259 260 15 16 271 272 19 20 275 276 31 32 287 288 35 36 291 292 47 48 303 304 51 52 307 308 63 64 319 320 67 68 323 324 79 80 335 336 83 84 339 340 95 96 351 352 99 100 355 356 111 112 367 368 115 116 371 372 255 
1 257 3 259 5 261 15 271 17 273 19 275 21 277 31 287 33 289 35 291 37 293 47 303 49 305 51 307 53 309 63 319 65 321 67 323 69 325 79 335 81 337 83 339 85 341 95 351 97 353 99 355 101 357 111 367 113 369 115 371 117 373 255 
0 256 7 8 263 264 15 16 271 272 23 24 279 280 31 32 287 288 39 40 295 296 47 48 303 304 55 56 311 312 63 64 319 320 71 72 327 328 79 80 335 336 87 88 343 344 95 96 351 352 375 376 103 104 359 360 111 112 367 368 119 120 255 
1 257 7 263 9 265 15 271 17 273 23 279 25 281 31 287 33 289 39 295 41 297 47 303 49 305 55 311 57 313 63 319 65 321 71 327 73 329 79 335 81 337 87 343 89 345 95 351 97 353 375 103 359 105 361 377 111 367 113 369 119 121 255 
3 259 7 263 11 267 15 271 19 275 23 279 27 283 31 287 35 291 39 295 43 299 47 303 51 307 55 311 59 315 63 319 67 323 71 327 75 331 79 335 83 339 87 343 91 347 95 351 375 99 355 103 359 107 363 111 367 115 371 379 119 123 255 
0 1 2 3 4 5 6 7 8 9 10 11 12 13 14 129 130 136 137 138 131 140 141 142 255 132 128 258 259 260 133 386 387 388 261 134 383 389 262 135 390 263 256 391 264 392 265 393 266 139 394 267 384 395 268 257 396 269 397 270 398 385 127 
0 1 2 3 4 5 6 128 129 130 131 132 133 134 256 15 16 17 18 19 20 21 22 143 144 145 146 147 148 149 150 259 260 387 261 388 383 389 262 390 384 257 255 271 399 272 385 400 273 258 401 274 402 275 403 276 404 277 386 405 278 406 127 
0 1 2 128 129 130 255 7 8 9 10 135 136 137 138 15 16 17 18 143 144 145 146 23 24 25 26 151 152 153 154 279 280 281 282 407 383 263 256 391 264 409 392 265 393 266 394 384 257 410 408 271 399 272 385 400 273 258 401 274 402 386 127 
0 128 256 3 4 131 132 7 8 135 136 11 12 139 140 15 16 143 144 19 20 147 148 23 24 151 152 27 28 155 156 259 260 280 283 284 383 387 388 407 263 391 264 392 267 384 395 268 396 255 408 271 399 272 400 411 275 403 276 404 279 412 127 
407 1 129 3 131 5 133 7 135 9 137 11 139 13 141 15 143 17 145 19 147 21 149 23 151 25 153 27 155 29 157 259 279 281 261 283 285 383 389 413 263 391 409 265 393 267 387 395 257 269 397 255 271 399 385 273 401 411 275 403 277 405 127 
0 1 2 3 4 5 6 128 129 130 131 132 133 134 256 257 255 384 385 258 386 259 387 260 31 32 33 34 35 36 37 38 159 160 161 162 163 164 165 166 261 262 288 289 390 290 287 383 416 417 291 418 419 292 388 389 420 293 421 294 415 422 127 
0 1 2 128 129 130 255 7 8 9 10 135 136 137 138 256 257 264 265 258 384 385 386 31 32 33 34 159 160 161 162 39 40 41 42 167 168 169 170 263 288 289 297 298 290 287 383 391 392 417 393 266 418 394 415 295 423 296 424 425 426 416 127 
0 128 256 3 4 131 132 7 8 135 136 11 12 139 140 263 255 264 267 268 384 396 259 387 260 31 32 159 160 35 36 163 164 39 40 167 168 43 44 171 172 288 295 296 299 300 391 287 383 392 291 419 292 388 420 395 415 423 424 427 416 428 127 
1 129 3 131 5 133 7 135 9 137 11 139 13 141 257 255 265 267 269 385 397 259 387 31 159 33 161 35 163 37 165 39 167 41 169 43 171 45 173 261 263 289 297 299 301 287 383 391 417 291 393 419 389 293 395 421 415 295 423 425 427 429 127 
0 1 2 128 129 130 255 256 257 258 383 386 433 384 434 15 16 17 18 143 144 145 146 271 272 273 274 385 31 32 33 34 159 160 161 162 287 288 289 290 415 416 47 48 49 50 175 176 177 178 303 304 305 306 417 418 399 400 401 402 431 432 127 
0 128 256 3 4 131 132 255 259 260 383 387 388 384 15 16 143 144 19 20 147 148 271 272 275 276 403 404 31 32 159 160 35 36 163 164 287 288 291 292 415 419 420 416 47 48 175 176 51 52 179 180 303 304 307 308 435 436 399 400 431 432 127 
1 129 3 131 5 133 255 257 259 261 383 387 389 15 143 17 145 19 147 21 149 271 273 275 277 385 403 405 31 159 33 161 35 163 37 165 287 289 291 293 415 419 421 47 175 49 177 51 179 53 181 303 305 307 309 417 435 437 433 399 401 431 127 
0 128 256 255 384 7 8 135 136 263 264 383 391 15 16 143 144 271 272 399 400 23 24 151 152 279 280 407 408 31 32 159 160 287 288 415 416 39 40 167 168 295 296 423 424 47 48 175 176 303 304 392 431 55 56 183 184 311 312 439 440 432 127 
1 129 255 257 385 7 135 9 137 263 265 383 391 15 143 17 145 271 273 399 401 23 151 25 153 279 281 407 409 31 159 33 161 287 289 415 417 39 167 41 169 295 297 423 425 47 175 49 177 303 305 431 433 55 183 57 185 311 313 393 439 441 127 
407 3 131 255 259 7 135 263 383 11 139 267 391 15 143 271 395 19 147 275 399 23 151 279 403 27 155 283 387 31 159 287 411 35 163 291 415 39 167 295 419 43 171 299 423 47 175 303 427 51 179 307 431 55 183 311 435 59 187 315 439 443 127 
0 1 2 3 4 5 6 128 129 130 131 132 133 134 256 257 255 384 385 258 386 259 387 260 388 261 383 389 262 390 63 64 65 66 67 68 69 70 191 192 193 194 195 196 197 198 320 321 447 448 449 322 450 319 323 451 324 452 325 453 326 454 127 
0 1 2 128 129 130 255 7 8 9 10 135 136 137 138 256 257 264 265 258 384 385 386 458 383 263 391 392 393 266 394 63 64 65 66 191 192 193 194 71 72 73 74 199 200 201 202 320 321 328 329 330 448 322 449 450 319 327 447 455 456 457 127 
0 128 256 3 4 131 132 7 8 135 136 11 12 139 140 263 255 264 267 268 384 396 259 387 260 459 388 383 391 392 460 63 64 191 192 67 68 195 196 71 72 199 200 75 76 203 204 320 327 328 331 332 448 395 319 323 451 324 452 447 455 456 127 
1 129 3 131 5 133 7 135 9 137 11 139 13 141 257 255 265 267 269 385 397 259 387 459 261 383 389 263 391 393 63 191 65 193 67 195 69 197 71 199 73 201 75 203 77 205 327 321 329 331 333 449 395 461 319 323 451 325 453 447 455 457 127 
0 1 2 128 129 130 255 256 257 258 383 386 448 384 15 16 17 18 143 144 145 146 271 272 273 274 385 463 464 465 466 63 64 65 66 191 192 193 194 319 320 321 322 447 79 80 81 82 207 208 209 210 335 336 337 338 399 449 400 450 401 402 127 
0 128 256 3 4 131 132 255 259 260 383 387 388 384 448 15 16 143 144 19 20 147 148 271 272 275 276 403 404 463 464 468 63 64 191 192 67 68 195 196 319 320 323 324 447 451 452 79 80 207 208 83 84 211 212 335 336 339 340 399 467 400 127 
1 129 3 131 5 133 255 257 259 261 383 387 389 15 143 17 145 19 147 21 149 271 273 275 277 385 403 405 463 465 467 63 191 65 193 67 195 69 197 319 321 323 325 447 451 453 79 207 81 209 83 211 85 213 335 337 339 341 399 449 469 401 127 
0 128 256 255 384 7 8 135 136 263 264 383 391 15 16 143 144 271 272 399 400 23 24 151 152 279 280 407 408 392 63 64 191 192 319 320 447 448 71 72 199 200 327 328 455 456 79 80 207 208 335 336 463 464 87 88 215 216 343 344 471 472 127 
1 129 255 257 385 7 135 9 137 263 265 383 391 15 143 17 145 271 273 399 401 23 151 25 153 279 281 407 409 393 63 191 65 193 319 321 447 449 71 199 73 201 327 329 455 457 79 207 81 209 335 337 463 465 87 215 89 217 343 345 471 473 127 
3 131 255 259 7 135 263 383 11 139 267 391 15 143 271 395 19 147 275 399 23 151 279 403 27 155 283 387 407 411 63 191 319 447 67 195 323 451 71 199 327 455 75 203 331 459 79 207 335 463 83 211 339 467 87 215 343 471 91 219 347 475 127 
0 1 2 128 129 130 255 256 257 258 383 386 384 385 31 32 33 34 159 160 161 162 287 288 289 290 415 416 417 418 63 64 65 66 191 192 193 194 319 320 321 322 447 448 449 450 95 96 97 98 223 224 225 226 351 352 353 354 479 480 481 482 127 
0 128 256 3 4 132 131 255 259 260 383 387 388 384 31 32 159 160 35 36 163 164 287 288 291 292 415 419 420 416 63 64 191 192 67 68 195 196 319 320 323 324 447 451 452 448 95 96 223 224 99 100 227 228 351 352 355 356 479 483 484 480 127 
1 129 3 131 5 133 255 257 259 261 383 387 389 385 31 159 33 161 35 163 37 165 287 289 291 293 415 419 421 417 63 191 65 193 67 195 69 197 319 321 323 325 447 451 453 449 95 223 97 225 99 227 101 229 351 353 355 357 479 483 485 481 127 
0 128 256 255 384 7 8 135 136 263 264 383 391 392 31 32 159 160 287 288 415 416 39 40 167 168 295 296 423 424 63 64 191 192 319 320 447 448 71 72 199 200 327 328 455 456 95 96 223 224 351 352 479 480 103 104 231 232 359 360 487 488 127 
1 129 255 257 385 7 135 9 137 263 265 383 391 393 31 159 33 161 287 289 415 417 39 167 41 169 295 297 423 425 63 191 65 193 319 321 447 449 71 199 73 201 327 329 455 457 95 223 97 225 351 353 479 481 103 231 105 233 359 361 487 489 127 
3 131 255 259 7 135 263 383 11 139 267 391 395 387 31 159 287 415 35 163 291 419 39 167 295 423 43 171 299 427 63 191 319 447 67 195 323 451 71 199 327 455 75 203 331 459 95 223 351 479 99 227 355 483 103 231 359 487 107 235 363 491 127 
0 128 256 255 384 383 15 16 143 144 271 272 399 400 31 32 159 160 287 288 415 416 47 48 175 176 303 304 431 432 63 64 191 192 319 320 447 448 79 80 207 208 335 336 463 464 95 96 223 224 351 352 479 480 111 112 239 240 367 368 495 496 127 
1 129 255 257 385 383 15 143 17 145 271 273 399 401 31 159 33 161 287 289 415 417 47 175 49 177 303 305 431 433 63 191 65 193 319 321 447 449 79 207 81 209 335 337 463 465 95 223 97 225 351 353 479 481 111 239 113 241 367 369 495 497 127 
3 131 255 259 383 387 15 143 271 399 19 147 275 403 31 159 287 415 35 163 291 419 47 175 303 431 51 179 307 435 63 191 319 447 67 195 323 451 79 207 335 463 83 211 339 467 95 223 351 479 99 227 355 483 111 239 367 495 115 243 371 499 127 
255 7 135 263 383 391 15 143 271 399 23 151 279 407 31 159 287 415 39 167 295 423 47 175 303 431 55 183 311 439 63 191 319 447 71 199 327 455 79 207 335 463 87 215 343 471 247 95 223 351 375 479 503 103 231 359 487 111 239 367 495 119 127 
0 1 2 3 4 5 6 7 8 9 10 11 12 13 14 15 16 17 18 19 20 21 22 23 24 25 26 27 28 29 30 479 480 481 482 483 484 485 486 487 488 489 490 491 492 493 494 495 496 497 498 499 500 501 502 503 504 505 506 507 508 509 510 
0 1 2 3 4 5 6 7 8 9 10 11 12 13 14 31 32 33 34 35 36 37 38 39 40 41 42 43 44 45 46 463 464 465 466 467 468 469 470 471 472 473 474 475 476 477 478 495 496 497 498 499 500 501 502 503 504 505 506 507 508 509 510 
0 1 2 3 4 5 6 15 16 17 18 19 20 21 22 31 32 33 34 35 36 37 38 47 48 49 50 51 52 53 54 455 456 457 458 459 460 461 462 471 472 473 474 475 476 477 478 487 488 489 490 491 492 493 494 503 504 505 506 507 508 509 510 
0 1 2 7 8 9 10 15 16 17 18 23 24 25 26 31 32 33 34 39 40 41 42 47 48 49 50 55 56 57 58 451 452 453 454 459 460 461 462 467 468 469 470 475 476 477 478 483 484 485 486 491 492 493 494 499 500 501 502 507 508 509 510 
0 3 4 7 8 11 12 15 16 19 20 23 24 27 28 31 32 35 36 39 40 43 44 47 48 51 52 55 56 59 60 449 450 453 454 457 458 461 462 465 466 469 470 473 474 477 478 481 482 485 486 489 490 493 494 497 498 501 502 505 506 509 510 
1 3 5 7 9 11 13 15 17 19 21 23 25 27 29 31 33 35 37 39 41 43 45 47 49 51 53 55 57 59 61 448 450 452 454 456 458 460 462 464 466 468 470 472 474 476 478 480 482 484 486 488 490 492 494 496 498 500 502 504 506 508 510 
0 1 2 3 4 5 6 7 8 9 10 11 12 13 14 431 432 433 434 435 436 437 438 439 440 441 442 443 444 445 446 63 64 65 66 67 68 69 70 71 72 73 74 75 76 77 78 495 496 497 498 499 500 501 502 503 504 505 506 507 508 509 510 
0 1 2 3 4 5 6 15 16 17 18 19 20 21 22 423 424 425 426 427 428 429 430 439 440 441 442 443 444 445 446 63 64 65 66 67 68 69 70 79 80 81 82 83 84 85 86 487 488 489 490 491 492 493 494 503 504 505 506 507 508 509 510 
0 1 2 7 8 9 10 15 16 17 18 23 24 25 26 419 420 421 422 427 428 429 430 435 436 437 438 443 444 445 446 63 64 65 66 71 72 73 74 79 80 81 82 87 88 89 90 483 484 485 486 491 492 493 494 499 500 501 502 507 508 509 510 
0 3 4 7 8 11 12 15 16 19 20 23 24 27 28 417 418 421 422 425 426 429 430 433 434 437 438 441 442 445 446 63 64 67 68 71 72 75 76 79 80 83 84 87 88 91 92 481 482 485 486 489 490 493 494 497 498 501 502 505 506 509 510 
1 3 5 7 9 11 13 15 17 19 21 23 25 27 29 416 418 420 422 424 426 428 430 432 434 436 438 440 442 444 446 63 65 67 69 71 73 75 77 79 81 83 85 87 89 91 93 480 482 484 486 488 490 492 494 496 498 500 502 504 506 508 510 
0 1 2 3 4 5 6 407 408 409 410 411 412 413 414 31 32 33 34 35 36 37 38 439 440 441 442 443 444 445 446 63 64 65 66 67 68 69 70 471 472 473 474 475 476 477 478 95 96 97 98 99 100 101 102 503 504 505 506 507 508 509 510 
0 1 2 7 8 9 10 403 404 405 406 411 412 413 414 31 32 33 34 39 40 41 42 435 436 437 438 443 444 445 446 63 64 65 66 71 72 73 74 467 468 469 470 475 476 477 478 95 96 97 98 103 104 105 106 499 500 501 502 507 508 509 510 
0 3 4 7 8 11 12 401 402 405 406 409 410 413 414 31 32 35 36 39 40 43 44 433 434 437 438 441 442 445 446 63 64 67 68 71 72 75 76 465 466 469 470 473 474 477 478 95 96 99 100 103 104 107 108 497 498 501 502 505 506 509 510 
1 3 5 7 9 11 13 400 402 404 406 408 410 412 414 31 33 35 37 39 41 43 45 432 434 436 438 440 442 444 446 63 65 67 69 71 73 75 77 464 466 468 470 472 474 476 478 95 97 99 101 103 105 107 109 496 498 500 502 504 506 508 510 
0 1 2 395 396 397 398 15 16 17 18 411 412 413 414 31 32 33 34 427 428 429 430 47 48 49 50 443 444 445 446 63 64 65 66 459 460 461 462 79 80 81 82 475 476 477 478 95 96 97 98 491 492 493 494 111 112 113 114 507 508 509 510 
0 3 4 393 394 397 398 15 16 19 20 409 410 413 414 31 32 35 36 425 426 429 430 47 48 51 52 441 442 445 446 63 64 67 68 457 458 461 462 79 80 83 84 473 474 477 478 95 96 99 100 489 490 493 494 111 112 115 116 505 506 509 510 
1 3 5 392 394 396 398 15 17 19 21 408 410 412 414 31 33 35 37 424 426 428 430 47 49 51 53 440 442 444 446 63 65 67 69 456 458 460 462 79 81 83 85 472 474 476 478 95 97 99 101 488 490 492 494 111 113 115 117 504 506 508 510 
0 389 390 7 8 397 398 15 16 405 406 23 24 413 414 31 32 421 422 39 40 429 430 47 48 437 438 55 56 445 446 63 64 453 454 71 72 461 462 79 80 469 470 87 88 477 478 95 96 485 486 103 104 493 494 111 112 501 502 119 120 509 510 
1 388 390 7 9 396 398 15 17 404 406 23 25 412 414 31 33 420 422 39 41 428 430 47 49 436 438 55 57 444 446 63 65 452 454 71 73 460 462 79 81 468 470 87 89 476 478 95 97 484 486 103 105 492 494 111 113 500 502 119 121 508 510 
386 3 390 7 394 11 398 15 402 19 406 23 410 27 414 31 418 35 422 39 426 43 430 47 434 51 438 55 442 59 446 63 450 67 454 71 458 75 462 79 466 83 470 87 474 91 478 95 482 99 486 103 490 107 494 111 498 115 502 119 506 123 510 
0 1 2 3 4 5 6 7 8 9 10 11 12 13 14 129 130 136 137 138 131 140 141 142 132 128 133 509 510 134 135 495 139 506 496 497 498 499 500 507 501 502 503 504 505 508 367 368 369 370 371 372 373 374 375 376 377 378 379 380 381 382 127 
0 1 2 3 4 5 6 128 129 130 131 132 133 134 504 15 16 17 18 19 20 21 22 143 144 145 146 147 148 149 150 509 510 505 508 506 507 503 359 360 361 362 363 364 365 366 487 488 489 490 491 492 493 494 375 376 377 378 379 380 381 382 127 
0 1 2 128 129 130 509 7 8 9 10 135 136 137 138 15 16 17 18 143 144 145 146 23 24 25 26 151 152 153 154 510 508 507 355 356 357 358 483 484 485 486 363 364 365 366 491 492 493 494 371 372 373 374 499 500 501 502 379 380 381 382 127 
0 128 509 3 4 131 132 7 8 135 136 11 12 139 140 15 16 143 144 19 20 147 148 23 24 151 152 27 28 155 156 510 505 353 354 481 482 357 358 485 486 361 362 489 490 365 366 493 494 369 370 497 498 373 374 501 502 377 378 506 381 382 127 
1 129 3 131 5 133 7 135 9 137 11 139 13 141 15 143 17 145 19 147 21 149 23 151 25 153 27 155 29 157 510 508 504 352 480 354 482 356 484 358 486 360 488 362 490 364 492 366 494 368 496 370 498 372 500 374 502 376 506 378 380 382 127 
0 1 2 3 4 5 6 128 129 130 131 132 133 134 509 510 31 32 33 34 35 36 37 38 159 160 161 162 163 164 165 166 507 343 344 345 346 347 348 349 350 471 472 473 474 475 476 477 478 503 504 505 508 506 375 376 377 378 379 380 381 382 127 
0 1 2 128 129 130 509 7 8 9 10 135 136 137 138 510 31 32 33 34 159 160 161 162 39 40 41 42 167 168 169 170 507 339 340 341 342 467 468 469 470 347 348 349 350 475 476 477 478 508 371 372 373 374 499 500 501 502 379 380 381 382 127 
0 128 509 3 4 131 132 7 8 135 136 11 12 139 140 510 31 32 159 160 35 36 163 164 39 40 167 168 43 44 171 172 337 338 465 466 341 342 469 470 345 346 473 474 349 350 477 478 505 369 370 497 498 373 374 501 502 377 378 506 381 382 127 
1 129 3 131 5 133 7 135 9 137 11 139 13 141 510 31 159 33 161 35 163 37 165 39 167 41 169 43 171 45 173 336 464 338 466 340 468 342 470 344 472 346 474 348 476 350 478 504 508 368 496 370 498 372 500 374 502 376 506 378 380 382 127 
0 1 2 128 129 130 509 510 15 16 17 18 143 144 145 146 31 32 33 34 159 160 161 162 47 48 49 50 175 176 177 178 331 332 333 334 459 460 461 462 347 348 349 350 475 476 477 478 363 364 365 366 491 492 493 494 508 507 379 380 381 382 127 
0 128 509 3 4 131 132 510 15 16 143 144 19 20 147 148 31 32 159 160 35 36 163 164 47 48 175 176 51 52 179 180 329 330 457 458 333 334 461 462 345 346 473 474 349 350 477 478 361 362 489 490 365 366 493 494 505 506 377 378 381 382 127 
1 129 3 131 5 133 510 15 143 17 145 19 147 21 149 31 159 33 161 35 163 37 165 47 175 49 177 51 179 53 181 328 456 330 458 332 460 334 462 344 472 346 474 348 476 350 478 360 488 362 490 364 492 366 494 504 508 506 376 378 380 382 127 
0 128 509 510 7 8 135 136 15 16 143 144 23 24 151 152 31 32 159 160 39 40 167 168 47 48 175 176 55 56 183 184 325 326 453 454 333 334 461 462 341 342 469 470 349 350 477 478 357 358 485 486 365 366 493 494 373 374 501 502 381 382 127 
1 129 510 7 135 9 137 15 143 17 145 23 151 25 153 31 159 33 161 39 167 41 169 47 175 49 177 55 183 57 185 324 452 326 454 332 460 334 462 340 468 342 470 348 476 350 478 356 484 358 486 364 492 366 494 508 372 500 374 502 380 382 127 
3 131 510 7 135 11 139 15 143 19 147 23 151 27 155 31 159 35 163 39 167 43 171 47 175 51 179 55 183 59 187 322 450 326 454 330 458 334 462 338 466 342 470 346 474 350 478 354 482 358 486 362 490 366 494 370 498 506 374 502 378 382 127 
0 1 2 3 4 5 6 128 129 130 131 132 133 134 509 510 439 444 440 441 445 442 443 311 312 313 314 315 316 317 318 63 64 65 66 67 68 69 70 191 192 193 194 195 196 197 198 507 446 503 504 505 508 506 375 376 377 378 379 380 381 382 127 
0 1 2 128 129 130 509 7 8 9 10 135 136 137 138 443 510 444 445 307 308 309 310 435 436 437 438 315 316 317 318 63 64 65 66 191 192 193 194 71 72 73 74 199 200 201 202 507 446 508 371 372 373 374 499 500 501 502 379 380 381 382 127 
0 128 509 3 4 131 132 7 8 135 136 11 12 139 140 510 445 305 306 433 434 309 310 437 438 313 314 441 442 317 318 63 64 191 192 67 68 195 196 71 72 199 200 75 76 203 204 446 505 369 370 497 498 373 374 501 502 377 378 506 381 382 127 
1 129 3 131 5 133 7 135 9 137 11 139 13 141 510 304 432 306 434 308 436 310 438 312 440 314 442 316 444 318 63 191 65 193 67 195 69 197 71 199 73 201 75 203 77 205 446 504 508 368 496 370 498 372 500 374 502 376 506 378 380 382 127 
0 1 2 128 129 130 509 510 15 16 17 18 143 144 145 146 299 300 301 302 427 428 429 430 443 444 315 316 317 318 63 64 65 66 191 192 193 194 445 446 79 80 81 82 207 208 209 210 363 364 365 366 491 492 493 494 508 507 379 380 381 382 127 
0 128 509 3 4 131 132 510 15 16 143 144 19 20 147 148 297 298 425 426 301 302 429 430 313 314 441 442 317 318 63 64 191 192 67 68 195 196 445 446 79 80 207 208 83 84 211 212 361 362 489 490 365 366 493 494 505 506 377 378 381 382 127 
1 129 3 131 5 133 510 15 143 17 145 19 147 21 149 296 424 298 426 300 428 302 430 312 440 314 442 316 444 318 63 191 65 193 67 195 69 197 446 79 207 81 209 83 211 85 213 360 488 362 490 364 492 366 494 504 508 506 376 378 380 382 127 
0 128 509 510 7 8 135 136 15 16 143 144 23 24 151 152 293 294 421 422 301 302 429 430 309 310 437 438 317 318 63 64 191 192 445 446 71 72 199 200 79 80 207 208 87 88 215 216 357 358 485 486 365 366 493 494 373 374 501 502 381 382 127 
1 129 510 7 135 9 137 15 143 17 145 23 151 25 153 292 420 294 422 300 428 302 430 308 436 310 438 316 444 318 63 191 65 193 446 71 199 73 201 79 207 81 209 87 215 89 217 356 484 358 486 364 492 366 494 508 372 500 374 502 380 382 127 
3 131 510 7 135 11 139 15 143 19 147 23 151 27 155 290 418 294 422 298 426 302 430 306 434 310 438 314 442 318 63 191 446 67 195 71 199 75 203 79 207 83 211 87 215 91 219 354 482 358 486 362 490 366 494 370 498 506 374 502 378 382 127 
0 1 2 128 129 130 509 510 411 412 283 284 285 286 31 32 33 34 159 160 161 162 413 414 443 444 315 316 317 318 63 64 65 66 191 192 193 194 445 446 476 475 347 348 349 350 95 96 97 98 223 224 225 226 477 478 508 507 379 380 381 382 127 
0 128 509 3 4 132 131 510 281 282 409 410 285 286 31 32 159 160 35 36 163 164 413 414 313 314 441 442 317 318 63 64 191 192 67 68 195 196 445 446 345 346 473 474 349 350 95 96 223 224 99 100 227 228 477 478 505 506 377 378 381 382 127 
1 129 3 131 5 133 510 280 408 282 410 284 412 286 31 159 33 161 35 163 37 165 414 312 440 314 442 316 444 318 63 191 65 193 67 195 69 197 446 344 472 346 474 348 476 350 95 223 97 225 99 227 101 229 478 504 508 506 376 378 380 382 127 
0 128 509 510 7 8 135 136 277 278 405 406 285 286 31 32 159 160 413 414 39 40 167 168 309 310 437 438 317 318 63 64 191 192 445 446 71 72 199 200 341 342 469 470 349 350 95 96 223 224 477 478 103 104 231 232 373 374 501 502 381 382 127 
1 129 510 7 135 9 137 276 404 278 406 284 412 286 31 159 33 161 414 39 167 41 169 308 436 310 438 316 444 318 63 191 65 193 446 71 199 73 201 340 468 342 470 348 476 350 95 223 97 225 478 103 231 105 233 508 372 500 374 502 380 382 127 
3 131 510 7 135 11 139 274 402 278 406 282 410 286 31 159 414 35 163 39 167 43 171 306 434 310 438 314 442 318 63 191 446 67 195 71 199 75 203 338 466 342 470 346 474 350 95 223 478 99 227 103 231 107 235 370 498 506 374 502 378 382 127 
0 128 509 510 269 270 15 16 143 144 397 398 285 286 31 32 159 160 413 414 301 302 47 48 175 176 429 430 317 318 63 64 191 192 445 446 333 334 79 80 207 208 461 462 349 350 95 96 223 224 477 478 365 366 111 112 239 240 493 494 381 382 127 
1 129 510 268 396 270 15 143 17 145 398 284 412 286 31 159 33 161 414 300 428 302 47 175 49 177 430 316 444 318 63 191 65 193 446 332 460 334 79 207 81 209 462 348 476 350 95 223 97 225 478 364 492 366 111 239 113 241 494 508 380 382 127 
3 131 510 266 394 270 15 143 398 19 147 282 410 286 31 159 414 35 163 298 426 302 47 175 430 51 179 314 442 318 63 191 446 67 195 330 458 334 79 207 462 83 211 346 474 350 95 223 478 99 227 362 490 366 111 239 494 506 115 243 378 382 127 
262 7 135 390 510 270 15 143 398 278 23 151 406 286 31 159 414 294 39 167 422 302 47 175 430 310 55 183 438 318 63 191 446 326 71 199 454 334 79 207 462 342 87 215 470 247 350 95 223 478 358 103 231 486 366 111 239 494 374 119 502 382 127 
0 1 2 3 4 5 6 7 8 9 10 11 12 13 14 256 257 264 265 258 267 268 269 270 259 260 509 510 261 262 263 266 495 506 496 497 498 499 500 507 501 502 503 504 505 508 239 240 241 242 243 244 245 246 247 248 249 250 251 252 253 254 255 
0 1 2 3 4 5 6 256 257 258 259 260 261 262 504 15 16 17 18 19 20 21 22 271 272 273 274 275 276 277 278 509 510 505 508 506 507 503 231 232 233 234 235 236 237 238 487 488 489 490 491 492 493 494 247 248 249 250 251 252 253 254 255 
0 1 2 256 257 258 509 7 8 9 10 263 264 265 266 15 16 17 18 271 272 273 274 23 24 25 26 279 280 281 282 510 508 507 227 228 229 230 483 484 485 486 235 236 237 238 491 492 493 494 243 244 245 246 499 500 501 502 251 252 253 254 255 
0 256 509 3 4 259 260 7 8 263 264 11 12 267 268 15 16 271 272 19 20 275 276 23 24 279 280 27 28 283 284 510 505 225 226 481 482 229 230 485 486 233 234 489 490 237 238 493 494 241 242 497 498 245 246 501 502 249 250 506 253 254 255 
1 257 3 259 5 261 7 263 9 265 11 267 13 269 15 271 17 273 19 275 21 277 23 279 25 281 27 283 29 285 510 508 504 224 480 226 482 228 484 230 486 232 488 234 490 236 492 238 494 240 496 242 498 244 500 246 502 248 506 250 252 254 255 
0 1 2 3 4 5 6 256 257 258 259 260 261 262 509 510 31 32 33 34 35 36 37 38 287 288 289 290 291 292 293 294 507 215 216 217 218 219 220 221 222 471 472 473 474 475 476 477 478 503 504 505 508 506 247 248 249 250 251 252 253 254 255 
0 1 2 256 257 258 509 7 8 9 10 263 264 265 266 510 31 32 33 34 287 288 289 290 39 40 41 42 295 296 297 298 507 211 212 213 214 467 468 469 470 219 220 221 222 475 476 477 478 508 243 244 245 246 499 500 501 502 251 252 253 254 255 
0 256 509 3 4 259 260 7 8 263 264 11 12 267 268 510 31 32 287 288 35 36 291 292 39 40 295 296 43 44 299 300 209 210 465 466 213 214 469 470 217 218 473 474 221 222 477 478 505 241 242 497 498 245 246 501 502 249 250 506 253 254 255 
1 257 3 259 5 261 7 263 9 265 11 267 13 269 510 31 287 33 289 35 291 37 293 39 295 41 297 43 299 45 301 208 464 210 466 212 468 214 470 216 472 218 474 220 476 222 478 504 508 240 496 242 498 244 500 246 502 248 506 250 252 254 255 
0 1 2 256 257 258 509 510 15 16 17 18 271 272 273 274 31 32 33 34 287 288 289 290 47 48 49 50 303 304 305 306 203 204 205 206 459 460 461 462 219 220 221 222 475 476 477 478 235 236 237 238 491 492 493 494 508 507 251 252 253 254 255 
0 256 509 3 4 259 260 510 15 16 271 272 19 20 275 276 31 32 287 288 35 36 291 292 47 48 303 304 51 52 307 308 201 202 457 458 205 206 461 462 217 218 473 474 221 222 477 478 233 234 489 490 237 238 493 494 505 506 249 250 253 254 255 
1 257 3 259 5 261 510 15 271 17 273 19 275 21 277 31 287 33 289 35 291 37 293 47 303 49 305 51 307 53 309 200 456 202 458 204 460 206 462 216 472 218 474 220 476 222 478 232 488 234 490 236 492 238 494 504 508 506 248 250 252 254 255 
0 256 509 510 7 8 263 264 15 16 271 272 23 24 279 280 31 32 287 288 39 40 295 296 47 48 303 304 55 56 311 312 197 198 453 454 205 206 461 462 213 214 469 470 221 222 477 478 229 230 485 486 237 238 493 494 245 246 501 502 253 254 255 
1 257 510 7 263 9 265 15 271 17 273 23 279 25 281 31 287 33 289 39 295 41 297 47 303 49 305 55 311 57 313 196 452 198 454 204 460 206 462 212 468 214 470 220 476 222 478 228 484 230 486 236 492 238 494 508 244 500 246 502 252 254 255 
3 259 510 7 263 11 267 15 271 19 275 23 279 27 283 31 287 35 291 39 295 43 299 47 303 51 307 55 311 59 315 194 450 198 454 202 458 206 462 210 466 214 470 218 474 222 478 226 482 230 486 234 490 238 494 242 498 506 246 502 250 254 255 
0 1 2 3 4 5 6 256 257 258 259 260 261 262 509 510 439 444 440 441 445 442 443 183 184 185 186 187 188 189 190 63 64 65 66 67 68 69 70 319 320 321 322 323 324 325 326 507 446 503 504 505 508 506 247 248 249 250 251 252 253 254 255 
0 1 2 256 257 258 509 7 8 9 10 263 264 265 266 443 510 444 445 179 180 181 182 435 436 437 438 187 188 189 190 63 64 65 66 319 320 321 322 71 72 73 74 327 328 329 330 507 446 508 243 244 245 246 499 500 501 502 251 252 253 254 255 
0 256 509 3 4 259 260 7 8 263 264 11 12 267 268 510 445 177 178 433 434 181 182 437 438 185 186 441 442 189 190 63 64 319 320 67 68 323 324 71 72 327 328 75 76 331 332 446 505 241 242 497 498 245 246 501 502 249 250 506 253 254 255 
1 257 3 259 5 261 7 263 9 265 11 267 13 269 510 176 432 178 434 180 436 182 438 184 440 186 442 188 444 190 63 319 65 321 67 323 69 325 71 327 73 329 75 331 77 333 446 504 508 240 496 242 498 244 500 246 502 248 506 250 252 254 255 
0 1 2 256 257 258 509 510 15 16 17 18 271 272 273 274 171 172 173 174 427 428 429 430 443 444 187 188 189 190 63 64 65 66 319 320 321 322 445 446 79 80 81 82 335 336 337 338 235 236 237 238 491 492 493 494 508 507 251 252 253 254 255 
0 256 509 3 4 259 260 510 15 16 271 272 19 20 275 276 169 170 425 426 173 174 429 430 185 186 441 442 189 190 63 64 319 320 67 68 323 324 445 446 79 80 335 336 83 84 339 340 233 234 489 490 237 238 493 494 505 506 249 250 253 254 255 
1 257 3 259 5 261 510 15 271 17 273 19 275 21 277 168 424 170 426 172 428 174 430 184 440 186 442 188 444 190 63 319 65 321 67 323 69 325 446 79 335 81 337 83 339 85 341 232 488 234 490 236 492 238 494 504 508 506 248 250 252 254 255 
0 256 509 510 7 8 263 264 15 16 271 272 23 24 279 280 165 166 421 422 173 174 429 430 181 182 437 438 189 190 63 64 319 320 445 446 71 72 327 328 79 80 335 336 87 88 343 344 229 230 485 486 237 238 493 494 245 246 501 502 253 254 255 
1 257 510 7 263 9 265 15 271 17 273 23 279 25 281 164 420 166 422 172 428 174 430 180 436 182 438 188 444 190 63 319 65 321 446 71 327 73 329 79 335 81 337 87 343 89 345 228 484 230 486 236 492 238 494 508 244 500 246 502 252 254 255 
3 259 510 7 263 11 267 15 271 19 275 23 279 27 283 162 418 166 422 170 426 174 430 178 434 182 438 186 442 190 63 319 446 67 323 71 327 75 331 79 335 83 339 87 343 91 347 226 482 230 486 234 490 238 494 242 498 506 246 502 250 254 255 
0 1 2 256 257 258 509 510 411 412 155 156 157 158 31 32 33 34 287 288 289 290 413 414 443 444 187 188 189 190 63 64 65 66 319 320 321 322 445 446 476 475 219 220 221 222 95 96 97 98 351 352 353 354 477 478 508 507 251 252 253 254 255 
0 256 509 3 4 259 260 510 153 154 409 410 157 158 31 32 287 288 35 36 291 292 413 414 185 186 441 442 189 190 63 64 319 320 67 68 323 324 445 446 217 218 473 474 221 222 95 96 351 352 99 100 355 356 477 478 505 506 249 250 253 254 255 
1 257 3 259 5 261 510 152 408 154 410 156 412 158 31 287 33 289 35 291 37 293 414 184 440 186 442 188 444 190 63 319 65 321 67 323 69 325 446 216 472 218 474 220 476 222 95 351 97 353 99 355 101 357 478 504 508 506 248 250 252 254 255 
0 256 509 510 7 8 263 264 149 150 405 406 157 158 31 32 287 288 413 414 39 40 295 296 181 182 437 438 189 190 63 64 319 320 445 446 71 72 327 328 213 214 469 470 221 222 95 96 351 352 477 478 103 104 359 360 245 246 501 502 253 254 255 
1 257 510 7 263 9 265 148 404 150 406 156 412 158 31 287 33 289 414 39 295 41 297 180 436 182 438 188 444 190 63 319 65 321 446 71 327 73 329 212 468 214 470 220 476 222 95 351 97 353 478 103 359 105 361 508 244 500 246 502 252 254 255 
3 259 510 7 263 11 267 146 402 150 406 154 410 158 31 287 414 35 291 39 295 43 299 178 434 182 438 186 442 190 63 319 446 67 323 71 327 75 331 210 466 214 470 218 474 222 95 351 478 99 355 103 359 107 363 242 498 506 246 502 250 254 255 
0 256 509 510 141 142 15 16 271 272 397 398 157 158 31 32 287 288 413 414 173 174 47 48 303 304 429 430 189 190 63 64 319 320 445 446 205 206 79 80 335 336 461 462 221 222 95 96 351 352 477 478 237 238 111 112 367 368 493 494 253 254 255 
1 257 510 140 396 142 15 271 17 273 398 156 412 158 31 287 33 289 414 172 428 174 47 303 49 305 430 188 444 190 63 319 65 321 446 204 460 206 79 335 81 337 462 220 476 222 95 351 97 353 478 236 492 238 111 367 113 369 494 508 252 254 255 
3 259 510 138 394 142 15 271 398 19 275 154 410 158 31 287 414 35 291 170 426 174 47 303 430 51 307 186 442 190 63 319 446 67 323 202 458 206 79 335 462 83 339 218 474 222 95 351 478 99 355 234 490 238 111 367 494 506 115 371 250 254 255 
134 7 263 390 510 142 15 271 398 150 23 279 406 158 31 287 414 166 39 295 422 174 47 303 430 182 55 311 438 190 63 319 446 198 71 327 454 206 79 335 462 214 87 343 470 222 95 351 375 478 230 103 359 486 238 111 367 494 246 119 502 254 255 
0 1 2 3 4 5 6 128 129 130 131 132 133 134 256 257 255 382 384 258 385 386 259 387 260 509 510 388 261 383 389 262 390 254 507 380 247 253 375 248 503 376 249 504 377 250 505 378 251 508 381 379 252 506 119 120 121 122 123 124 125 126 127 
0 1 2 128 129 130 255 7 8 9 10 135 136 137 138 256 257 264 265 258 382 384 385 386 509 510 383 263 391 392 393 266 394 379 252 371 499 372 254 373 500 507 380 374 501 253 502 508 251 381 115 116 117 118 243 244 245 246 123 124 125 126 127 
0 128 256 3 4 131 132 7 8 135 136 11 12 139 140 263 255 264 267 268 382 384 259 387 260 509 510 388 383 391 392 381 506 369 395 497 396 498 254 501 374 253 502 249 377 250 505 378 113 114 241 242 117 118 245 246 121 122 370 373 125 126 127 
1 129 3 131 5 133 7 135 9 137 11 139 13 141 257 255 265 267 269 382 385 397 259 387 510 261 383 389 263 391 393 506 368 496 395 498 254 500 380 374 502 248 376 504 250 508 378 112 240 114 242 116 244 118 246 120 252 122 370 124 372 126 127 
0 1 2 128 129 130 255 256 257 258 382 383 509 384 510 15 16 17 18 143 144 145 146 271 272 273 274 385 386 508 363 491 492 493 366 494 507 399 380 400 401 402 107 108 109 110 235 236 237 238 251 252 364 365 254 379 253 381 123 124 125 126 127 
0 128 256 3 4 131 132 255 259 260 382 383 387 384 377 15 16 143 144 19 20 147 148 271 272 275 276 403 404 489 509 510 388 490 505 493 494 399 400 253 249 105 106 233 234 109 110 237 238 250 361 362 365 366 378 254 381 121 122 506 125 126 127 
1 129 3 131 5 133 255 257 259 261 382 383 389 504 15 143 17 145 19 147 21 149 271 273 275 277 385 387 403 405 488 510 490 508 492 494 399 380 248 401 376 104 232 106 234 108 236 110 238 250 360 362 364 252 366 378 254 120 506 122 124 126 127 
0 128 256 255 382 384 509 7 8 135 136 263 264 383 391 15 16 143 144 271 272 399 400 23 24 151 152 279 280 407 408 510 392 494 254 502 101 102 229 230 357 358 485 486 109 110 237 238 365 366 381 493 117 118 245 246 253 373 374 501 125 126 127 
1 129 255 257 382 385 7 135 9 137 263 265 383 391 15 143 17 145 271 273 399 401 23 151 25 153 279 281 407 409 510 508 393 254 380 100 228 102 230 356 358 484 486 108 236 110 238 364 366 492 494 116 244 118 246 252 372 374 500 124 502 126 127 
382 3 131 255 259 7 135 263 383 11 139 267 391 15 143 271 395 19 147 275 399 23 151 279 403 27 155 283 387 407 411 510 490 506 254 98 226 354 482 102 230 358 486 106 234 250 362 110 238 366 378 114 242 370 494 118 246 374 498 122 502 126 127 
0 1 2 128 129 130 255 256 257 258 382 383 509 384 510 385 386 31 32 33 34 159 160 161 162 287 288 289 290 415 416 417 418 476 507 475 91 92 93 94 219 220 221 222 347 348 349 350 477 478 508 251 381 379 252 254 380 253 123 124 125 126 127 
0 128 256 3 4 131 132 255 259 260 382 383 387 384 509 510 31 32 159 160 35 36 163 164 287 288 291 292 388 415 420 416 419 473 474 89 90 217 218 93 94 221 222 253 345 346 349 249 350 477 478 377 250 505 378 381 506 254 121 122 125 126 127 
1 129 3 131 5 133 255 257 259 261 382 383 389 510 385 387 31 159 33 161 35 163 37 165 287 289 291 293 415 419 421 417 380 472 476 474 88 216 90 218 92 220 94 222 248 344 346 348 350 376 478 504 250 508 378 506 252 254 120 122 124 126 127 
0 128 256 255 382 384 509 7 8 135 136 263 264 383 391 392 510 31 32 159 160 287 288 415 416 39 40 167 168 295 296 423 424 254 85 86 213 214 341 342 469 470 93 94 221 222 349 350 477 478 502 381 117 118 245 246 253 373 374 501 125 126 127 
1 129 255 257 382 385 7 135 9 137 263 265 383 391 393 510 31 159 33 161 287 289 415 417 39 167 41 169 295 297 423 425 468 470 84 212 86 214 254 340 342 380 92 220 94 222 348 350 476 478 508 116 244 118 246 252 372 374 500 124 502 126 127 
382 3 131 255 259 7 135 263 383 11 139 267 391 395 387 510 31 159 287 415 35 163 291 419 39 167 295 423 43 171 299 427 82 210 254 338 86 214 342 466 90 218 346 470 94 222 350 474 478 250 378 114 242 370 498 118 246 374 502 122 506 126 127 
0 128 256 255 382 384 509 383 510 15 16 143 144 271 272 399 400 31 32 159 160 287 288 415 416 47 48 175 176 303 304 431 432 77 78 205 206 333 334 461 462 93 94 221 222 349 350 477 478 109 110 237 238 365 366 381 493 494 254 253 125 126 127 
1 129 255 257 382 385 383 510 15 143 17 145 271 273 399 401 31 159 33 161 287 289 415 417 47 175 49 177 303 305 431 433 76 204 78 206 332 334 460 462 92 220 94 222 348 350 476 478 108 236 110 238 364 366 492 494 252 508 254 380 124 126 127 
382 3 131 255 259 383 387 510 15 143 271 399 19 147 275 403 31 159 287 415 35 163 291 419 47 175 303 431 51 179 307 435 74 202 330 458 78 206 334 462 90 218 346 474 94 222 350 478 106 234 250 362 110 238 366 378 490 494 506 254 122 126 127 
382 255 510 7 135 263 383 391 15 143 271 399 23 151 279 407 31 159 287 415 39 167 295 423 47 175 303 431 55 183 311 439 70 198 326 454 78 206 334 462 254 86 214 342 470 94 222 350 478 102 230 358 486 110 238 366 494 118 246 374 502 126 127 
0 1 2 128 129 130 255 256 257 258 382 383 509 384 510 385 386 317 445 315 443 316 444 59 60 61 62 63 64 65 66 187 188 189 190 191 192 193 194 318 319 320 447 448 321 449 322 446 507 450 508 251 381 379 252 254 380 253 123 124 125 126 127 
0 128 256 3 4 131 132 255 259 260 382 383 387 384 509 510 388 313 317 441 314 445 442 57 58 185 186 61 62 63 64 189 190 67 68 191 192 195 196 318 319 320 323 324 447 448 446 253 451 452 249 377 250 505 378 381 506 254 121 122 125 126 127 
1 129 3 131 5 133 255 257 259 261 382 383 389 510 385 387 312 444 440 314 442 316 56 184 58 186 60 188 62 63 190 65 191 67 193 69 195 197 318 319 321 323 325 446 447 449 380 451 248 376 453 504 250 508 378 506 252 254 120 122 124 126 127 
0 128 256 255 382 384 509 7 8 135 136 263 264 383 391 392 510 445 53 54 181 182 309 310 437 438 61 62 63 64 189 190 191 192 317 318 71 72 199 200 319 320 327 328 447 448 456 254 446 502 381 455 117 118 245 246 253 373 374 501 125 126 127 
1 129 255 257 382 385 7 135 9 137 263 265 383 391 393 510 444 52 180 54 182 308 310 436 438 60 188 62 63 190 65 191 193 316 318 319 71 199 73 201 327 329 446 447 455 321 457 254 449 380 508 116 244 118 246 252 372 374 500 124 502 126 127 
382 3 131 255 259 7 135 263 383 11 139 267 391 395 387 510 50 178 306 434 54 182 310 438 58 186 314 442 62 63 190 191 318 67 195 319 323 71 199 327 446 75 203 331 447 455 459 254 451 250 378 114 242 370 498 118 246 374 502 122 506 126 127 
0 128 256 255 382 384 509 383 510 15 16 143 144 271 272 399 400 45 46 173 174 301 302 429 430 445 61 62 63 64 189 190 191 192 317 318 319 320 446 447 79 80 207 208 335 336 448 463 464 109 110 237 238 365 366 381 493 494 254 253 125 126 127 
1 129 255 257 382 385 383 510 15 143 17 145 271 273 399 401 44 172 46 174 300 302 428 430 444 60 188 62 63 190 65 191 193 316 318 319 321 446 447 449 79 207 81 209 335 337 463 465 108 236 110 238 364 366 492 494 252 508 254 380 124 126 127 
382 3 131 255 259 383 387 510 15 143 271 399 19 147 275 403 42 170 298 426 46 174 302 430 58 186 314 442 62 63 190 191 318 67 195 319 323 446 447 451 79 207 335 463 83 211 339 467 106 234 250 362 110 238 366 378 490 494 506 254 122 126 127 
382 255 510 7 135 263 383 391 15 143 271 399 151 23 279 407 38 166 294 422 46 174 302 430 54 182 310 438 62 63 190 191 318 319 446 447 71 199 327 455 79 207 335 463 254 87 215 343 471 102 230 358 486 110 238 366 494 118 246 374 502 126 127 
0 128 256 255 382 384 509 383 510 413 157 158 29 32 30 31 159 160 285 286 287 288 414 415 416 445 61 62 63 64 189 190 191 192 317 318 319 320 446 447 448 93 94 95 96 221 222 223 224 349 350 351 352 477 478 479 480 381 254 253 125 126 127 
1 129 255 257 382 385 383 510 412 156 28 158 30 31 33 159 161 284 286 287 289 414 415 417 444 60 188 62 63 190 65 191 193 316 318 319 321 446 447 449 476 92 220 94 95 222 97 223 225 348 350 351 353 478 481 479 508 252 254 380 124 126 127 
382 3 131 255 259 383 387 510 154 26 282 410 158 30 31 159 286 35 163 287 291 414 415 419 58 186 314 442 62 63 190 191 318 67 195 319 323 446 447 451 90 218 346 474 94 95 222 223 350 99 227 351 355 478 479 483 250 378 506 254 122 126 127 
382 255 510 7 135 263 383 391 22 150 278 406 158 30 31 159 286 287 414 415 39 167 295 423 54 182 310 438 62 63 190 191 318 319 446 447 71 199 327 455 254 86 214 342 470 94 95 222 223 350 351 478 479 103 231 359 487 118 246 374 502 126 127 
382 255 510 383 14 15 142 143 270 271 398 399 158 30 31 159 286 287 414 415 46 47 174 175 302 303 430 431 62 63 190 191 318 319 446 447 78 79 206 207 334 335 462 463 94 95 222 223 350 351 478 479 110 111 238 239 366 367 494 495 254 126 127 
