240 192
0 1 3 6 10 
0 2 4 7 11 
0 15 16 18 21 
0 25 26 28 31 
1 2 5 8 12 
1 15 17 19 22 
1 41 42 44 47 
32 2 25 27 29 
2 41 43 45 48 
35 36 38 15 25 
41 15 51 52 54 
41 25 58 60 57 
3 4 5 9 13 
3 16 17 20 23 
66 67 3 69 72 
33 4 26 27 30 
66 4 68 70 73 
35 37 39 16 26 
66 76 77 79 16 
66 82 83 85 26 
5 42 43 46 49 
67 68 5 71 74 
42 17 51 53 55 
67 76 78 80 17 
67 42 91 92 94 
59 43 57 27 61 
68 82 84 86 27 
68 43 91 93 95 
64 35 51 57 63 
35 76 82 88 89 
97 98 76 51 91 
100 101 82 57 91 
6 7 8 9 14 
6 18 19 20 24 
6 104 105 107 110 
34 7 28 29 30 
7 104 106 108 111 
36 37 40 18 28 
104 18 115 114 117 
104 120 121 123 28 
8 44 45 46 50 
8 105 106 109 112 
44 19 52 53 56 
105 114 19 116 118 
129 130 132 105 44 
45 58 59 29 62 
106 120 122 124 29 
129 131 133 106 45 
65 36 52 58 63 
36 114 120 126 127 
129 135 136 114 52 
129 138 139 120 58 
69 70 71 9 75 
9 107 108 109 113 
69 77 78 81 20 
107 115 116 20 119 
69 107 142 143 145 
70 83 84 87 30 
108 121 122 125 30 
70 108 142 144 146 
37 77 83 88 90 
128 37 115 121 126 
77 142 115 148 149 
142 83 151 152 121 
96 71 46 92 93 
130 131 134 109 46 
71 109 143 144 147 
97 99 78 53 92 
130 135 137 116 53 
78 143 148 116 150 
130 92 143 155 156 
100 102 84 59 93 
131 138 140 122 59 
144 84 151 153 122 
131 144 157 155 93 
97 100 103 88 63 
135 138 141 126 63 
148 151 88 154 126 
97 135 148 155 158 
100 138 151 155 159 
10 11 12 13 14 
10 21 22 23 24 
160 161 163 166 10 
32 33 34 11 31 
160 162 164 167 11 
38 39 40 21 31 
160 170 171 173 21 
160 176 177 179 31 
12 47 48 49 50 
161 162 165 168 12 
47 54 55 56 22 
161 170 172 174 22 
161 47 185 186 188 
32 48 60 61 62 
32 162 176 178 180 
162 48 185 187 189 
64 65 38 54 60 
38 170 176 182 183 
192 170 54 185 191 
194 195 176 185 60 
72 73 74 75 13 
163 164 165 169 13 
72 79 80 81 23 
163 171 172 175 23 
163 198 199 72 201 
33 73 85 86 87 
33 164 177 178 181 
164 198 200 73 202 
39 79 85 89 90 
39 171 177 182 184 
198 171 204 205 79 
198 207 208 177 85 
96 74 49 94 95 
165 49 186 187 190 
165 199 200 74 203 
98 99 80 55 94 
193 172 55 186 191 
199 204 172 206 80 
199 211 212 186 94 
101 102 86 61 95 
194 196 178 187 61 
200 207 209 178 86 
200 211 213 187 95 
64 98 101 103 89 
64 194 197 182 191 
204 207 210 182 89 
98 204 211 214 191 
194 101 207 211 215 
110 14 112 113 111 
166 167 168 169 14 
110 117 118 119 24 
166 173 174 175 24 
166 110 216 217 219 
34 111 123 124 125 
34 167 179 180 181 
167 111 216 218 220 
128 40 117 123 127 
40 173 179 183 184 
173 117 216 222 223 
225 226 179 216 123 
132 133 134 112 50 
168 50 188 189 190 
168 112 217 218 221 
132 136 137 118 56 
192 193 174 56 188 
224 174 118 217 222 
132 229 230 217 188 
133 139 140 124 62 
195 196 180 189 62 
225 227 180 218 124 
229 133 231 218 189 
65 136 139 141 127 
192 65 195 197 183 
225 228 183 222 127 
192 229 136 232 222 
225 195 229 233 139 
75 113 145 147 146 
169 202 75 201 203 
169 113 219 220 221 
81 145 149 150 119 
201 205 206 175 81 
224 175 119 219 223 
201 234 235 145 219 
146 87 152 153 125 
202 208 209 181 87 
226 227 181 220 125 
202 234 236 146 220 
128 154 149 152 90 
205 208 210 184 90 
128 226 228 184 223 
234 205 237 149 223 
226 234 238 208 152 
96 134 147 156 157 
96 203 212 213 190 
134 231 230 221 190 
203 236 235 147 221 
99 137 150 156 158 
193 99 206 212 214 
224 193 230 232 137 
224 235 237 206 150 
230 235 239 212 156 
102 140 153 157 159 
196 102 209 213 215 
227 196 231 233 140 
227 236 238 209 153 
231 236 239 213 157 
103 141 154 158 159 
197 103 210 214 215 
228 197 232 233 141 
228 237 238 210 154 
232 237 239 214 158 
233 238 239 215 159 
