50 500
7 8 10 11 12 14 17 24 25 26 30 31 32 33 42 43 44 45 46 49 
4 6 7 8 12 13 15 17 20 22 26 30 33 34 35 40 41 44 47 
0 1 37 6 39 40 9 41 12 13 45 49 18 21 22 24 25 30 
0 32 34 8 9 41 42 12 13 14 45 46 17 49 20 22 27 30 
33 2 35 5 41 10 42 13 14 16 20 21 22 24 25 27 
33 2 36 37 38 39 13 15 16 49 18 21 22 26 27 28 
32 34 4 7 41 42 12 14 15 46 19 20 22 27 28 31 
33 35 37 7 39 41 44 45 47 16 18 23 26 27 28 31 
2 3 4 34 37 39 40 41 11 45 49 18 22 23 28 30 
1 3 4 35 6 37 38 39 41 43 17 25 26 27 28 31 
6 38 39 9 11 43 13 44 45 16 18 20 21 28 30 
2 34 5 37 38 39 9 11 44 15 16 49 21 30 31 
0 3 4 36 39 9 45 14 47 16 19 22 23 25 29 
32 2 4 36 40 11 12 48 49 18 20 21 23 28 29 
0 34 4 36 6 38 39 11 43 44 45 49 22 24 31 
0 35 4 38 7 9 10 43 12 13 46 49 18 22 26 
35 36 5 6 39 40 41 45 46 16 20 23 28 29 30 
1 4 37 39 8 42 13 14 15 45 47 20 21 27 29 
34 5 6 41 10 11 12 13 44 47 16 17 49 25 31 
33 4 6 38 8 9 41 44 14 47 17 21 25 27 28 
32 36 6 10 11 42 43 44 15 49 22 24 25 26 28 
34 36 5 38 43 44 14 15 48 17 49 19 25 27 29 
33 34 4 37 6 7 39 9 14 15 46 17 25 29 31 
32 33 36 6 38 9 10 43 46 19 20 23 24 26 27 
1 34 4 39 10 12 47 17 18 19 49 22 24 27 31 
3 10 11 12 13 14 43 46 47 18 20 24 25 26 27 
32 2 37 6 41 43 12 44 14 45 47 48 19 20 29 
35 36 5 38 8 9 42 48 20 22 23 25 27 28 31 
2 3 36 9 10 42 43 44 16 17 18 24 25 27 28 
0 3 5 6 7 8 42 43 12 45 14 47 48 23 27 
0 34 37 6 7 39 40 41 11 44 19 22 24 31 
0 32 33 5 9 13 46 47 48 17 18 49 24 27 
35 4 36 38 8 9 41 12 13 44 46 49 28 31 
0 2 3 37 38 7 10 44 49 20 21 23 25 30 
35 10 11 12 13 43 15 16 45 47 19 48 25 26 
0 33 2 34 36 39 42 43 44 45 47 20 21 28 
0 1 2 37 8 9 45 14 47 17 49 27 29 30 
33 3 4 5 36 40 10 44 46 17 49 26 27 30 
34 39 40 10 42 46 16 48 18 23 24 25 27 29 
2 35 5 38 10 11 12 42 14 15 43 19 29 31 
32 1 2 5 6 39 40 9 41 42 13 14 47 24 
2 5 6 8 44 13 45 16 48 49 19 24 28 30 
34 3 5 6 38 41 13 14 45 49 18 20 23 31 
32 3 7 8 9 39 43 12 17 18 19 23 24 27 
0 32 35 36 39 44 45 46 48 18 19 25 30 31 
2 3 6 38 8 9 39 11 23 24 25 26 27 31 
33 34 36 41 43 46 15 47 48 18 49 22 24 29 
0 34 3 35 5 37 11 12 14 46 48 20 21 31 
0 1 33 36 6 7 41 12 13 45 15 19 22 24 
32 6 11 44 14 47 48 19 21 22 23 24 25 31 
33 4 36 37 7 41 10 44 14 46 17 22 23 28 
1 35 5 6 7 37 41 42 43 12 46 48 17 27 
32 35 37 7 41 12 13 46 15 16 17 20 26 27 
3 6 42 11 12 13 44 17 22 24 28 30 31 
2 3 37 39 40 45 48 17 18 24 27 28 31 
2 34 35 37 39 8 9 14 46 48 23 25 31 
0 1 3 5 37 39 8 48 17 18 28 29 31 
2 6 10 11 42 44 15 48 17 24 25 28 31 
0 2 4 6 40 41 10 44 13 14 15 16 17 
0 34 9 10 42 12 43 44 17 21 24 30 31 
0 1 32 33 9 10 18 19 22 23 25 26 31 
32 34 4 6 41 42 43 44 45 14 47 24 29 
2 3 36 38 7 41 13 14 49 19 26 29 30 
0 3 36 42 43 13 15 47 17 48 24 27 28 
0 1 34 4 5 37 7 16 17 18 19 48 21 
0 4 5 7 10 11 12 13 42 15 19 22 28 
1 3 4 7 42 11 12 13 49 24 25 30 31 
32 33 34 40 42 46 15 19 20 22 24 29 31 
1 4 40 9 41 11 46 47 20 26 28 29 31 
33 42 11 12 44 14 45 16 18 19 22 26 27 
1 36 5 39 11 44 14 46 20 21 24 26 28 
0 1 32 5 7 44 45 14 15 46 22 24 26 
0 3 9 42 43 14 48 49 20 21 26 28 29 
1 2 38 40 41 42 43 13 48 49 19 28 30 
32 37 39 13 45 15 48 49 20 22 26 29 30 
0 33 34 5 37 9 41 43 46 16 17 25 30 
33 3 7 9 10 41 43 45 15 47 49 19 24 
36 5 37 7 45 46 47 16 19 24 27 28 29 
1 33 3 36 37 10 44 15 48 18 24 28 30 
32 36 6 9 41 42 43 44 16 19 25 29 31 
33 2 36 40 43 13 14 45 16 17 21 26 29 
1 35 4 37 40 10 11 12 42 16 49 18 27 
1 34 4 6 7 8 9 44 46 15 21 27 31 
4 39 8 41 12 45 47 19 22 23 24 25 29 
33 35 38 7 40 41 10 43 46 17 22 28 31 
6 40 41 10 13 14 15 46 21 23 25 27 31 
0 1 32 3 5 7 8 48 17 49 26 28 31 
0 1 2 33 4 36 40 13 49 19 22 24 26 
2 4 6 7 9 10 41 12 13 42 19 29 31 
32 33 39 40 9 11 43 13 45 46 16 17 31 
1 2 33 37 8 40 41 43 44 48 49 25 30 
1 33 34 35 6 38 43 14 15 16 46 47 30 
0 1 5 40 41 42 12 48 24 27 28 29 
37 38 8 9 12 13 14 45 16 48 22 30 
0 32 2 3 35 36 37 7 40 46 47 30 
32 2 3 37 38 9 41 43 13 45 21 25 
36 5 6 7 37 41 11 47 49 19 21 31 
0 32 7 39 12 13 47 48 17 20 24 28 
34 35 4 5 38 40 41 10 12 45 46 22 
32 33 2 3 39 10 42 14 15 16 47 28 
34 38 7 39 9 10 11 12 40 41 49 29 
1 2 33 40 9 41 44 14 15 16 17 19 
2 35 39 10 42 44 14 48 17 24 25 31 
33 37 6 9 10 41 12 15 21 23 29 31 
1 2 33 34 36 38 8 47 49 19 21 28 
0 35 5 40 43 14 46 47 19 20 23 27 
1 2 35 7 39 40 47 17 18 22 24 26 
1 7 39 9 40 12 13 45 46 19 26 28 
0 5 39 40 42 43 12 45 48 22 27 29 
6 9 41 14 15 16 17 47 49 24 26 27 
1 35 40 9 10 13 17 18 20 26 29 30 
0 2 7 8 10 11 44 45 14 47 18 19 
1 34 4 36 38 8 42 17 19 20 27 28 
2 4 37 7 40 12 44 45 16 49 19 29 
39 9 10 11 42 46 16 48 23 24 27 31 
0 3 35 39 41 14 15 19 20 21 24 27 
32 37 6 9 10 11 42 49 19 21 28 31 
35 36 6 7 8 41 43 18 24 26 28 31 
0 1 36 6 38 10 11 43 44 18 23 30 
32 34 36 5 38 39 41 42 43 13 21 25 
2 4 38 7 42 11 14 47 17 18 22 30 
34 37 39 9 41 43 46 17 20 23 26 31 
4 40 9 41 11 46 15 21 23 27 30 31 
32 2 3 4 39 9 10 42 12 45 19 30 
1 2 3 33 10 44 16 17 49 19 20 25 
32 34 37 38 39 8 9 41 48 17 24 30 
2 34 6 7 8 38 10 40 42 47 18 22 
33 2 34 6 39 8 42 44 16 48 22 24 
32 3 36 39 43 14 46 47 19 22 23 24 
0 33 3 38 43 44 46 48 17 18 25 28 
0 36 38 39 43 12 13 44 16 17 20 24 
36 6 7 8 38 10 14 21 22 25 27 30 
36 6 9 41 44 13 15 49 18 24 25 26 
32 4 7 8 42 46 15 17 49 22 27 30 
35 39 8 10 43 44 13 15 20 24 29 30 
0 1 6 38 10 43 46 19 21 24 27 30 
33 34 4 6 38 39 13 45 46 18 19 26 
34 35 5 37 7 40 10 42 12 15 47 21 
34 36 38 7 39 12 14 15 17 49 30 31 
1 34 36 7 8 9 39 14 49 18 23 28 
1 6 7 10 42 43 44 45 47 20 21 27 
33 5 37 40 42 11 43 46 16 48 23 25 
1 36 37 6 40 43 13 46 17 19 25 27 
35 8 40 11 45 46 49 19 21 24 28 30 
33 38 41 11 13 15 17 49 23 24 25 29 
35 6 9 42 12 45 46 17 18 20 25 28 
34 4 9 12 46 16 19 22 23 25 28 29 
2 35 36 38 46 15 16 47 20 23 24 25 
34 6 7 39 10 45 14 18 22 23 25 29 
32 33 35 6 39 43 12 44 45 48 19 25 
0 34 5 7 39 42 43 48 18 24 30 31 
0 2 3 5 39 47 49 20 22 23 29 
0 2 4 36 6 40 11 43 13 18 27 
32 33 34 3 8 11 46 19 20 24 26 
32 33 4 39 8 43 12 13 17 22 25 
2 35 5 6 37 10 11 43 46 17 31 
3 4 37 7 13 46 16 20 21 23 27 
2 8 44 13 16 48 18 20 21 28 29 
33 35 40 9 43 12 46 49 24 27 31 
1 33 5 40 9 43 44 16 49 25 29 
2 37 8 9 43 45 47 21 23 24 29 
1 4 37 38 40 45 18 19 20 21 22 
34 36 5 40 12 44 17 19 20 30 31 
0 2 34 37 8 10 45 20 22 23 28 
1 35 7 8 12 47 48 18 24 27 31 
0 4 5 44 45 15 21 24 25 29 31 
35 4 5 8 42 12 13 44 49 22 28 
33 34 5 9 11 13 48 19 22 26 29 
34 36 5 8 40 13 15 47 49 21 22 
0 38 7 9 42 11 49 20 23 26 29 
34 4 5 6 37 8 12 44 48 49 28 
33 34 35 8 41 12 13 48 22 23 30 
0 34 3 4 37 38 8 41 11 49 26 
5 38 7 41 42 43 44 48 17 18 49 
0 3 35 40 10 12 48 18 24 26 29 
33 6 39 42 12 45 16 17 48 24 25 
2 4 37 6 11 48 18 23 28 29 30 
34 4 9 44 13 14 45 16 19 22 27 
0 34 36 5 40 9 10 42 14 48 19 
33 34 4 39 8 43 15 48 29 30 31 
2 35 5 46 19 20 23 25 26 27 29 
6 38 40 9 11 12 16 19 21 26 27 
2 3 38 8 40 41 42 43 16 24 29 
0 5 44 13 14 45 48 20 24 28 29 
0 1 3 8 44 46 16 17 48 27 30 
34 38 7 8 10 11 12 42 43 45 48 
32 34 4 36 38 7 13 16 49 23 26 
0 1 33 4 7 8 39 41 46 16 20 
0 37 8 42 11 13 47 49 21 24 25 
32 8 40 12 14 15 18 21 22 27 28 
1 40 42 11 12 16 18 23 27 28 31 
0 34 35 6 39 42 11 43 13 25 26 
0 32 34 4 40 45 49 24 25 28 31 
0 32 33 35 5 37 39 9 41 12 24 
0 36 37 6 38 43 12 45 17 26 27 
0 1 33 43 45 48 49 18 19 24 30 
33 39 9 12 46 19 21 25 26 28 29 
12 13 46 15 16 17 18 20 23 24 29 
3 37 8 41 11 43 47 18 25 26 30 
3 4 5 7 17 18 49 21 22 25 31 
0 2 38 40 10 13 48 18 19 21 30 
35 7 10 42 43 44 14 45 47 24 26 
2 3 38 8 11 13 15 47 21 24 30 
33 3 4 35 39 9 12 15 47 20 22 
2 4 37 8 11 12 13 44 16 49 31 
32 1 39 40 41 11 43 20 21 26 29 
1 35 37 7 8 41 10 43 46 48 29 
3 11 44 14 15 48 19 21 22 23 26 
1 2 4 5 36 37 20 22 24 26 27 
0 1 3 36 10 45 48 49 24 27 30 
32 1 33 34 5 9 12 14 49 20 28 
32 2 37 6 8 41 45 49 18 28 29 
0 34 5 38 40 9 10 41 45 25 29 
0 35 4 37 39 9 11 12 18 20 29 
1 34 5 40 41 45 15 23 27 31 
0 37 7 42 13 14 15 16 45 27 
0 37 6 44 17 22 26 27 30 31 
1 3 36 6 42 43 12 44 47 31 
32 1 3 39 42 16 49 24 26 31 
33 34 4 5 7 42 44 46 18 29 
3 7 8 10 11 44 20 21 27 30 
32 1 40 9 42 11 20 21 25 31 
2 5 7 8 40 45 19 22 24 27 
33 37 43 48 19 20 22 24 26 27 
0 1 3 36 41 42 47 16 18 24 
0 38 8 41 46 22 25 26 27 31 
1 35 4 6 40 41 43 14 24 28 
1 36 9 42 43 12 46 24 28 31 
33 2 3 37 38 8 44 18 20 31 
33 35 38 7 41 45 16 19 23 30 
32 34 36 38 10 11 43 19 23 25 
0 1 33 5 6 38 45 46 48 30 
33 36 8 40 10 46 47 16 28 29 
9 45 14 16 17 48 22 24 27 29 
32 2 35 36 5 10 27 28 30 31 
32 1 2 3 5 43 12 46 48 24 
32 34 38 45 47 17 20 25 26 30 
1 5 12 45 19 20 22 25 30 31 
32 1 4 5 42 43 45 19 24 27 
0 1 8 41 44 48 49 22 27 29 
1 3 37 7 42 13 17 20 28 31 
3 35 36 37 38 49 18 20 25 26 
32 1 33 4 8 40 41 11 48 30 
5 7 10 43 15 16 17 19 29 31 
1 33 3 36 13 48 22 24 26 30 
0 4 38 14 15 46 20 22 24 31 
34 37 42 43 12 46 49 20 26 31 
0 34 4 5 36 7 38 41 17 21 
4 36 10 44 48 17 19 24 30 31 
0 3 6 39 8 13 14 21 22 24 
3 4 7 41 11 44 47 17 21 27 
5 6 9 47 19 21 23 25 27 29 
1 2 4 5 6 7 11 16 21 26 
32 2 34 35 36 44 45 16 21 27 
3 35 38 40 11 47 19 23 26 28 
41 10 43 46 17 18 49 20 22 23 
32 35 4 39 11 43 13 14 46 28 
2 34 39 42 44 46 17 21 26 29 
0 1 6 39 11 12 47 17 19 20 
0 2 34 36 37 7 41 42 13 46 
32 36 39 41 15 49 22 23 30 31 
32 35 36 7 8 41 44 18 24 30 
36 5 8 41 10 47 20 24 26 30 
32 3 4 38 12 45 16 21 27 28 
35 36 5 6 37 44 20 21 23 27 
33 41 45 16 21 22 23 27 28 31 
3 8 40 44 45 47 18 21 23 30 
4 5 38 42 12 16 17 20 24 28 
36 37 7 39 10 14 48 26 27 30 
4 5 9 14 15 46 48 21 23 24 
33 3 36 39 8 41 45 46 49 18 
2 4 10 42 43 47 16 24 28 30 
6 38 39 16 48 19 20 23 25 27 
0 37 39 41 14 47 20 25 29 31 
33 37 6 8 40 42 17 21 29 30 
36 37 38 8 9 41 42 45 49 26 
0 35 37 9 10 41 13 45 21 25 
5 38 40 44 16 21 24 28 29 30 
35 5 11 44 47 48 22 24 26 28 
0 1 33 34 39 9 11 12 14 18 
32 1 36 6 7 38 42 47 20 23 
0 32 3 4 6 39 12 21 22 27 
2 7 10 14 46 47 48 18 27 31 
1 4 7 8 39 46 49 24 26 27 
33 5 37 39 41 10 11 45 14 46 
0 3 4 38 40 15 16 22 23 31 
34 36 37 41 14 16 19 26 27 
0 2 3 41 45 48 20 22 26 
35 5 10 45 15 47 49 22 23 
0 6 38 9 41 47 22 23 29 
0 2 34 37 7 9 47 18 25 
0 5 41 11 12 14 48 17 49 
2 3 34 5 37 9 42 17 24 
32 1 6 41 13 14 47 26 29 
1 2 3 34 10 24 25 27 28 
4 6 42 11 44 13 49 19 20 
35 37 38 41 42 11 43 26 30 
32 33 12 13 47 24 25 29 30 
2 6 41 15 16 47 48 19 27 
32 1 40 43 44 45 46 48 30 
0 1 5 7 45 25 26 27 30 
33 3 39 9 10 46 48 17 19 
3 37 6 39 8 9 11 49 27 
33 35 6 7 40 14 17 18 27 
33 6 41 10 11 42 19 23 24 
0 1 32 7 13 48 21 30 31 
33 3 4 38 42 43 17 20 28 
33 41 45 14 15 46 47 25 29 
1 7 46 49 19 20 26 27 28 
2 34 6 40 42 13 46 20 27 
1 2 9 10 45 15 16 24 25 
32 33 36 37 6 8 17 30 31 
3 5 40 9 44 16 20 30 31 
38 7 39 44 14 47 48 18 19 
7 8 9 47 48 23 26 27 29 
34 37 38 7 14 15 48 23 27 
3 6 8 40 43 12 19 20 29 
0 1 36 43 45 47 17 21 28 
0 35 36 10 42 12 15 25 26 
33 10 11 43 46 17 49 23 25 
9 13 15 16 47 48 19 49 28 
32 6 10 45 46 47 19 29 30 
0 35 4 7 40 9 11 46 21 
1 2 33 37 48 19 26 27 31 
3 38 8 44 13 45 46 24 28 
0 33 38 45 15 17 49 19 28 
3 4 37 8 41 10 12 47 26 
33 6 42 43 45 46 18 26 28 
1 3 4 38 8 40 11 46 24 
9 12 46 47 16 20 21 23 28 
33 2 3 7 12 45 19 25 27 
5 37 7 45 47 16 48 22 30 
1 33 3 7 39 43 17 25 28 
39 40 9 41 11 23 24 27 30 
33 2 39 13 17 19 20 22 28 
1 33 36 5 10 16 49 24 30 
33 4 11 12 48 18 20 24 28 
32 1 2 7 41 42 45 19 31 
32 3 5 37 39 42 17 49 20 
34 36 5 39 44 45 47 22 24 
32 35 37 13 45 46 48 28 29 
4 6 11 44 13 46 16 49 31 
4 6 7 8 10 12 13 22 26 
33 35 4 5 38 41 10 27 30 
0 32 9 12 16 18 22 25 28 
36 37 39 9 41 43 13 47 49 
34 3 35 9 46 15 49 21 24 
32 35 6 7 39 47 17 25 26 
33 4 5 7 15 19 22 25 27 
35 37 42 13 46 20 28 29 
6 7 13 45 23 28 29 30 
2 3 41 15 48 17 20 21 
2 6 8 9 40 43 15 49 
3 36 37 39 41 45 14 15 
36 40 9 11 44 46 27 29 
0 1 36 8 11 20 26 31 
1 3 36 5 39 17 28 31 
0 1 32 42 19 26 28 30 
2 5 37 39 13 17 18 19 
32 2 37 6 13 45 46 21 
3 40 9 16 18 25 26 27 
2 3 5 41 42 14 24 26 
32 37 10 43 14 48 17 25 
2 4 39 8 13 21 29 31 
0 4 36 6 11 47 19 20 
4 7 39 46 49 18 20 30 
32 37 39 11 43 46 48 31 
1 34 4 6 12 44 27 29 
35 38 40 42 11 45 49 18 
32 2 5 38 8 49 23 26 
33 4 9 12 44 46 48 30 
2 8 41 44 46 15 22 26 
32 33 3 37 39 13 15 29 
39 9 42 11 13 14 27 30 
4 5 6 15 19 22 26 27 
0 32 33 5 6 12 44 28 
34 36 37 38 8 41 42 19 
32 7 43 45 46 21 26 28 
32 34 3 5 39 8 40 23 
32 4 39 43 13 45 17 23 
33 4 10 18 19 21 25 30 
34 7 8 9 12 15 19 22 
1 4 6 39 43 19 22 24 
32 39 9 11 45 14 46 20 
34 36 40 11 12 45 47 17 
32 5 40 45 49 19 21 24 
3 6 7 11 46 16 17 26 
0 1 33 37 45 47 17 21 
39 40 42 44 13 48 22 28 
33 34 3 35 7 13 48 21 
3 39 9 43 12 44 28 30 
35 39 10 11 18 23 25 29 
3 38 40 46 16 21 24 29 
36 6 39 45 15 25 27 29 
2 3 35 7 39 13 16 19 
34 9 43 47 49 19 23 28 
32 33 4 5 44 14 48 30 
33 6 10 46 47 16 26 30 
0 1 36 10 43 13 23 24 
1 36 38 39 41 10 13 20 
0 36 5 7 39 44 22 
1 2 4 39 43 47 19 
32 6 7 8 44 14 31 
38 43 17 49 19 20 23 
1 9 15 17 21 22 29 
32 2 4 43 21 25 31 
32 34 43 44 16 18 21 
6 7 39 45 16 17 30 
32 37 40 9 46 47 49 
3 38 39 11 48 23 25 
40 9 41 13 45 15 29 
0 39 8 9 40 11 19 
0 32 35 44 18 26 28 
0 38 42 19 22 24 28 
36 8 10 12 44 49 18 
35 8 41 46 48 19 24 
1 4 7 42 13 16 31 
3 4 37 40 13 24 31 
3 42 11 47 17 23 27 
2 4 38 41 44 46 48 
2 39 41 17 18 29 31 
3 4 37 8 46 48 17 
35 36 6 9 15 23 30 
37 8 14 46 47 19 24 
3 9 15 47 48 24 28 
11 43 14 48 19 20 27 
2 37 43 12 47 21 31 
0 6 8 14 15 22 31 
37 7 39 10 18 24 27 
33 35 36 11 17 21 23 
35 37 10 48 17 22 28 
38 7 41 10 13 46 48 
7 9 15 49 20 21 26 
3 9 14 16 20 21 24 
7 14 15 16 46 49 23 
32 39 9 11 46 28 31 
3 37 8 43 14 16 28 
40 43 13 14 48 24 31 
0 33 37 7 8 49 29 
1 3 36 19 24 26 31 
4 11 13 45 16 18 30 
0 13 14 15 26 27 28 
38 10 42 17 19 20 27 
5 38 41 42 12 44 17 
3 7 10 42 45 17 25 
3 6 7 9 45 48 30 
2 6 7 43 44 13 31 
12 46 15 17 19 26 
1 2 6 10 17 18 
35 39 43 22 25 29 
35 6 8 42 15 48 
34 3 9 44 13 16 
1 35 37 14 46 28 
32 33 4 18 24 30 
48 17 23 25 28 31 
34 10 48 17 19 21 
1 37 8 13 16 21 
0 6 11 20 21 24 
33 37 7 9 44 48 
42 11 12 24 30 31 
32 40 42 43 14 27 
5 38 8 48 17 25 
2 5 9 44 27 30 
34 42 11 19 27 28 
33 2 5 43 49 24 
0 32 4 37 39 49 
0 2 36 13 49 26 
2 8 12 48 23 25 
34 39 40 27 29 30 
34 41 42 16 21 31 
36 6 45 48 29 30 
4 5 7 47 21 29 
7 40 9 13 14 28 
2 10 17 18 23 24 
0 19 23 25 29 31 
34 6 41 43 21 27 
32 4 5 10 22 28 
38 7 40 14 47 
0 3 6 10 46 
36 14 16 17 31 
2 6 47 25 31 
4 10 13 47 20 
0 32 46 15 20 
32 11 45 18 20 
10 44 14 20 25 
0 38 13 15 16 
6 39 13 23 29 
9 11 44 13 30 
34 5 49 24 29 
44 48 20 22 31 
33 36 6 12 27 
2 34 38 19 26 
6 10 13 14 17 
2 34 43 45 19 
40 41 11 13 20 
16 20 13 23 
32 18 19 14 
0 1 28 7 
46 12 30 
48 2 6 
