500 5 0
62455 62212 59134 60808 64260 
818 280 659 474 448 279 
770 914 108 52 967 177 
863 693 847 694 885 160 
489 659 651 293 630 58 
860 127 966 287 214 773 
708 779 330 255 350 426 
462 74 1 395 351 771 
616 475 124 762 385 951 
859 479 683 686 622 220 
646 622 935 193 860 74 
803 720 756 293 970 695 
860 329 100 922 544 378 
740 427 640 608 906 882 
698 233 875 895 959 183 
504 231 951 198 87 222 
823 784 441 630 515 596 
1069 641 555 542 569 567 
768 544 632 855 569 236 
618 646 460 517 480 178 
803 159 603 567 774 820 
625 342 350 172 999 924 
911 680 860 850 720 493 
917 660 80 420 691 558 
855 563 25 118 547 918 
1166 49 900 935 605 867 
438 345 94 68 434 354 
555 318 411 242 260 8 
759 741 759 639 769 697 
614 886 200 584 814 314 
792 711 875 732 979 195 
755 131 252 918 538 173 
518 372 146 732 658 370 
833 447 154 317 141 847 
603 159 142 345 38 600 
968 241 698 688 53 682 
1018 553 129 826 791 899 
775 874 352 636 703 882 
522 522 201 491 29 189 
723 566 106 919 100 803 
814 436 44 462 789 836 
800 757 654 631 676 14 
727 547 574 317 312 239 
460 110 19 170 680 294 
918 874 817 238 860 397 
457 42 6 582 149 358 
624 704 931 116 847 34 
692 279 443 167 544 885 
847 122 562 767 963 585 
516 938 109 151 172 175 
1091 355 833 184 960 990 
530 774 263 581 219 526 
693 636 328 138 357 355 
538 867 115 6 166 833 
668 557 164 4 408 373 
585 671 901 290 96 515 
512 217 13 293 969 988 
535 441 425 836 626 76 
725 783 264 231 66 597 
441 110 362 396 301 112 
657 312 421 131 477 436 
757 662 480 513 982 741 
652 616 88 617 63 966 
947 817 546 984 281 847 
435 46 10 595 24 980 
682 873 286 138 174 341 
695 677 30 325 3 378 
903 874 604 124 482 333 
970 555 546 633 570 805 
673 807 199 640 707 518 
1084 684 985 889 292 759 
547 430 353 957 101 99 
512 260 513 55 28 491 
514 28 860 462 549 309 
654 15 410 462 176 839 
999 534 224 583 730 436 
848 444 574 401 238 934 
445 120 335 657 360 157 
1169 561 964 543 494 802 
601 256 602 152 779 825 
866 834 935 323 733 111 
916 362 122 789 992 850 
1201 770 614 844 577 880 
367 398 742 4 64 327 
690 473 435 883 793 485 
765 430 714 211 653 984 
707 346 235 531 475 744 
628 617 477 502 580 731 
599 281 691 509 807 26 
588 366 591 404 212 247 
648 135 268 771 792 439 
979 861 450 803 317 866 
813 209 495 251 316 545 
712 913 400 172 979 943 
627 886 114 313 358 329 
494 844 497 30 62 683 
679 377 722 129 420 403 
443 310 304 167 714 283 
544 267 102 991 213 897 
894 111 789 571 885 841 
882 480 469 562 389 230 
1072 86 995 997 850 951 
985 745 716 335 866 313 
691 161 623 340 707 866 
521 107 781 404 39 757 
872 197 295 445 959 1 
976 17 867 395 779 760 
399 346 322 45 526 529 
741 920 604 364 344 893 
986 719 762 466 621 601 
1014 763 85 658 282 991 
458 931 103 529 281 139 
633 358 991 249 56 677 
745 850 904 792 339 136 
467 13 375 945 226 249 
438 46 240 976 694 83 
627 421 468 665 561 299 
596 487 737 397 34 713 
500 366 912 704 75 14 
805 579 79 87 273 999 
308 124 90 150 165 846 
702 832 604 159 380 842 
1086 736 753 719 710 878 
1072 851 524 750 605 143 
756 23 342 350 621 407 
707 608 278 25 525 617 
1040 401 864 532 359 942 
492 413 249 15 458 512 
736 932 114 262 861 199 
848 949 816 845 218 399 
627 881 525 102 628 924 
671 25 718 148 445 949 
614 178 651 260 17 127 
857 767 900 993 500 814 
773 794 577 327 401 562 
616 888 43 301 821 248 
642 248 590 718 325 585 
975 982 541 818 451 426 
854 465 745 644 986 188 
1029 983 825 852 951 68 
898 910 626 110 719 370 
612 717 865 465 290 528 
1097 878 934 476 357 641 
436 168 863 145 553 90 
520 87 732 146 198 204 
459 616 360 471 655 16 
443 300 50 593 253 132 
805 335 38 316 726 317 
645 193 853 613 487 380 
783 158 449 530 702 948 
844 705 491 705 352 967 
797 501 995 246 87 814 
889 226 435 784 643 73 
448 430 193 293 738 302 
697 381 599 564 986 908 
254 374 136 310 92 62 
1129 914 970 278 377 903 
1026 76 715 592 547 820 
909 650 635 363 554 299 
1266 891 801 836 900 567 
432 625 49 33 324 879 
771 264 254 589 575 930 
998 232 771 340 513 755 
634 703 486 295 442 722 
790 759 420 104 405 479 
649 194 353 278 232 99 
452 453 744 432 1 521 
939 674 830 472 132 558 
729 373 949 621 816 344 
398 240 79 494 697 359 
927 31 381 657 731 690 
833 903 254 83 746 565 
533 822 169 352 254 260 
564 123 195 774 632 907 
802 546 304 389 246 936 
960 301 356 176 883 647 
1152 989 884 494 917 723 
415 853 218 116 202 452 
871 768 417 811 377 246 
712 128 815 318 176 562 
632 533 892 351 808 346 
690 83 394 939 953 209 
581 291 260 487 136 388 
487 798 66 578 485 305 
631 715 750 322 336 282 
752 890 518 741 718 580 
885 547 830 712 327 976 
749 281 468 570 106 528 
444 4 963 145 448 641 
993 235 519 217 951 966 
861 888 945 196 583 202 
618 278 97 556 69 248 
797 14 655 363 585 532 
776 630 946 789 959 93 
574 646 384 73 970 302 
1063 554 822 469 629 470 
704 599 56 965 315 999 
736 375 236 858 368 854 
688 956 313 522 688 816 
753 215 447 187 343 276 
579 47 665 849 774 514 
630 643 678 433 193 858 
831 235 414 571 792 290 
572 346 225 138 361 853 
377 559 177 834 19 188 
1047 537 815 801 191 835 
1118 943 905 557 237 829 
647 300 606 39 112 641 
834 447 439 188 469 915 
906 961 638 990 605 611 
795 7 555 312 318 1000 
969 74 652 830 994 213 
954 448 770 302 415 539 
493 334 93 312 596 609 
695 124 891 843 180 435 
1045 750 148 851 715 767 
509 62 322 325 605 626 
706 219 796 185 416 66 
403 867 542 29 42 218 
870 737 106 170 680 764 
741 211 88 791 577 261 
919 134 938 444 384 528 
702 747 4 729 542 755 
576 279 474 872 428 121 
1077 539 254 820 684 893 
637 470 44 118 675 542 
555 445 748 123 409 238 
553 1 694 142 158 596 
617 804 182 517 224 431 
647 374 404 566 971 23 
882 302 837 774 480 607 
507 912 143 184 15 513 
732 721 971 785 423 222 
962 767 1000 268 27 954 
865 126 859 976 248 468 
656 334 825 898 876 11 
888 522 706 795 967 41 
564 151 231 82 951 230 
335 854 211 212 235 111 
453 301 420 781 96 608 
709 494 119 702 376 108 
875 548 532 332 848 172 
480 299 616 30 173 27 
501 372 795 484 534 139 
1027 908 550 852 538 335 
571 271 504 161 181 921 
850 277 513 636 693 342 
616 574 647 2 810 664 
555 924 168 232 305 441 
523 400 601 744 448 361 
1215 734 832 833 516 923 
310 392 570 303 245 10 
1154 952 994 626 390 434 
408 109 500 801 237 107 
701 395 243 265 215 204 
736 229 747 183 994 156 
733 289 268 852 852 115 
930 882 292 384 619 678 
542 404 552 772 309 618 
804 20 164 873 812 978 
816 508 535 390 655 783 
630 151 224 130 8 910 
1126 635 786 738 311 892 
592 565 485 63 419 853 
1033 953 667 926 21 477 
618 700 70 141 183 118 
728 671 503 922 251 625 
601 446 774 562 538 440 
1021 375 459 509 393 972 
712 285 690 745 177 373 
661 365 77 427 134 878 
869 607 390 851 10 485 
787 737 978 689 188 206 
898 734 475 360 739 25 
1024 147 824 823 804 646 
655 775 199 465 548 766 
1251 679 945 646 826 840 
918 382 332 127 933 444 
288 125 245 266 338 340 
779 885 526 134 353 397 
501 68 336 133 93 639 
551 91 870 817 94 113 
577 459 707 134 670 369 
863 982 547 177 866 291 
924 370 904 248 388 793 
964 928 941 248 808 429 
624 840 246 876 611 31 
843 633 749 521 334 257 
944 464 314 786 658 926 
487 240 98 211 815 645 
373 219 555 218 454 257 
1039 604 234 470 847 584 
575 343 266 17 846 790 
686 490 738 102 265 875 
656 100 90 736 807 513 
1187 373 825 431 915 976 
576 720 49 184 318 399 
827 738 968 405 469 568 
1118 990 967 608 793 151 
644 807 425 651 299 91 
454 277 253 438 10 165 
819 851 647 46 803 368 
750 870 351 345 56 66 
549 459 893 632 278 375 
949 970 728 920 417 64 
850 615 405 264 750 801 
748 439 243 2 685 96 
742 50 678 509 723 838 
572 793 779 135 39 188 
433 514 25 440 356 137 
802 116 359 510 235 573 
1064 3 526 752 945 766 
531 143 369 226 817 83 
639 994 131 710 226 874 
380 42 175 627 30 526 
565 258 894 87 310 182 
552 411 764 57 494 770 
865 415 973 337 439 47 
478 395 821 11 657 322 
717 930 167 623 33 959 
548 144 272 831 629 238 
517 826 621 127 111 795 
532 507 589 351 4 126 
969 832 840 62 616 398 
593 975 176 325 846 453 
654 766 496 626 196 406 
607 447 900 927 48 76 
878 704 300 457 648 36 
772 110 908 46 330 756 
948 689 902 387 52 262 
1112 731 948 995 402 592 
710 564 369 164 208 396 
693 421 88 150 642 764 
931 353 71 296 509 983 
412 600 34 182 504 683 
724 727 393 677 413 15 
531 327 419 273 377 883 
1010 727 545 982 873 339 
941 56 474 567 359 844 
734 286 216 367 916 345 
976 779 524 957 816 779 
732 341 238 925 394 784 
521 306 815 678 424 186 
589 113 178 295 505 201 
470 445 76 591 661 214 
842 486 504 541 539 708 
331 171 84 465 662 49 
672 524 97 273 745 812 
838 745 92 951 202 524 
1009 754 748 675 684 337 
511 442 464 652 737 7 
721 961 705 320 226 503 
756 56 821 74 559 74 
897 966 455 404 715 456 
603 410 558 51 888 646 
942 265 549 792 710 725 
817 794 641 971 655 803 
1021 717 795 974 3 350 
904 966 289 775 32 31 
753 863 294 315 9 814 
564 90 69 953 571 963 
544 569 208 161 926 602 
772 158 447 425 215 947 
681 410 62 189 785 876 
726 727 539 638 761 712 
933 887 603 473 721 274 
926 628 348 690 974 42 
876 686 296 169 942 844 
775 128 593 813 106 511 
1031 886 783 656 996 688 
775 333 955 206 674 271 
1050 817 502 575 613 834 
503 661 763 89 214 511 
894 430 605 765 734 761 
865 519 797 924 402 697 
558 103 23 836 737 841 
906 382 993 726 232 119 
876 456 5 567 859 655 
715 991 890 486 238 282 
904 869 351 136 740 92 
336 76 288 88 193 249 
652 721 698 536 301 339 
714 207 128 857 923 549 
957 733 548 685 833 759 
539 577 834 485 37 571 
647 429 15 594 427 700 
844 922 670 116 105 930 
583 782 97 356 49 349 
374 225 221 411 80 369 
569 206 372 242 92 917 
244 88 15 352 520 202 
487 785 813 280 247 264 
613 277 84 688 815 549 
411 834 509 6 210 498 
800 528 71 468 670 441 
784 59 362 63 180 835 
781 915 599 694 486 914 
759 677 929 72 302 193 
691 560 975 997 115 757 
742 846 637 996 409 703 
640 39 987 180 445 139 
768 811 598 407 135 177 
724 525 968 599 318 987 
596 534 855 222 9 166 
1139 959 265 931 865 774 
744 404 733 738 42 571 
745 188 178 167 119 628 
988 724 695 382 594 988 
734 241 223 701 475 767 
1012 998 937 93 601 963 
914 868 49 220 732 794 
763 396 710 251 799 183 
677 838 402 125 491 862 
462 451 231 479 563 148 
1007 449 916 521 744 485 
892 655 504 421 559 538 
1015 427 750 677 850 49 
600 959 76 152 407 806 
740 794 742 267 262 315 
720 816 157 235 563 141 
742 419 587 60 650 175 
1041 920 937 654 384 602 
805 477 296 35 657 643 
776 342 580 326 89 506 
892 398 536 917 871 921 
660 219 95 178 383 839 
618 15 964 379 513 448 
536 311 594 442 251 591 
700 432 372 374 282 841 
499 539 410 20 628 748 
963 310 514 1000 565 822 
557 47 461 447 448 367 
857 834 440 197 425 912 
534 40 528 564 594 572 
1151 810 561 811 748 518 
755 411 996 179 926 688 
835 760 374 450 584 993 
835 785 206 515 957 544 
914 279 516 471 681 410 
888 968 306 878 115 578 
852 959 832 540 525 542 
649 185 502 93 772 391 
754 324 394 418 425 303 
597 530 702 50 825 564 
466 261 128 981 535 318 
755 442 426 727 415 990 
1073 769 692 844 646 725 
777 69 628 865 659 278 
698 741 507 149 580 403 
581 277 472 816 175 32 
612 466 124 217 738 288 
974 814 801 925 505 989 
855 561 292 671 933 509 
557 141 947 257 239 332 
766 405 802 734 42 787 
716 575 400 829 352 827 
778 599 738 950 274 137 
689 902 77 445 519 954 
1055 789 342 638 559 802 
846 445 952 532 950 787 
684 223 609 693 261 927 
647 112 150 303 51 611 
887 933 253 433 886 764 
602 833 834 209 168 477 
501 241 753 265 415 550 
740 12 771 501 805 618 
402 124 388 129 331 618 
598 136 116 871 124 829 
233 345 81 343 300 87 
850 379 119 288 327 902 
688 138 829 436 183 475 
812 156 823 362 589 483 
684 120 913 845 88 172 
845 833 491 824 510 141 
528 334 60 752 670 755 
726 246 487 751 658 35 
1000 769 506 841 878 63 
1009 549 645 562 79 912 
848 605 704 330 303 415 
585 954 760 824 174 123 
889 1000 231 275 308 714 
721 613 465 761 843 377 
624 298 10 597 282 329 
709 8 267 9 605 334 
949 331 536 652 216 922 
432 275 602 229 530 93 
1067 753 895 971 731 371 
485 156 332 797 331 683 
617 366 801 212 825 131 
790 569 159 478 512 681 
488 633 262 645 233 557 
1010 829 795 24 932 844 
607 263 943 236 182 634 
749 702 229 263 362 741 
537 717 704 106 325 648 
735 918 372 139 539 375 
709 566 454 736 207 420 
790 678 816 731 95 35 
783 785 178 297 898 422 
906 486 503 737 763 807 
360 26 27 338 589 705 
