250 10 0
31037 31417 30585 31073 29948 32099 31020 31311 31783 30924 
735 170 959 816 299 411 617 356 750 38 656 
468 119 167 671 334 315 220 613 320 537 953 
991 520 753 600 719 321 288 641 914 425 38 
807 378 871 236 868 621 1 63 257 406 934 
725 912 697 675 82 326 537 788 74 658 590 
916 463 1 238 843 722 763 974 698 700 857 
741 824 385 636 463 53 880 199 398 342 20 
911 587 586 865 385 15 616 567 712 288 364 
896 660 305 731 988 996 966 400 495 701 294 
703 41 498 643 330 224 787 185 736 503 844 
940 473 584 795 662 804 802 730 696 495 726 
799 852 816 255 541 543 51 896 980 563 209 
832 553 716 845 133 682 723 73 960 61 162 
623 804 622 329 720 472 68 993 846 510 12 
481 282 820 334 296 476 390 736 437 49 276 
699 170 371 87 939 291 841 869 124 869 769 
1067 941 517 997 81 597 265 410 998 744 961 
734 221 235 365 697 113 895 712 177 918 952 
795 62 880 19 220 123 376 981 893 574 15 
428 260 298 916 636 18 754 14 734 114 64 
513 209 808 233 511 586 735 572 301 534 207 
700 515 313 82 432 47 177 309 386 340 981 
555 335 426 270 821 458 383 370 518 478 68 
690 894 875 974 398 79 241 955 225 662 75 
662 11 947 676 175 648 740 451 731 14 944 
713 382 205 469 991 28 280 217 371 127 121 
792 75 419 313 105 741 40 903 446 799 363 
981 531 971 364 924 821 487 739 613 628 120 
506 550 114 379 635 194 64 926 488 566 74 
961 389 349 532 821 668 457 980 475 111 103 
656 248 490 907 379 550 567 657 42 109 571 
972 303 379 915 836 133 559 563 683 196 924 
921 661 859 498 702 573 158 25 883 683 900 
851 546 259 103 843 186 774 547 265 42 114 
1004 174 959 346 704 284 786 338 361 825 689 
811 800 411 881 946 600 229 119 84 743 424 
790 601 405 20 616 590 818 347 778 588 786 
710 535 34 756 676 918 632 214 385 906 242 
385 353 224 528 348 112 774 203 447 347 421 
1013 608 683 679 431 270 925 578 515 810 650 
474 608 143 772 397 306 121 503 415 127 750 
872 413 666 164 8 636 831 370 49 608 815 
670 651 749 86 274 745 518 881 658 239 227 
589 859 566 530 33 242 773 238 817 268 940 
884 1 580 327 985 874 981 378 244 744 430 
759 736 628 863 79 11 700 891 755 910 128 
936 155 604 939 893 708 87 282 247 969 130 
818 904 84 441 402 251 426 267 843 72 71 
744 33 375 509 731 156 662 297 413 174 481 
533 307 644 904 78 267 667 688 777 120 498 
781 792 92 843 874 133 980 447 59 489 54 
468 761 348 388 144 979 363 887 374 360 22 
651 696 920 300 468 994 416 720 671 923 367 
973 244 792 288 411 179 666 68 730 937 474 
718 180 346 776 785 476 802 807 832 548 261 
872 907 798 376 303 197 976 473 646 231 179 
608 600 108 907 350 305 878 570 412 951 538 
663 976 796 364 944 813 435 7 118 660 145 
844 208 734 441 368 864 979 191 341 728 436 
746 533 658 221 776 865 248 774 81 205 706 
699 699 935 655 756 481 761 116 316 796 192 
448 21 172 62 41 818 945 681 947 241 426 
819 564 946 85 582 237 756 123 316 549 727 
660 816 979 267 304 816 621 199 231 449 271 
910 97 281 743 86 711 33 752 170 855 821 
936 202 846 323 941 372 323 434 861 523 516 
557 547 623 765 399 453 501 187 538 860 555 
685 579 320 760 617 926 201 840 438 608 455 
520 827 808 23 625 789 640 131 4 123 995 
776 959 573 513 230 688 523 626 327 91 632 
795 103 768 205 629 63 467 414 449 257 700 
637 19 336 908 297 9 828 74 719 680 681 
804 195 147 208 576 716 537 517 960 436 577 
848 547 486 311 193 752 86 739 172 999 746 
988 786 723 121 505 169 432 999 334 728 893 
934 60 219 958 636 205 804 891 346 339 339 
719 576 362 42 349 831 740 307 142 510 893 
772 161 816 586 5 866 178 664 404 929 55 
603 424 659 391 588 271 277 914 665 217 251 
682 763 417 510 514 758 756 43 490 692 421 
717 971 358 102 174 759 854 182 218 37 897 
1051 938 222 131 795 99 713 708 903 303 755 
907 901 39 352 592 153 716 789 135 891 71 
873 487 971 602 936 194 552 270 704 834 814 
911 891 380 502 951 437 522 218 254 617 862 
696 425 101 970 402 985 743 147 316 205 455 
658 906 775 38 334 334 224 582 409 433 376 
714 739 883 621 216 837 957 40 385 615 551 
634 864 233 945 443 787 753 958 113 855 27 
608 753 660 145 199 210 228 641 270 700 653 
850 359 164 333 629 731 889 464 978 695 277 
678 132 100 610 727 218 476 667 214 192 940 
435 850 5 408 266 625 43 806 26 552 548 
564 183 893 136 543 224 370 732 243 657 547 
946 519 614 577 199 305 65 822 460 618 371 
844 27 905 244 970 361 928 161 655 235 172 
546 919 23 49 721 713 867 618 771 159 139 
558 518 223 139 276 745 246 43 588 478 193 
774 359 802 571 772 178 345 435 640 555 747 
1049 969 591 387 216 509 980 683 943 74 277 
812 14 708 7 837 242 612 564 494 125 975 
879 22 33 277 993 200 374 610 747 648 451 
1151 700 569 739 915 914 888 31 526 346 968 
864 485 322 654 830 922 542 5 437 489 225 
649 478 614 902 277 4 678 932 184 397 375 
837 964 791 419 973 413 39 4 296 646 821 
656 974 737 508 716 149 208 498 954 442 859 
612 56 872 68 854 193 657 528 544 40 606 
499 918 566 119 642 432 350 828 127 519 93 
703 817 428 777 945 229 68 640 17 484 193 
833 993 81 330 518 259 776 438 755 425 215 
662 275 463 400 188 708 14 189 817 265 592 
776 395 602 280 288 645 184 234 869 141 802 
414 66 612 718 418 458 134 95 109 19 330 
955 365 631 788 241 406 273 934 667 828 268 
605 885 176 143 869 384 320 234 325 337 167 
577 227 365 744 945 858 190 225 594 487 829 
910 210 574 798 853 184 342 771 479 937 574 
488 667 466 305 83 720 466 616 760 396 259 
945 822 424 691 80 605 610 334 801 871 553 
820 444 409 45 270 71 934 574 803 78 500 
812 977 123 395 382 421 491 159 708 887 485 
914 727 487 277 371 597 290 972 789 818 798 
827 738 26 677 257 671 929 700 508 430 189 
902 35 821 430 989 282 708 547 812 923 982 
1017 554 290 858 119 477 916 830 851 62 868 
467 163 405 280 63 684 281 361 239 627 734 
1145 846 998 445 458 969 184 554 802 778 612 
961 270 862 696 632 866 956 486 742 605 246 
575 807 678 87 569 128 372 709 766 977 96 
471 145 567 602 654 324 780 388 328 212 393 
633 916 480 577 657 415 199 870 174 667 168 
458 601 495 457 652 821 166 7 129 941 312 
659 46 670 624 139 421 656 216 93 233 963 
784 126 812 249 757 568 133 928 350 173 577 
975 743 760 15 143 304 931 245 813 365 465 
805 377 352 734 148 810 448 251 200 945 720 
865 368 563 554 973 107 330 533 525 395 608 
1180 824 271 910 738 659 759 620 921 605 582 
557 902 653 386 142 725 572 731 35 396 508 
617 681 216 549 24 109 524 843 416 786 935 
1024 398 776 365 267 484 940 722 579 530 247 
785 589 367 371 674 130 33 31 830 49 70 
832 40 737 974 527 765 729 690 767 399 779 
632 648 754 402 82 918 974 244 486 927 229 
945 594 907 832 51 839 491 431 482 163 519 
802 441 639 53 154 628 122 868 134 555 466 
747 395 2 828 679 492 628 459 485 892 610 
465 151 713 97 106 57 452 533 747 421 301 
694 14 389 93 901 457 241 580 14 420 14 
669 277 571 497 128 682 903 502 718 364 697 
888 428 598 260 639 183 237 957 286 197 654 
676 75 395 16 543 764 427 467 40 677 787 
637 255 899 659 189 988 208 633 918 44 473 
601 23 423 384 704 230 21 250 909 962 464 
653 750 964 638 494 632 863 152 410 53 14 
588 535 7 914 420 122 613 596 913 316 462 
480 615 673 214 249 595 71 623 179 658 628 
694 207 167 530 485 588 817 862 47 176 608 
681 331 906 694 423 377 277 937 249 606 919 
841 927 550 515 276 858 877 4 195 601 350 
632 493 116 966 843 458 686 33 556 276 865 
952 347 542 756 813 195 289 13 900 576 942 
929 820 274 987 730 930 218 235 284 909 601 
1061 276 850 263 749 950 630 683 837 768 948 
590 309 813 81 534 48 914 138 965 534 273 
579 495 80 529 99 523 464 720 376 961 744 
693 832 116 470 76 523 507 121 487 740 699 
505 282 145 137 429 709 494 531 553 489 932 
822 575 316 41 424 201 824 29 963 742 435 
886 846 126 121 267 188 316 267 800 721 301 
783 574 649 818 300 473 589 622 555 581 238 
725 75 232 493 632 543 30 195 895 808 915 
715 96 474 694 564 814 432 463 688 513 455 
577 302 716 108 528 162 736 685 754 136 498 
496 730 93 248 205 505 613 217 853 543 516 
878 242 208 772 924 852 751 485 709 306 720 
689 3 892 674 404 620 265 797 487 816 74 
918 55 540 341 302 226 288 238 417 842 971 
747 377 450 616 517 918 468 393 312 443 399 
939 895 785 802 603 83 628 567 208 860 668 
597 54 257 287 137 284 750 789 862 440 495 
672 378 873 815 654 163 152 878 362 323 103 
823 670 228 151 903 90 791 964 730 795 977 
511 734 1 913 262 179 521 468 513 572 929 
1017 612 690 816 82 335 588 558 926 340 906 
751 401 315 360 444 301 706 729 338 199 523 
560 720 865 315 677 37 568 216 481 583 79 
906 485 10 988 569 140 511 608 705 852 548 
530 573 964 602 102 624 163 102 92 907 604 
722 882 149 175 634 899 796 884 756 529 562 
783 769 229 967 19 624 206 93 140 551 604 
968 601 815 891 163 314 876 837 370 722 330 
966 647 967 609 962 783 701 575 421 745 364 
785 683 368 823 722 375 670 334 588 367 393 
1005 767 990 343 411 568 124 145 841 935 615 
394 584 885 249 18 71 388 289 218 56 956 
570 891 92 521 496 41 530 416 723 198 556 
781 509 661 649 830 330 316 230 844 224 853 
562 168 804 723 36 948 893 417 594 654 101 
582 220 521 862 184 981 906 148 73 764 306 
758 280 177 243 326 944 303 925 554 64 15 
1001 601 349 292 704 432 895 401 562 965 504 
1084 736 518 571 778 798 707 88 719 997 324 
728 92 358 510 40 502 301 354 501 167 425 
593 673 212 452 810 436 330 295 474 914 667 
589 811 193 340 105 765 436 296 709 632 40 
718 322 340 927 852 737 722 594 314 448 756 
670 322 259 550 6 884 554 12 842 287 260 
485 957 576 404 262 287 391 769 818 170 203 
1026 416 904 738 586 658 578 980 331 360 943 
789 184 552 771 344 982 95 861 277 158 821 
465 12 373 498 810 768 702 223 219 27 147 
1089 505 498 459 608 873 559 799 728 811 346 
696 968 628 897 324 165 228 289 93 615 368 
776 194 20 180 606 918 799 100 283 776 288 
512 27 170 881 323 259 408 961 502 153 710 
591 416 122 708 903 304 525 303 595 359 990 
470 755 219 267 808 300 754 434 13 577 5 
529 960 18 70 695 206 290 850 928 227 704 
930 502 408 946 883 341 208 639 75 274 624 
583 669 387 767 300 412 593 140 677 1 946 
961 550 303 271 925 15 735 194 557 773 723 
753 592 142 465 891 358 852 961 578 53 61 
727 404 361 223 166 257 250 969 867 712 276 
790 991 281 39 862 566 776 926 129 398 146 
468 779 772 653 181 120 507 502 255 49 459 
648 839 444 911 253 225 575 40 61 642 979 
802 84 536 174 89 173 720 384 920 269 232 
910 370 981 464 499 391 194 740 344 210 524 
805 697 708 355 694 972 518 796 547 368 223 
797 167 584 702 856 626 594 606 303 684 495 
758 612 680 142 605 3 50 724 721 747 116 
537 60 498 14 823 232 9 381 83 849 51 
594 321 845 166 313 63 65 340 108 491 768 
557 276 874 158 134 514 495 929 792 427 717 
734 507 465 864 105 1 591 728 610 930 377 
628 79 748 438 743 757 649 833 216 940 802 
543 691 565 146 516 169 85 40 898 536 18 
1052 399 325 705 669 875 759 405 887 474 794 
709 967 18 914 880 392 97 738 13 581 577 
946 695 886 749 178 976 261 954 85 760 35 
711 172 83 925 544 282 584 157 557 596 252 
521 550 140 93 607 692 262 221 36 125 125 
805 70 557 530 312 30 249 27 530 931 82 
1022 576 968 802 516 695 124 354 469 845 733 
696 640 189 128 427 815 547 327 94 177 473 
748 722 788 84 285 795 511 563 594 716 932 
895 965 661 543 981 884 560 579 111 911 890 
719 450 275 669 258 845 837 891 861 28 623 
