500 10 0
63928 63273 62665 60770 61576 63922 60968 61435 61200 59993 
877 180 351 999 716 284 681 315 542 290 764 
652 953 432 725 523 609 548 630 25 259 816 
721 348 228 58 650 216 244 792 779 867 539 
658 275 195 77 59 295 656 721 322 67 563 
950 364 694 890 515 620 386 64 517 919 702 
523 697 29 900 758 582 240 298 346 210 534 
795 520 381 183 129 619 109 884 622 63 266 
699 42 654 913 743 46 232 129 165 518 240 
849 772 970 28 683 780 154 633 494 377 599 
896 983 519 851 753 120 720 373 849 723 306 
516 436 866 798 142 507 281 900 15 99 689 
906 161 488 724 526 492 588 902 510 747 115 
842 198 857 363 15 127 968 349 195 345 509 
619 196 919 348 981 492 161 745 231 419 356 
780 989 176 818 704 214 639 261 754 50 966 
704 639 637 600 349 563 973 547 839 560 463 
897 101 421 308 979 285 981 335 648 366 127 
428 193 845 868 460 326 467 369 291 107 241 
914 772 288 308 444 930 910 639 677 35 110 
681 879 427 257 252 594 116 657 762 453 642 
738 181 959 528 603 658 727 263 784 828 684 
838 587 462 167 483 894 976 722 917 71 620 
436 820 29 80 144 595 864 187 362 647 411 
461 638 257 167 170 928 145 649 497 414 102 
682 11 546 950 630 415 570 84 672 243 580 
856 49 147 310 264 484 557 865 823 808 558 
936 116 789 380 535 213 201 799 615 707 721 
916 497 266 902 286 485 652 860 175 893 70 
713 275 183 422 610 20 327 453 756 352 271 
619 673 991 8 355 668 750 16 641 581 685 
1018 925 593 215 980 626 347 33 810 365 656 
787 92 524 453 701 768 628 283 994 28 229 
566 747 116 906 494 754 200 218 949 62 361 
796 421 191 988 246 602 482 144 35 982 621 
900 970 277 782 479 987 679 204 485 680 119 
983 138 859 400 383 8 787 685 934 557 926 
471 179 339 757 690 154 432 510 168 419 923 
600 105 390 83 589 180 699 254 721 780 129 
944 507 710 805 496 613 355 845 462 840 884 
781 8 836 253 535 20 717 556 723 538 114 
556 440 580 521 367 600 780 872 38 418 945 
909 313 96 613 956 722 524 725 461 826 399 
586 296 566 671 999 931 495 380 524 85 718 
560 889 27 281 886 985 228 847 546 475 157 
553 653 147 218 614 869 249 774 253 211 237 
729 381 987 362 563 526 209 519 624 428 31 
636 166 145 621 927 294 93 860 296 712 623 
832 607 915 848 359 134 6 565 114 443 848 
482 409 631 500 833 615 165 64 481 684 54 
981 868 876 948 234 291 560 627 47 265 850 
628 379 877 345 501 756 819 129 681 862 402 
787 917 745 966 136 73 802 581 277 26 637 
942 967 319 437 811 256 46 493 458 966 783 
574 721 815 55 291 688 969 797 557 338 386 
729 897 324 920 540 174 394 284 797 383 232 
907 623 255 449 917 191 340 864 249 137 868 
689 375 900 106 185 313 651 89 916 600 49 
747 744 963 776 101 953 6 72 4 416 134 
595 356 97 456 86 463 829 464 672 141 866 
843 431 313 779 69 134 422 164 799 663 944 
436 256 30 171 725 5 419 433 313 716 168 
585 15 89 766 722 137 650 940 802 471 962 
717 235 412 400 251 645 392 385 535 172 766 
1122 822 9 841 889 915 978 631 541 349 537 
878 578 800 333 79 358 89 412 926 547 775 
857 324 91 932 13 562 435 864 717 941 111 
896 121 85 272 986 666 205 370 761 598 73 
810 598 587 389 360 898 672 536 676 835 823 
649 317 203 387 858 551 541 73 272 858 491 
813 827 653 633 326 640 391 686 423 936 752 
757 65 161 4 440 207 392 779 98 581 737 
791 570 408 99 732 57 725 245 250 721 99 
432 171 956 515 31 550 273 408 188 177 215 
625 972 165 470 241 712 24 897 552 690 760 
716 195 48 228 74 429 470 940 79 573 88 
1000 618 563 397 761 604 54 787 509 598 238 
639 78 853 410 251 272 624 866 466 311 677 
631 526 809 597 433 508 888 967 639 285 180 
645 176 427 921 372 995 584 629 857 158 16 
700 320 990 503 291 758 991 26 804 664 606 
961 770 692 7 881 401 550 760 671 31 600 
566 278 412 346 88 332 515 878 566 262 317 
752 367 350 999 119 327 448 481 914 229 121 
675 452 577 130 965 540 278 364 837 728 331 
996 824 645 584 632 747 439 405 45 200 657 
874 333 720 418 243 835 918 128 567 164 289 
936 437 729 565 597 133 648 510 865 133 475 
650 64 127 977 617 41 342 89 965 667 518 
757 887 272 295 563 74 785 610 587 208 184 
726 892 835 622 7 319 539 806 514 62 270 
889 679 838 397 173 392 949 757 444 856 244 
789 394 929 189 371 193 645 196 787 679 596 
625 314 354 531 19 848 505 949 507 678 134 
682 489 586 918 823 630 97 190 412 877 358 
705 607 970 547 636 675 118 345 194 1 392 
1054 389 999 129 827 679 668 731 819 964 365 
745 202 892 166 677 614 783 160 632 97 700 
656 583 702 189 776 177 550 340 983 894 8 
745 480 244 712 321 749 575 370 230 933 83 
847 382 731 356 598 901 682 873 20 46 872 
754 818 694 849 442 493 800 82 84 252 637 
646 878 400 32 226 321 588 570 780 846 133 
725 473 343 468 799 73 563 615 723 116 600 
663 279 691 570 660 190 863 251 281 188 627 
734 197 34 714 602 7 823 169 979 247 92 
922 336 501 854 111 620 724 87 201 995 389 
615 3 231 654 657 73 206 581 362 67 503 
749 678 569 562 992 37 473 885 952 90 628 
899 40 584 881 968 697 227 907 713 956 798 
641 239 690 775 609 238 502 848 210 822 645 
572 243 85 459 607 782 686 170 900 398 145 
579 371 741 69 306 892 249 914 196 311 495 
662 463 260 621 43 525 430 663 164 46 861 
775 62 783 796 886 159 3 242 137 578 961 
685 142 370 799 835 865 621 655 224 944 179 
672 988 94 684 11 940 962 301 346 710 229 
948 960 554 825 82 137 971 38 624 410 746 
730 430 707 186 618 993 201 371 69 12 393 
801 25 501 87 113 678 311 945 180 267 332 
620 328 586 374 141 399 223 115 189 172 409 
803 985 845 46 21 49 645 936 119 98 144 
801 973 219 462 320 750 804 219 499 64 878 
636 835 853 882 850 182 715 175 916 935 14 
598 877 91 91 312 975 625 661 738 310 498 
960 803 354 310 900 389 311 680 429 565 728 
658 846 969 711 312 859 652 357 279 471 201 
841 184 61 170 816 169 363 816 667 546 958 
849 353 150 172 604 252 259 918 507 928 251 
512 955 448 102 456 458 672 143 492 640 704 
821 788 878 135 311 342 794 565 337 274 391 
748 110 187 207 942 653 844 580 892 451 60 
488 539 345 166 570 504 118 152 837 581 625 
613 220 867 178 587 850 178 57 45 651 547 
561 796 32 655 362 105 842 474 96 270 134 
495 550 854 190 871 417 669 119 447 46 9 
743 392 556 795 202 459 364 799 136 154 449 
891 862 13 629 968 531 119 34 937 331 518 
772 988 474 405 896 948 488 704 80 933 342 
956 282 411 820 411 392 239 525 660 63 812 
1065 485 453 279 746 989 525 850 594 714 999 
753 604 828 767 75 159 842 903 291 955 448 
798 719 374 366 82 876 562 284 482 623 240 
658 200 335 285 353 30 737 921 649 47 626 
617 751 832 451 419 159 115 382 826 639 830 
585 185 257 13 39 209 598 356 630 18 271 
921 838 443 779 315 157 594 887 479 133 392 
641 266 601 194 791 284 624 604 996 504 329 
811 579 933 884 251 536 742 705 412 676 931 
845 9 773 975 824 3 282 464 693 971 906 
783 382 975 878 672 336 704 6 85 706 970 
754 243 583 398 882 555 528 277 119 920 147 
593 791 896 664 145 584 69 830 250 453 688 
567 454 836 692 383 471 703 3 366 647 658 
589 444 163 425 662 85 113 511 462 951 462 
768 730 588 743 318 938 582 132 679 751 179 
726 453 406 70 413 343 139 509 189 244 521 
864 265 807 278 655 427 910 499 813 666 855 
917 736 472 451 750 432 81 555 651 589 794 
968 718 628 84 853 120 657 775 218 577 112 
810 139 900 690 91 459 630 696 766 466 280 
593 820 787 21 385 172 645 152 962 287 548 
771 812 141 585 522 235 33 580 411 258 236 
717 606 648 83 376 785 140 225 51 378 60 
933 900 584 699 220 979 687 78 167 689 33 
438 89 659 740 13 62 59 318 403 61 979 
497 11 85 398 940 766 609 21 419 327 204 
775 949 752 1 871 288 964 133 72 580 652 
706 796 196 765 251 231 171 512 920 308 405 
555 693 126 725 819 561 344 460 87 551 630 
900 490 115 738 282 409 540 669 756 367 803 
681 279 956 822 1000 600 946 454 334 745 630 
968 702 326 141 664 715 651 717 787 315 191 
982 866 720 6 68 780 671 663 607 844 586 
920 224 814 276 820 174 94 754 576 704 758 
656 414 849 749 552 115 991 396 481 794 68 
835 157 712 953 126 351 781 517 783 72 937 
752 744 97 504 316 557 806 72 773 579 220 
499 429 442 519 193 687 911 420 370 823 113 
932 291 83 855 901 951 426 430 917 323 626 
554 604 368 771 60 376 904 439 276 347 971 
661 169 448 579 939 112 195 21 322 596 336 
617 915 699 70 637 706 756 104 384 661 36 
766 517 839 714 847 115 900 499 443 301 952 
721 390 640 576 534 853 219 595 795 550 816 
682 262 957 220 432 452 390 322 289 182 110 
867 967 842 615 787 910 833 785 730 460 885 
931 955 565 804 546 989 78 38 325 297 504 
806 412 187 421 129 177 595 551 611 183 241 
642 580 673 1 989 795 326 613 508 301 531 
911 94 838 800 977 780 897 95 520 391 187 
975 730 303 178 805 825 983 500 104 933 887 
941 643 708 109 713 59 214 434 611 665 790 
536 966 422 914 160 450 157 93 226 31 256 
1095 735 833 869 369 935 722 327 125 996 806 
861 941 669 358 224 705 663 287 316 624 444 
541 850 606 154 355 383 722 138 523 865 449 
782 954 886 864 87 299 403 216 125 523 877 
950 549 144 589 217 674 857 501 5 731 696 
956 863 244 500 239 39 858 568 389 693 674 
504 316 282 641 25 114 84 182 289 969 48 
802 795 797 42 801 114 947 319 717 369 900 
538 377 208 447 319 459 928 340 855 907 84 
950 466 3 676 232 835 237 967 510 450 180 
770 545 932 452 17 256 994 995 588 223 213 
620 418 509 28 860 102 256 954 487 726 821 
527 673 240 695 230 243 97 329 586 137 504 
1065 861 755 277 606 21 162 410 762 861 997 
754 380 381 581 244 197 384 575 938 435 928 
849 827 229 526 819 323 141 922 259 80 133 
835 170 418 912 463 619 937 427 177 56 987 
590 151 161 142 452 386 996 463 283 811 966 
1036 684 839 936 983 294 907 383 346 763 824 
870 368 65 517 851 265 879 771 535 652 421 
665 351 569 1 256 765 733 99 247 887 583 
655 878 357 323 640 247 482 673 903 456 4 
690 68 882 470 67 325 630 633 721 830 739 
743 720 416 796 217 751 403 590 271 377 987 
953 719 26 880 269 784 462 659 761 301 605 
767 558 375 809 341 582 571 452 358 558 134 
683 898 145 528 317 910 336 73 877 154 99 
773 54 23 544 950 589 927 656 10 285 187 
1179 983 482 552 809 697 820 344 621 861 635 
683 347 943 946 647 419 13 881 268 526 74 
885 392 115 482 909 213 458 508 307 621 436 
628 137 201 190 509 100 857 284 499 976 884 
610 613 892 289 707 801 372 31 830 617 495 
1065 316 897 967 156 965 453 440 366 791 338 
1020 19 667 979 255 555 801 373 976 390 927 
706 142 475 373 594 759 353 64 220 572 762 
818 24 463 843 889 555 529 25 853 552 472 
787 861 762 665 103 629 518 873 342 737 673 
522 942 575 750 524 581 152 2 682 626 249 
736 688 17 35 131 158 408 130 146 665 527 
562 696 736 330 413 298 59 822 359 904 553 
700 235 830 854 684 992 170 352 230 272 993 
710 319 416 138 245 667 99 518 916 86 241 
609 347 323 761 403 237 21 345 329 899 641 
597 41 325 481 770 325 546 907 353 354 452 
424 53 637 132 66 37 650 388 14 314 399 
838 685 622 746 372 57 683 445 716 255 3 
970 771 828 390 523 137 884 668 86 914 393 
707 607 372 135 588 34 553 467 164 679 168 
474 312 250 103 500 637 373 182 462 295 549 
1053 230 953 987 195 135 837 738 733 210 591 
958 568 760 628 632 526 149 43 702 77 657 
846 600 711 737 715 539 147 550 856 518 578 
771 895 145 354 886 909 714 937 171 275 245 
1023 866 775 641 985 360 745 641 475 133 257 
454 21 452 396 818 241 470 383 497 13 970 
552 84 73 508 582 778 855 492 601 699 669 
764 811 146 958 351 421 429 926 514 669 518 
916 302 857 560 768 525 338 915 490 658 470 
634 325 42 698 233 633 192 594 694 467 136 
871 597 334 553 502 566 546 495 596 647 138 
723 1000 858 654 43 878 643 341 574 804 849 
743 850 147 35 672 16 594 852 132 759 659 
929 957 931 65 119 812 193 157 726 641 215 
558 710 380 591 986 635 160 356 168 457 53 
790 620 517 71 918 37 87 43 720 702 16 
765 362 959 711 65 656 596 374 839 95 158 
922 247 771 892 126 834 166 206 416 777 338 
577 413 579 906 396 731 547 297 173 456 837 
734 278 195 776 280 554 496 870 563 833 403 
995 69 850 820 531 271 975 636 555 934 433 
868 539 275 42 752 4 935 990 655 432 208 
768 168 741 933 566 798 471 195 150 685 705 
747 202 719 285 770 119 32 889 765 693 666 
790 271 625 841 189 861 677 902 396 103 82 
803 774 937 167 137 259 808 668 717 456 181 
860 434 485 8 566 715 91 510 157 914 91 
979 111 1000 883 477 289 541 752 212 288 713 
1066 734 771 485 127 458 919 183 556 925 611 
1027 792 872 825 669 512 347 948 678 889 721 
994 258 665 569 2 988 928 843 418 54 238 
982 852 837 474 709 601 973 827 591 559 879 
447 735 254 85 344 69 486 952 181 299 314 
462 455 319 249 1 223 703 428 301 301 883 
708 703 767 700 404 642 790 840 212 748 199 
755 206 971 238 359 135 796 730 375 413 541 
796 759 486 785 79 415 553 946 825 700 417 
496 773 34 950 274 674 46 620 415 293 3 
701 654 473 531 20 638 691 851 123 86 21 
1154 907 847 372 760 898 701 933 138 758 871 
547 336 137 933 675 791 282 6 890 289 899 
945 993 330 825 951 782 17 587 817 422 802 
672 182 64 316 592 362 515 637 668 684 903 
1000 963 514 173 881 714 922 376 646 824 148 
579 114 916 695 777 428 175 412 457 207 683 
428 233 453 242 16 920 877 562 114 124 298 
916 570 186 29 476 747 551 710 674 364 826 
910 964 319 748 324 314 747 376 973 334 517 
581 381 844 133 864 93 946 750 55 597 764 
736 355 230 773 995 22 210 481 16 202 421 
475 52 699 112 618 880 805 148 147 465 607 
563 58 349 415 272 614 336 153 676 243 143 
830 255 667 52 614 529 935 75 917 717 575 
868 93 787 740 338 381 999 179 324 310 671 
872 26 85 310 368 879 523 515 394 252 862 
750 368 557 584 980 185 255 243 763 184 104 
807 274 272 825 161 693 72 82 819 490 16 
947 82 8 700 542 806 799 947 349 760 690 
891 546 344 853 492 836 195 291 558 435 885 
798 153 803 704 69 211 149 840 556 759 300 
712 826 413 544 980 864 651 548 450 772 216 
479 218 63 903 225 71 873 746 797 228 29 
997 852 479 577 120 745 356 69 853 980 71 
643 845 484 216 815 700 980 22 412 540 69 
914 945 383 406 711 815 46 559 67 419 665 
668 517 636 516 254 411 115 784 997 20 892 
711 524 47 140 997 819 662 715 219 431 364 
635 757 452 479 293 564 616 101 332 134 979 
767 659 504 766 462 650 64 508 788 170 51 
512 927 161 960 962 217 388 406 201 295 598 
537 764 768 725 472 618 244 514 328 102 428 
713 957 285 162 593 398 666 863 412 105 321 
1060 961 668 917 861 491 247 985 222 655 97 
590 692 367 243 24 925 948 365 283 760 24 
799 116 250 873 287 727 143 448 196 806 116 
710 276 366 679 970 512 888 322 956 712 291 
952 215 781 487 320 650 1 996 664 28 746 
927 118 335 698 413 873 812 921 672 934 213 
678 641 558 837 347 891 671 477 939 626 748 
702 844 633 72 728 411 387 175 18 653 489 
600 828 79 350 901 595 395 892 504 62 1 
727 282 723 864 320 241 36 994 973 639 938 
994 869 777 927 715 275 409 236 705 964 574 
944 217 490 8 577 986 735 689 458 233 789 
604 996 907 974 894 794 203 551 95 200 132 
527 46 336 764 359 593 337 88 960 51 371 
485 708 298 423 772 365 934 582 156 419 7 
905 492 536 286 873 148 40 836 176 906 820 
568 215 4 297 567 643 333 474 842 248 420 
889 617 72 312 49 479 595 541 799 897 528 
637 434 501 112 626 938 225 690 788 196 738 
480 213 694 5 228 306 936 219 399 471 742 
391 727 219 299 348 371 224 932 175 60 137 
1019 792 601 343 191 623 535 1000 393 500 493 
845 630 127 726 21 81 262 399 43 768 665 
825 282 287 207 323 744 651 615 511 700 533 
780 388 987 213 976 574 110 346 6 749 19 
660 204 256 524 409 715 378 228 29 196 52 
710 823 913 199 372 639 275 509 293 480 739 
649 867 963 653 143 604 215 400 545 6 104 
700 111 796 618 261 624 374 528 699 120 80 
854 853 330 579 682 151 712 189 830 981 458 
451 496 400 306 186 184 448 767 342 131 716 
453 297 571 592 177 919 212 102 58 750 228 
542 225 832 35 623 730 714 580 725 683 176 
883 780 744 768 323 142 103 846 571 583 988 
719 133 514 689 75 51 54 201 53 435 703 
874 121 254 420 341 462 967 820 504 902 823 
928 353 423 674 646 210 959 43 921 382 946 
531 643 944 129 793 534 7 842 368 2 535 
606 418 872 453 821 329 473 17 453 43 652 
607 980 858 498 858 168 102 937 56 781 348 
718 544 594 481 287 673 888 512 467 677 829 
685 645 699 812 173 979 541 881 119 679 466 
522 617 44 405 55 780 741 343 749 162 970 
527 540 569 50 306 613 147 446 907 906 230 
653 884 697 585 506 746 496 160 433 543 647 
601 438 131 320 551 127 948 759 404 287 29 
696 399 962 510 322 360 18 636 324 140 875 
774 486 457 922 314 890 193 710 261 169 93 
535 230 174 89 522 672 140 815 360 696 141 
489 521 777 221 666 373 675 771 523 220 6 
1054 211 70 777 329 931 830 812 359 996 834 
984 554 777 872 328 150 592 601 547 544 545 
1021 301 878 597 502 781 765 128 827 686 406 
456 371 719 514 62 320 669 452 218 153 856 
831 806 513 328 146 979 894 298 390 171 381 
545 612 484 785 112 300 81 911 7 121 993 
713 679 811 18 522 633 206 414 479 14 384 
596 994 602 938 288 414 291 379 822 747 146 
983 880 395 847 850 260 45 688 826 399 658 
696 624 568 408 517 503 855 749 509 438 610 
790 595 186 770 156 297 825 534 143 293 903 
732 796 301 374 801 636 33 64 239 420 552 
770 369 399 2 538 542 761 339 118 533 139 
692 719 123 150 447 455 531 185 635 582 97 
850 654 109 820 119 627 330 304 112 549 649 
641 650 934 553 65 312 787 751 882 492 59 
643 562 689 282 116 928 848 529 856 821 802 
530 684 546 717 178 294 342 580 211 129 743 
611 129 304 849 883 107 185 2 716 133 323 
910 257 609 574 434 880 893 47 434 830 337 
739 71 328 62 19 534 501 666 526 623 659 
469 84 234 706 976 41 221 237 896 61 655 
522 616 484 199 143 855 1000 107 392 176 841 
940 788 22 994 436 686 501 237 934 411 765 
606 710 868 659 445 387 322 79 393 393 307 
1046 185 994 573 563 46 878 768 945 438 272 
566 521 254 53 139 930 88 936 524 305 680 
827 420 948 265 611 352 330 573 760 833 165 
802 260 790 20 690 408 213 661 683 413 172 
332 254 886 169 5 746 60 432 344 47 347 
960 544 997 514 535 827 876 160 365 403 428 
861 434 722 673 355 153 864 220 395 345 14 
772 419 602 432 634 16 331 815 455 300 29 
877 352 613 396 667 392 260 234 802 635 668 
616 885 93 614 499 523 954 399 749 714 680 
332 690 145 128 599 194 106 31 522 51 287 
763 269 133 439 528 401 93 439 348 454 403 
844 737 549 973 366 552 437 365 93 874 8 
903 682 534 118 597 65 29 885 365 192 705 
731 632 211 846 132 662 375 347 912 394 71 
886 175 38 642 263 739 204 770 649 589 739 
751 956 251 465 248 350 258 178 338 140 419 
401 221 747 592 76 333 84 293 559 297 241 
482 351 98 27 417 943 328 241 395 335 647 
905 647 854 980 728 109 301 239 664 644 779 
893 703 964 477 109 685 656 640 775 783 198 
1104 635 988 898 984 87 912 453 959 750 500 
415 189 56 406 114 580 415 63 224 350 416 
752 556 815 765 850 468 869 886 659 106 59 
876 291 227 728 889 39 350 388 916 505 971 
879 311 675 611 245 509 367 648 787 851 308 
568 752 226 954 345 767 472 134 133 339 955 
1049 511 950 288 886 955 659 736 832 582 783 
891 485 305 600 420 14 982 715 649 525 968 
1115 684 782 190 916 990 780 420 126 847 797 
653 87 204 50 171 608 340 960 9 418 635 
962 620 664 466 207 681 489 410 491 586 769 
884 618 861 217 677 375 527 303 716 845 181 
913 600 273 411 32 826 731 76 584 678 112 
670 329 827 102 35 980 473 333 323 81 258 
574 657 318 377 372 333 16 617 535 448 352 
1082 853 1 932 956 508 824 723 363 995 6 
522 397 625 204 520 405 789 46 786 24 392 
708 262 780 645 650 443 170 506 629 919 317 
974 123 624 253 547 522 326 988 772 165 459 
625 16 680 734 765 982 237 670 579 239 759 
540 446 657 767 642 199 488 338 69 143 326 
617 134 639 81 58 692 712 776 47 169 289 
587 723 611 322 253 282 825 540 807 87 811 
889 483 97 484 341 445 961 193 31 719 210 
356 278 236 128 154 725 139 431 249 115 93 
1091 357 803 440 293 800 726 509 715 888 603 
422 708 58 41 188 188 888 173 876 40 572 
1097 863 988 615 854 767 831 489 904 898 137 
734 576 335 852 805 30 829 437 100 213 597 
624 524 240 559 887 529 373 877 532 92 473 
758 337 285 922 548 45 781 377 188 544 770 
793 418 887 739 475 514 689 147 415 155 413 
1081 797 284 909 944 101 443 338 776 798 808 
565 318 879 471 981 585 284 263 20 822 953 
458 393 444 146 388 216 205 393 263 259 795 
522 504 272 383 570 105 549 99 683 143 883 
939 834 798 657 198 217 747 693 419 197 278 
1018 568 883 837 797 931 702 584 458 560 989 
485 393 194 804 724 14 211 514 401 416 865 
533 270 455 468 596 224 627 91 499 893 457 
725 173 151 233 758 941 603 284 453 763 160 
545 413 868 883 91 954 361 671 353 550 59 
755 181 290 424 404 835 16 665 108 29 820 
978 374 723 926 358 296 846 4 514 447 908 
924 523 771 394 441 544 800 414 540 94 838 
741 612 767 449 815 906 169 485 263 841 821 
951 935 442 750 224 862 587 207 385 891 768 
472 793 281 36 13 888 509 989 789 229 102 
853 580 843 573 861 253 600 96 487 695 154 
830 403 78 376 736 130 713 971 322 551 102 
654 51 178 8 589 367 856 211 213 237 700 
643 560 684 887 292 482 809 70 822 388 690 
878 888 609 103 91 577 382 776 4 605 801 
962 967 920 380 958 839 612 376 802 596 560 
606 240 163 451 74 301 883 994 941 519 510 
921 897 512 20 597 841 429 763 694 568 536 
709 970 702 681 776 486 337 739 114 326 61 
450 674 905 335 306 439 319 41 526 174 701 
985 375 719 788 639 847 976 135 826 801 422 
1038 650 140 186 777 220 903 786 997 799 831 
518 105 125 484 837 849 292 303 5 753 259 
749 972 976 949 838 194 208 175 376 939 788 
859 657 733 483 150 718 970 946 418 752 145 
453 950 58 186 159 228 272 611 562 490 389 
848 558 285 276 431 141 843 359 13 755 357 
765 685 283 851 292 465 338 327 343 764 375 
864 714 32 256 356 468 615 690 445 841 611 
706 794 344 985 542 436 421 642 496 529 79 
637 802 25 618 526 198 578 554 686 773 231 
673 792 467 671 791 987 575 524 201 174 534 
613 583 36 416 662 880 13 266 858 525 641 
676 679 373 591 522 493 2 149 702 341 361 
640 827 656 350 990 357 621 546 326 11 258 
949 135 519 126 716 499 748 261 549 917 669 
686 584 577 494 771 388 656 532 52 834 363 
472 293 51 717 80 271 740 430 628 637 861 
1005 554 83 906 175 903 383 254 408 851 771 
920 830 569 568 438 604 171 822 633 263 94 
740 182 187 745 462 5 375 345 257 903 133 
873 812 510 528 562 55 908 96 935 581 972 
926 901 906 56 269 540 124 182 963 641 161 
645 521 18 372 676 368 724 991 985 648 431 
990 755 511 361 256 832 937 956 196 989 71 
802 610 712 696 914 755 954 129 91 490 253 
690 749 77 303 719 359 133 178 785 669 576 
894 797 509 378 852 610 897 399 58 835 826 
575 476 61 808 567 580 954 401 823 407 226 
959 715 786 671 303 62 223 364 491 862 760 
848 207 580 728 519 307 518 585 344 993 520 
