100 10 0
32372 38120 33282 34572 37627 39398 35498 38167 38985 34094 
594 669 136 175 438 332 510 53 964 91 809 
635 147 958 152 730 170 264 753 989 727 753 
719 95 383 587 84 614 262 167 936 607 842 
961 407 525 184 938 789 713 825 41 698 864 
582 769 549 363 473 984 49 235 85 988 620 
856 207 327 421 11 703 517 386 567 565 298 
656 981 505 888 738 291 172 993 383 515 386 
692 412 715 220 41 180 162 107 590 742 173 
817 903 465 985 432 637 485 557 352 48 205 
722 334 967 113 307 643 328 32 96 719 792 
802 3 114 736 140 776 118 62 422 631 704 
630 215 646 922 341 768 833 165 533 691 754 
600 270 868 502 146 291 668 981 832 618 393 
711 86 836 226 213 513 963 396 779 936 273 
871 476 319 707 245 661 731 713 56 291 421 
701 168 739 299 386 281 414 70 464 80 472 
404 345 377 55 532 33 29 461 6 245 618 
769 252 85 786 268 982 840 438 927 45 296 
967 465 767 338 88 583 886 253 973 751 677 
960 457 831 352 725 153 624 134 686 998 883 
842 82 302 930 422 950 415 443 563 289 674 
801 372 778 625 730 276 439 235 262 167 252 
1086 440 847 510 464 548 774 431 988 942 925 
681 760 363 645 327 979 165 163 987 727 586 
559 581 275 361 809 861 767 501 53 134 65 
498 84 247 167 183 848 965 132 641 873 32 
692 60 687 560 723 972 528 459 716 761 946 
823 474 32 471 360 148 847 590 616 391 868 
689 896 530 437 888 426 361 16 378 642 671 
707 968 804 211 512 925 647 655 585 286 392 
1013 955 245 83 926 776 756 623 5 572 530 
816 319 714 735 267 515 391 247 280 923 267 
450 67 811 576 406 208 280 728 134 802 1 
867 403 943 526 787 583 617 652 797 575 944 
862 233 413 747 263 967 935 601 273 763 372 
762 311 47 67 222 263 523 798 606 612 226 
914 139 157 297 489 326 726 718 388 707 972 
874 362 76 159 268 567 889 383 671 695 396 
986 839 277 261 444 572 685 889 513 506 454 
597 984 916 929 974 325 384 60 799 66 445 
778 86 995 413 401 300 106 261 998 86 890 
1048 361 817 582 713 594 722 576 893 607 607 
662 156 154 36 799 425 676 846 425 335 114 
854 844 643 115 44 302 565 341 723 560 597 
590 702 572 898 140 849 636 931 517 164 487 
1063 473 652 199 917 968 202 740 833 304 613 
790 975 389 62 486 538 553 762 212 296 344 
750 45 406 281 945 218 341 526 363 299 545 
712 782 441 84 572 26 402 184 919 447 682 
1063 928 569 492 903 709 834 105 975 757 111 
633 113 387 331 956 154 563 773 878 684 82 
488 392 75 529 19 32 10 374 265 610 163 
918 566 196 203 559 843 624 200 763 901 772 
437 767 37 249 344 713 9 548 330 964 409 
836 214 616 361 737 758 42 90 323 483 257 
874 746 165 711 469 456 242 814 554 637 479 
988 694 742 818 525 365 826 177 397 435 731 
723 289 124 373 543 911 815 75 293 832 781 
900 565 529 351 154 771 350 452 794 245 827 
537 485 550 68 583 902 315 176 29 677 284 
814 28 613 25 623 451 121 947 970 845 155 
897 817 378 429 965 272 826 722 209 408 6 
778 348 75 672 673 417 599 958 185 107 9 
766 233 838 160 187 271 941 226 400 288 240 
492 437 758 533 572 716 166 289 10 439 537 
690 193 644 105 815 198 883 414 484 645 36 
685 21 646 563 467 20 31 117 535 407 729 
630 683 858 752 770 369 700 607 254 968 118 
533 445 224 988 74 512 530 380 273 794 95 
687 626 588 971 54 503 261 514 820 189 426 
947 294 681 788 235 485 881 38 292 884 265 
572 861 149 269 338 596 386 753 115 352 542 
927 208 804 691 206 979 641 778 301 351 318 
643 918 742 348 480 423 867 429 343 651 521 
691 835 548 260 601 45 656 126 377 997 310 
647 219 272 322 265 114 398 72 475 462 64 
800 732 286 851 917 322 370 857 69 365 47 
821 223 814 645 589 917 222 152 242 131 979 
940 564 376 378 210 541 871 694 926 759 160 
553 258 689 340 62 248 591 545 822 495 913 
755 36 581 543 254 81 800 526 661 667 951 
1009 669 997 997 369 201 905 72 739 438 542 
756 126 623 470 262 214 133 211 984 46 454 
375 862 124 863 564 249 127 23 37 165 33 
352 373 514 111 166 304 85 692 643 93 6 
907 170 672 631 916 58 261 656 519 514 406 
741 98 419 265 412 404 508 535 239 352 272 
621 434 436 356 517 231 824 578 264 681 218 
519 174 867 570 617 168 787 845 657 23 422 
1067 886 47 473 771 786 668 804 426 870 705 
683 680 344 679 637 970 77 937 168 308 456 
516 133 144 692 144 809 679 658 215 937 160 
798 338 692 292 280 346 530 930 112 954 340 
776 825 990 68 333 421 662 893 898 425 17 
924 242 265 767 11 691 534 629 223 552 976 
545 118 661 59 691 411 922 626 709 424 25 
644 389 489 221 304 714 737 546 937 104 577 
876 140 677 447 37 550 933 128 610 456 621 
893 145 451 313 336 453 343 763 475 604 434 
797 209 215 5 823 456 579 605 851 88 348 
