250 10 0
90860 88581 97454 97436 95276 95859 90324 91449 92909 94207 
462 917 62 230 72 819 347 307 289 179 219 
765 133 874 669 172 567 751 989 37 919 862 
1007 688 750 616 901 387 268 335 603 21 687 
903 546 734 402 252 567 265 721 66 457 83 
747 461 50 805 336 251 367 933 211 644 159 
1011 460 825 804 526 707 238 753 618 300 220 
857 759 854 357 758 591 920 554 524 949 24 
680 542 250 528 260 383 770 641 638 281 114 
845 455 543 331 733 406 365 320 381 617 582 
534 331 702 293 329 237 979 206 237 248 193 
700 151 116 495 102 721 252 273 703 958 252 
696 964 663 775 920 791 33 494 213 811 601 
449 84 306 499 120 369 931 417 140 234 142 
469 837 519 76 91 630 214 704 248 699 178 
524 965 236 361 893 5 195 202 280 119 562 
670 932 503 246 760 155 33 723 592 358 154 
996 732 308 551 640 779 421 250 936 484 110 
874 802 325 655 193 679 293 587 594 901 144 
740 889 573 768 220 24 969 226 446 11 572 
897 713 213 356 666 618 69 649 122 322 461 
635 296 364 997 47 570 641 708 108 820 684 
612 99 929 615 698 655 402 626 87 942 370 
878 856 200 734 670 157 972 574 147 259 485 
778 364 401 363 722 135 834 86 426 58 337 
707 550 985 683 514 689 203 460 150 679 70 
855 76 436 601 806 307 628 863 976 849 921 
647 475 408 399 641 505 804 10 81 217 75 
430 105 139 449 651 882 498 356 71 358 544 
559 82 320 361 563 378 951 585 850 617 145 
543 548 488 619 132 617 120 441 691 300 709 
845 901 910 557 852 984 809 98 748 373 21 
689 780 593 178 984 691 753 643 765 251 635 
930 180 810 187 742 306 639 729 550 218 435 
836 421 242 167 782 667 550 345 307 656 58 
831 120 915 580 581 700 577 924 290 154 795 
507 634 848 856 513 386 164 438 20 396 498 
678 846 874 275 973 985 82 486 77 736 33 
786 891 795 1 461 188 996 58 949 600 226 
449 309 60 197 770 297 431 122 250 399 23 
1055 255 132 494 703 446 951 990 947 5 901 
559 705 25 832 308 766 49 172 749 991 159 
768 23 347 632 756 604 179 347 608 627 490 
561 733 413 475 315 905 218 944 623 581 95 
1050 674 368 295 822 572 963 545 744 836 118 
521 629 138 465 76 829 200 383 88 272 459 
566 425 797 759 382 267 499 23 722 594 276 
902 810 670 767 737 872 587 50 836 562 824 
732 378 436 561 189 940 410 32 991 918 247 
926 877 13 151 840 168 257 455 242 892 744 
729 160 297 881 798 343 31 367 90 97 823 
948 588 293 564 297 814 36 891 836 442 697 
820 15 674 352 590 194 915 460 171 802 341 
622 764 116 46 481 302 479 947 71 703 36 
661 185 316 78 794 37 232 988 466 614 888 
652 348 257 50 966 872 272 701 368 112 197 
635 233 71 92 717 361 851 358 151 920 639 
1086 641 423 354 953 693 317 759 506 693 856 
912 880 104 31 207 145 218 399 848 915 982 
806 267 378 123 274 838 663 499 752 784 446 
782 210 234 314 467 568 233 384 858 535 969 
898 507 927 377 978 761 477 996 373 862 994 
928 9 115 811 811 398 737 868 608 370 321 
966 832 977 70 251 979 94 24 438 717 626 
1052 746 662 556 552 882 712 974 775 953 542 
819 502 813 53 733 490 976 491 603 672 861 
967 757 295 752 660 429 705 298 916 309 760 
640 595 84 751 141 471 440 558 13 177 607 
578 605 71 392 667 510 211 980 913 303 314 
764 665 864 517 434 351 313 866 71 209 660 
859 894 390 160 124 758 896 579 750 563 61 
744 701 446 667 691 620 599 566 692 695 77 
725 238 646 689 793 875 946 191 518 652 91 
1012 317 497 520 954 221 663 674 555 225 784 
725 377 716 785 353 391 709 444 379 41 730 
704 700 279 820 701 185 96 90 450 362 976 
676 970 724 55 894 864 167 307 498 66 283 
864 565 350 961 733 198 150 503 280 169 679 
438 702 490 658 214 111 13 76 848 646 344 
601 24 768 570 721 442 521 228 601 835 306 
649 429 224 903 135 287 806 696 384 687 542 
1007 773 616 225 837 897 229 621 216 983 568 
785 201 455 606 28 384 65 68 634 293 211 
800 678 261 740 257 148 708 765 875 485 826 
549 406 49 675 547 624 760 827 337 662 507 
803 261 110 832 487 357 885 178 68 892 72 
1092 558 213 891 990 408 480 666 990 785 958 
566 31 553 8 872 817 545 700 829 362 367 
649 417 298 71 60 829 919 477 749 164 484 
644 762 565 129 541 701 582 431 599 619 855 
917 790 451 903 311 367 974 261 373 786 455 
655 304 187 424 948 152 797 420 862 321 451 
806 79 985 592 130 961 662 686 258 881 702 
770 81 934 656 548 658 433 781 40 394 431 
975 828 488 663 339 375 746 785 925 730 651 
870 328 514 136 73 658 965 940 965 326 871 
926 96 854 437 18 919 640 15 903 171 408 
621 586 478 565 406 20 237 482 952 246 426 
915 550 698 128 856 229 872 648 191 102 656 
872 508 161 993 756 372 720 589 509 615 219 
832 572 467 875 585 316 69 299 503 393 67 
843 566 428 973 527 766 995 185 127 752 80 
793 627 330 689 419 217 555 652 805 204 509 
555 769 218 448 531 960 183 111 546 919 698 
697 412 544 890 43 291 476 243 422 53 254 
846 217 852 876 112 220 152 731 422 401 98 
748 761 960 86 98 582 520 199 543 361 938 
901 510 940 979 741 178 110 224 801 813 694 
1011 724 235 120 585 917 483 971 925 863 222 
606 901 46 541 350 525 454 111 212 663 690 
541 76 94 566 405 250 419 391 362 504 22 
569 176 500 9 364 427 255 792 825 370 361 
792 53 114 537 510 677 711 473 517 232 647 
895 612 614 269 655 256 457 10 713 948 135 
726 526 478 375 987 293 450 642 224 745 476 
1065 794 525 511 460 855 683 96 939 445 967 
655 859 320 860 440 532 37 759 261 517 414 
468 732 185 131 346 296 378 463 428 675 802 
656 682 162 574 589 721 436 957 229 312 421 
1045 554 855 449 227 359 655 804 370 902 300 
675 579 257 324 871 217 636 308 444 832 634 
937 640 620 865 67 112 869 909 254 106 946 
716 518 263 937 229 918 327 692 366 608 228 
558 436 817 487 15 70 576 101 50 501 953 
648 835 894 403 199 638 544 127 142 541 870 
1075 954 261 775 153 949 995 611 123 94 927 
633 331 312 696 318 706 867 600 546 179 316 
944 925 127 235 288 852 399 527 875 600 750 
844 695 687 486 213 491 288 542 967 762 487 
455 810 462 747 752 54 551 108 268 154 377 
954 198 683 607 64 739 971 732 38 19 698 
1030 960 105 803 738 628 339 698 26 550 854 
709 911 100 280 363 979 938 922 8 148 134 
721 21 141 986 541 468 537 762 269 717 38 
782 788 750 685 281 437 933 838 465 917 233 
945 209 401 235 424 886 385 460 564 14 910 
1079 345 730 832 339 433 483 875 571 688 644 
897 774 308 669 317 185 548 837 910 806 757 
800 1000 33 481 237 314 829 86 204 611 937 
1007 170 674 640 889 979 75 257 570 231 875 
838 607 869 898 566 936 129 74 88 384 832 
678 5 33 732 964 754 23 448 700 312 245 
379 724 216 497 33 612 262 720 104 118 135 
869 233 345 572 12 476 20 815 810 766 853 
822 633 434 687 530 237 68 155 205 234 699 
672 26 590 675 791 740 918 15 454 261 85 
794 32 79 267 426 83 740 809 204 94 588 
941 814 797 957 243 18 407 837 379 177 792 
673 849 473 323 789 573 480 375 736 480 358 
624 176 654 695 657 575 182 379 335 932 938 
446 253 355 567 161 767 802 147 245 49 533 
954 733 373 229 697 266 675 260 423 262 972 
778 192 116 138 500 854 524 211 533 842 608 
568 50 275 544 885 837 67 521 230 83 794 
655 1 354 227 955 892 742 697 756 53 757 
333 63 614 663 34 465 263 340 166 11 106 
1050 860 539 746 921 975 480 218 606 387 905 
650 175 298 980 224 874 738 134 447 970 587 
785 616 170 349 305 89 470 177 638 821 44 
691 24 329 397 919 489 652 16 766 876 230 
560 678 907 22 272 398 328 59 317 229 189 
647 597 436 519 932 961 901 210 87 821 978 
458 719 210 805 325 247 185 956 6 197 333 
640 145 542 612 982 479 879 573 253 613 330 
657 725 643 1000 785 101 322 562 562 309 961 
1055 862 515 947 851 826 674 359 770 48 141 
802 912 900 698 375 130 405 383 811 862 546 
761 652 923 581 332 365 916 637 90 629 712 
1001 485 332 820 107 915 369 543 949 455 975 
1017 332 865 561 578 285 666 616 980 936 664 
828 604 844 681 506 409 580 488 881 736 513 
976 705 122 818 578 5 169 574 862 999 269 
1018 20 275 749 429 932 88 800 579 520 850 
463 70 216 573 402 189 866 34 809 805 568 
1065 660 881 853 442 965 502 271 105 514 851 
652 99 918 604 904 868 791 689 222 559 855 
965 666 808 840 19 208 45 495 873 485 217 
881 392 376 123 837 588 531 852 862 65 840 
807 462 1 434 746 387 213 433 567 971 473 
845 706 540 327 988 34 762 339 989 90 260 
741 878 331 666 106 133 899 140 777 391 939 
482 259 460 20 268 475 386 174 452 135 751 
550 112 98 767 999 410 394 446 903 230 893 
619 14 58 754 536 475 419 101 547 442 872 
717 912 964 530 444 180 326 41 687 531 310 
569 442 843 511 355 302 151 187 456 916 614 
961 93 804 406 895 611 179 197 351 407 921 
697 600 512 704 775 528 177 268 569 91 492 
641 107 263 734 2 611 908 584 666 322 615 
712 384 536 800 977 265 406 205 851 391 450 
623 82 224 821 895 827 337 533 170 369 442 
513 265 680 977 349 738 420 424 136 353 254 
748 671 410 703 638 87 888 333 147 421 681 
999 810 928 392 273 853 287 916 186 647 46 
427 656 502 179 862 802 195 34 66 458 42 
873 806 382 253 522 948 446 765 620 453 286 
835 919 606 307 787 616 334 738 63 119 302 
803 48 695 458 546 264 614 15 221 513 934 
715 839 673 970 397 313 764 457 651 269 640 
936 898 456 285 573 301 159 451 363 811 546 
513 391 166 118 842 2 685 38 845 360 879 
895 979 538 809 302 360 338 518 224 798 43 
1056 543 340 238 219 917 981 789 440 438 944 
882 459 53 1 448 455 623 886 989 982 222 
573 859 564 72 758 639 952 213 142 421 851 
726 646 737 778 269 189 694 597 155 654 513 
989 974 457 561 474 78 442 941 430 323 754 
594 311 653 929 567 588 522 53 851 686 181 
582 63 244 749 802 246 731 278 711 193 177 
838 828 125 189 87 786 609 97 225 247 842 
829 552 949 100 923 830 717 379 721 927 395 
616 222 652 37 448 89 914 122 72 839 461 
589 483 327 831 592 393 405 470 856 889 293 
580 468 715 42 116 330 13 608 995 884 289 
786 402 877 757 434 818 142 517 26 622 286 
914 15 301 987 897 90 144 142 592 537 694 
711 507 111 548 736 746 706 688 578 578 636 
854 774 579 166 700 834 882 651 723 718 638 
751 108 655 179 33 314 861 345 606 952 705 
779 16 344 67 52 235 1000 250 58 302 753 
640 719 555 663 602 147 806 729 794 515 809 
934 45 700 203 181 546 912 426 728 11 957 
919 274 816 931 942 992 829 442 534 605 303 
980 382 180 572 860 631 375 782 535 167 744 
854 103 618 910 820 120 17 933 184 370 515 
545 291 715 240 271 818 726 482 204 8 412 
949 705 513 952 476 835 944 54 992 852 264 
924 168 435 493 900 379 806 994 768 37 25 
955 357 271 817 834 188 388 691 791 80 980 
669 829 528 325 105 102 734 977 230 8 360 
377 18 80 660 306 304 610 219 128 212 586 
980 916 184 163 828 999 780 494 681 9 130 
877 40 273 22 649 838 976 345 617 756 978 
415 11 431 261 530 66 717 350 704 610 439 
985 240 495 544 566 573 39 981 622 807 78 
574 22 289 846 651 82 332 145 775 363 204 
913 819 759 988 521 594 385 792 442 736 715 
787 646 607 105 495 12 387 841 905 499 107 
773 593 727 397 999 630 35 545 638 481 771 
896 109 652 690 963 251 603 867 314 715 88 
595 850 206 198 846 583 436 549 289 909 243 
398 662 4 41 240 524 175 686 72 441 851 
970 494 659 329 884 723 830 350 186 740 44 
781 131 851 437 423 151 928 107 139 168 842 
854 159 891 875 133 732 719 357 597 111 701 
852 115 468 441 616 677 24 417 733 603 697 
744 571 989 809 288 999 156 712 472 833 72 
807 56 544 669 221 845 618 752 837 115 111 
507 88 255 967 479 289 321 765 254 312 635 
764 216 364 573 312 576 499 16 63 577 651 
519 277 745 89 539 233 509 436 322 886 516 
