250 10 0
31001 31702 31678 29144 31117 32793 30205 31881 29518 31653 
564 443 514 617 632 858 342 212 952 52 695 
831 218 855 976 175 455 484 92 76 548 598 
895 665 201 28 232 367 369 614 938 461 973 
545 265 126 362 247 236 913 420 155 124 478 
679 794 418 162 923 242 444 797 762 268 460 
953 601 551 932 84 548 79 757 712 545 876 
638 165 360 817 760 378 2 474 699 333 641 
587 212 917 288 3 684 676 288 224 40 153 
575 479 445 11 601 481 740 544 58 37 888 
861 222 806 511 360 265 750 511 86 656 656 
633 519 845 262 145 149 533 283 762 86 251 
1021 543 429 771 750 658 297 906 590 587 818 
882 198 484 976 28 242 688 677 186 78 286 
916 582 457 372 61 682 109 942 423 975 441 
597 736 966 429 242 177 870 509 978 34 300 
1027 995 893 462 820 850 783 509 369 668 441 
778 705 392 67 989 316 27 892 287 691 445 
850 617 599 436 346 581 908 1 650 355 227 
910 576 248 934 197 51 969 234 788 382 253 
660 143 316 210 335 695 300 506 75 178 867 
593 713 913 608 288 332 430 303 114 345 214 
771 241 610 624 219 37 888 857 31 543 686 
439 200 990 108 901 969 42 229 454 358 24 
950 877 856 284 143 798 711 122 949 597 341 
630 562 634 798 421 158 789 843 384 239 199 
847 122 447 598 223 861 12 379 394 829 73 
825 585 679 46 615 928 650 263 452 923 780 
884 79 357 388 471 132 986 226 775 606 553 
674 481 457 94 805 483 409 765 891 125 937 
796 583 809 284 884 607 181 893 284 430 37 
868 489 32 543 752 847 763 148 537 578 934 
792 583 246 482 179 16 472 997 206 295 491 
917 335 231 145 808 586 484 637 580 453 376 
718 567 401 373 386 954 720 187 920 57 753 
809 361 927 629 923 153 485 909 852 685 575 
953 792 885 153 419 456 346 249 184 218 962 
712 298 924 891 744 550 886 452 799 188 952 
477 41 116 438 770 349 413 455 707 68 264 
891 599 979 177 479 333 960 395 195 285 746 
743 432 131 80 577 892 593 273 160 723 991 
887 592 56 473 157 379 826 44 676 743 514 
910 828 930 496 196 783 520 650 56 870 444 
709 332 500 443 273 606 561 672 592 878 466 
561 690 718 61 986 597 395 165 330 428 719 
780 779 937 947 96 121 527 875 567 461 513 
513 413 330 931 635 257 427 444 78 193 457 
710 21 62 635 791 946 136 190 830 80 574 
992 573 149 336 702 460 198 828 805 356 705 
558 387 888 610 182 852 567 223 879 857 56 
1010 999 288 631 706 178 20 837 562 384 681 
803 162 469 895 912 122 207 60 2 366 108 
682 735 324 697 255 586 934 509 259 655 806 
511 734 210 232 770 553 130 328 687 516 792 
728 549 977 930 763 25 231 418 204 564 203 
850 457 511 352 764 814 762 996 905 409 150 
1140 791 976 817 836 571 766 24 731 123 907 
325 808 23 242 377 8 160 177 838 244 2 
477 135 732 688 51 160 757 894 427 95 291 
660 336 468 227 774 597 126 382 629 451 470 
999 877 210 425 690 497 519 799 961 168 984 
532 987 341 847 92 401 9 908 102 47 168 
988 21 200 389 799 853 712 574 431 828 904 
967 212 886 648 540 55 908 882 631 995 507 
544 921 236 613 559 681 628 132 426 469 702 
804 220 105 365 208 57 788 952 606 941 156 
1061 990 101 596 436 951 827 938 915 884 472 
765 196 512 396 299 548 891 136 731 483 553 
730 294 501 749 526 520 970 649 353 995 186 
884 483 434 360 245 961 66 516 193 776 205 
879 303 716 806 666 458 108 484 766 282 156 
680 260 536 471 635 825 751 248 166 707 170 
979 861 308 217 994 532 768 41 336 634 708 
618 89 382 489 296 771 856 905 867 597 349 
912 276 750 729 190 907 502 706 902 161 770 
642 427 717 845 134 182 715 312 505 227 982 
499 937 365 266 595 178 674 618 248 181 518 
792 383 170 568 337 644 982 761 879 672 355 
1154 408 821 877 746 923 1000 660 891 235 478 
522 211 975 133 55 176 703 920 346 874 180 
714 791 815 857 993 347 820 799 351 527 749 
557 99 346 826 116 112 131 937 466 241 425 
714 45 556 488 861 892 671 725 501 440 432 
876 580 544 955 220 375 66 351 759 586 142 
510 505 873 209 987 206 673 128 917 434 153 
601 353 300 568 120 648 708 463 412 888 62 
1078 35 920 909 905 813 973 785 933 192 276 
699 952 910 702 179 382 198 764 530 432 397 
903 294 936 875 726 787 754 664 668 275 349 
987 250 724 141 753 932 488 803 300 649 41 
645 912 435 766 313 157 422 763 203 57 956 
590 60 102 552 542 478 637 796 955 468 666 
614 99 834 437 383 181 245 122 858 191 749 
480 159 687 326 397 216 549 63 448 400 114 
1058 459 109 46 951 833 334 931 981 23 997 
898 883 503 313 310 466 71 814 760 269 799 
811 928 79 402 607 653 907 378 480 979 602 
817 860 1 751 177 32 881 463 343 619 528 
942 857 993 413 630 989 204 809 547 791 92 
752 386 500 82 17 105 73 288 845 625 449 
550 243 317 23 361 302 863 253 712 606 311 
871 5 453 161 553 723 768 79 792 610 394 
537 347 904 578 460 916 285 292 131 114 279 
972 907 599 602 204 773 477 231 260 487 591 
538 308 160 547 60 484 783 264 25 536 640 
891 90 216 877 810 889 728 423 503 447 430 
765 950 8 362 326 935 217 569 367 154 595 
841 58 726 315 894 45 516 793 323 790 487 
684 805 907 516 697 131 980 961 602 199 184 
860 698 284 215 1000 364 782 247 666 933 667 
625 760 778 963 49 63 589 517 648 181 145 
468 474 863 58 426 773 76 404 400 329 541 
617 792 777 113 652 305 290 216 8 662 7 
718 360 61 755 374 840 998 130 215 243 247 
1166 891 966 351 516 956 701 89 736 820 871 
455 397 738 257 842 865 137 106 13 857 155 
603 134 570 171 554 786 711 930 247 108 565 
382 328 158 352 48 586 108 252 803 677 208 
700 539 391 329 310 937 479 944 819 698 960 
927 837 51 796 995 68 669 778 931 168 974 
1183 675 983 898 967 960 643 692 762 132 770 
594 688 881 263 498 921 102 194 650 678 475 
673 991 46 480 473 221 280 754 564 493 467 
545 445 684 646 997 91 727 488 87 831 390 
843 627 340 721 124 887 275 138 723 850 929 
618 174 224 738 935 120 534 286 827 360 94 
669 586 399 7 587 507 600 277 390 287 668 
1075 983 725 489 712 375 821 615 671 551 916 
736 842 351 914 779 274 485 586 249 9 775 
1102 606 950 909 74 935 89 520 815 951 390 
968 606 230 744 304 684 133 416 801 609 293 
730 620 875 991 93 614 33 908 596 511 785 
780 222 365 183 250 856 795 724 148 84 184 
884 32 732 710 661 988 328 980 77 240 479 
678 125 567 444 26 985 559 864 456 716 554 
969 389 865 411 137 882 68 715 869 994 514 
700 77 935 797 41 427 296 566 418 755 660 
645 611 821 427 578 20 505 869 630 269 271 
459 232 168 772 83 770 224 583 620 543 527 
503 652 200 646 11 532 229 261 535 854 37 
668 694 335 737 20 902 155 617 415 178 443 
943 924 169 623 964 274 438 69 105 678 698 
744 955 848 12 848 750 610 247 475 799 290 
790 65 783 947 503 888 655 280 70 605 675 
556 521 69 839 95 620 318 445 926 576 750 
324 124 266 644 396 67 776 105 311 390 155 
790 279 28 252 406 368 598 42 734 658 40 
722 117 756 266 322 48 758 413 74 931 619 
662 413 639 503 125 904 158 909 59 148 849 
565 396 616 216 133 8 59 438 307 3 967 
556 589 605 726 754 622 848 182 341 578 112 
557 353 926 677 269 118 16 528 754 916 218 
604 22 596 134 166 864 9 865 932 967 882 
530 50 805 424 118 97 801 959 481 523 97 
690 675 163 631 562 561 19 555 75 18 105 
657 885 528 76 813 818 844 530 737 26 108 
619 147 600 533 259 737 873 520 650 898 826 
949 417 463 117 787 745 715 529 460 615 445 
742 848 199 630 68 827 862 997 761 882 301 
497 7 822 296 600 863 84 126 547 777 784 
921 8 701 788 683 313 842 714 692 166 646 
605 937 153 960 347 709 372 148 669 992 573 
637 751 611 270 58 188 771 136 156 242 938 
616 217 828 210 367 734 441 861 510 476 823 
818 1000 365 165 131 350 524 455 854 805 644 
525 636 112 782 32 420 172 722 695 428 973 
915 974 19 323 578 851 44 23 278 392 701 
773 801 852 905 132 103 346 233 361 148 339 
1045 504 185 808 888 234 801 914 699 580 14 
789 724 558 676 496 582 956 29 459 95 480 
559 651 736 949 975 389 500 314 397 98 517 
627 567 91 253 371 147 556 180 917 643 504 
655 419 329 586 60 283 654 506 855 461 409 
986 396 961 426 813 412 478 91 307 849 638 
711 99 408 616 793 510 814 386 685 82 544 
956 256 152 735 632 994 664 591 181 644 956 
1025 346 954 116 658 148 458 806 947 510 786 
711 397 897 23 335 723 546 144 793 804 644 
561 490 831 448 997 202 961 382 525 396 88 
536 645 812 693 564 549 472 145 383 961 53 
530 16 529 924 98 318 888 86 696 139 573 
886 805 987 616 652 600 608 519 541 34 858 
664 634 811 709 428 243 206 324 556 481 548 
572 987 351 319 335 260 976 134 856 449 55 
834 150 937 782 619 540 268 130 322 84 397 
779 319 208 880 669 170 18 984 241 128 402 
592 876 35 706 573 152 671 310 107 553 30 
792 169 921 498 484 749 716 475 817 480 258 
793 299 102 929 971 424 759 203 809 39 434 
802 14 237 853 737 931 165 568 581 596 286 
519 79 901 580 98 130 967 314 80 226 7 
762 236 819 23 39 257 149 354 84 204 461 
566 425 79 850 151 873 66 139 297 627 710 
1100 927 441 536 693 964 395 652 33 928 542 
879 875 818 53 523 262 161 728 893 435 773 
871 434 65 843 807 55 482 490 637 24 500 
789 920 725 936 707 298 732 102 92 97 150 
807 936 680 51 994 427 665 171 230 676 404 
596 989 370 511 213 152 113 129 12 671 935 
800 791 441 261 92 476 424 260 312 651 291 
821 652 303 604 777 577 868 157 436 331 720 
359 92 722 137 245 117 945 126 139 853 136 
917 504 166 415 7 606 669 483 929 658 934 
630 259 24 33 151 257 946 493 141 782 432 
756 677 257 214 922 179 462 350 91 809 417 
870 268 651 774 532 491 983 537 17 599 770 
976 287 98 511 178 793 914 311 933 405 804 
686 336 208 295 132 346 687 311 534 480 353 
1124 738 72 976 901 938 797 965 902 272 532 
953 549 216 555 430 791 252 270 949 196 451 
734 413 110 881 15 369 270 903 334 9 818 
382 53 563 570 64 928 103 654 205 34 419 
636 725 142 115 19 365 388 288 110 313 921 
840 244 902 600 287 955 284 422 289 609 722 
709 577 217 724 101 703 714 800 8 45 883 
822 780 38 330 666 542 875 347 534 401 6 
408 140 398 155 614 523 141 773 228 355 171 
658 609 739 862 222 214 352 134 625 333 751 
828 346 21 953 993 114 915 852 986 88 281 
918 259 359 353 939 372 279 730 224 783 257 
953 837 326 460 516 831 877 157 671 784 896 
1017 838 625 700 735 29 507 539 981 177 289 
834 334 161 362 333 974 28 988 208 726 931 
573 501 173 357 69 741 896 707 186 568 825 
853 662 47 498 704 19 550 349 472 296 999 
810 470 350 710 359 131 685 6 588 766 233 
639 99 640 383 524 200 221 712 20 698 115 
871 390 497 83 205 337 548 996 223 60 569 
753 976 846 425 291 162 787 584 735 863 683 
696 494 845 476 44 88 33 245 131 465 619 
1007 649 996 840 210 450 945 150 723 999 505 
722 24 872 53 433 58 847 665 41 530 952 
739 850 288 16 268 391 600 23 958 591 865 
798 45 314 992 56 459 806 128 144 295 951 
743 926 259 73 222 7 467 35 945 367 258 
938 424 901 201 423 470 591 769 935 63 109 
854 740 711 574 781 910 713 827 897 558 491 
681 363 711 485 505 199 352 222 682 521 923 
811 535 53 969 716 269 886 701 292 904 158 
816 680 784 666 763 217 132 48 671 393 195 
891 594 367 490 537 70 264 232 544 397 938 
927 306 497 719 705 919 540 715 852 869 639 
948 935 251 417 452 622 655 548 185 617 140 
712 579 177 946 446 376 146 915 162 407 884 
566 276 72 556 734 796 675 529 557 782 606 
1010 911 778 343 118 945 702 362 965 850 878 
624 314 831 293 725 293 259 348 513 64 230 
573 323 987 254 318 797 866 159 362 420 951 
792 568 745 909 55 382 651 963 707 307 61 
845 927 445 348 633 659 339 713 649 338 743 
843 838 130 236 648 800 544 4 841 689 548 
