100 10 0
26525 25120 24280 25265 26205 25477 23982 25695 23511 26096 
845 473 386 386 674 654 508 252 75 903 625 
791 329 459 260 915 567 215 898 253 24 414 
1028 827 939 432 64 899 648 130 496 950 527 
822 739 350 20 380 772 95 414 311 431 776 
592 848 219 793 170 372 747 587 320 768 158 
552 742 700 172 436 809 78 352 500 876 141 
757 101 520 68 156 473 952 426 469 917 489 
778 994 466 479 630 103 898 906 762 411 322 
771 385 184 34 273 123 191 127 946 405 814 
714 650 291 494 398 949 573 177 458 825 881 
843 381 806 160 687 775 94 202 699 536 777 
909 968 242 823 517 658 752 936 511 922 833 
1080 982 155 236 547 142 862 613 537 852 952 
694 632 437 775 159 644 463 471 925 639 492 
718 521 847 410 622 614 302 19 435 269 887 
581 268 910 392 623 98 896 92 426 728 700 
589 904 821 412 929 515 66 490 586 84 147 
1116 441 828 603 996 550 933 968 987 220 223 
692 487 715 549 441 647 132 234 103 359 586 
957 740 225 848 399 410 915 659 471 58 988 
500 964 566 416 302 904 119 696 194 232 134 
981 917 499 999 950 723 570 429 89 448 164 
998 480 341 751 687 711 550 793 842 743 106 
766 791 982 855 143 412 573 69 813 213 282 
787 544 539 592 568 969 933 275 850 989 923 
748 845 883 423 424 594 173 875 212 928 608 
809 276 761 61 770 726 962 424 201 368 258 
940 32 411 46 294 711 578 143 915 466 843 
756 537 210 570 39 354 78 482 437 813 734 
942 818 48 790 690 827 906 788 248 636 878 
826 869 441 975 370 115 455 648 262 387 961 
841 451 504 481 441 495 280 207 878 923 34 
760 201 726 18 391 276 375 174 930 553 161 
866 923 667 824 935 294 152 259 201 25 221 
830 300 636 354 866 553 581 189 545 208 245 
721 420 870 28 523 815 480 551 78 10 632 
875 155 818 475 461 922 119 60 778 16 837 
675 912 982 905 935 448 40 457 237 749 596 
588 412 46 249 596 447 811 97 629 175 710 
956 564 791 878 468 335 340 869 564 717 134 
691 503 648 985 747 881 593 154 489 323 560 
655 698 617 508 452 760 418 442 734 895 483 
659 79 406 426 38 594 829 280 83 481 235 
786 179 753 552 811 997 831 161 932 739 279 
955 19 815 386 988 458 41 548 677 508 289 
683 583 15 107 372 806 423 710 361 450 146 
861 899 450 794 425 867 713 432 952 402 520 
827 780 202 996 99 941 88 555 977 622 446 
1122 680 606 959 654 326 696 660 607 825 357 
840 702 295 378 739 142 615 897 279 942 870 
825 573 35 296 757 745 494 108 319 435 994 
772 451 651 582 687 529 308 551 789 678 979 
671 320 467 254 282 46 719 514 412 285 167 
836 63 531 274 950 783 120 930 470 180 758 
672 194 160 154 455 725 963 516 551 520 56 
859 511 204 299 261 191 294 819 253 106 660 
932 640 170 637 709 527 189 937 114 345 89 
927 672 331 446 487 735 299 348 511 973 161 
582 463 595 419 925 799 168 127 619 398 402 
852 624 683 651 643 93 728 458 806 581 597 
870 618 343 711 676 968 209 302 619 445 685 
840 534 480 399 996 450 974 894 54 961 742 
879 798 477 79 855 563 912 228 180 722 990 
808 255 660 81 269 813 942 992 699 481 968 
763 39 74 446 186 260 71 582 116 448 498 
714 522 359 176 846 766 225 602 636 632 840 
722 733 514 939 870 459 929 739 247 138 102 
872 144 432 893 505 176 783 460 769 599 835 
780 662 108 556 809 21 978 631 666 848 703 
797 143 563 121 690 335 609 256 820 851 200 
858 205 820 135 281 188 673 894 765 741 395 
771 64 237 821 993 276 835 516 376 138 620 
828 319 93 33 289 775 821 138 665 715 937 
608 765 73 36 458 12 62 304 15 520 385 
859 64 824 921 580 80 464 558 782 714 743 
571 94 912 352 310 221 987 644 866 78 124 
720 351 260 851 92 591 122 427 923 466 356 
668 672 338 224 601 694 405 786 271 176 137 
601 744 419 329 783 406 238 936 37 401 598 
905 443 269 702 308 957 874 100 145 68 406 
930 577 219 810 453 327 846 449 867 840 243 
602 917 739 417 496 692 325 893 926 128 308 
706 847 539 942 279 323 331 516 57 98 506 
981 657 707 680 410 363 287 708 978 498 679 
872 280 960 687 388 244 867 3 95 150 456 
810 433 588 444 51 424 842 585 189 258 752 
1067 730 141 523 527 671 336 489 913 441 921 
771 861 976 307 998 460 944 393 660 52 955 
758 31 180 159 11 905 347 601 823 100 954 
945 490 146 923 275 662 971 6 371 144 657 
804 765 994 593 308 175 656 2 293 311 455 
698 732 583 796 555 157 358 828 31 77 660 
862 357 417 843 53 907 293 694 761 415 233 
666 218 764 5 145 602 52 369 83 134 962 
728 661 529 11 211 398 517 246 941 271 267 
862 687 364 250 9 899 763 23 452 228 89 
901 626 510 181 299 28 498 854 543 261 595 
639 46 680 635 399 47 298 849 413 125 392 
734 607 122 651 667 179 205 547 306 757 35 
826 902 971 758 248 585 180 335 928 127 567 
