250 10 0
94850 87894 92015 98397 93831 93088 94616 94267 95098 92581 
725 787 104 683 980 907 784 500 150 967 998 
516 399 63 201 417 42 23 742 603 507 744 
871 225 208 714 922 247 176 493 192 77 729 
567 645 839 282 763 144 234 46 346 697 832 
837 26 18 815 419 753 433 84 720 748 897 
603 909 593 210 705 149 653 755 638 795 458 
569 303 889 682 100 231 102 162 849 135 324 
912 550 410 255 119 780 879 904 108 229 78 
812 542 918 420 614 182 393 940 508 546 184 
730 217 60 902 425 807 420 157 192 312 270 
538 792 198 893 48 961 136 74 335 779 690 
947 860 810 73 577 347 665 388 489 861 251 
566 667 524 676 279 434 501 502 728 202 28 
922 895 530 392 20 162 683 64 709 966 891 
761 335 197 96 836 295 615 711 820 175 320 
570 504 35 166 50 717 727 875 669 351 954 
875 387 610 69 907 93 867 882 319 630 313 
638 427 353 275 525 869 481 922 631 82 23 
918 887 205 684 282 801 51 464 778 155 230 
757 781 113 130 635 108 616 414 348 422 605 
776 572 941 888 430 128 891 891 642 719 166 
326 109 137 737 485 266 140 275 30 56 809 
748 720 327 720 544 502 855 41 433 304 408 
465 127 545 466 288 4 372 163 439 437 359 
839 276 945 747 224 148 151 393 487 833 809 
738 8 60 648 638 658 344 2 493 557 867 
854 169 809 631 751 56 969 540 148 320 311 
828 521 632 845 75 72 373 752 507 942 376 
993 850 924 791 257 527 812 468 619 923 700 
780 847 928 210 487 673 264 839 144 272 96 
514 820 25 471 429 280 642 233 594 9 341 
664 467 749 943 554 575 517 712 840 208 442 
801 292 639 722 310 690 646 493 680 824 418 
874 383 23 280 918 874 678 661 71 943 129 
641 924 246 188 915 127 690 742 606 273 258 
625 606 256 549 712 704 950 360 327 714 173 
650 135 538 458 368 923 525 437 719 560 168 
460 538 289 758 951 352 227 964 36 187 79 
869 887 374 656 751 344 609 336 605 449 289 
811 119 727 632 644 874 116 593 113 387 103 
727 762 937 429 720 371 1 937 197 939 907 
869 817 246 189 742 337 869 639 44 354 160 
729 411 950 500 711 310 365 325 435 977 961 
553 540 132 426 323 370 99 883 287 68 793 
1063 810 251 667 661 31 942 180 797 978 517 
611 126 901 579 870 708 235 626 103 552 986 
490 658 533 19 73 657 63 14 405 79 836 
341 18 616 18 166 563 607 806 28 372 210 
885 276 268 337 914 688 431 196 889 309 215 
1068 964 467 867 167 964 489 777 295 773 97 
613 557 543 483 845 791 236 472 539 703 746 
871 754 302 318 460 24 527 824 388 498 732 
751 812 920 20 72 849 133 895 840 532 62 
943 152 916 452 442 707 300 809 267 405 864 
445 10 435 850 431 148 292 637 550 585 195 
958 591 535 837 261 801 969 61 211 287 944 
610 368 326 1 950 579 948 501 838 359 421 
677 77 171 290 892 424 845 623 624 226 528 
503 341 36 273 590 769 125 589 771 382 687 
769 745 65 754 844 574 100 473 462 308 290 
693 203 374 415 827 906 106 197 599 332 318 
902 248 354 423 939 372 614 858 140 922 612 
803 448 24 148 855 94 5 806 498 480 774 
498 679 183 632 378 142 992 159 283 693 661 
476 42 298 345 855 917 15 341 161 595 776 
1168 959 432 983 820 847 166 866 602 624 680 
383 226 306 725 350 336 433 228 306 452 214 
783 206 495 952 450 294 718 127 919 15 428 
591 713 45 508 925 240 50 26 267 363 534 
1028 330 846 709 657 318 124 685 717 795 317 
918 409 151 307 337 105 904 944 632 521 271 
537 100 637 283 424 402 215 506 59 975 45 
852 339 295 453 737 682 49 379 881 755 638 
462 455 271 225 371 369 420 589 629 672 439 
715 799 963 199 261 562 598 490 548 469 536 
863 834 306 729 944 533 166 357 789 574 910 
960 651 204 305 736 222 158 454 461 904 805 
596 527 915 591 818 677 556 235 650 200 648 
612 629 377 16 781 776 777 638 186 739 984 
1102 917 996 909 960 433 236 375 735 638 173 
505 126 848 657 44 417 731 63 317 242 82 
996 906 306 766 847 174 782 441 363 361 484 
709 794 940 491 870 489 134 688 241 7 596 
824 876 413 614 645 326 30 267 194 350 809 
747 28 250 43 293 728 516 77 472 989 473 
1064 859 153 494 406 755 660 803 677 982 444 
566 418 225 588 931 486 882 800 541 669 12 
376 439 451 278 230 722 153 459 433 197 386 
544 707 915 209 175 287 238 210 830 399 716 
793 211 918 302 717 783 861 772 357 382 894 
673 383 472 739 473 30 431 627 716 221 459 
836 435 906 728 699 284 361 570 358 615 80 
1003 42 901 440 693 689 427 558 209 934 217 
731 599 451 616 806 522 409 703 316 429 611 
1029 64 327 903 594 158 692 655 891 487 602 
492 968 731 676 19 281 60 176 421 579 318 
732 262 955 568 232 339 899 795 15 368 558 
898 473 172 533 932 668 830 68 453 957 710 
961 612 885 996 675 530 603 540 118 862 148 
647 366 419 11 688 642 394 428 578 409 949 
834 470 453 686 200 535 113 758 108 79 101 
469 294 376 823 206 85 56 766 791 498 221 
495 988 558 12 524 402 545 35 490 46 167 
880 699 292 897 564 515 921 563 930 595 352 
682 190 512 260 143 834 771 578 962 699 663 
388 716 401 451 174 189 842 366 67 64 489 
621 820 292 638 994 173 400 944 387 269 912 
330 159 148 132 775 29 18 331 420 530 59 
827 503 775 659 456 940 151 227 112 653 930 
1013 706 820 691 129 982 535 746 773 933 518 
761 728 456 648 71 478 589 87 748 363 971 
483 353 103 448 447 230 173 926 494 78 451 
883 361 324 894 291 618 261 861 788 716 810 
584 885 96 597 757 643 431 340 394 310 145 
664 262 51 446 4 193 256 616 826 33 956 
813 561 789 841 191 390 613 511 432 746 668 
929 941 757 262 693 221 905 76 616 786 649 
749 638 878 830 28 231 930 394 414 298 285 
448 127 695 720 179 84 230 602 590 83 185 
1099 949 267 589 931 537 179 933 873 533 956 
448 565 414 68 673 497 125 376 237 476 702 
581 205 293 140 514 78 735 976 962 729 4 
661 565 109 893 511 13 616 96 967 29 596 
777 120 603 608 184 427 556 98 138 594 66 
573 72 194 674 680 589 384 502 98 724 198 
690 220 234 37 463 900 993 671 824 602 501 
731 828 244 786 688 591 273 158 204 150 850 
963 405 994 181 511 894 409 683 591 946 694 
612 343 153 800 578 877 49 927 955 398 229 
832 147 346 259 597 455 702 940 718 463 522 
677 928 494 800 736 341 259 865 802 655 165 
604 303 925 84 19 700 794 646 175 622 584 
697 672 192 112 282 585 874 6 194 876 27 
850 470 527 508 513 958 735 937 756 977 981 
926 570 723 657 688 946 495 706 290 618 41 
1045 894 723 384 895 598 930 605 208 614 120 
648 638 780 705 315 787 605 92 430 570 711 
595 600 124 35 553 965 126 899 550 443 616 
449 82 706 361 71 806 661 425 599 675 64 
777 153 41 861 569 344 1000 92 180 9 960 
604 997 252 507 517 675 671 36 350 609 757 
810 694 936 184 986 799 667 897 656 112 538 
807 795 899 452 71 177 961 913 994 751 710 
524 319 441 396 372 395 395 491 505 226 763 
842 574 345 391 541 795 262 54 148 724 199 
493 484 516 320 695 163 196 159 252 963 961 
775 833 549 210 63 869 434 888 406 190 555 
619 219 343 359 281 208 492 556 107 679 172 
1012 591 551 612 847 265 292 932 633 868 964 
644 393 357 309 641 458 664 134 85 898 963 
1144 915 480 701 632 333 186 787 971 947 748 
878 866 608 259 291 317 112 820 490 969 39 
378 847 40 289 117 64 385 334 268 507 595 
675 729 744 219 449 70 570 492 321 618 426 
856 368 562 959 217 871 959 795 602 438 385 
865 478 635 232 957 681 44 882 932 194 832 
494 780 373 94 589 101 178 381 587 11 725 
656 158 329 656 438 778 479 938 40 513 298 
374 28 258 52 889 875 412 201 45 717 245 
712 904 452 866 612 495 303 593 624 250 181 
880 541 412 161 923 82 427 290 357 877 230 
892 317 978 680 999 441 502 185 567 310 339 
1051 839 966 763 88 376 934 978 821 263 616 
744 80 869 604 683 573 533 5 159 608 748 
474 831 359 305 771 253 621 12 989 241 138 
491 394 252 587 639 272 17 268 331 872 95 
794 761 549 339 827 347 415 187 928 884 891 
516 804 380 578 282 409 281 390 403 777 92 
839 936 803 892 221 598 736 804 639 640 255 
1057 451 78 712 979 979 184 612 878 65 811 
1015 704 828 271 356 335 285 796 768 653 824 
814 610 330 675 654 584 24 304 20 537 293 
713 13 283 257 823 466 135 816 287 10 510 
699 93 656 94 333 496 752 766 403 753 30 
803 261 1 170 230 651 64 572 613 63 743 
1020 877 233 736 743 510 294 559 767 156 942 
952 756 839 580 435 850 415 121 766 353 97 
907 632 934 551 999 941 990 853 874 313 267 
601 890 121 241 32 766 445 192 493 631 441 
886 177 714 136 980 997 610 314 414 59 986 
503 33 177 733 77 883 493 854 788 266 387 
454 59 230 194 574 482 949 686 754 54 126 
853 380 145 35 761 523 693 914 969 972 901 
592 847 442 231 343 974 968 143 581 784 202 
782 856 217 904 771 548 74 972 188 815 891 
812 336 176 524 300 327 393 143 617 514 880 
591 480 695 753 502 965 525 347 408 55 667 
854 951 746 818 88 112 217 352 441 752 993 
515 743 614 307 194 274 671 20 506 429 550 
926 262 896 247 19 228 121 791 796 962 554 
925 7 15 933 804 313 476 881 415 260 452 
704 681 1 979 810 667 421 504 385 716 354 
1141 353 763 857 892 979 968 291 421 862 511 
484 41 12 582 394 738 638 237 471 313 379 
937 913 380 635 376 221 22 783 503 557 941 
985 753 906 772 568 820 724 497 162 5 282 
501 314 107 953 940 187 234 952 629 214 80 
670 401 574 229 105 860 527 551 388 855 362 
846 691 36 898 424 268 835 991 85 851 120 
820 550 821 765 85 246 895 440 60 130 357 
995 206 724 245 885 794 788 911 531 278 509 
848 28 433 179 765 925 920 889 620 137 291 
588 712 298 330 111 375 727 976 879 220 737 
871 545 391 942 542 612 194 399 470 332 841 
901 984 340 484 21 834 552 208 939 579 541 
448 228 443 20 731 544 430 617 38 207 313 
830 920 762 523 779 266 695 32 844 51 785 
1021 933 511 676 832 161 838 608 241 779 236 
747 68 407 910 581 858 910 327 906 931 23 
925 369 943 9 307 994 251 868 802 232 855 
739 259 775 49 295 572 225 111 1 482 676 
586 451 272 212 464 428 248 698 655 720 966 
666 875 699 131 446 116 684 985 623 493 15 
843 69 207 327 540 688 714 131 405 70 495 
730 20 661 361 823 765 632 449 658 464 11 
985 779 688 137 543 724 339 78 634 794 358 
810 601 346 730 491 910 455 499 619 117 525 
818 226 180 231 913 136 913 715 106 65 774 
804 334 157 914 983 165 161 274 334 466 993 
552 130 946 349 762 311 501 478 788 597 126 
432 16 917 90 248 171 16 571 664 858 553 
873 875 933 770 879 513 945 399 613 780 662 
738 471 795 172 289 568 465 38 562 979 998 
621 790 112 384 395 67 92 938 234 406 598 
572 371 448 579 470 223 584 819 475 880 697 
705 645 153 547 110 337 511 558 743 633 474 
873 766 137 530 491 971 627 8 345 923 829 
778 602 958 931 137 688 975 258 927 375 362 
468 202 250 449 339 820 185 633 529 316 862 
447 20 125 482 120 50 728 620 559 325 654 
782 150 889 614 277 37 987 606 760 657 293 
633 858 950 691 927 780 340 426 146 259 418 
835 808 201 742 995 768 665 327 411 91 898 
736 972 203 628 525 843 390 681 951 444 422 
704 176 309 161 235 285 995 15 316 296 202 
966 662 327 567 856 908 949 881 472 296 45 
806 125 487 932 737 155 752 715 905 889 258 
883 462 65 747 498 608 645 59 578 787 83 
734 387 47 207 734 984 593 4 943 594 250 
827 926 493 577 406 771 410 736 919 312 4 
521 837 927 149 108 57 916 486 192 651 11 
822 383 53 607 637 522 37 149 350 703 670 
671 507 536 44 171 487 884 287 775 848 343 
754 282 951 396 789 861 877 227 15 253 536 
672 741 77 779 689 19 401 102 891 380 766 
549 119 305 498 242 116 957 125 14 977 860 
924 385 697 905 625 995 818 367 662 621 78 
840 462 307 297 146 856 768 793 936 656 835 
920 721 569 367 725 510 770 602 778 607 643 
590 710 267 84 674 362 67 254 581 494 973 
