250 5 0
92989 90399 96305 92416 90239 
542 825 25 471 619 61 
1208 628 773 912 528 897 
989 788 709 648 500 160 
1132 788 695 775 377 849 
857 970 322 402 799 611 
764 63 480 617 377 376 
688 92 525 667 242 384 
609 414 380 653 754 374 
751 1000 521 127 311 199 
958 98 923 815 979 640 
700 397 375 295 733 838 
816 767 210 909 737 728 
520 547 394 428 289 498 
663 281 42 73 416 488 
797 579 232 11 533 723 
699 626 176 926 172 147 
744 695 102 791 647 525 
468 313 198 610 719 405 
400 617 794 228 56 180 
681 414 271 906 145 431 
551 739 26 740 9 215 
1077 734 196 833 702 669 
748 941 464 843 276 900 
724 626 967 57 166 349 
890 399 393 421 578 696 
708 229 945 570 141 966 
739 133 560 429 812 803 
1000 263 331 129 975 921 
862 23 234 868 908 580 
860 328 261 746 784 13 
885 296 891 773 180 268 
626 882 96 136 616 189 
788 537 817 881 76 736 
614 365 42 965 99 504 
720 84 478 962 197 585 
1123 511 944 829 784 747 
647 984 630 436 582 358 
1073 541 307 999 891 547 
494 619 487 496 455 256 
400 76 529 849 74 8 
891 191 71 842 647 737 
1020 829 701 996 1000 987 
508 365 822 168 553 570 
389 18 444 369 842 114 
582 92 278 656 460 336 
659 542 215 313 124 795 
515 500 320 966 402 344 
510 837 566 728 157 143 
940 482 595 728 430 994 
794 925 473 319 738 298 
950 841 661 662 797 228 
414 158 992 598 157 3 
817 245 536 358 522 909 
1018 754 718 179 727 561 
666 962 332 166 526 936 
885 684 71 940 606 783 
678 99 391 281 57 966 
746 593 16 622 130 429 
742 536 388 641 592 793 
684 319 139 355 572 137 
624 191 860 66 596 200 
657 170 111 253 90 441 
788 794 777 465 241 753 
505 881 216 503 104 481 
649 493 297 318 334 309 
820 289 986 584 188 417 
695 883 928 154 740 407 
786 330 446 246 374 61 
723 580 381 372 119 830 
628 189 641 939 753 342 
762 180 732 591 861 135 
500 250 825 32 225 585 
754 903 692 13 132 106 
916 161 840 798 993 340 
447 417 4 981 402 105 
1104 845 784 430 897 208 
1041 962 453 438 704 1000 
1142 884 180 660 594 965 
684 68 114 560 734 850 
410 229 85 619 362 488 
533 508 37 319 416 156 
760 344 771 606 151 764 
347 605 148 177 133 389 
732 267 297 363 236 113 
626 481 247 97 9 843 
527 269 422 950 105 41 
1056 612 1000 765 583 208 
545 35 77 525 561 476 
978 421 784 593 642 104 
720 179 621 531 238 920 
561 716 617 69 676 94 
964 946 817 762 658 435 
655 312 660 623 657 314 
448 681 205 295 315 551 
629 415 453 407 819 367 
930 57 757 803 952 172 
433 107 170 134 591 835 
782 241 852 145 923 347 
625 321 914 599 435 697 
1076 911 329 860 364 509 
1054 767 560 800 763 345 
686 928 289 731 949 2 
765 14 484 461 550 333 
1034 295 916 722 158 807 
537 568 95 73 183 722 
602 974 276 388 366 958 
757 738 504 829 448 138 
830 174 958 941 6 499 
654 699 500 576 340 922 
717 330 105 339 460 758 
629 93 317 81 771 699 
1158 867 958 646 763 165 
712 958 652 956 510 220 
895 763 60 704 686 484 
267 251 143 167 672 95 
910 509 555 944 414 202 
443 32 772 5 335 66 
621 54 643 178 156 126 
1037 612 459 977 413 891 
595 486 524 894 70 658 
777 644 492 518 533 292 
945 530 566 936 482 277 
794 144 945 440 386 842 
1016 792 414 727 770 477 
677 656 697 107 467 162 
883 965 159 448 811 728 
964 368 309 96 881 887 
831 3 840 884 145 624 
886 869 20 295 384 746 
480 996 866 41 23 406 
655 645 284 866 192 177 
485 356 431 557 137 717 
553 7 183 922 585 985 
600 157 651 74 669 86 
906 858 39 733 369 660 
827 933 923 719 73 203 
379 618 337 140 175 1 
516 317 457 182 583 798 
469 696 361 1 468 246 
794 375 943 879 671 291 
266 73 198 173 337 454 
1062 761 518 510 792 717 
747 413 473 929 744 913 
792 407 505 762 121 677 
673 86 383 488 576 1 
974 773 820 932 822 769 
805 467 686 445 559 353 
1053 860 917 676 660 454 
867 8 994 899 404 384 
856 205 383 224 176 920 
737 714 540 250 442 194 
669 436 577 29 30 922 
457 888 10 439 121 484 
726 431 637 101 310 279 
816 781 755 675 881 588 
1023 249 832 827 380 601 
832 953 996 159 585 745 
920 605 645 922 906 139 
975 821 42 836 84 745 
757 903 520 642 986 555 
757 338 543 762 745 243 
701 267 458 216 874 643 
1079 520 807 859 461 676 
502 514 451 355 246 123 
674 990 297 241 699 444 
903 597 255 829 315 938 
768 175 766 213 550 954 
555 474 61 799 259 430 
955 862 425 560 822 736 
618 102 39 685 4 686 
675 235 538 353 4 885 
472 94 266 578 567 23 
561 235 353 405 775 405 
734 768 75 963 408 634 
593 365 198 847 38 172 
1151 562 981 968 979 194 
976 526 983 450 509 155 
729 670 971 859 9 100 
616 127 273 398 312 53 
860 271 320 25 341 957 
597 371 591 201 608 223 
941 67 929 688 973 237 
743 629 686 448 245 821 
422 342 38 195 816 220 
345 649 19 124 599 7 
992 761 360 772 458 868 
777 627 352 262 161 461 
1040 917 994 388 895 189 
524 82 381 258 148 213 
684 273 999 394 672 505 
576 278 885 347 842 477 
714 837 254 644 259 511 
728 611 618 648 665 132 
832 629 573 165 611 738 
705 490 937 673 762 141 
649 210 99 164 874 73 
839 555 911 565 399 180 
681 519 220 798 797 455 
643 999 335 518 549 320 
428 592 19 178 251 502 
798 411 177 132 794 254 
581 480 654 184 509 918 
855 482 984 701 210 926 
731 421 239 199 531 953 
335 329 269 288 149 574 
698 799 256 429 634 390 
748 548 876 299 723 30 
1008 474 578 702 434 706 
965 140 620 833 470 338 
625 615 945 140 446 892 
862 445 89 904 989 496 
1046 440 251 509 994 614 
981 376 972 409 146 998 
859 535 464 801 26 520 
475 638 566 10 391 740 
827 861 411 633 125 865 
604 655 310 101 887 494 
453 336 8 474 22 156 
470 98 262 416 530 5 
836 908 602 939 819 531 
631 147 404 419 708 176 
652 890 613 874 157 97 
535 202 213 764 421 810 
856 942 201 204 837 698 
838 926 702 288 705 759 
565 363 596 168 569 538 
840 978 588 438 453 698 
940 10 871 186 909 421 
470 766 65 79 93 568 
961 443 492 645 236 781 
915 320 28 751 742 821 
735 85 116 815 602 260 
601 449 823 808 27 722 
734 931 678 216 946 421 
410 142 36 196 541 819 
558 186 727 30 341 472 
393 188 284 375 532 144 
559 551 133 801 471 113 
611 827 35 791 633 693 
759 576 353 149 365 798 
747 939 341 319 883 119 
920 472 845 912 996 961 
818 286 773 572 717 333 
398 38 982 313 90 235 
610 663 273 322 635 46 
789 290 230 963 865 686 
624 749 766 97 598 414 
491 399 135 253 436 527 
881 11 789 818 473 111 
809 909 525 289 993 120 
