100 10 0
11222 12219 13288 11109 12507 11673 12103 11900 12180 12336 
486 859 71 970 355 728 382 737 19 101 600 
737 750 518 845 218 904 765 245 187 243 65 
887 83 452 964 866 531 846 427 193 594 272 
556 297 336 454 136 245 101 923 444 230 433 
775 690 329 655 366 890 381 479 431 116 641 
314 10 798 514 223 306 731 46 146 100 242 
592 347 830 89 584 192 518 841 296 826 209 
522 466 17 156 546 81 377 837 938 668 741 
694 696 13 642 608 157 618 779 164 368 104 
388 397 174 442 505 171 905 42 245 650 64 
702 695 578 258 9 589 703 446 248 763 966 
598 171 287 597 665 651 65 943 737 107 94 
916 319 403 981 609 484 961 898 815 24 91 
722 48 657 164 134 630 777 238 264 214 211 
895 821 377 875 150 251 590 410 180 969 432 
696 352 333 814 103 31 142 597 538 479 214 
561 571 844 888 45 400 228 181 435 584 545 
479 828 937 122 868 209 293 260 617 37 461 
964 109 629 595 382 687 912 957 975 771 134 
650 131 79 72 304 174 875 479 878 718 653 
849 19 684 956 521 986 43 385 955 709 614 
541 193 808 50 288 948 750 416 747 127 580 
996 840 499 327 273 155 773 359 524 287 988 
504 141 403 275 120 248 124 836 220 424 239 
791 522 97 123 693 977 145 436 146 224 4 
499 496 162 671 289 246 149 589 876 937 211 
309 247 45 301 34 884 297 131 40 813 97 
895 923 928 803 758 873 792 808 960 479 275 
482 502 544 325 167 140 98 840 191 459 557 
862 434 646 653 195 526 674 909 745 491 223 
793 227 601 173 730 621 374 849 600 738 849 
860 608 24 573 333 475 472 732 922 142 55 
886 726 82 868 553 782 998 49 705 541 947 
544 669 696 679 653 516 280 290 709 233 570 
667 887 996 95 36 990 899 8 266 651 263 
539 93 148 392 276 487 733 33 580 596 484 
719 779 105 954 240 980 247 702 822 85 979 
722 626 944 344 330 294 493 463 875 26 778 
592 655 412 900 292 172 106 24 493 421 409 
951 139 379 876 562 618 483 189 698 837 885 
602 813 901 455 908 232 402 354 108 671 245 
882 944 505 731 39 978 139 286 401 74 118 
502 528 679 775 150 543 84 825 199 630 440 
1003 597 82 923 636 921 464 545 502 436 166 
626 106 788 516 526 676 695 295 676 642 581 
827 286 737 459 537 671 840 736 905 696 462 
742 492 743 272 384 550 741 405 258 262 622 
709 598 466 858 506 725 298 856 82 594 751 
737 135 533 254 853 477 384 471 737 813 494 
589 530 442 362 12 546 85 598 638 687 904 
689 452 314 108 23 451 576 110 950 971 654 
594 902 485 838 653 92 635 232 269 101 341 
750 143 851 948 870 333 307 243 428 973 164 
866 732 45 667 44 57 256 466 635 700 794 
633 244 3 366 578 974 344 47 372 759 514 
763 540 262 519 272 398 109 382 370 378 341 
559 51 666 880 254 502 488 400 900 440 534 
926 114 458 446 276 544 482 940 107 940 347 
563 309 474 91 433 74 828 587 712 281 583 
671 98 187 157 833 378 717 603 203 841 511 
651 935 355 253 217 23 9 388 64 150 605 
907 690 495 454 135 775 168 165 392 67 751 
630 205 372 744 220 130 184 369 92 31 520 
688 418 580 988 910 419 594 169 624 154 932 
735 681 48 684 625 609 700 315 973 357 720 
704 337 15 27 449 56 2 126 476 428 814 
1004 151 499 652 754 913 850 154 572 894 798 
480 580 201 90 224 343 147 419 991 587 848 
474 656 438 222 390 862 83 90 390 753 659 
729 6 461 464 509 458 286 246 185 772 372 
523 250 819 765 176 772 555 184 406 671 570 
867 237 741 226 592 673 161 271 923 766 837 
701 320 965 848 280 790 46 704 670 509 411 
959 774 492 61 765 415 833 150 433 77 942 
833 586 490 180 549 264 642 750 141 330 376 
972 967 884 296 876 531 833 853 565 396 669 
818 927 553 818 468 72 301 344 63 580 202 
665 525 185 331 995 246 619 909 932 979 417 
866 289 853 791 127 682 344 647 346 447 380 
589 475 149 475 416 645 568 964 179 565 134 
698 375 334 455 322 19 407 240 840 62 355 
501 289 955 441 739 55 328 562 5 569 787 
844 699 673 874 841 179 662 984 169 529 737 
857 823 783 913 36 932 580 697 955 115 811 
723 65 157 706 539 107 33 726 72 580 844 
504 151 264 424 788 833 917 612 340 41 550 
834 332 880 381 895 616 726 21 980 585 661 
754 471 165 390 322 620 366 447 565 17 150 
961 54 752 844 451 970 695 951 309 714 910 
427 450 895 385 426 422 408 51 177 61 648 
1052 401 368 12 743 931 443 740 218 964 902 
906 452 985 322 652 115 169 797 819 926 447 
851 750 223 367 722 891 956 783 419 526 54 
713 63 509 818 133 553 494 309 325 240 804 
859 57 699 769 607 139 465 659 462 883 531 
587 928 491 837 79 682 98 682 2 57 3 
841 340 473 962 682 415 858 216 413 277 81 
604 297 576 810 991 93 100 776 249 811 262 
671 2 920 106 381 924 196 146 87 678 978 
912 901 694 907 602 501 893 601 501 900 125 
