250 5 0
98957 92395 92576 96199 94103 
760 925 398 749 927 175 
792 41 333 919 518 759 
952 936 739 440 524 614 
679 781 661 205 876 797 
487 652 575 237 327 364 
529 247 377 101 330 637 
835 490 613 258 911 656 
764 996 898 118 755 952 
696 955 539 160 631 684 
535 175 497 628 800 131 
887 432 639 455 713 963 
746 644 29 386 737 327 
643 514 72 73 938 558 
830 561 407 519 714 11 
1117 966 131 914 280 938 
409 267 41 409 454 7 
538 827 2 830 259 737 
797 479 436 551 55 648 
582 141 276 673 594 190 
1011 822 358 894 807 562 
600 795 273 400 350 621 
929 881 335 406 886 813 
678 67 144 105 745 507 
959 246 413 313 948 520 
586 689 531 553 351 462 
512 176 926 278 360 668 
945 817 183 272 513 597 
849 884 240 240 408 598 
946 496 407 857 796 904 
869 333 496 184 177 894 
768 544 158 37 866 88 
784 765 112 674 531 479 
757 172 398 919 483 758 
607 359 744 316 349 182 
744 955 402 399 486 826 
555 166 851 711 230 701 
563 197 506 152 643 272 
897 799 114 195 738 715 
878 307 597 896 290 194 
758 647 379 480 11 101 
1067 959 299 776 796 87 
936 555 338 813 793 921 
359 893 378 64 189 173 
490 495 488 226 794 254 
558 246 206 427 365 586 
790 988 73 460 996 767 
852 436 81 184 674 652 
887 907 728 522 892 416 
636 817 133 434 273 791 
497 289 783 253 6 350 
726 189 841 701 181 95 
1011 661 716 967 272 196 
795 918 140 775 433 616 
1075 167 591 546 854 990 
559 398 904 593 423 423 
805 422 339 122 534 127 
748 527 768 7 616 147 
562 455 325 56 1 720 
500 302 739 497 329 30 
290 332 490 119 447 5 
745 111 616 787 25 864 
826 502 184 57 650 467 
796 948 198 1000 802 471 
910 714 202 448 448 544 
598 472 33 116 793 264 
775 227 152 169 627 800 
430 6 163 62 985 717 
601 26 944 302 579 38 
1056 855 979 641 404 977 
752 594 150 241 472 796 
906 840 379 600 802 85 
461 259 418 47 572 787 
592 998 285 275 24 252 
823 395 46 318 448 809 
922 184 621 870 608 731 
557 531 407 126 12 532 
752 807 168 322 59 619 
899 938 645 734 690 139 
847 611 953 407 198 22 
1053 778 452 661 295 990 
564 49 582 471 605 923 
887 156 194 936 778 883 
1014 978 772 973 590 162 
284 60 381 659 78 218 
557 37 353 729 125 990 
924 958 974 832 8 13 
742 266 241 584 925 8 
712 589 769 109 84 546 
797 173 995 132 773 933 
872 798 579 461 436 586 
1041 926 972 475 381 264 
1117 873 901 790 209 760 
777 633 761 325 477 39 
950 582 478 811 412 989 
685 469 222 432 177 90 
1063 467 836 910 80 882 
533 889 46 670 33 661 
833 988 436 303 361 485 
649 995 422 596 357 551 
694 313 403 116 488 543 
769 833 33 522 809 425 
731 82 558 846 957 376 
414 504 134 691 117 10 
587 114 167 507 301 361 
822 808 207 559 292 626 
851 502 916 412 405 170 
863 450 385 418 898 182 
444 695 346 197 501 392 
1060 831 718 279 843 136 
1083 689 979 766 294 568 
780 668 829 30 101 367 
542 290 826 699 746 19 
805 810 766 228 375 335 
890 161 654 663 289 935 
1058 700 509 752 611 328 
650 458 513 864 457 933 
929 552 431 919 522 334 
793 709 237 922 798 843 
855 253 180 837 116 959 
665 321 522 833 703 504 
961 666 674 175 894 420 
1028 827 472 692 905 609 
410 273 624 303 364 434 
500 323 735 44 926 117 
907 37 770 609 720 104 
732 780 762 143 599 139 
1151 371 844 605 813 664 
782 343 445 651 899 775 
937 863 831 365 802 221 
646 618 686 557 151 743 
773 400 428 202 851 935 
740 723 781 343 928 394 
623 724 205 522 779 479 
744 31 466 715 361 270 
974 980 806 65 829 985 
521 850 177 60 615 695 
705 502 121 758 607 192 
1040 549 454 689 968 781 
1229 947 605 820 524 950 
795 909 578 913 309 44 
423 405 111 48 494 537 
473 380 291 451 815 45 
650 118 92 990 549 736 
722 210 100 948 178 309 
617 156 748 218 502 602 
761 711 659 50 588 131 
422 194 717 639 110 408 
583 38 750 375 114 389 
738 319 159 535 296 320 
758 965 420 104 574 383 
571 135 423 993 315 772 
794 859 883 829 350 627 
741 886 222 72 386 513 
755 33 764 965 776 301 
472 502 57 36 582 557 
847 938 811 35 695 541 
952 755 458 78 434 952 
735 88 316 612 555 917 
944 344 754 742 992 338 
1012 560 862 470 695 397 
780 371 889 671 37 288 
700 798 36 92 958 547 
1124 886 955 808 945 126 
511 696 341 72 568 278 
725 110 759 137 42 995 
830 456 898 23 60 846 
1085 979 483 337 681 914 
523 468 168 578 945 324 
662 494 964 152 706 544 
708 142 674 757 33 121 
856 811 673 915 324 874 
397 299 463 337 189 438 
710 538 332 527 900 143 
814 857 852 318 468 43 
896 666 270 495 632 441 
733 897 458 464 473 333 
867 519 9 871 867 604 
528 454 913 498 11 726 
741 645 979 193 255 100 
558 498 287 41 385 146 
818 883 585 379 998 916 
808 749 995 905 506 162 
482 26 372 36 530 134 
884 964 774 379 1 593 
1109 553 631 519 850 722 
997 373 191 281 937 807 
762 494 158 67 875 761 
1148 486 262 737 852 936 
761 676 746 780 946 632 
784 283 12 714 136 340 
1102 874 478 412 680 823 
621 156 854 681 47 445 
803 228 607 518 634 511 
800 839 528 315 564 971 
553 692 933 605 265 260 
922 416 203 984 178 554 
903 265 991 935 742 749 
1136 693 470 579 638 953 
978 174 789 700 945 572 
985 328 797 213 812 610 
712 506 88 11 125 346 
262 60 266 7 320 302 
590 825 133 576 444 907 
716 507 376 892 220 736 
713 460 397 379 61 264 
658 824 136 63 215 657 
503 280 356 241 429 825 
868 841 482 47 135 388 
980 100 605 845 917 293 
933 903 328 726 326 681 
1131 885 798 471 52 978 
458 972 97 372 308 436 
823 475 252 322 133 474 
991 174 954 181 896 955 
714 460 106 901 689 70 
614 290 51 737 881 444 
685 156 76 61 686 97 
990 977 697 959 476 438 
961 169 736 748 155 821 
642 479 242 256 828 718 
278 70 281 532 233 185 
974 693 777 114 870 512 
810 713 82 831 767 328 
1059 765 822 802 313 816 
676 90 247 984 288 145 
1141 990 712 955 650 326 
685 475 977 818 434 120 
604 971 736 349 230 631 
687 148 460 789 670 438 
935 327 854 590 959 294 
809 805 653 994 277 928 
528 615 583 557 215 271 
945 97 957 992 360 564 
1235 245 964 919 908 837 
624 119 521 403 563 881 
803 611 245 828 722 72 
510 93 585 644 160 134 
566 233 598 548 686 464 
824 496 252 963 940 425 
695 352 159 937 147 360 
1320 937 776 947 829 694 
808 274 328 935 357 587 
512 393 441 329 582 266 
470 573 247 169 789 235 
537 783 201 540 245 571 
506 367 953 29 330 322 
895 310 705 101 944 260 
782 854 969 600 69 810 
726 557 310 769 557 757 
739 69 970 336 232 211 
