250 5 0
31737 31304 30642 30471 30102 
628 26 83 398 784 972 
988 573 74 622 378 824 
368 6 53 496 27 108 
699 984 457 116 535 538 
686 260 905 771 599 371 
906 907 546 742 101 597 
633 305 683 609 755 253 
746 705 409 882 111 741 
880 744 175 905 671 795 
711 183 192 233 533 145 
711 348 298 574 756 274 
943 795 149 693 504 285 
966 431 367 809 715 917 
1098 434 706 952 334 627 
595 771 326 741 105 57 
597 229 40 372 724 153 
307 147 41 284 358 425 
412 347 563 468 35 7 
1005 879 720 504 458 457 
795 168 367 566 876 102 
857 657 618 24 990 941 
862 921 219 284 196 604 
768 142 873 522 506 314 
902 695 620 438 462 14 
664 89 707 596 6 152 
705 779 395 472 190 83 
570 924 280 77 358 212 
351 590 205 541 356 32 
775 159 658 883 543 485 
950 953 951 633 558 340 
1092 967 476 699 885 392 
736 725 825 3 421 483 
832 991 43 723 132 152 
802 969 866 965 564 392 
280 30 176 539 234 392 
995 289 776 147 826 594 
492 258 37 603 143 338 
821 953 931 867 663 119 
1073 487 834 759 738 607 
400 215 168 465 105 726 
725 443 428 462 71 444 
627 471 489 515 187 567 
577 162 386 47 757 328 
909 903 399 589 41 278 
557 656 658 393 359 613 
651 338 526 755 293 529 
705 962 642 911 535 311 
787 810 435 396 610 208 
606 857 253 285 52 228 
1236 559 935 872 835 555 
672 181 90 633 492 130 
515 740 523 242 169 21 
837 857 662 589 230 452 
655 514 136 851 612 429 
578 608 168 899 477 574 
452 31 35 658 46 109 
777 880 247 320 700 115 
918 539 375 519 962 780 
933 683 794 551 805 673 
1004 557 794 649 391 575 
821 261 433 780 389 249 
688 684 791 700 977 56 
818 125 972 396 634 380 
776 556 316 358 464 894 
436 243 704 606 147 344 
1181 372 872 806 791 958 
814 376 719 351 212 476 
340 95 255 266 689 29 
817 298 128 436 382 552 
881 645 729 154 593 261 
455 50 448 89 47 508 
819 152 182 96 917 465 
1228 899 780 886 417 751 
1079 493 838 381 594 673 
512 569 572 184 560 28 
1061 895 982 515 187 985 
638 424 27 152 895 939 
686 567 343 60 363 569 
414 20 35 653 281 151 
699 73 148 953 199 678 
907 833 57 441 579 864 
784 78 694 604 280 89 
743 890 204 768 108 408 
920 945 331 947 679 882 
603 600 262 552 281 960 
875 511 718 319 112 614 
854 931 195 637 426 66 
1043 727 911 1 645 466 
911 15 953 987 328 373 
718 372 676 243 98 941 
881 48 962 36 969 186 
815 843 914 479 143 219 
827 230 50 104 597 815 
895 640 462 843 720 778 
641 851 420 252 295 229 
1134 720 369 722 975 469 
699 550 722 488 630 342 
621 830 70 769 493 58 
828 589 619 990 849 457 
1063 641 422 922 779 522 
908 13 531 830 75 647 
651 848 53 722 453 199 
859 684 868 65 234 332 
661 29 308 789 748 430 
653 439 279 387 37 950 
484 952 752 96 9 391 
789 545 832 840 532 711 
888 658 876 622 567 308 
709 521 434 702 363 720 
976 80 244 534 903 987 
948 587 410 589 359 480 
794 314 690 434 102 860 
615 77 238 70 601 45 
893 1 1000 909 100 344 
870 685 190 212 36 906 
509 895 255 111 412 86 
949 932 634 392 575 519 
804 398 374 473 129 576 
595 48 528 328 481 798 
979 743 149 434 850 621 
576 743 82 303 2 694 
510 415 217 219 70 613 
851 744 104 558 907 989 
1089 56 628 943 740 971 
804 580 485 775 565 352 
502 252 734 77 865 139 
1107 648 647 867 612 628 
534 883 927 287 107 257 
615 449 937 263 413 241 
922 792 411 31 924 627 
443 21 194 470 106 238 
944 913 750 457 920 963 
327 26 22 186 95 941 
637 513 608 324 778 590 
628 499 209 101 467 953 
408 486 801 73 45 453 
758 770 852 396 291 808 
1009 952 791 779 583 120 
982 873 598 904 881 288 
803 591 305 960 44 592 
1219 722 870 732 989 466 
773 85 140 238 483 576 
510 261 277 224 473 467 
776 724 206 441 708 250 
752 965 924 646 46 20 
949 664 829 357 845 225 
847 127 865 230 771 657 
611 142 616 991 8 9 
473 519 186 429 191 947 
437 55 105 569 71 746 
991 623 585 371 922 505 
963 864 127 743 806 933 
708 689 2 123 329 615 
708 739 360 271 941 781 
1071 686 996 99 977 739 
614 316 89 385 943 49 
317 278 209 17 270 482 
652 273 966 818 237 322 
733 749 314 184 554 457 
828 996 103 293 490 128 
683 851 68 285 520 745 
528 177 54 551 469 1 
658 208 989 71 549 908 
668 101 566 808 105 214 
809 416 944 206 730 908 
754 608 152 415 847 642 
1077 711 420 189 906 737 
958 987 390 684 345 494 
618 361 612 497 498 933 
781 766 187 495 62 660 
891 522 990 224 887 624 
693 1000 812 96 579 157 
490 955 56 1 339 915 
619 111 609 711 877 143 
704 210 918 477 552 240 
1095 857 776 548 964 400 
804 175 354 96 644 644 
626 498 61 532 964 267 
394 192 731 349 346 36 
651 286 213 435 43 539 
807 320 661 752 322 211 
1050 307 269 957 554 877 
816 47 621 887 253 956 
581 767 388 614 136 428 
461 244 264 295 878 279 
377 48 511 312 369 292 
992 128 871 675 381 435 
678 951 464 205 215 875 
827 284 959 894 407 519 
916 470 877 651 332 295 
638 185 390 796 239 164 
739 675 176 652 79 315 
365 204 411 57 310 326 
802 233 136 538 337 685 
1030 797 773 107 748 667 
1094 607 446 503 958 885 
639 185 602 436 75 779 
913 118 878 315 382 650 
685 961 526 739 399 84 
1023 892 898 798 431 568 
634 293 15 730 779 238 
943 529 452 931 548 212 
600 108 817 984 902 159 
681 235 725 262 603 603 
1094 909 976 341 862 954 
701 165 281 350 375 817 
957 564 988 846 211 263 
876 856 646 773 59 454 
351 156 490 804 81 76 
776 871 88 569 729 710 
881 968 750 899 703 69 
606 63 399 883 726 468 
578 143 228 591 576 968 
645 833 51 463 938 504 
904 281 428 339 667 414 
777 959 573 17 552 417 
729 640 997 356 785 134 
945 983 752 733 368 467 
948 511 879 568 854 495 
694 33 474 162 421 387 
1017 943 966 239 713 694 
1004 163 781 95 693 811 
639 717 684 406 245 388 
990 591 594 556 608 410 
603 28 984 75 104 65 
627 681 306 287 862 886 
700 549 697 616 414 363 
617 109 287 662 573 22 
914 253 868 723 715 707 
707 346 266 281 381 390 
824 457 856 268 251 892 
965 617 853 638 408 821 
559 719 397 127 517 473 
786 618 538 255 739 911 
763 822 341 559 583 213 
387 89 389 282 412 666 
1158 654 877 424 653 927 
722 880 150 493 703 509 
859 481 680 9 754 191 
925 689 698 410 507 916 
852 269 561 842 310 15 
807 856 510 388 237 659 
739 190 337 933 788 658 
654 25 78 671 737 636 
1048 789 622 180 672 864 
885 794 995 311 326 179 
447 245 870 305 43 408 
662 535 329 358 783 340 
683 181 745 992 914 236 
790 583 137 15 852 489 
