500 10 0
126561 119355 123141 128598 121290 129402 118889 128373 126346 127987 
950 321 602 435 6 402 937 44 536 990 405 
800 658 220 918 694 737 777 229 845 578 343 
415 168 149 45 476 62 253 285 755 137 954 
1015 301 794 226 985 208 988 146 97 805 980 
631 147 951 837 818 928 143 443 659 190 445 
579 434 733 221 600 357 997 138 281 584 455 
1063 358 639 262 966 401 640 714 948 196 757 
813 604 442 551 239 712 613 718 610 523 295 
889 470 131 248 986 380 827 845 160 660 447 
892 912 696 977 858 27 701 284 14 639 83 
1037 593 922 431 271 596 930 367 767 92 639 
678 406 8 283 601 343 184 199 560 806 609 
590 385 88 752 62 588 104 654 622 501 12 
621 463 281 497 493 367 113 591 919 416 100 
594 556 122 490 785 318 300 21 149 577 978 
676 818 235 316 766 606 940 507 36 603 14 
863 276 87 144 249 366 668 343 390 887 592 
871 296 614 165 86 344 386 342 532 907 303 
602 900 500 989 257 358 499 834 177 543 953 
545 14 345 250 368 814 124 219 220 623 787 
845 192 980 403 834 371 834 740 423 768 817 
768 674 71 297 648 952 43 71 717 588 841 
636 849 793 183 536 442 462 250 76 453 58 
910 904 305 420 557 720 784 841 95 684 444 
843 774 80 431 934 233 746 167 340 64 210 
892 948 294 392 989 381 121 474 501 416 715 
458 808 106 341 926 510 320 162 397 124 535 
457 955 98 97 526 195 219 903 403 119 790 
605 952 89 282 720 924 114 295 943 768 98 
845 902 311 258 76 815 241 528 663 902 948 
693 598 80 2 971 677 485 932 19 40 234 
1038 880 455 367 922 1000 829 39 761 225 147 
707 569 73 410 396 460 867 527 772 56 656 
1024 875 478 110 313 408 709 203 969 966 707 
765 540 896 272 132 489 981 665 467 528 484 
468 888 25 45 776 248 934 369 131 247 361 
917 62 569 950 119 685 948 712 125 993 67 
1042 695 170 326 759 930 581 186 587 739 722 
682 621 169 841 823 226 986 482 112 845 444 
851 754 691 913 119 193 511 288 330 443 393 
854 369 252 317 966 913 863 62 346 711 811 
1065 552 165 981 902 700 408 825 550 728 785 
608 960 518 636 400 816 753 117 702 660 303 
922 866 227 33 437 458 217 820 922 470 271 
952 978 580 898 296 109 589 708 461 692 977 
745 574 265 297 29 209 488 130 276 931 567 
491 798 161 568 263 2 826 352 508 348 189 
832 883 349 554 625 540 122 245 866 52 887 
414 244 228 357 228 150 3 207 22 444 615 
476 209 650 441 790 614 318 93 99 219 305 
638 403 422 690 760 802 623 214 572 686 133 
999 490 599 706 497 532 547 948 349 758 627 
539 320 562 184 962 905 721 66 210 53 879 
694 495 181 413 308 546 803 632 561 683 537 
828 261 539 886 104 390 294 20 485 575 62 
418 163 580 470 746 555 90 249 18 309 116 
783 875 643 78 899 102 774 991 660 98 500 
821 475 236 479 901 596 522 655 447 724 653 
638 85 160 807 863 999 559 547 91 455 892 
858 984 426 922 723 44 248 412 652 507 838 
844 496 595 27 136 146 757 353 778 139 659 
683 828 679 405 527 222 958 155 149 92 836 
470 728 594 343 835 862 44 651 195 55 116 
795 661 819 444 305 616 874 589 273 866 649 
794 254 644 587 444 255 101 145 302 559 184 
647 539 545 795 876 291 654 386 953 217 697 
752 740 575 389 702 948 276 172 944 356 553 
816 308 875 87 841 595 952 586 866 657 432 
928 8 642 92 296 612 595 390 665 725 975 
769 17 344 435 749 288 43 250 911 196 85 
813 435 545 697 709 783 14 36 884 198 506 
729 920 462 456 607 533 536 132 655 387 60 
537 39 743 739 225 443 241 708 503 893 833 
637 228 346 373 728 661 86 789 439 285 398 
945 378 443 921 920 139 917 551 544 159 465 
730 724 327 3 521 952 272 608 319 485 375 
979 559 851 56 444 335 963 784 186 801 107 
929 368 208 948 625 91 929 762 450 906 793 
892 422 5 273 511 199 936 754 914 292 964 
724 706 455 179 386 340 581 398 947 66 272 
704 524 122 544 93 234 269 545 727 610 133 
878 126 828 829 402 611 692 138 626 487 841 
925 491 631 925 947 402 94 541 201 605 137 
724 579 980 708 975 404 982 867 960 81 449 
489 99 779 230 675 56 511 743 3 221 552 
802 590 49 417 290 619 844 381 876 172 965 
676 731 831 366 920 617 836 388 322 532 875 
654 506 550 841 507 365 415 463 502 506 818 
711 880 668 545 788 365 555 88 956 842 564 
763 146 614 37 703 671 291 224 870 225 955 
600 552 850 53 124 674 143 68 128 288 64 
1080 742 528 899 844 708 967 702 892 403 851 
549 130 263 243 119 647 428 870 415 784 60 
873 618 370 542 699 137 530 880 113 650 383 
898 739 477 243 225 909 120 262 581 54 942 
990 923 762 992 954 213 312 839 39 196 923 
860 696 626 495 957 170 286 570 885 642 739 
828 697 543 654 807 968 78 842 645 451 352 
924 337 625 316 265 823 970 925 811 588 153 
707 200 729 887 435 100 442 694 191 324 380 
580 546 289 704 870 608 118 639 629 384 114 
721 898 119 732 258 577 933 474 943 443 481 
853 392 951 751 886 358 340 535 576 862 294 
1082 990 603 789 407 100 823 490 960 434 723 
670 888 372 705 909 61 752 574 415 973 561 
908 597 951 175 392 952 640 40 851 736 91 
799 757 849 895 503 676 815 861 821 132 60 
769 533 500 754 956 736 708 333 336 283 376 
448 299 536 385 419 691 458 149 158 203 625 
896 623 309 185 811 517 870 105 121 341 282 
828 347 836 662 602 373 630 443 174 417 119 
910 526 274 496 201 877 548 519 21 686 538 
800 189 175 978 436 827 516 471 819 817 67 
705 813 563 811 186 639 36 411 873 549 15 
1017 690 871 30 124 271 745 814 375 996 956 
929 160 993 416 491 979 948 729 141 353 23 
904 881 655 998 84 350 675 409 976 904 219 
729 54 641 940 540 146 822 678 606 839 239 
618 389 965 695 977 411 280 432 627 773 427 
714 404 686 109 17 871 518 922 466 474 366 
731 635 474 152 608 319 666 306 644 737 930 
895 419 356 882 514 520 779 763 700 215 469 
550 698 18 416 380 687 688 109 804 47 208 
947 943 259 133 575 259 631 316 596 932 718 
628 574 851 955 716 97 880 512 120 862 654 
530 496 304 700 456 744 412 614 105 24 580 
667 776 407 526 21 201 439 515 793 663 560 
990 643 551 667 718 864 383 156 428 688 882 
844 22 523 774 239 167 568 426 850 99 569 
950 607 951 805 818 232 36 75 485 996 610 
666 818 558 734 278 491 967 804 994 416 580 
825 684 674 766 750 88 971 68 625 711 19 
600 196 975 722 776 63 195 881 713 770 76 
603 33 639 761 950 764 13 362 881 863 126 
605 157 724 690 540 241 804 211 725 53 80 
739 483 443 151 240 431 60 1 941 904 891 
722 971 242 592 424 501 221 565 828 368 770 
885 755 356 924 309 52 405 346 545 15 160 
981 395 265 316 357 460 749 392 438 811 632 
536 700 803 165 478 739 446 83 957 151 363 
840 164 217 541 12 633 417 561 80 612 709 
873 242 906 871 89 583 485 830 481 60 210 
783 637 64 630 830 60 669 939 248 500 462 
737 288 614 440 543 191 432 791 386 815 836 
560 495 291 507 41 409 750 279 104 913 65 
937 551 633 378 838 746 701 57 496 991 826 
485 754 191 958 826 207 15 722 942 12 190 
1005 130 540 847 668 131 366 838 683 885 981 
510 124 861 671 182 812 567 273 882 232 449 
410 577 206 440 440 158 369 171 671 827 141 
642 202 158 482 417 596 811 770 896 744 869 
734 961 708 715 539 193 712 699 615 117 433 
421 404 647 565 167 371 411 372 99 639 157 
549 29 446 37 280 261 236 298 760 502 171 
825 466 343 383 143 718 346 511 791 844 717 
885 155 947 512 471 247 664 583 795 705 726 
737 275 463 219 464 200 817 901 338 566 905 
754 277 610 41 173 354 270 327 886 950 92 
781 517 754 393 632 194 955 700 439 881 203 
688 196 927 454 692 576 38 77 127 212 686 
445 313 409 15 628 84 121 912 253 64 724 
958 500 72 345 981 852 711 637 41 156 462 
573 663 190 473 195 711 11 842 263 185 203 
659 201 199 595 611 674 811 405 160 443 101 
633 741 348 345 64 402 314 573 31 644 333 
943 869 951 658 465 712 785 778 670 594 139 
723 233 959 274 541 559 935 832 785 59 592 
893 87 398 719 146 997 416 169 775 750 559 
942 225 650 888 442 844 431 233 284 606 269 
875 775 225 132 257 489 311 522 640 267 957 
730 114 217 706 531 745 793 478 530 188 29 
949 882 531 437 992 440 877 961 100 393 822 
692 619 56 446 665 113 65 581 305 930 109 
743 953 918 160 940 745 159 736 625 15 33 
554 892 16 609 877 404 428 834 552 227 257 
939 799 762 884 899 259 32 334 586 294 102 
922 809 176 859 491 715 12 145 118 857 734 
805 292 404 266 877 188 169 197 207 603 564 
739 586 174 419 733 4 416 943 55 491 975 
804 472 696 265 66 979 19 281 474 6 658 
736 242 718 698 305 730 417 503 657 131 850 
813 437 664 964 887 281 92 172 503 874 432 
590 675 545 406 610 605 299 393 82 39 738 
837 450 424 802 122 618 860 569 900 436 403 
755 28 265 326 235 811 357 895 730 747 302 
841 151 764 968 607 223 733 595 233 798 325 
819 488 506 202 229 600 110 337 65 943 896 
698 889 785 243 785 83 891 382 761 719 867 
513 945 85 50 938 389 518 230 560 48 388 
674 371 622 315 668 105 743 113 961 292 864 
876 716 37 811 848 416 539 944 511 13 861 
397 591 28 344 756 526 549 73 73 579 277 
465 761 314 619 418 177 81 645 646 89 210 
768 119 340 346 263 106 345 752 241 211 796 
650 272 945 823 618 466 847 293 457 230 692 
745 974 191 567 777 519 99 952 654 854 315 
753 534 863 270 892 544 452 898 805 798 468 
829 288 921 150 650 879 730 945 695 203 458 
424 428 903 407 219 48 411 543 438 472 14 
755 427 131 68 411 134 682 507 493 92 804 
740 466 228 960 133 354 736 473 56 95 362 
683 471 349 520 602 463 573 826 82 613 498 
667 892 843 200 144 477 858 145 912 408 171 
587 518 541 481 569 103 561 87 855 562 716 
362 88 858 282 160 42 274 497 65 629 529 
912 611 400 402 52 587 788 449 931 214 647 
489 248 940 408 181 86 275 793 495 520 689 
733 571 558 99 310 688 861 205 716 130 825 
1010 148 492 409 635 754 837 358 199 794 787 
1040 732 70 882 881 964 742 925 614 922 644 
864 83 779 47 61 837 300 543 240 731 55 
1009 418 930 949 646 732 700 162 875 595 326 
488 684 425 559 204 423 337 66 580 258 750 
837 43 984 688 449 265 345 817 741 75 385 
857 918 254 754 844 172 306 293 824 785 96 
972 79 660 147 829 602 842 709 593 902 514 
773 531 904 627 146 573 338 595 208 678 685 
920 939 781 650 625 782 238 703 361 399 626 
1067 852 97 737 62 620 810 803 907 369 816 
690 281 132 782 175 420 303 146 399 152 999 
814 26 347 33 668 360 144 650 760 28 864 
509 545 189 332 36 956 911 430 576 506 46 
707 732 537 587 919 235 519 983 994 665 448 
990 75 702 426 343 521 741 481 290 995 690 
732 438 303 169 474 816 154 121 612 840 836 
524 882 241 624 922 179 304 851 69 184 555 
891 965 16 991 914 199 897 103 488 574 329 
769 12 10 121 409 841 675 205 432 835 212 
889 583 929 225 837 138 393 305 907 752 714 
661 456 547 863 99 775 536 913 82 81 154 
873 622 263 458 126 445 674 790 515 957 451 
758 294 394 942 646 651 363 622 375 449 260 
401 389 32 58 927 638 214 598 215 658 152 
753 100 114 782 538 149 607 257 478 915 622 
753 393 886 463 851 519 161 568 867 765 818 
688 601 464 65 450 313 691 438 942 65 99 
447 330 82 730 697 669 795 92 240 375 251 
792 898 922 935 857 516 709 487 982 560 460 
797 986 845 65 568 857 34 318 100 674 397 
442 517 931 293 135 559 750 323 193 268 277 
704 872 167 414 49 718 794 854 177 676 591 
743 847 253 916 857 516 86 82 148 924 841 
915 59 505 929 99 106 19 808 27 947 943 
805 753 421 35 767 614 528 906 877 317 122 
434 625 528 230 280 172 320 659 580 532 52 
730 164 804 147 974 224 687 834 467 349 710 
699 581 101 817 629 339 79 606 682 182 625 
602 455 789 461 44 234 859 158 287 387 489 
791 49 942 542 429 241 679 375 471 927 121 
488 824 795 266 124 450 7 38 278 968 828 
599 566 942 844 603 522 584 581 435 64 621 
1072 180 285 906 697 700 597 554 780 804 679 
1034 524 530 480 524 609 39 346 955 721 669 
1056 926 367 330 812 763 901 324 652 408 999 
860 925 684 604 84 787 447 553 23 519 331 
728 224 580 491 204 73 221 340 48 836 434 
905 527 471 595 619 247 2 715 232 859 369 
873 715 696 435 877 71 86 184 404 77 581 
664 823 201 177 291 35 51 367 572 395 698 
608 642 113 250 66 872 777 981 688 824 281 
548 999 298 433 586 168 337 506 323 57 951 
570 438 111 940 146 810 403 857 168 214 579 
551 999 196 938 196 860 315 327 840 16 229 
495 113 420 22 472 220 818 291 254 45 271 
1031 571 917 75 520 721 441 800 794 696 937 
461 430 31 591 687 469 580 254 723 246 227 
853 735 323 541 455 959 988 147 48 85 267 
841 674 28 974 42 901 394 701 784 559 731 
925 66 294 733 590 201 725 415 821 398 433 
553 84 795 61 763 302 768 428 105 551 319 
546 385 121 302 622 309 681 219 382 58 941 
826 948 752 75 446 279 315 81 447 746 281 
848 524 163 778 572 446 947 449 381 638 852 
584 749 330 262 332 563 991 716 835 98 525 
563 20 917 74 741 436 837 716 87 579 293 
546 45 206 372 958 631 95 488 640 619 118 
356 275 753 646 277 57 774 10 1 138 77 
611 622 741 167 286 324 653 310 808 282 864 
356 151 54 24 166 521 90 237 440 502 995 
816 586 973 624 168 305 127 964 53 164 901 
825 365 945 21 412 513 743 716 181 640 691 
739 909 996 746 489 19 191 368 714 987 42 
837 862 240 68 882 202 871 799 843 126 295 
643 57 707 406 110 915 332 607 145 722 869 
542 176 257 198 258 591 890 998 345 304 554 
659 468 420 70 742 205 283 669 621 173 827 
991 800 600 579 199 585 27 535 726 862 30 
1154 855 150 964 572 863 846 90 709 646 879 
559 628 340 7 711 367 321 916 82 874 378 
739 756 146 315 103 918 9 366 952 329 768 
806 309 606 502 29 791 572 709 997 93 917 
937 673 891 729 780 163 280 648 781 45 945 
847 855 369 615 476 42 595 477 683 530 402 
1065 658 635 956 569 750 971 776 569 712 292 
519 583 15 662 895 711 150 209 157 691 598 
725 475 760 619 604 448 888 993 746 969 572 
781 468 4 790 106 971 259 150 857 793 42 
761 205 435 131 426 85 326 539 842 654 408 
940 263 40 708 985 341 237 507 952 343 421 
404 297 130 775 154 252 199 653 206 483 540 
471 280 711 733 565 111 112 314 681 658 419 
669 107 538 837 154 303 22 974 838 274 818 
417 101 154 302 77 338 648 607 816 806 105 
767 113 285 453 940 496 725 734 929 847 909 
733 994 934 516 309 891 88 606 402 929 232 
584 830 341 26 500 264 75 851 826 906 654 
640 925 656 944 653 601 19 467 92 755 995 
941 412 31 663 450 577 626 364 494 501 320 
652 336 173 312 354 885 683 574 995 988 257 
493 370 922 2 881 398 525 695 331 512 279 
1069 956 306 344 576 903 731 160 338 858 568 
654 185 388 149 153 8 412 504 52 673 809 
736 377 817 665 686 195 848 746 34 535 738 
799 43 634 992 929 257 536 61 219 838 740 
760 661 263 640 5 548 951 274 858 410 895 
419 329 495 394 38 608 4 87 133 506 160 
407 446 337 28 272 28 266 318 777 520 920 
671 249 124 976 848 860 831 231 659 803 378 
668 627 164 1 649 444 188 576 151 518 825 
609 648 381 972 766 434 327 108 345 371 105 
777 455 300 325 867 951 537 627 537 655 159 
875 651 693 240 938 672 986 60 312 659 909 
958 111 174 772 712 972 797 137 892 290 715 
572 768 905 118 680 282 525 52 8 275 260 
839 487 191 755 723 967 128 921 268 483 244 
945 829 49 545 654 420 624 800 573 512 599 
1225 471 793 752 533 717 916 869 899 861 493 
962 908 287 982 231 879 732 72 18 12 611 
1036 951 908 89 139 939 306 370 964 876 598 
544 376 255 793 564 103 35 502 452 163 12 
840 706 927 923 618 362 802 422 612 971 720 
685 351 834 821 761 533 569 621 663 830 320 
608 220 196 200 694 135 580 828 572 381 899 
570 189 880 983 390 241 735 422 460 408 291 
707 558 479 161 126 913 128 203 791 432 362 
641 427 275 369 25 723 931 475 173 713 322 
560 583 200 757 628 885 808 366 98 445 427 
803 226 687 822 375 524 312 255 96 789 85 
818 958 971 229 338 835 436 411 90 524 80 
1042 993 40 629 572 796 512 79 700 748 603 
763 776 275 995 785 265 214 840 433 794 903 
723 720 685 966 303 335 789 27 814 504 595 
1064 324 272 818 970 739 851 961 769 129 160 
757 59 761 484 966 702 501 625 691 521 818 
987 626 888 185 572 511 883 8 224 516 872 
762 283 83 117 10 140 144 837 243 187 985 
472 802 819 16 915 137 177 44 585 693 11 
824 35 680 463 42 339 510 333 89 541 617 
625 597 386 306 612 437 151 977 444 842 511 
921 942 463 65 596 590 67 603 150 425 940 
569 288 872 735 433 484 777 396 802 615 149 
872 217 792 740 355 35 857 402 883 120 279 
882 134 399 191 938 888 640 634 166 456 808 
682 489 730 162 612 189 290 908 603 229 389 
729 605 386 253 533 537 364 115 688 764 893 
542 71 650 298 598 582 490 900 64 537 451 
546 726 156 868 654 416 776 111 469 491 693 
583 325 327 465 131 772 722 416 212 911 778 
633 62 753 168 720 206 803 505 720 479 610 
1032 109 584 758 867 690 830 577 254 367 389 
1030 237 743 509 571 986 647 521 706 58 691 
696 873 316 643 963 137 957 817 295 541 785 
804 551 478 834 299 940 957 126 363 322 444 
823 195 906 15 775 233 601 414 315 143 868 
560 397 958 102 699 505 936 798 429 285 439 
969 916 294 811 807 426 682 197 690 995 516 
690 557 856 743 650 72 392 493 388 983 406 
1013 170 250 170 964 408 902 663 731 424 927 
801 942 411 581 160 139 196 489 819 194 399 
778 745 822 707 567 688 271 904 287 627 195 
830 919 109 768 372 825 496 125 665 924 349 
692 241 544 5 891 183 314 961 388 928 308 
1179 828 660 656 951 997 649 792 995 763 744 
853 576 573 961 768 381 678 708 775 386 964 
670 495 519 789 844 127 984 759 116 570 737 
786 25 140 243 663 379 495 40 699 252 858 
656 771 820 174 421 799 696 391 205 369 427 
617 195 80 978 197 620 945 16 288 904 203 
708 117 556 36 860 232 971 535 894 437 845 
1072 695 463 829 849 989 450 695 452 762 935 
852 390 740 631 438 533 105 448 418 6 718 
635 812 396 407 424 389 253 738 918 758 313 
717 430 212 180 78 897 865 555 104 889 656 
924 581 224 499 994 81 715 914 267 711 121 
444 370 254 51 570 714 583 63 873 574 380 
561 335 81 9 878 837 551 220 379 173 646 
973 855 328 664 683 670 987 796 889 513 554 
760 47 255 164 764 966 551 141 582 711 445 
851 437 303 699 15 588 259 510 791 627 684 
753 347 886 301 6 887 601 399 494 563 783 
555 596 343 172 911 274 461 927 966 567 262 
802 174 859 995 40 224 375 188 191 857 457 
495 422 651 233 388 192 449 318 404 795 674 
603 135 264 560 848 476 698 594 940 532 597 
819 438 263 545 811 685 278 306 149 738 178 
506 46 213 814 741 87 94 159 723 982 546 
630 52 853 904 946 252 797 560 765 354 256 
735 766 762 458 949 68 81 9 761 433 11 
852 664 734 216 752 697 776 111 912 347 551 
893 863 57 133 269 933 926 59 939 229 220 
830 365 45 876 35 247 835 542 949 599 66 
986 474 563 250 810 378 880 518 789 812 790 
751 904 694 625 404 715 215 874 242 917 976 
750 630 255 80 304 650 759 121 389 159 645 
454 220 40 55 191 448 377 445 779 832 620 
798 202 642 788 236 377 865 496 479 111 746 
698 478 74 209 454 234 356 514 683 743 261 
620 226 590 213 780 504 516 164 819 275 873 
926 882 470 872 315 809 934 199 698 220 772 
531 556 186 637 242 393 761 270 987 71 640 
840 822 195 68 161 16 295 930 267 564 132 
914 150 675 651 124 918 518 309 134 122 979 
458 81 542 333 24 826 871 698 418 244 350 
801 249 861 971 285 143 862 946 835 116 737 
938 845 592 576 498 483 447 453 704 381 156 
573 689 228 577 588 388 661 223 994 55 832 
1041 282 977 538 372 613 813 459 986 488 964 
808 995 90 221 921 191 762 589 246 373 785 
895 149 394 645 266 939 449 323 71 459 874 
561 943 783 397 581 123 787 49 57 158 35 
708 980 321 256 659 949 176 384 154 995 962 
1121 455 886 998 424 899 341 958 403 485 380 
639 385 163 870 91 393 225 245 132 455 984 
696 829 801 446 364 994 646 519 116 546 688 
417 785 272 558 68 212 73 887 409 654 163 
482 273 572 96 803 457 764 690 315 88 378 
838 464 386 616 778 428 179 106 218 949 112 
846 367 88 921 371 384 481 304 382 228 185 
792 224 385 102 148 833 498 713 972 606 445 
1004 276 941 954 640 893 659 3 882 484 42 
474 57 15 893 688 435 464 688 586 484 404 
664 890 560 173 237 549 73 358 919 7 178 
1124 333 615 713 874 983 343 511 833 429 685 
587 175 390 225 433 659 195 25 428 711 735 
751 626 886 320 152 801 682 609 548 150 675 
692 416 54 693 946 662 744 455 704 348 526 
900 944 78 752 415 484 209 8 295 968 482 
570 686 387 304 410 59 300 440 631 989 741 
715 584 646 566 208 532 414 723 694 512 610 
832 511 190 807 943 405 236 581 347 701 821 
519 376 261 399 363 406 206 80 918 149 538 
852 118 87 903 25 131 705 639 332 278 442 
853 662 527 97 440 668 716 565 487 913 985 
571 24 620 481 394 340 653 400 448 124 780 
378 957 121 305 56 325 74 961 581 51 23 
663 238 769 85 35 261 575 364 445 169 964 
670 326 645 467 61 811 968 258 937 202 448 
534 128 748 471 592 173 312 374 808 537 467 
564 640 176 627 752 880 579 13 168 327 143 
1015 486 765 677 211 341 739 815 941 915 966 
913 696 278 60 618 137 606 224 882 977 101 
699 792 931 228 846 524 910 144 458 790 948 
767 979 778 43 325 761 7 723 357 659 223 
934 801 696 626 113 305 693 358 898 749 242 
813 278 37 900 626 572 351 877 474 78 535 
563 45 650 263 938 447 476 125 334 827 433 
943 416 744 892 588 351 143 701 571 388 269 
690 913 608 778 772 86 713 170 940 137 182 
815 179 557 760 360 385 846 822 659 442 208 
797 943 502 129 312 731 361 546 653 240 786 
945 682 169 920 200 808 184 355 625 783 751 
680 342 231 619 607 294 352 611 235 730 311 
729 215 525 317 939 310 401 464 858 658 421 
567 802 176 135 251 205 433 888 340 342 865 
797 598 824 276 568 931 294 257 383 867 703 
512 655 535 617 357 340 560 328 618 670 22 
960 20 453 757 410 372 751 738 151 959 461 
623 406 756 468 585 699 332 876 197 412 726 
940 719 247 962 416 926 831 793 864 173 931 
560 12 586 491 204 219 144 557 445 389 564 
620 733 940 188 971 333 526 256 133 579 890 
611 895 340 148 21 576 878 508 132 43 753 
834 84 578 754 944 797 151 329 578 278 854 
573 609 64 792 786 945 554 210 139 558 575 
513 227 416 329 931 281 874 233 642 316 282 
850 724 467 48 123 490 652 903 874 824 3 
842 803 916 406 871 69 449 195 619 956 305 
740 819 7 365 578 815 582 24 803 950 954 
820 39 922 469 589 56 333 515 830 536 253 
805 183 441 612 246 588 764 49 307 405 331 
711 322 722 479 613 924 857 262 43 27 767 
571 104 170 235 885 46 426 675 25 400 477 
268 159 518 694 219 46 386 19 43 132 324 
457 945 98 674 66 194 801 265 384 70 313 
530 553 122 363 395 248 650 551 82 482 738 
1029 896 426 314 705 729 691 221 917 91 554 
347 729 246 512 110 122 87 79 401 140 829 
1098 115 197 997 944 896 944 651 700 563 596 
931 352 233 595 187 25 314 879 232 861 905 
846 654 333 880 523 884 466 72 695 582 891 
895 57 793 448 557 765 837 743 326 857 33 
884 805 356 709 612 216 502 132 599 3 981 
939 690 470 613 111 928 183 611 878 894 494 
543 988 8 207 628 255 71 625 445 116 35 
837 690 311 176 671 883 449 751 96 206 586 
785 87 104 37 176 256 646 682 660 219 360 
672 167 713 631 35 92 64 527 471 442 833 
962 625 661 154 860 203 983 845 64 472 235 
715 478 700 369 273 635 656 358 923 905 190 
764 960 810 814 158 327 452 151 970 825 261 
