500 10 0
191258 179924 184500 180021 189429 186018 182940 181632 182084 182003 
852 516 108 465 873 775 250 637 651 817 264 
548 976 662 31 112 263 4 178 275 182 680 
1060 520 607 840 114 695 997 858 233 647 699 
626 201 696 192 794 554 832 160 570 240 707 
960 843 484 488 840 44 556 851 779 352 398 
927 404 172 681 270 828 482 326 480 129 944 
826 215 833 269 529 940 689 532 624 148 576 
1036 889 244 609 166 375 131 683 959 992 908 
898 534 562 772 115 305 436 271 477 776 156 
748 72 371 602 594 141 148 81 75 313 601 
733 287 926 464 144 812 557 533 34 779 934 
974 991 6 908 687 512 22 665 328 522 172 
774 49 821 292 238 217 551 545 378 867 641 
528 67 929 324 777 267 82 596 13 352 218 
806 528 533 774 886 878 495 255 548 817 514 
504 313 17 20 967 785 687 338 132 494 795 
736 398 537 207 942 174 969 190 752 945 101 
791 907 874 454 180 848 500 77 802 203 34 
662 116 351 705 915 27 583 581 446 981 731 
850 142 840 318 683 887 141 578 915 253 179 
718 932 78 349 816 22 192 734 114 191 423 
959 746 417 181 691 153 704 135 853 852 76 
719 423 649 293 643 413 673 440 163 754 68 
1071 953 381 756 496 951 675 449 971 126 74 
848 23 689 950 524 267 849 168 521 158 770 
698 467 645 466 763 699 599 749 380 753 484 
731 272 297 522 516 396 514 631 297 526 248 
535 99 202 321 129 725 328 380 84 160 427 
726 246 517 198 257 139 189 30 704 564 575 
803 554 779 672 311 639 442 380 512 118 671 
545 689 418 327 921 464 741 43 176 471 146 
873 517 113 168 352 670 144 738 522 747 923 
908 599 655 558 335 843 752 799 864 493 129 
608 127 800 506 503 965 472 274 515 304 500 
760 792 768 2 60 686 762 886 467 18 530 
921 471 748 707 546 364 408 78 837 629 37 
632 986 565 449 136 268 552 768 393 176 746 
584 849 35 518 355 745 261 106 263 588 396 
636 235 339 730 486 603 139 23 103 659 95 
613 260 300 724 649 21 700 727 634 301 476 
881 32 828 764 828 635 312 115 459 98 753 
772 874 620 172 30 976 290 53 235 19 275 
554 558 612 576 143 481 150 670 86 707 376 
582 514 34 317 408 346 336 473 167 497 715 
690 66 571 802 670 986 855 539 591 594 641 
865 94 863 733 571 570 655 783 317 751 435 
496 149 792 218 580 228 57 423 683 101 792 
472 43 302 279 200 840 513 57 489 184 871 
605 905 43 346 98 377 524 628 744 457 512 
608 434 206 748 920 60 272 231 21 858 220 
625 959 598 278 59 427 497 577 171 144 341 
897 829 435 413 109 465 697 658 678 215 991 
511 560 643 218 138 425 110 461 721 24 604 
788 487 666 765 549 252 218 669 911 67 598 
1000 584 579 462 591 799 385 972 816 178 711 
639 753 399 775 752 24 764 915 338 428 737 
1005 419 237 511 605 950 837 851 917 566 925 
474 148 807 519 779 612 148 760 86 599 147 
344 701 720 295 3 381 27 524 164 296 112 
966 582 740 341 315 630 174 941 129 908 260 
871 959 834 444 599 866 674 60 961 240 130 
640 4 162 459 604 386 118 343 609 881 69 
848 941 744 561 321 51 343 736 247 959 520 
864 779 328 170 438 127 537 157 833 949 125 
736 703 246 798 415 641 223 680 123 239 725 
653 365 283 537 990 446 34 267 7 785 338 
632 812 380 583 704 461 295 632 697 177 85 
527 854 108 940 740 651 15 910 173 506 290 
820 73 700 672 651 833 398 352 598 120 262 
761 532 187 152 95 704 397 470 50 917 121 
964 255 531 716 535 893 174 994 87 217 261 
808 471 126 252 588 86 995 780 881 394 567 
718 253 664 804 724 325 754 27 876 550 792 
871 56 13 978 144 604 612 759 957 627 380 
846 799 34 145 124 235 940 236 318 382 619 
917 364 775 242 768 607 8 864 402 992 540 
706 544 686 732 265 957 272 756 811 760 669 
501 109 164 528 721 528 326 144 893 74 675 
972 718 311 41 571 874 955 631 992 559 987 
715 195 628 918 600 929 783 151 249 344 211 
875 660 445 828 372 992 716 246 299 330 146 
1037 629 624 939 592 823 742 158 536 756 740 
654 386 581 993 368 279 886 960 593 746 350 
961 857 213 766 349 43 593 529 658 102 851 
440 720 26 320 278 349 290 531 204 204 163 
786 854 247 669 113 725 749 134 984 116 53 
938 412 974 815 163 287 254 725 104 476 980 
957 293 576 947 340 695 688 522 448 198 366 
691 558 487 245 19 276 307 798 258 805 373 
817 806 477 451 221 449 913 727 350 326 333 
500 784 117 305 565 80 436 305 807 696 789 
1031 476 946 794 416 381 110 146 431 779 962 
691 969 552 72 573 103 764 255 493 445 46 
622 566 531 948 170 665 240 659 663 347 877 
546 338 438 267 318 443 758 216 969 592 501 
690 18 82 235 270 29 706 836 999 808 602 
499 851 129 488 697 23 85 728 195 669 812 
912 18 49 318 741 569 202 805 951 793 818 
573 541 740 894 517 564 818 145 173 717 211 
770 653 894 859 295 391 486 913 667 288 10 
807 136 946 69 916 873 831 1 685 959 359 
541 764 540 45 994 361 257 610 112 884 336 
1042 954 449 699 564 954 572 927 511 55 512 
617 306 467 234 120 602 818 747 509 86 37 
733 612 613 93 956 933 330 504 450 141 256 
684 555 310 858 272 113 602 808 689 143 669 
847 242 202 867 81 44 711 974 649 202 992 
883 292 317 444 537 638 526 577 816 636 230 
963 125 269 482 638 794 273 934 637 211 958 
545 240 776 261 37 462 113 111 238 65 186 
629 548 362 923 325 906 349 949 908 286 538 
906 440 378 136 751 587 857 837 50 677 616 
613 743 926 93 827 163 759 929 503 700 397 
820 306 823 90 44 25 950 609 156 248 746 
885 782 363 505 234 87 206 816 577 341 910 
691 537 343 506 57 374 477 606 376 569 886 
670 308 261 353 50 327 677 589 444 69 957 
634 454 177 805 73 60 537 171 296 831 600 
780 660 452 514 207 255 634 635 693 418 428 
920 709 510 512 941 654 102 374 656 299 210 
781 992 462 175 779 708 843 563 126 18 115 
1021 248 631 358 256 636 830 744 916 582 707 
705 865 950 976 499 36 215 750 680 775 295 
570 388 647 447 249 946 55 507 51 100 318 
671 469 831 349 769 993 754 213 572 812 610 
1052 976 856 450 921 244 545 986 273 13 905 
596 880 269 660 722 185 873 323 813 155 27 
813 643 842 611 361 649 19 807 51 229 628 
764 716 584 742 957 422 955 270 113 816 344 
549 157 321 15 284 711 616 440 836 936 852 
896 553 678 935 275 923 325 856 214 149 292 
933 653 325 753 835 575 52 431 271 174 750 
876 934 310 583 801 20 234 611 124 431 640 
649 523 286 790 996 36 883 614 464 385 71 
1017 620 821 528 613 698 492 444 535 11 746 
543 484 82 341 396 538 750 699 342 594 293 
942 870 484 479 171 436 568 921 467 759 466 
638 516 935 629 877 567 644 320 239 249 950 
505 575 731 428 613 563 87 156 303 793 125 
827 370 453 234 880 32 544 825 57 615 74 
482 782 145 948 54 656 443 70 246 900 156 
650 135 387 307 69 748 238 636 824 132 496 
881 560 210 849 457 715 551 987 710 986 109 
687 619 489 533 20 286 344 498 623 519 901 
726 884 96 765 256 915 205 448 332 190 847 
623 26 629 475 716 226 831 10 47 736 518 
900 985 384 697 585 275 522 227 130 936 710 
852 198 160 776 524 689 699 626 287 360 233 
992 947 258 739 686 626 863 550 201 521 258 
918 25 753 445 395 872 262 476 583 171 537 
554 383 853 558 491 686 564 174 702 380 525 
819 767 124 343 715 149 519 208 791 763 68 
985 224 987 206 400 199 452 880 442 839 951 
872 188 301 8 646 339 195 189 656 919 525 
715 744 221 418 403 251 371 555 777 196 182 
936 550 296 620 101 846 865 249 992 911 584 
836 915 318 33 123 482 518 334 582 773 528 
758 98 543 639 281 179 512 411 17 895 863 
993 871 227 796 956 819 960 737 474 967 721 
700 694 550 787 238 426 862 269 341 283 563 
416 82 618 621 234 686 713 283 172 56 375 
498 64 755 774 275 153 204 4 508 334 552 
554 186 172 930 826 458 647 957 445 745 88 
669 493 319 621 81 283 418 822 407 917 926 
523 492 378 887 363 940 408 112 732 302 279 
620 72 57 570 789 337 825 858 796 908 495 
508 846 63 585 411 342 86 707 703 695 313 
637 589 51 414 584 262 697 340 291 765 63 
879 202 349 457 747 385 259 840 407 172 934 
727 825 64 620 553 238 410 623 7 439 391 
709 479 310 133 856 904 765 670 809 466 492 
981 151 839 941 367 468 585 378 478 897 223 
526 918 714 289 193 736 478 199 230 971 255 
854 338 660 404 347 658 135 335 795 739 341 
890 673 37 874 39 69 329 496 742 900 820 
581 739 448 182 863 899 707 918 173 375 435 
682 921 129 811 715 920 568 449 636 233 417 
469 790 225 877 176 730 379 527 274 58 160 
506 525 85 62 190 955 200 192 491 995 741 
534 719 400 273 203 844 14 340 943 468 355 
539 61 809 167 764 4 552 820 882 424 450 
862 198 709 685 256 603 812 409 557 386 974 
681 477 703 716 472 564 4 423 404 272 737 
859 941 656 16 372 899 466 463 775 95 524 
771 103 613 122 424 741 479 829 318 937 177 
819 921 414 985 742 472 360 108 34 401 403 
945 910 1 201 719 949 752 104 465 918 538 
927 907 519 186 589 849 565 452 419 341 646 
711 723 470 917 292 240 342 516 322 255 149 
742 156 745 850 650 654 63 774 445 673 977 
719 152 690 732 741 499 284 675 570 724 663 
837 609 702 883 214 201 936 358 774 674 781 
642 612 39 768 368 542 38 854 701 412 617 
658 994 294 481 426 221 789 769 176 315 550 
492 694 965 255 858 474 688 256 24 161 359 
732 293 732 88 225 844 383 464 598 516 584 
903 634 611 917 770 23 497 462 741 836 637 
453 570 692 163 805 767 380 382 74 301 55 
716 62 48 328 676 244 658 411 551 90 487 
636 446 240 692 173 308 578 543 284 688 556 
867 666 7 100 626 54 460 627 320 27 971 
472 811 72 829 179 142 468 789 288 579 56 
613 248 161 279 555 100 280 397 69 989 636 
671 274 529 676 502 875 638 324 62 233 301 
435 731 23 394 79 722 489 847 61 367 430 
746 752 237 415 373 55 746 879 343 478 897 
859 183 485 125 600 736 908 460 428 338 943 
931 976 295 18 985 234 355 50 999 452 137 
943 878 929 312 524 194 622 229 685 444 987 
790 876 850 520 352 585 713 73 957 32 368 
789 921 280 393 888 696 914 399 279 134 835 
833 765 504 476 256 944 571 284 369 204 421 
712 340 819 588 42 254 95 376 776 444 564 
699 124 294 981 809 748 586 386 674 155 697 
715 606 452 130 828 786 370 532 61 80 679 
450 567 826 201 410 24 256 748 544 126 251 
887 357 694 586 356 510 692 139 433 171 584 
724 111 492 544 791 385 341 831 105 68 549 
837 306 970 580 726 272 814 6 880 752 596 
574 259 876 265 568 810 43 906 438 533 27 
821 108 391 289 204 971 626 917 937 148 940 
733 198 823 938 867 213 93 114 318 851 213 
781 706 793 666 179 912 28 495 941 354 390 
796 303 346 418 384 213 963 379 502 43 213 
829 851 385 237 929 831 803 952 220 557 888 
958 947 780 233 577 916 789 983 407 951 373 
626 791 873 743 363 801 192 89 489 510 10 
737 494 516 26 857 369 451 589 297 828 15 
823 375 660 872 69 694 61 46 726 794 417 
761 3 313 472 147 424 517 514 475 467 409 
794 6 102 516 514 230 736 397 536 948 995 
786 975 526 119 203 382 98 884 266 10 835 
1080 427 59 896 944 753 258 834 212 853 618 
415 314 393 1 66 503 746 97 436 115 297 
629 708 350 617 220 405 935 903 989 282 405 
686 396 822 640 188 732 561 766 498 695 797 
702 222 1 950 919 798 701 271 322 761 202 
880 339 733 259 860 165 688 302 99 533 388 
787 922 113 573 354 325 198 7 720 686 742 
687 907 319 914 105 265 87 782 410 55 408 
607 589 434 299 266 936 640 964 552 17 700 
647 5 642 372 228 815 312 769 575 680 733 
670 77 555 867 823 753 175 761 179 498 432 
635 551 7 649 707 109 693 315 757 897 302 
894 430 376 683 624 664 493 618 51 971 745 
481 620 428 148 644 2 194 718 61 677 696 
813 346 539 250 393 478 71 191 859 394 655 
583 452 443 45 109 813 984 302 585 161 633 
827 129 540 679 35 329 194 419 428 507 229 
618 237 110 151 331 943 210 588 287 168 995 
670 795 344 267 472 286 550 556 230 31 586 
719 885 326 296 527 601 657 30 17 183 484 
1002 783 368 932 739 876 956 194 219 673 475 
788 399 415 657 286 224 778 225 141 525 213 
883 516 824 568 832 354 831 791 113 697 356 
775 781 315 848 164 638 750 499 227 429 336 
578 527 222 733 211 577 447 425 817 507 194 
871 898 339 334 696 519 978 406 363 522 375 
905 645 320 449 406 889 672 177 679 590 944 
487 87 96 321 972 290 295 908 666 420 368 
745 300 515 449 653 104 3 119 448 736 205 
863 713 943 225 201 994 482 478 383 744 188 
914 485 707 518 20 804 537 735 337 397 22 
937 798 343 272 961 356 744 801 732 155 676 
667 304 65 748 639 514 471 895 124 593 947 
846 383 818 392 48 824 995 805 393 401 362 
845 66 12 819 509 997 413 214 80 257 951 
589 492 107 744 497 535 914 592 569 836 134 
592 815 456 142 730 179 986 295 14 88 739 
1204 954 739 986 264 35 857 762 905 680 942 
616 99 473 487 439 818 569 34 723 399 402 
760 44 127 141 800 603 416 633 504 191 271 
807 836 74 614 254 924 693 173 804 558 965 
1003 105 559 608 916 883 250 709 970 75 673 
675 353 637 347 979 838 335 876 184 78 204 
928 310 918 609 515 313 633 536 929 426 198 
682 548 912 932 496 553 858 513 218 430 320 
334 327 79 364 170 583 219 7 128 586 12 
724 505 20 59 758 914 130 695 669 808 962 
614 269 562 857 68 954 298 533 170 903 141 
788 908 727 825 726 367 51 386 206 794 432 
595 685 276 781 792 218 166 660 354 692 437 
621 3 411 430 381 46 487 969 332 476 118 
805 153 461 39 121 646 402 485 827 772 107 
697 955 730 431 424 651 490 34 839 785 515 
636 529 834 349 466 950 198 329 392 918 663 
855 408 295 245 947 425 255 298 536 362 243 
503 757 225 30 219 53 818 359 208 41 881 
902 175 79 304 847 611 908 769 307 461 576 
483 265 300 368 270 980 726 237 795 515 267 
997 806 499 581 354 177 247 231 738 963 441 
991 313 528 951 495 288 986 686 497 716 734 
625 953 281 144 634 438 644 826 243 182 767 
957 405 421 509 558 527 964 90 695 986 768 
734 611 334 4 210 468 732 411 322 566 670 
762 942 674 127 823 501 325 673 499 644 944 
639 759 153 137 141 947 409 352 127 1 526 
978 808 730 698 619 515 329 912 769 531 91 
391 522 123 245 77 275 159 273 694 515 35 
485 19 482 524 670 637 656 11 300 295 673 
663 733 843 882 712 810 95 702 248 550 88 
817 44 57 2 17 305 357 13 880 823 967 
423 920 38 212 750 433 76 44 531 541 562 
494 761 344 907 125 21 173 59 929 804 230 
989 980 777 279 832 883 814 561 274 92 453 
706 152 922 918 655 535 421 966 573 193 427 
582 102 486 921 645 119 746 498 591 626 736 
604 824 876 955 40 247 281 604 880 224 550 
765 101 738 543 288 434 181 526 510 972 427 
877 11 119 628 163 833 757 516 490 32 358 
663 268 247 381 900 365 331 645 355 289 814 
420 393 327 47 904 69 399 786 356 457 263 
591 598 633 95 493 672 588 179 473 64 776 
583 117 285 153 200 26 235 767 676 378 859 
693 402 300 621 646 528 528 688 537 32 335 
1046 448 346 967 406 619 203 953 708 564 456 
725 865 525 330 364 256 804 318 118 394 396 
1001 947 136 487 942 481 712 476 760 848 156 
840 46 407 345 996 798 620 753 113 27 882 
712 111 243 755 764 970 543 230 250 22 125 
850 748 283 645 892 950 80 127 771 196 337 
1057 742 744 359 989 532 759 190 815 468 888 
665 356 977 339 183 562 877 346 650 36 317 
719 731 571 140 220 899 997 969 981 157 62 
764 909 14 412 932 144 648 415 630 683 679 
782 376 725 774 17 661 395 757 977 715 733 
509 104 144 720 325 799 145 408 11 726 501 
844 596 520 362 414 258 664 41 630 397 55 
870 601 642 959 378 306 184 398 486 315 186 
673 590 875 823 332 495 451 625 458 346 916 
616 429 195 712 420 559 230 712 951 575 487 
682 288 907 229 114 102 147 710 346 729 869 
662 233 499 650 712 666 125 309 786 609 178 
627 883 765 308 527 46 501 629 815 690 78 
622 971 198 397 567 529 696 845 858 176 550 
981 677 681 821 457 1 742 917 884 703 110 
554 564 505 662 839 584 67 176 58 450 334 
547 258 180 196 511 185 851 124 176 754 130 
549 58 206 133 180 916 673 138 303 814 379 
918 664 690 304 347 684 229 262 767 202 661 
849 835 815 755 280 155 335 617 199 550 152 
734 497 932 67 215 457 807 101 738 601 188 
905 354 188 648 17 247 610 711 933 878 117 
911 600 131 31 16 185 735 805 750 862 808 
823 446 592 210 432 707 168 44 123 388 574 
586 407 563 893 937 391 800 373 211 633 140 
883 990 442 921 834 164 651 70 37 330 454 
792 937 908 639 375 277 390 434 597 374 490 
792 481 377 972 79 915 820 30 719 749 870 
1041 372 353 600 996 728 890 536 445 722 564 
954 628 279 52 371 447 860 34 972 982 329 
897 354 553 448 336 531 547 320 643 149 438 
649 614 428 333 204 258 659 988 553 672 510 
766 467 413 307 60 79 631 647 894 52 903 
537 525 321 843 173 322 290 148 704 977 996 
813 454 849 431 179 370 967 896 478 430 546 
656 241 577 974 882 630 630 94 474 288 471 
904 280 877 58 892 397 183 17 846 505 642 
773 221 447 713 523 750 360 318 684 685 530 
467 122 432 60 141 1 370 619 741 804 672 
928 822 885 221 312 959 638 872 33 47 255 
706 704 587 951 868 659 192 130 486 126 628 
905 361 812 259 642 625 755 924 348 181 909 
627 859 581 195 637 848 916 234 763 345 187 
696 531 872 349 923 988 124 660 730 225 585 
549 637 849 497 178 84 879 316 248 368 101 
694 371 339 297 627 234 395 317 175 976 150 
927 501 563 122 955 655 524 230 817 168 750 
950 477 944 317 916 513 780 481 979 649 806 
909 351 835 548 138 763 690 671 930 223 511 
844 951 670 680 551 774 146 460 760 770 788 
888 948 871 359 363 187 700 198 456 896 772 
797 916 983 537 98 523 608 241 740 76 159 
737 738 646 403 358 520 419 905 674 163 935 
584 323 804 828 999 976 127 103 107 149 230 
652 299 918 552 356 491 841 268 745 327 599 
807 653 972 234 830 817 877 877 620 327 170 
714 633 124 439 212 313 372 382 49 376 754 
963 689 573 561 280 306 600 700 560 690 529 
512 341 548 167 420 166 691 479 205 34 337 
559 803 325 662 200 115 872 346 492 57 336 
854 118 725 574 882 266 506 46 87 539 199 
611 732 254 391 921 190 905 23 161 514 864 
702 470 892 236 719 587 8 702 299 133 668 
838 716 832 592 900 775 375 488 492 192 159 
784 550 876 188 586 37 20 274 866 754 337 
816 235 14 902 141 267 54 877 258 643 903 
516 73 691 152 267 37 9 313 821 848 242 
667 53 251 582 932 639 15 334 287 77 13 
703 366 111 763 701 96 480 460 358 830 33 
517 56 317 103 422 272 881 37 773 555 461 
706 280 515 698 268 741 602 519 1 124 779 
348 990 33 348 397 228 105 191 96 431 327 
646 872 564 474 265 881 978 121 467 431 613 
940 816 167 77 616 938 397 915 147 997 44 
690 77 32 540 217 510 194 606 776 904 186 
809 875 290 220 417 744 715 330 600 624 460 
463 532 571 751 562 137 987 136 225 307 370 
602 312 764 472 656 285 295 644 643 454 66 
777 883 37 291 795 262 703 191 265 805 775 
592 23 582 138 127 271 8 285 895 353 29 
930 263 520 820 554 939 379 143 813 270 123 
914 428 356 481 728 692 503 585 10 78 766 
504 812 28 305 721 329 86 493 907 323 522 
666 80 961 888 780 379 863 887 470 262 530 
875 44 597 714 832 140 79 506 841 720 471 
890 807 973 426 189 345 962 171 806 520 201 
809 369 183 58 661 581 733 722 748 922 12 
843 459 639 879 312 690 68 456 926 713 171 
439 389 346 368 361 536 289 746 868 41 228 
482 338 37 460 930 67 493 83 210 424 690 
672 163 993 912 867 846 1 656 804 465 758 
1029 94 290 504 544 840 945 705 627 791 538 
908 855 771 194 298 497 850 63 70 197 653 
988 700 598 688 180 914 601 743 416 287 152 
947 772 779 343 247 847 654 687 841 87 214 
566 416 847 525 599 156 146 642 693 477 612 
805 848 829 722 32 30 967 941 617 200 804 
880 861 765 779 277 820 345 531 746 576 372 
548 804 288 648 316 253 562 156 401 666 141 
615 176 732 483 716 108 411 872 229 625 825 
629 474 329 879 942 708 110 808 9 216 184 
822 779 977 618 325 925 365 533 399 288 686 
561 997 120 926 4 420 304 20 361 314 377 
871 856 200 108 585 471 490 723 962 273 256 
934 21 628 224 388 775 823 968 146 261 381 
869 281 219 817 52 416 428 919 222 143 637 
851 605 29 171 995 573 78 707 313 413 595 
697 776 264 462 681 934 939 160 566 292 445 
962 686 404 919 783 55 371 210 236 777 663 
865 827 465 250 768 721 739 850 108 889 995 
539 407 863 903 474 270 549 159 11 1 128 
656 849 101 902 639 33 608 580 156 33 965 
616 570 459 837 133 291 22 516 927 80 412 
829 362 50 143 55 590 687 87 870 475 342 
670 481 240 181 916 776 948 939 783 819 256 
736 560 351 306 247 59 917 307 605 547 223 
699 320 561 137 621 102 252 302 294 398 716 
442 743 265 89 83 448 188 269 876 478 767 
842 323 670 702 218 215 51 180 488 962 672 
1094 823 487 272 925 429 893 667 959 865 914 
926 473 195 73 312 780 245 553 173 962 521 
532 1 251 765 32 405 988 946 627 461 600 
964 691 980 322 679 660 688 550 140 298 984 
1006 347 535 329 735 340 598 580 964 919 638 
992 384 685 532 450 875 416 73 754 415 422 
924 950 567 881 142 811 790 218 698 38 79 
668 811 55 2 810 729 228 684 982 290 796 
778 183 322 581 411 938 693 883 292 359 692 
915 194 24 605 687 962 568 498 933 60 281 
400 4 663 426 311 397 108 496 207 242 973 
689 808 73 815 23 921 771 146 387 765 635 
842 475 524 654 904 4 769 707 571 5 541 
404 340 484 992 85 10 177 139 343 320 353 
853 93 339 522 224 341 227 847 441 908 822 
914 137 688 328 413 382 973 570 22 968 785 
632 748 992 917 94 1000 888 411 256 797 163 
532 823 892 313 461 630 337 317 91 592 502 
897 396 536 116 504 669 424 391 516 964 38 
380 892 203 237 285 543 831 128 164 200 77 
545 243 651 77 548 53 716 486 138 445 449 
504 44 565 369 153 740 478 322 743 716 266 
1034 250 658 640 530 885 759 800 340 705 16 
565 56 890 471 271 528 49 894 392 697 769 
709 21 515 32 46 928 163 701 146 882 68 
674 127 236 168 612 209 780 742 970 508 651 
981 7 607 500 410 612 947 464 530 456 693 
1051 890 219 740 916 904 13 415 148 967 949 
861 316 398 548 762 394 162 980 472 636 78 
923 830 130 241 453 478 147 519 994 846 30 
758 137 239 233 705 919 260 125 159 583 886 
703 304 980 963 564 856 381 524 476 853 59 
881 514 141 886 55 251 927 47 440 912 535 
903 894 1000 848 585 205 297 939 596 989 883 
1035 198 629 769 904 578 812 169 756 720 531 
845 766 340 556 749 40 449 600 586 790 880 
434 818 509 3 348 125 344 170 225 209 138 
700 561 402 324 523 521 677 853 475 736 282 
809 506 567 441 718 914 695 80 117 805 759 
787 772 39 773 80 49 794 572 448 958 615 
660 908 601 160 249 304 999 987 385 782 488 
709 626 109 509 429 104 351 999 188 447 337 
879 646 101 19 810 870 126 147 913 96 417 
608 868 573 99 323 498 715 554 506 504 517 
811 310 82 639 657 793 690 337 697 785 207 
986 756 736 580 579 442 993 127 344 390 234 
506 78 307 152 336 225 35 90 627 744 635 
618 429 674 351 574 140 120 18 807 614 804 
887 716 585 838 402 473 660 384 793 109 896 
439 925 133 293 68 14 254 257 231 144 438 
668 257 990 463 59 760 265 707 742 955 673 
653 633 123 516 566 476 421 317 60 610 464 
468 779 418 254 802 94 310 908 245 101 339 
528 143 940 365 960 457 36 312 188 578 677 
506 991 480 112 502 731 843 357 98 558 201 
522 214 749 674 483 819 40 93 63 311 211 
634 481 801 833 737 196 523 865 746 668 291 
987 696 795 819 552 990 939 517 228 924 936 
626 381 955 768 51 822 601 203 720 133 764 
910 831 846 589 90 944 178 281 3 439 210 
