250 10 0
91936 98867 90601 92726 97805 90675 89572 93992 97042 89699 
454 765 512 427 979 428 377 223 284 462 80 
874 521 576 39 165 550 927 509 146 167 400 
747 825 422 294 205 465 539 327 601 125 458 
783 13 828 649 402 643 377 147 971 775 742 
707 880 996 758 383 583 305 186 463 575 629 
725 248 470 488 318 813 318 744 325 383 926 
673 471 281 258 939 615 623 357 684 664 181 
616 351 318 330 684 807 967 132 84 197 775 
677 36 857 603 934 971 8 594 795 326 317 
851 218 872 44 153 444 812 375 936 472 972 
620 795 326 420 267 435 611 345 362 250 428 
985 897 1000 489 663 672 166 17 991 430 350 
737 936 899 849 49 992 511 823 830 742 473 
618 22 648 54 696 964 70 939 925 671 452 
735 955 955 869 4 66 333 570 676 676 560 
1016 572 224 815 288 398 233 410 913 954 762 
933 691 441 344 703 100 868 306 989 295 113 
500 722 628 923 424 298 46 108 257 409 90 
644 330 687 459 373 19 488 803 930 467 764 
1002 786 381 22 18 730 937 240 987 826 789 
911 538 795 134 533 529 58 660 753 459 640 
840 262 531 746 825 312 903 291 187 279 487 
717 58 672 347 838 983 161 584 806 373 119 
682 603 525 651 539 259 681 728 925 93 520 
878 155 90 170 822 989 841 564 163 618 171 
1005 980 98 96 759 499 488 354 302 631 891 
907 266 13 614 941 985 82 581 390 763 845 
573 694 145 71 304 728 172 955 905 969 225 
724 484 257 490 185 944 931 587 24 549 401 
697 420 229 708 254 366 818 100 6 138 509 
776 567 355 294 753 126 369 652 660 495 21 
804 455 817 197 222 380 15 955 271 80 928 
725 650 88 517 85 816 666 335 309 660 738 
835 242 382 391 479 953 274 389 844 594 738 
743 892 240 189 816 323 334 450 280 557 904 
767 139 686 227 23 957 230 853 75 400 804 
542 187 706 176 846 108 41 417 890 913 703 
541 263 519 417 908 281 941 88 185 440 94 
723 530 1 441 953 113 663 710 425 145 143 
746 604 516 177 289 274 447 753 481 88 648 
858 2 540 761 292 554 969 144 446 913 853 
684 279 447 844 117 758 816 114 652 894 198 
901 229 820 2 521 649 907 473 37 924 225 
917 140 932 268 534 984 560 195 772 467 685 
718 982 261 125 463 225 832 618 790 254 225 
863 471 934 226 369 360 746 841 452 505 209 
918 548 509 711 646 935 608 491 814 590 158 
891 371 386 935 414 187 970 583 305 503 77 
667 442 491 322 357 293 609 54 324 901 194 
858 44 208 77 988 222 711 347 196 588 321 
1025 198 801 940 693 825 236 916 585 274 263 
834 137 852 549 124 477 890 414 655 658 981 
903 562 427 611 543 102 791 881 793 480 18 
1009 444 836 354 659 451 957 177 314 861 926 
838 605 619 404 363 444 630 629 684 500 145 
408 907 53 585 682 432 3 379 162 465 57 
736 146 717 495 7 608 663 892 35 235 370 
930 862 362 740 200 266 789 168 333 408 893 
583 476 417 486 982 707 267 762 47 315 46 
1068 254 508 705 701 371 709 715 900 761 300 
633 94 68 656 874 545 631 203 381 471 672 
717 936 238 170 789 803 657 163 274 293 523 
850 167 230 457 737 366 8 417 864 559 242 
717 444 408 775 960 943 403 592 483 257 158 
494 225 265 365 165 524 338 44 521 241 425 
856 196 735 240 499 484 127 243 750 195 980 
1018 775 663 846 922 571 74 359 683 1 550 
956 865 984 150 146 110 728 181 992 917 260 
886 231 666 807 320 200 153 331 222 288 926 
816 290 526 62 896 33 297 593 408 585 241 
526 123 772 978 540 832 374 110 336 437 135 
878 164 932 804 392 504 992 679 340 580 814 
687 1 278 139 613 855 401 88 530 208 161 
853 420 463 843 625 271 834 209 294 240 829 
628 509 540 521 11 444 250 40 947 216 67 
794 62 700 348 344 781 477 552 587 524 531 
924 35 29 579 520 847 927 973 926 49 716 
501 867 785 63 285 251 9 207 851 754 494 
691 153 791 313 195 272 824 498 257 281 681 
691 957 604 640 34 721 832 715 302 514 965 
608 799 42 13 404 747 499 328 931 294 606 
615 85 988 819 198 774 949 582 227 209 227 
864 270 209 236 318 25 190 818 455 689 853 
646 637 549 361 878 931 107 534 954 627 772 
891 264 896 281 785 967 959 270 536 719 516 
855 179 327 993 150 77 725 116 807 527 130 
1041 482 740 387 554 450 687 391 571 730 510 
560 555 803 470 470 364 408 690 634 378 443 
666 38 693 707 646 894 166 242 712 726 305 
946 571 671 195 413 130 796 15 599 753 832 
650 216 891 786 911 596 127 114 327 417 376 
860 585 1000 390 874 47 28 156 645 400 172 
735 172 985 261 680 67 565 967 22 649 341 
527 427 136 589 28 404 366 766 523 155 757 
1021 824 374 344 665 165 441 615 905 979 456 
712 408 91 526 557 765 105 401 959 260 893 
902 131 68 906 497 817 419 579 105 668 815 
558 936 363 257 969 535 621 408 304 706 244 
584 282 976 155 266 593 456 188 259 297 700 
727 825 359 201 731 718 679 724 368 736 431 
647 69 179 306 127 755 464 400 509 316 522 
597 514 427 62 720 691 170 861 266 995 38 
517 11 810 469 444 163 903 390 227 371 430 
974 929 157 746 239 583 496 623 503 687 818 
832 616 689 136 129 891 30 393 686 700 121 
1048 760 896 256 806 981 292 45 494 270 849 
943 611 581 89 737 714 881 446 907 750 915 
659 888 458 242 6 311 349 146 916 680 411 
753 696 773 236 90 179 690 841 181 975 50 
757 946 135 734 789 464 986 44 108 66 595 
761 836 194 868 555 580 575 895 14 733 728 
1001 568 806 411 637 471 395 806 328 427 992 
558 99 415 553 459 805 241 947 249 866 243 
967 874 463 182 142 209 49 819 518 791 697 
837 570 858 187 83 603 246 516 535 928 728 
552 606 90 737 723 12 221 233 701 830 921 
992 363 610 343 26 603 410 456 324 991 1000 
445 170 284 168 658 790 484 261 12 510 581 
730 403 876 424 890 729 181 612 857 543 181 
772 707 614 611 974 181 193 991 157 271 7 
362 191 81 255 389 253 376 317 11 121 72 
893 628 154 581 254 876 702 799 611 522 611 
954 830 962 732 737 533 487 524 205 757 228 
652 375 365 517 135 157 2 597 332 966 649 
400 598 65 720 540 262 268 536 499 282 2 
829 140 353 150 850 818 113 12 658 883 459 
1002 242 954 827 792 283 652 80 295 845 271 
957 465 193 386 940 512 481 381 716 874 259 
533 327 114 244 874 510 60 806 59 958 98 
876 974 67 300 321 457 964 563 866 662 956 
1166 885 941 978 304 901 807 514 240 805 360 
604 489 334 692 1 702 538 992 420 336 517 
602 84 988 649 482 142 541 183 389 86 923 
956 390 382 786 358 992 262 826 336 493 77 
603 394 882 106 346 172 103 278 770 453 387 
624 18 512 611 726 217 191 831 224 579 4 
987 216 747 552 280 997 178 195 604 732 436 
553 684 26 644 242 457 453 654 572 471 546 
655 407 904 258 716 716 439 299 749 206 361 
656 609 76 151 463 358 487 792 199 87 955 
799 964 803 440 710 940 66 885 557 513 843 
694 396 913 903 64 933 725 89 46 808 256 
764 939 893 694 103 874 469 42 332 210 147 
638 670 720 870 127 293 269 393 686 907 687 
921 158 291 480 956 291 898 124 229 256 667 
621 478 970 310 596 512 370 947 390 119 689 
691 946 785 681 138 599 931 692 294 336 173 
918 901 897 645 897 712 976 901 208 897 301 
816 516 953 782 860 962 432 393 863 352 468 
818 234 980 415 79 533 899 260 40 690 518 
691 358 186 771 716 985 46 701 566 235 606 
876 907 359 151 379 237 685 985 194 807 108 
756 747 536 754 930 648 139 221 954 236 518 
564 513 474 897 268 552 308 607 265 834 672 
812 181 326 514 251 918 569 858 906 79 697 
649 456 762 629 291 172 151 46 952 684 418 
871 491 340 538 983 52 19 118 795 435 221 
749 364 779 764 440 805 826 38 189 214 869 
675 101 386 138 311 224 874 771 715 756 77 
739 121 4 131 454 303 618 908 114 338 488 
395 790 377 116 296 740 4 61 56 910 596 
769 621 950 799 907 635 436 269 788 96 611 
549 576 949 157 581 367 856 193 177 318 405 
750 403 540 783 445 589 642 187 323 269 61 
580 668 351 365 424 592 930 720 399 317 770 
753 864 472 634 393 855 271 152 801 785 406 
625 752 540 673 557 969 153 790 340 162 846 
829 703 653 312 631 101 735 393 175 415 747 
878 416 94 588 946 989 291 800 178 128 940 
564 839 669 983 439 459 654 644 72 364 281 
605 128 939 860 51 298 501 255 858 160 700 
591 289 235 266 693 546 852 458 675 737 907 
565 776 873 13 205 19 671 626 180 847 615 
696 712 736 729 829 11 730 110 329 390 445 
963 248 616 936 847 612 665 195 788 880 875 
673 110 265 643 519 35 556 387 865 769 145 
940 647 708 31 997 350 896 710 801 656 956 
582 687 147 458 25 467 111 733 385 473 5 
531 838 736 46 651 180 173 304 830 79 950 
893 984 810 45 905 791 764 84 50 302 200 
377 10 517 365 541 93 57 513 215 724 202 
1119 603 837 462 613 131 859 561 844 827 566 
796 781 382 739 846 666 701 122 122 774 554 
537 691 638 306 285 35 710 145 786 109 67 
816 101 844 525 175 820 200 691 542 671 389 
685 273 903 329 686 933 485 408 450 842 295 
688 335 616 302 333 47 768 722 205 255 511 
985 661 464 729 183 332 874 199 458 313 817 
970 67 817 930 431 290 539 240 416 875 544 
556 338 989 841 820 772 353 476 398 299 148 
493 289 943 869 581 164 194 704 708 287 52 
540 104 146 306 555 411 637 663 696 347 238 
786 47 194 497 507 426 357 6 976 644 987 
811 686 188 602 72 484 622 270 807 303 546 
867 243 793 506 657 918 497 289 638 914 408 
786 878 256 626 47 211 439 732 287 927 560 
942 542 266 461 587 273 917 676 596 898 444 
538 454 999 502 177 778 275 1 612 685 297 
903 772 120 546 558 572 778 374 713 489 968 
602 17 660 831 840 387 118 468 606 739 384 
544 457 120 379 519 236 874 909 282 265 519 
756 371 18 129 356 546 997 574 690 429 253 
741 832 521 167 327 668 42 106 169 11 396 
829 368 798 395 398 572 284 800 81 390 661 
894 931 477 405 293 703 97 831 772 792 166 
630 39 907 405 647 162 194 371 694 169 515 
898 289 109 866 497 224 339 666 428 959 560 
906 728 697 729 710 465 624 236 697 53 192 
1120 950 763 848 663 909 481 790 867 579 623 
742 790 940 531 579 586 778 826 273 164 516 
671 582 87 586 575 108 605 289 719 454 914 
705 89 551 49 211 154 392 549 300 52 481 
805 302 406 180 615 283 61 103 733 424 688 
749 620 273 604 301 55 475 803 446 96 571 
544 846 425 306 195 428 416 235 887 104 576 
488 284 82 828 171 839 354 549 693 214 772 
941 730 611 751 466 764 127 166 286 116 555 
926 918 17 635 428 596 873 514 972 425 598 
622 875 327 6 576 40 410 934 198 981 103 
768 965 623 270 147 789 684 208 370 916 59 
631 783 482 200 901 466 829 214 528 771 489 
803 416 551 818 88 240 463 990 708 939 911 
729 974 376 436 363 559 413 23 523 991 156 
645 596 435 293 347 866 617 860 351 752 499 
947 179 725 923 226 968 277 780 979 761 312 
641 473 797 207 542 614 944 118 650 612 399 
801 902 968 355 411 916 333 306 976 570 347 
413 371 410 62 287 704 25 203 14 239 318 
780 665 638 802 729 290 231 658 698 348 308 
775 560 189 549 438 206 116 795 867 425 175 
958 352 743 460 764 739 492 766 66 867 697 
734 606 412 762 890 611 524 56 179 855 283 
674 290 419 694 599 962 559 700 762 838 727 
567 454 32 513 641 775 500 813 115 482 198 
631 934 344 194 448 626 206 924 403 289 545 
1094 54 742 875 778 970 502 467 416 951 255 
1155 933 856 776 751 985 215 820 643 636 504 
790 704 186 851 379 729 996 399 412 852 345 
774 567 665 811 632 655 756 430 935 335 240 
721 53 930 665 12 272 571 228 126 487 146 
528 540 448 202 315 681 567 782 773 552 236 
549 643 668 80 404 644 179 986 205 2 398 
778 338 149 580 413 502 258 792 88 812 930 
909 823 486 690 78 704 477 752 294 531 193 
1017 551 931 564 752 917 428 699 969 246 928 
631 510 87 634 790 658 11 195 176 250 71 
577 474 362 735 145 135 175 920 386 681 9 
607 596 52 845 863 66 201 351 482 619 71 
577 133 574 320 428 93 848 486 372 736 946 
768 253 465 759 638 613 256 188 865 729 703 
