250 10 0
63148 63691 63764 60880 63978 66611 63438 63325 58533 63635 
687 734 558 520 911 158 671 184 792 507 247 
724 962 285 531 192 1 677 288 194 826 453 
978 85 874 263 894 530 770 46 444 821 787 
588 285 165 22 584 628 639 729 169 182 589 
636 596 575 305 680 943 155 130 781 38 329 
1022 109 822 644 677 921 286 640 842 283 816 
965 661 171 598 843 211 574 622 253 472 610 
728 293 651 100 998 393 657 323 73 104 798 
887 463 174 574 402 885 262 931 42 207 960 
916 691 40 415 642 470 802 483 14 727 851 
555 13 636 478 155 646 41 423 971 965 621 
801 933 755 912 3 936 117 925 851 392 249 
810 46 636 788 314 34 218 986 96 573 124 
845 492 809 47 240 877 247 350 213 357 963 
524 95 978 892 70 194 176 454 792 706 277 
468 239 528 384 29 129 912 389 451 598 593 
715 924 89 1 113 281 680 655 31 848 9 
879 662 621 773 374 494 295 348 807 386 58 
749 296 475 863 24 378 996 838 834 462 817 
871 886 877 722 440 223 920 272 366 99 662 
561 424 950 362 374 729 541 671 10 489 478 
628 989 38 746 836 296 773 966 140 295 307 
687 581 387 248 362 153 50 454 457 347 665 
1030 480 990 201 914 728 173 810 600 686 765 
644 221 938 101 478 785 694 403 973 254 393 
716 166 358 682 318 116 570 951 989 227 38 
652 7 111 617 286 524 225 349 42 834 926 
727 15 598 833 632 684 734 325 919 878 71 
550 423 736 309 164 622 500 904 104 351 810 
485 111 678 889 729 236 262 328 233 928 385 
757 606 778 327 594 153 974 166 390 529 150 
711 990 299 83 195 118 365 338 490 455 987 
615 266 491 537 768 885 781 461 752 193 598 
579 182 844 962 912 474 447 400 608 293 357 
641 447 851 935 828 507 687 59 978 302 241 
806 283 931 991 416 957 26 496 711 852 851 
970 611 593 756 369 92 561 727 698 629 409 
417 436 29 252 115 168 411 705 277 289 188 
968 773 947 290 839 771 601 515 109 192 260 
485 233 468 341 370 26 792 415 47 608 607 
839 163 880 698 314 614 183 691 735 176 952 
682 471 816 362 940 91 710 35 486 378 955 
603 977 15 760 825 734 265 836 483 962 24 
801 690 711 593 544 976 657 715 426 444 172 
661 62 140 215 541 690 834 800 397 304 803 
975 914 943 574 25 575 233 106 875 961 380 
941 897 386 798 869 313 573 327 76 430 170 
692 334 43 185 694 581 435 738 321 216 82 
956 160 364 191 243 890 560 787 883 612 94 
578 717 35 510 200 697 952 951 88 46 360 
1036 752 335 959 207 917 760 325 156 331 720 
860 663 968 104 789 186 399 52 472 347 199 
888 666 111 733 407 36 300 607 610 977 817 
607 620 215 722 679 214 434 734 330 403 278 
736 987 34 379 275 946 624 517 24 374 553 
869 840 778 673 353 140 765 565 568 280 623 
1023 767 274 636 133 827 552 419 149 571 989 
569 729 209 747 774 863 343 596 771 178 350 
507 208 28 954 340 76 568 715 621 938 297 
512 737 146 299 30 48 210 19 509 774 801 
686 562 806 240 926 171 309 393 511 418 445 
697 400 119 523 355 296 468 270 101 29 349 
763 156 832 703 333 336 979 120 105 744 951 
787 692 611 791 234 472 621 784 684 678 208 
726 523 819 810 96 111 477 903 694 520 214 
535 158 512 580 339 21 349 434 625 817 822 
847 971 465 636 145 909 551 699 870 444 103 
649 204 673 570 472 904 92 935 731 850 622 
965 789 367 573 176 98 703 336 523 955 479 
924 593 773 273 929 252 718 47 797 489 524 
571 103 351 522 916 211 486 747 178 909 206 
863 419 74 818 978 624 448 870 710 538 176 
1001 217 540 83 847 191 1000 320 790 727 454 
782 438 787 863 248 912 842 795 831 435 330 
807 476 285 573 126 365 603 905 32 898 874 
943 456 833 818 3 143 323 800 965 670 761 
753 233 357 102 685 482 433 833 324 65 496 
452 324 242 385 944 324 672 136 364 21 47 
960 969 84 521 322 877 513 567 380 485 101 
900 762 767 222 488 907 133 920 158 674 672 
543 931 223 465 447 930 406 216 80 740 686 
486 380 875 750 347 321 721 197 6 895 154 
615 991 413 31 450 979 179 436 824 113 469 
918 671 912 342 917 411 442 540 67 653 193 
663 307 223 562 818 85 864 15 819 868 456 
811 269 556 932 261 837 602 654 961 237 522 
663 30 489 141 464 126 355 739 377 667 364 
918 747 726 218 399 416 516 951 700 856 589 
674 840 391 149 261 530 310 145 355 363 483 
1038 689 386 992 237 420 273 851 748 298 722 
859 644 745 689 789 335 812 478 137 354 224 
963 417 337 457 453 959 431 852 763 719 320 
922 858 912 714 832 492 512 72 732 990 34 
933 986 779 333 773 763 545 106 353 582 406 
841 589 252 92 114 720 781 349 819 861 122 
679 739 865 386 84 984 416 51 841 817 350 
838 56 567 746 807 667 207 102 857 479 381 
713 66 73 464 523 617 838 556 947 980 480 
373 122 668 6 48 503 147 46 753 57 191 
680 929 864 343 255 292 668 22 148 983 901 
805 507 375 828 228 674 310 573 1000 337 860 
329 252 445 549 421 245 104 727 266 163 33 
784 81 671 589 751 713 638 876 165 439 249 
846 395 683 893 939 273 946 417 501 406 360 
645 242 498 490 448 857 521 871 97 534 386 
822 62 177 427 655 781 63 633 599 162 593 
472 640 862 741 473 241 271 168 345 399 371 
1014 359 602 556 260 317 457 883 339 972 873 
829 204 527 850 848 897 312 68 477 368 594 
686 443 292 808 164 819 227 495 752 787 516 
578 241 496 678 996 910 47 560 567 335 86 
983 833 749 758 730 307 663 143 177 100 668 
796 32 602 813 591 89 729 807 734 464 218 
782 459 612 781 358 56 824 313 843 74 922 
1000 75 628 361 961 14 854 506 631 914 150 
741 166 469 289 961 408 854 209 16 362 700 
528 844 790 850 567 323 296 56 291 370 434 
902 49 877 463 958 525 283 190 282 358 509 
654 710 352 744 33 597 581 902 420 912 372 
981 783 682 652 611 373 687 232 797 270 686 
1059 215 163 672 950 445 760 760 968 998 858 
541 535 651 522 674 198 680 334 202 565 769 
547 821 493 904 440 299 909 510 21 81 722 
588 102 554 236 29 66 868 640 416 537 927 
1053 623 864 445 202 424 895 854 895 548 71 
562 644 353 278 537 77 655 443 59 197 454 
632 321 391 175 472 968 204 455 285 602 304 
735 865 124 436 124 199 807 732 313 496 662 
1005 665 815 154 485 938 315 123 456 847 372 
671 881 151 39 199 968 602 511 896 94 660 
1016 794 349 197 750 880 891 157 810 611 561 
650 713 320 510 534 18 467 958 611 363 569 
997 541 611 218 783 700 318 607 769 334 544 
675 663 357 950 273 562 920 540 852 545 146 
835 813 588 917 499 439 248 751 637 38 436 
739 625 80 996 560 519 798 855 509 108 280 
586 405 922 382 79 403 682 338 518 122 724 
636 80 515 217 8 970 382 837 568 478 662 
808 419 563 296 602 891 260 672 862 376 812 
517 136 74 693 531 450 123 357 685 96 316 
927 489 330 643 31 895 669 274 280 124 928 
654 871 900 130 926 101 18 808 111 152 260 
815 847 135 246 164 948 308 49 437 420 926 
849 13 764 665 621 366 873 919 708 543 566 
867 804 261 630 49 678 403 288 933 337 410 
496 793 254 2 161 388 255 329 797 298 216 
841 893 837 667 37 829 784 78 920 36 718 
662 869 814 98 321 227 486 449 519 891 191 
819 332 524 916 669 62 942 137 347 92 230 
1113 880 754 972 682 821 407 533 915 366 865 
675 3 9 290 644 543 886 223 456 239 705 
852 294 62 560 198 281 577 208 698 530 131 
704 220 517 332 496 140 214 301 340 322 924 
828 715 835 553 973 939 652 235 100 985 483 
781 905 208 349 190 97 516 963 26 249 439 
981 912 830 251 224 856 338 885 469 892 564 
555 338 980 625 412 743 144 362 255 436 261 
721 799 225 815 806 717 109 618 365 288 75 
890 744 383 224 647 954 623 324 118 357 688 
711 568 414 582 376 579 506 258 868 260 960 
745 7 539 777 458 859 201 893 685 647 891 
610 308 443 681 23 576 706 458 319 969 369 
946 636 795 801 789 762 598 61 9 403 596 
839 116 505 32 804 48 313 397 799 478 385 
653 297 737 919 152 687 711 389 830 371 267 
898 488 46 308 396 339 438 308 563 673 447 
624 145 493 288 173 291 829 117 635 242 904 
891 30 776 401 951 360 315 287 702 764 320 
961 195 803 624 674 174 779 880 663 733 339 
1152 724 935 735 771 86 806 809 434 640 835 
818 663 675 478 498 739 122 904 344 868 500 
1033 825 489 575 687 567 194 836 635 89 938 
829 535 422 751 826 838 984 234 748 645 308 
628 552 26 208 76 930 317 427 121 127 742 
1187 900 992 791 497 199 682 601 959 620 973 
714 757 621 351 9 194 947 368 957 274 430 
855 145 856 242 871 25 355 322 973 159 878 
589 718 185 158 909 70 613 230 294 5 890 
767 462 526 950 686 55 138 674 516 768 59 
711 642 932 2 892 987 904 646 735 495 483 
766 68 345 97 270 783 584 219 899 274 837 
737 633 915 770 650 847 589 140 254 44 670 
1007 629 697 245 436 820 405 439 957 286 201 
923 774 777 596 15 102 512 56 733 101 708 
697 968 45 961 939 968 648 514 567 810 80 
919 245 842 413 246 580 654 627 635 759 929 
772 890 227 754 182 913 920 197 687 40 728 
821 807 77 38 460 121 304 13 953 752 592 
879 418 486 765 734 394 228 540 126 701 284 
619 219 699 896 580 349 676 767 950 224 543 
518 458 615 104 280 756 734 974 103 264 19 
830 495 557 70 513 278 328 133 921 571 19 
1058 681 771 991 566 383 625 45 710 992 234 
739 547 715 573 876 441 516 902 448 443 383 
687 496 998 922 253 995 556 769 103 90 688 
979 234 298 324 363 192 678 917 890 817 991 
717 658 466 658 543 851 841 888 239 575 973 
892 271 734 25 614 522 618 656 944 539 976 
854 670 867 312 263 151 372 772 830 27 804 
701 449 316 684 409 486 771 659 160 719 360 
726 347 263 247 842 65 932 290 346 231 465 
681 257 111 670 168 233 951 59 347 632 175 
389 274 815 39 464 266 114 329 870 45 67 
754 308 198 465 937 762 958 322 852 607 770 
830 959 667 929 648 715 179 821 563 179 52 
740 613 86 394 232 873 389 736 535 366 578 
869 25 915 242 836 151 873 450 268 95 594 
688 673 160 600 621 289 492 379 244 252 51 
975 967 99 609 615 475 945 205 126 281 598 
802 68 557 945 440 349 34 111 910 436 177 
576 388 122 651 770 453 251 556 98 366 229 
537 655 527 528 299 648 717 103 89 198 808 
1126 979 917 512 873 901 983 813 683 394 920 
679 525 81 275 221 672 438 963 762 289 922 
798 516 370 127 710 563 58 948 796 903 327 
885 945 700 258 32 483 13 718 268 669 696 
1016 586 162 792 295 832 862 543 184 875 854 
574 404 881 77 293 89 453 765 917 887 937 
587 126 518 125 345 59 113 780 557 72 572 
665 819 87 125 890 493 880 670 398 158 714 
573 679 420 161 32 488 324 653 715 23 795 
896 320 303 736 163 514 578 985 102 948 121 
968 39 93 573 643 735 482 315 959 737 824 
738 982 105 150 551 903 514 701 1 119 648 
1029 912 207 341 553 781 938 610 676 9 521 
932 829 809 852 93 292 474 763 739 852 550 
843 510 583 104 477 485 382 32 396 150 558 
536 540 388 186 233 560 913 549 785 474 209 
483 133 415 715 987 41 875 159 180 171 350 
742 438 567 459 984 701 412 632 145 481 998 
786 653 205 955 121 337 726 181 63 345 305 
1000 714 972 723 878 504 771 683 842 468 847 
751 917 13 452 240 756 621 295 593 190 389 
802 440 322 285 344 709 969 516 148 702 586 
753 53 606 939 357 846 428 388 233 897 850 
680 232 666 83 985 669 815 341 961 842 493 
1008 545 208 478 275 992 917 618 924 376 921 
1040 759 721 767 849 915 648 78 639 406 608 
773 516 233 655 188 196 368 114 365 677 709 
969 594 180 964 298 834 453 447 74 663 254 
664 964 829 396 282 924 284 706 176 143 602 
504 705 131 634 52 970 495 949 211 23 310 
885 104 983 952 172 840 627 661 595 607 220 
663 379 646 588 502 475 21 812 269 400 741 
794 161 647 602 573 464 412 983 99 263 189 
810 188 355 93 986 947 944 985 280 413 614 
888 336 299 354 637 350 318 975 781 144 24 
954 214 271 577 862 760 936 748 855 76 872 
989 291 878 993 556 421 784 163 9 559 597 
927 664 766 170 603 697 121 714 516 632 717 
