500 10 0
60589 62150 59432 61740 62977 61186 60721 60640 65126 57802 
653 833 323 510 3 276 34 673 93 770 142 
854 221 328 299 15 552 851 830 211 548 508 
738 169 378 14 718 540 151 887 151 741 186 
768 843 859 516 146 392 618 680 505 379 52 
812 665 422 57 482 731 78 324 579 7 700 
375 541 337 206 438 647 85 497 162 623 41 
452 687 853 43 449 253 93 398 170 299 801 
600 300 579 700 50 726 227 154 325 107 159 
790 122 247 233 791 613 362 922 593 698 945 
848 62 295 714 962 878 458 529 603 765 268 
1074 430 915 782 829 396 335 783 453 833 377 
748 202 460 438 35 90 293 411 334 195 309 
815 167 865 961 538 521 779 824 172 875 97 
556 127 746 331 618 295 455 519 622 172 460 
718 642 544 35 391 493 375 172 971 97 171 
821 316 515 136 963 162 237 404 549 230 703 
899 590 141 855 461 367 142 358 767 967 954 
545 214 288 782 502 45 571 236 1 946 572 
456 169 474 288 267 5 867 195 521 394 796 
833 49 84 725 607 195 508 291 850 187 158 
623 292 224 384 203 32 659 267 564 785 575 
910 576 828 773 208 614 493 819 744 968 29 
864 876 594 365 516 980 756 748 360 48 636 
421 214 345 667 443 636 173 665 133 405 268 
805 624 413 688 1000 325 679 626 414 215 232 
780 160 141 496 134 752 7 847 404 494 445 
713 473 5 591 580 160 219 241 56 40 204 
453 547 334 276 645 226 945 475 110 538 179 
632 720 27 937 352 961 900 578 22 475 788 
790 644 540 386 444 13 76 495 867 138 650 
626 526 737 876 994 171 473 609 161 301 121 
895 526 29 228 896 410 708 337 219 899 258 
539 118 101 231 73 661 985 392 123 478 322 
668 722 298 745 252 294 49 756 827 48 997 
853 645 280 678 526 42 756 859 849 553 243 
800 517 753 487 361 792 110 97 981 808 572 
710 873 396 900 304 438 104 246 817 804 570 
772 909 477 939 238 505 934 919 494 736 910 
968 387 983 344 542 13 320 362 604 805 628 
409 3 61 432 356 154 305 265 641 272 414 
503 123 604 96 589 449 324 848 733 303 214 
687 319 601 25 837 322 276 530 651 211 371 
618 623 339 858 198 972 292 317 711 759 273 
486 346 571 840 196 859 573 126 215 244 531 
981 453 161 687 373 314 607 114 814 700 895 
664 606 455 925 278 267 436 501 131 251 904 
805 778 56 100 914 400 591 923 242 870 130 
581 403 324 477 397 312 21 991 860 473 898 
775 837 176 376 627 480 509 644 988 352 762 
995 518 991 346 826 971 444 165 262 861 517 
617 370 224 292 123 397 566 873 457 463 417 
699 342 579 319 610 292 662 432 888 967 123 
729 139 725 953 30 561 610 552 445 913 199 
803 738 387 895 902 640 648 524 873 39 34 
936 782 197 391 762 905 991 92 305 173 757 
1177 868 919 825 948 525 613 632 911 373 364 
914 278 783 140 48 652 340 505 955 924 997 
580 722 867 747 919 196 50 171 737 154 91 
591 418 776 666 568 302 450 165 715 138 811 
847 293 844 939 921 843 982 593 512 696 141 
749 465 677 943 564 594 215 211 711 370 231 
917 643 682 992 999 264 929 951 211 574 484 
1112 920 950 974 633 878 156 775 818 736 353 
574 59 833 234 320 868 317 403 143 512 453 
616 172 87 374 229 595 853 603 108 458 581 
947 442 979 408 61 171 794 958 987 872 428 
551 682 477 220 148 219 995 281 108 437 763 
718 947 399 444 750 888 213 392 587 833 579 
939 92 933 265 822 954 602 685 659 972 954 
933 223 694 248 600 585 729 601 961 756 825 
1044 962 690 510 172 684 609 980 762 130 545 
928 575 646 85 595 549 521 373 46 441 604 
654 203 40 757 174 728 800 743 314 771 160 
880 721 984 342 914 204 254 879 26 538 318 
816 421 984 305 635 543 842 819 104 923 198 
869 596 831 339 665 66 974 429 912 134 439 
710 734 994 188 303 433 24 1 660 528 886 
492 612 318 692 148 563 832 69 484 202 526 
937 339 63 812 155 377 460 238 611 804 713 
922 588 9 834 689 116 892 493 730 902 658 
1088 312 598 940 363 673 867 688 814 533 701 
897 909 911 18 285 13 619 415 687 575 792 
762 632 546 754 212 878 216 837 685 384 170 
449 219 13 463 358 290 128 735 19 843 243 
667 529 360 687 845 637 868 15 831 49 590 
1173 154 932 765 731 291 961 564 820 901 680 
730 144 631 511 741 441 716 13 154 89 420 
1030 218 88 996 862 408 788 928 629 653 709 
697 686 347 128 976 513 102 317 469 317 811 
610 505 65 857 877 841 169 421 695 226 401 
533 508 189 404 91 770 310 484 864 214 180 
676 182 196 64 172 423 689 960 365 93 113 
614 711 595 480 299 612 228 325 679 263 896 
890 871 960 856 230 211 753 325 716 542 13 
530 271 431 571 147 883 248 628 217 871 29 
992 901 613 947 207 431 25 660 717 386 520 
678 99 801 940 407 709 332 216 470 710 415 
908 973 762 200 218 847 589 502 195 986 112 
693 647 98 513 271 721 158 457 392 394 194 
900 949 852 484 552 401 696 253 194 918 393 
637 860 320 487 109 917 770 698 242 25 37 
915 322 548 973 525 534 485 878 635 906 184 
627 996 40 534 169 10 297 482 293 643 88 
897 269 205 20 878 647 108 935 324 830 248 
883 10 449 30 970 9 478 486 558 573 497 
591 315 115 75 824 562 24 286 399 402 165 
903 386 842 533 499 331 289 282 456 517 233 
430 65 649 207 377 416 536 801 144 699 8 
717 72 316 904 944 966 582 491 540 165 382 
654 579 848 178 987 343 691 574 594 377 144 
697 390 551 988 603 263 12 556 231 979 537 
591 166 467 341 320 733 956 295 463 308 526 
793 944 865 450 156 171 777 76 222 31 669 
777 771 274 279 337 89 663 850 692 8 236 
737 514 639 659 375 126 873 272 359 653 573 
1143 737 954 877 596 916 794 513 620 520 654 
904 95 857 404 850 836 840 496 681 568 604 
749 191 430 367 486 281 782 725 147 377 471 
1003 313 535 636 708 868 843 431 748 932 969 
894 335 348 740 537 840 552 441 616 580 450 
570 169 784 524 304 141 365 462 882 839 99 
962 734 782 955 634 830 907 263 248 471 879 
530 649 690 407 46 133 255 848 97 804 542 
908 20 229 696 687 829 73 527 438 416 269 
965 539 862 622 844 585 313 326 661 442 453 
655 439 605 585 234 694 549 264 166 610 541 
913 795 124 483 598 944 508 144 159 708 798 
714 477 42 624 196 924 715 844 870 977 780 
418 651 562 41 574 589 311 791 130 44 121 
929 187 630 168 859 962 761 354 315 567 259 
951 364 646 652 191 722 908 916 773 878 56 
809 356 800 23 176 835 30 385 378 240 199 
580 975 262 399 189 767 993 836 118 505 347 
730 336 648 778 525 130 194 144 795 841 900 
525 377 855 246 215 40 870 478 763 783 177 
595 975 627 228 870 889 9 806 114 893 114 
690 999 64 77 899 966 310 534 26 294 359 
998 199 954 303 721 109 506 904 337 434 864 
1116 533 281 333 526 858 777 849 823 725 528 
601 952 600 267 973 164 236 505 31 715 543 
770 332 798 237 792 728 712 393 94 915 878 
808 530 765 213 763 126 733 266 814 792 316 
818 66 191 443 968 738 41 621 780 620 440 
539 530 913 73 554 955 100 484 914 347 135 
510 5 623 763 919 78 295 806 380 14 592 
723 695 358 585 565 328 202 845 821 824 891 
459 32 776 142 59 743 970 280 166 455 148 
761 967 979 601 931 219 179 93 162 485 125 
970 573 361 182 587 928 352 794 604 415 208 
1063 810 824 813 401 448 208 542 388 882 423 
625 713 845 751 143 2 437 571 614 678 972 
341 460 50 250 180 306 12 532 519 122 512 
778 159 38 546 583 111 98 755 851 749 85 
690 71 196 143 172 981 402 336 258 626 157 
569 200 33 498 936 253 45 432 5 972 666 
421 633 256 901 153 709 79 334 202 138 116 
774 293 902 167 136 111 190 118 274 763 686 
846 51 824 309 315 912 595 314 785 170 580 
956 549 733 902 508 127 455 836 130 854 227 
758 682 111 152 176 570 48 92 617 679 103 
774 459 419 436 427 625 709 233 807 986 955 
897 397 465 642 247 131 768 995 34 768 900 
905 809 697 116 508 16 677 104 628 571 941 
713 16 868 956 197 12 319 275 580 62 885 
866 502 575 561 661 906 999 685 950 917 524 
550 823 40 454 89 507 56 686 467 275 326 
1007 834 577 16 285 125 738 343 894 829 957 
529 285 655 870 18 42 256 546 304 416 59 
850 347 77 471 375 149 975 527 774 934 218 
405 140 356 153 419 301 284 325 466 12 959 
455 798 205 257 221 490 451 120 638 188 773 
485 241 428 127 724 583 913 54 862 45 819 
533 337 153 617 222 32 727 242 611 116 447 
821 384 765 295 651 26 493 679 238 751 43 
878 575 880 904 116 18 490 785 92 413 720 
633 7 347 35 438 207 765 317 187 380 828 
562 486 321 6 900 145 668 222 487 529 359 
594 19 572 601 609 66 218 986 210 662 548 
713 427 67 563 783 785 9 423 402 429 558 
918 70 760 229 908 798 507 659 590 474 127 
385 355 128 133 480 711 570 511 88 725 19 
857 868 268 574 451 690 79 215 288 426 528 
1013 840 345 910 910 499 553 31 504 608 686 
477 232 258 653 15 464 357 960 3 488 145 
795 967 623 592 398 721 997 357 295 253 185 
778 693 306 270 605 853 381 488 415 937 691 
548 977 41 422 568 844 48 796 324 399 462 
562 397 220 295 963 264 746 206 762 747 164 
878 812 787 180 990 519 229 639 246 273 29 
943 306 571 818 289 891 844 305 540 510 921 
631 355 42 253 156 567 996 358 76 453 803 
495 45 829 355 354 66 474 12 686 745 380 
988 35 684 998 926 162 711 862 950 872 741 
935 425 665 156 704 948 888 649 706 715 194 
586 415 363 380 127 155 738 695 635 840 282 
687 96 311 35 895 543 604 732 943 664 202 
421 1000 418 101 543 532 163 323 283 332 391 
843 400 749 923 143 859 14 80 882 511 324 
967 397 406 51 972 456 300 598 933 64 794 
938 654 746 41 90 651 898 348 799 655 186 
692 38 247 903 79 758 722 680 817 605 276 
798 185 771 427 560 570 533 422 536 719 817 
1022 109 127 778 926 589 366 687 635 697 495 
539 701 46 644 70 32 648 47 324 106 245 
826 944 277 508 723 990 51 839 563 62 113 
444 119 288 510 573 978 413 247 475 221 605 
642 429 896 102 902 392 759 168 685 728 128 
601 93 786 102 340 384 943 913 939 862 270 
464 420 902 565 771 237 249 85 8 273 889 
824 749 149 501 4 151 825 600 355 140 430 
654 857 394 738 606 994 800 484 899 671 3 
517 221 904 366 470 733 99 876 247 80 764 
879 401 526 331 371 18 542 204 500 436 532 
858 507 425 716 51 797 211 304 799 375 753 
757 798 579 707 633 320 399 181 90 376 517 
683 996 357 246 51 138 29 118 515 445 381 
850 554 473 175 293 305 790 844 631 136 846 
743 448 239 624 635 517 932 846 533 93 297 
648 949 378 377 825 145 936 956 326 524 76 
743 703 1 277 604 941 122 214 389 513 485 
760 201 468 220 104 400 444 319 720 53 24 
783 94 772 729 180 782 528 503 377 973 798 
874 951 132 102 670 704 256 600 628 721 240 
860 261 987 226 491 739 993 306 662 441 281 
573 773 932 247 62 887 997 110 271 688 494 
941 303 63 760 909 979 531 212 202 977 359 
455 605 828 65 559 609 433 48 780 205 45 
655 548 90 261 415 49 325 811 476 647 142 
582 831 672 106 960 573 742 94 845 551 117 
629 275 543 160 896 40 222 565 247 980 735 
848 940 228 632 858 764 644 993 512 677 442 
621 10 211 469 335 587 70 107 358 265 688 
755 239 527 475 722 339 222 162 972 298 227 
370 56 469 900 142 556 255 41 125 114 168 
619 547 862 54 59 739 578 758 624 499 63 
632 347 533 529 620 119 616 100 42 792 931 
626 505 713 568 967 673 987 248 462 618 243 
649 69 750 3 191 349 212 992 573 228 955 
666 981 281 602 799 218 705 266 73 164 800 
812 453 798 615 645 15 104 632 145 257 676 
903 559 808 94 307 402 582 35 903 518 135 
791 943 215 902 344 871 725 454 343 849 587 
702 172 244 635 957 339 454 631 98 429 987 
961 149 955 174 497 961 514 960 341 142 309 
984 934 338 646 442 641 734 4 625 210 357 
811 1000 398 661 899 618 860 192 921 227 276 
950 459 779 573 857 263 407 228 732 872 99 
598 191 50 724 847 319 252 333 56 538 499 
1034 528 93 686 843 919 932 671 539 598 549 
711 464 485 469 791 487 270 212 718 526 382 
914 74 13 485 888 548 918 152 588 939 795 
858 263 880 335 805 509 584 519 59 798 159 
614 828 545 113 820 612 732 86 417 215 631 
551 429 565 787 524 560 319 458 215 33 418 
790 304 234 555 707 818 52 361 874 482 938 
478 195 698 156 362 317 388 921 145 590 798 
891 943 236 582 788 369 511 56 210 832 799 
1045 273 315 404 669 770 927 860 825 938 505 
1115 954 884 788 851 540 948 211 190 946 576 
428 341 796 185 68 709 89 889 426 627 26 
803 545 257 161 459 991 872 840 171 638 518 
921 553 398 500 996 195 110 439 516 939 607 
625 638 84 109 449 150 546 426 488 861 412 
1143 378 842 819 624 659 853 352 990 839 236 
972 463 669 868 746 618 252 949 319 654 31 
1106 983 852 627 526 411 576 703 471 735 635 
694 878 762 935 875 138 983 533 252 837 379 
524 284 138 974 150 237 697 614 39 858 320 
569 404 351 555 201 722 24 29 307 375 318 
632 700 7 46 611 261 513 300 788 155 323 
708 653 762 581 341 698 102 112 152 929 400 
517 151 269 784 520 563 346 931 797 359 46 
662 999 509 202 477 495 10 824 395 488 9 
629 327 187 163 115 26 215 598 856 356 657 
1052 211 713 751 269 173 924 792 973 175 623 
1004 829 554 597 502 666 177 445 321 53 970 
590 138 230 678 294 939 488 461 823 279 748 
969 747 36 427 129 666 562 857 558 764 783 
601 304 98 780 45 434 233 452 15 127 287 
634 729 522 952 747 399 337 637 408 870 99 
765 840 483 166 121 197 681 639 499 718 501 
585 76 586 349 729 481 669 128 504 644 948 
424 234 216 89 550 134 345 313 525 692 211 
744 38 537 670 389 519 211 528 845 442 132 
921 556 964 713 594 504 332 134 8 830 388 
777 224 60 558 529 99 865 83 181 753 732 
773 758 36 787 305 261 425 442 54 561 751 
1031 878 321 706 759 465 227 126 749 257 940 
900 234 932 516 856 592 692 893 774 585 968 
602 854 134 858 154 839 437 977 169 350 337 
755 960 628 854 893 562 2 689 226 264 218 
800 530 957 144 103 248 672 893 369 3 413 
428 726 812 185 158 472 336 431 215 385 57 
981 624 265 640 66 365 784 892 847 773 196 
744 740 239 372 704 255 471 559 635 417 368 
729 21 520 155 774 610 718 778 486 64 359 
674 870 153 945 853 435 244 201 897 193 914 
1044 407 446 337 896 727 450 976 335 861 897 
758 632 787 260 630 283 318 437 936 564 957 
889 399 508 492 834 98 172 540 740 302 626 
928 752 956 885 322 969 226 773 139 191 234 
943 298 195 40 911 264 757 377 888 513 614 
886 175 451 984 378 567 952 577 808 303 745 
740 417 338 753 918 125 245 969 904 661 397 
548 179 973 608 744 326 70 851 205 518 455 
732 374 377 622 399 624 416 750 700 439 873 
839 198 129 661 119 607 232 816 342 606 558 
704 325 348 130 469 351 447 350 498 988 354 
578 767 207 293 406 465 724 232 101 533 609 
890 973 932 388 622 971 525 401 358 436 404 
780 348 143 904 653 8 150 438 209 942 90 
801 923 44 193 112 939 76 391 374 18 334 
529 859 370 999 231 417 250 732 182 689 175 
591 366 215 248 466 501 527 348 716 831 890 
621 532 637 221 372 206 337 518 393 55 684 
772 76 354 569 885 76 252 738 291 372 513 
994 282 851 68 764 927 669 453 743 771 13 
787 144 882 203 147 325 558 187 917 556 902 
771 962 146 47 498 690 798 481 936 925 457 
649 511 536 603 331 247 631 667 181 369 266 
494 141 387 977 513 115 781 229 700 802 40 
799 470 662 24 818 684 781 155 953 549 152 
965 647 459 950 877 213 387 672 622 509 692 
827 652 734 25 935 180 251 231 122 959 728 
981 759 18 756 362 736 263 700 342 383 543 
709 313 610 637 476 412 322 942 146 224 38 
954 564 412 683 807 792 569 666 723 216 431 
842 300 140 707 456 584 618 250 191 868 64 
568 35 490 915 779 512 734 957 83 778 362 
825 280 301 503 564 840 955 331 374 747 996 
970 952 970 253 492 519 853 509 466 65 76 
829 364 691 147 787 661 489 615 272 676 393 
953 926 715 544 642 45 72 801 182 648 767 
998 512 658 207 452 968 289 560 385 872 244 
707 346 220 362 821 169 942 301 850 638 569 
903 654 690 833 110 732 928 307 794 597 65 
879 492 665 681 141 44 634 398 85 288 680 
545 532 457 358 330 881 878 911 509 152 363 
697 349 964 236 850 673 476 469 324 569 47 
1011 718 82 517 476 768 852 544 353 908 469 
811 763 232 153 603 570 852 165 652 730 958 
732 492 116 513 467 998 701 522 481 513 9 
800 215 978 593 57 233 189 608 508 723 970 
916 485 904 648 390 898 350 195 840 725 371 
496 297 515 753 4 971 890 278 293 351 307 
678 85 405 589 608 217 838 902 75 447 159 
713 224 923 369 289 987 318 838 216 685 718 
848 439 582 337 220 531 354 124 571 764 352 
414 630 679 563 312 295 47 460 52 638 107 
974 819 328 10 842 295 998 864 501 460 598 
559 634 396 653 5 368 355 192 905 78 822 
677 693 808 744 205 661 735 456 622 559 352 
604 881 162 4 504 452 209 16 451 524 392 
956 593 100 855 782 775 736 498 24 239 604 
570 653 849 60 65 788 503 42 188 795 252 
1047 330 759 500 612 33 937 168 597 1000 562 
557 220 275 16 486 1 965 46 731 489 200 
449 964 568 137 801 329 317 195 291 325 109 
605 504 11 844 326 776 218 323 903 666 175 
910 46 383 646 591 126 288 799 1000 812 911 
570 343 689 402 221 679 449 602 677 994 359 
987 227 663 571 435 830 765 290 602 90 562 
969 742 413 131 397 949 470 317 940 109 392 
526 868 440 482 286 974 494 127 628 84 638 
758 334 690 10 817 80 924 464 307 362 572 
564 351 179 132 267 339 963 777 695 462 373 
722 806 629 35 966 153 448 68 311 591 370 
455 195 799 272 385 585 307 904 346 230 400 
736 905 313 133 660 684 301 390 514 432 389 
630 994 923 123 477 293 674 754 273 456 312 
841 801 459 503 646 91 55 745 647 368 884 
943 871 435 591 310 989 553 149 533 324 28 
536 639 839 347 661 104 782 371 476 287 689 
733 249 365 131 726 267 322 506 527 628 448 
495 65 587 800 321 198 69 692 327 952 617 
645 294 943 684 508 941 55 511 942 135 931 
803 817 710 339 538 437 111 20 799 423 897 
874 265 778 614 588 582 720 727 891 60 69 
981 790 330 173 541 927 856 36 162 997 354 
616 210 938 829 258 325 333 982 800 883 560 
825 488 567 310 103 217 346 138 712 63 381 
869 634 740 627 750 658 528 107 758 839 398 
757 800 306 999 698 559 664 126 568 828 1000 
709 424 616 656 830 342 996 268 346 90 327 
737 14 921 518 605 688 978 389 61 671 824 
810 598 240 743 223 329 972 550 519 708 174 
494 612 110 16 331 200 286 134 498 153 996 
900 437 758 258 119 885 243 447 944 413 211 
593 485 326 373 595 745 865 830 276 750 131 
627 817 786 149 129 700 570 389 371 540 361 
627 254 365 727 53 599 713 408 551 783 98 
612 187 712 1 186 716 553 858 57 855 781 
776 898 21 142 675 953 150 703 278 697 155 
658 382 533 734 771 217 910 44 628 867 357 
843 291 990 28 354 829 352 813 989 687 97 
883 919 907 665 478 334 742 378 271 880 472 
680 111 290 28 150 463 484 844 964 750 186 
801 645 56 223 362 474 612 548 282 37 64 
482 499 159 467 29 469 766 431 374 657 259 
805 475 689 415 582 51 615 425 920 25 309 
910 572 677 91 325 924 401 334 773 156 549 
450 158 399 716 929 259 4 461 113 592 262 
867 377 229 171 763 269 209 323 808 763 933 
728 969 256 199 152 872 182 69 390 532 606 
848 866 213 66 396 176 683 763 757 955 346 
645 779 431 160 744 890 756 770 72 5 543 
962 899 179 84 198 525 433 489 770 644 870 
847 934 249 301 250 363 869 510 369 25 517 
611 125 938 318 958 965 154 815 702 506 440 
1002 145 319 698 966 988 582 808 533 518 826 
738 399 955 34 904 394 752 789 631 558 167 
853 786 241 453 496 145 174 929 719 705 290 
618 7 517 149 648 333 629 736 378 405 428 
907 637 599 758 286 884 470 732 256 894 692 
774 323 85 547 441 439 54 139 989 823 134 
641 409 529 340 669 855 885 351 641 931 639 
950 444 984 855 320 562 46 292 752 42 936 
470 679 2 825 979 2 218 366 239 379 470 
709 74 91 178 313 351 745 972 506 303 91 
1131 932 934 307 376 139 848 669 646 735 836 
584 425 29 197 97 713 500 444 682 552 553 
623 472 890 505 987 701 87 82 451 389 490 
763 120 792 42 773 653 574 643 267 120 687 
794 892 912 47 498 1 948 794 595 662 569 
772 612 23 286 133 693 861 173 752 462 492 
761 90 111 624 428 264 15 297 652 724 731 
724 413 716 770 442 176 987 174 621 479 455 
894 539 875 577 208 356 646 458 761 501 247 
840 658 107 69 825 85 640 819 14 652 24 
651 123 328 784 26 526 277 521 49 779 199 
949 442 977 122 754 679 953 548 215 636 876 
840 931 167 77 557 362 564 397 733 150 477 
768 986 476 332 655 93 59 452 334 317 626 
1037 401 797 611 436 461 196 425 974 774 654 
791 892 426 177 529 840 482 339 909 434 664 
730 211 24 741 357 822 697 527 373 613 484 
769 717 417 927 343 397 530 444 558 215 123 
528 212 578 881 1 875 650 323 203 228 95 
1005 555 416 773 198 912 374 407 630 655 793 
448 86 533 204 113 628 259 757 360 411 417 
905 874 752 897 123 892 826 398 960 616 697 
617 711 604 496 662 803 264 567 33 804 927 
591 905 660 503 994 442 181 770 400 163 645 
812 585 544 634 597 999 29 61 546 828 22 
1010 372 407 951 36 778 841 462 123 824 720 
682 701 201 771 308 110 119 451 4 490 777 
667 139 164 835 787 416 3 391 688 552 57 
1080 751 826 659 739 707 659 586 578 913 215 
761 26 774 927 184 224 173 623 316 551 591 
579 162 129 443 179 962 866 444 38 958 228 
619 49 782 523 493 835 727 36 468 654 9 
606 255 348 670 398 673 833 145 420 589 532 
521 409 885 190 816 144 54 543 68 469 98 
682 352 711 166 649 868 389 963 105 752 399 
1128 942 766 38 117 706 474 818 804 835 814 
483 193 550 381 566 261 401 375 93 760 956 
961 580 727 795 82 908 101 572 456 979 147 
931 207 885 153 88 981 296 192 698 590 629 
581 774 143 172 581 620 704 30 612 621 571 
699 75 832 417 262 673 561 775 899 637 180 
546 407 76 174 676 96 161 229 972 476 383 
707 569 474 710 219 773 508 168 646 929 561 
747 722 243 841 502 110 448 117 163 168 14 
861 333 825 475 719 991 720 53 16 171 378 
716 526 999 208 435 863 134 545 5 651 882 
479 75 229 23 807 554 402 550 390 659 448 
821 549 506 610 577 355 258 850 360 54 87 
848 46 459 635 442 729 69 995 634 430 573 
693 192 396 346 383 637 180 88 288 275 786 
475 35 206 166 25 54 398 227 682 705 648 
982 643 348 571 683 430 445 623 385 913 138 
848 133 451 728 216 369 774 455 171 404 704 
591 835 200 629 919 665 360 154 565 345 692 
807 385 801 874 187 140 894 637 247 488 996 
970 390 919 820 36 353 623 804 84 521 740 
990 111 1 580 930 912 449 792 825 103 242 
614 726 765 621 307 489 37 91 363 210 913 
833 824 746 322 646 528 978 32 520 9 229 
811 721 127 703 206 275 217 882 338 38 751 
971 955 180 645 607 495 893 252 549 572 71 
928 729 372 597 998 171 849 620 275 988 917 
985 657 495 454 79 817 363 791 901 356 472 
742 1 641 554 190 931 384 495 710 836 294 
499 935 538 691 209 455 213 44 621 848 332 
986 605 817 712 455 544 359 513 204 413 974 
962 243 824 450 593 329 204 312 350 869 738 
798 398 214 804 13 63 75 567 137 626 575 
482 57 442 77 750 481 17 770 352 381 173 
555 11 661 348 811 718 887 340 249 277 391 
490 29 703 905 862 582 330 387 222 65 356 
598 797 127 202 995 787 133 167 114 169 852 
654 116 667 706 287 700 4 520 580 64 423 
886 517 782 807 645 145 391 716 460 125 439 
845 663 720 955 645 856 530 321 928 87 445 
1019 499 269 767 624 466 682 673 536 429 383 
858 921 808 224 27 505 670 24 18 58 804 
661 750 726 487 177 553 512 292 785 309 773 
740 276 95 911 746 401 134 412 26 415 36 
915 305 301 549 609 590 458 902 640 677 513 
934 313 842 846 97 873 359 34 492 168 722 
