100 10 0
35231 39240 40195 36290 40624 38124 35105 38802 36375 35741 
680 772 719 529 729 508 793 56 662 8 265 
824 91 942 615 806 759 545 827 425 560 246 
671 191 236 165 209 548 678 795 479 767 831 
836 54 855 545 630 875 470 880 921 231 622 
1154 503 960 371 380 989 887 323 847 352 970 
751 526 255 484 488 568 327 953 48 426 158 
693 299 135 981 6 706 458 743 85 254 504 
915 598 506 582 350 53 851 813 279 660 480 
500 444 942 687 32 816 22 556 233 317 273 
473 850 989 307 319 459 840 143 42 697 52 
832 318 89 476 884 770 772 907 768 6 271 
704 464 139 636 463 119 714 47 720 449 341 
1075 625 325 937 546 717 922 317 85 362 952 
947 297 576 71 703 230 644 847 359 858 478 
453 37 781 309 819 364 160 452 34 170 142 
948 627 78 971 29 950 990 995 207 852 767 
646 567 178 550 288 495 236 483 187 670 56 
872 823 881 99 979 750 378 10 3 274 563 
618 393 108 109 49 652 578 579 101 855 923 
991 996 442 900 212 5 37 571 887 869 208 
552 680 444 537 204 541 95 557 432 634 344 
710 819 158 799 598 489 752 63 200 174 360 
558 905 257 922 375 218 977 688 508 172 7 
885 403 333 777 731 221 564 494 318 45 879 
974 611 22 513 705 736 39 821 130 993 816 
653 794 882 725 53 786 862 232 161 727 715 
459 758 39 897 173 749 515 76 124 167 300 
760 63 288 553 51 186 618 611 236 743 833 
859 687 725 960 599 123 959 865 884 827 404 
1002 740 833 494 17 544 282 661 958 915 529 
1021 720 435 273 989 735 648 290 784 263 395 
620 438 294 624 950 27 915 29 546 57 368 
764 681 689 180 982 36 383 945 626 344 377 
649 795 252 515 805 126 666 413 698 973 792 
790 619 80 211 226 654 142 859 623 61 504 
867 522 627 807 312 911 33 197 746 66 503 
557 198 46 483 316 684 479 318 836 973 434 
818 87 985 821 780 416 388 408 542 431 891 
595 185 806 366 480 720 503 587 263 2 239 
696 109 686 729 718 216 122 387 970 136 329 
697 70 944 369 151 791 767 567 986 472 567 
518 67 392 355 703 346 405 557 595 301 649 
571 46 98 852 792 476 627 367 909 231 900 
551 258 823 505 601 953 597 290 576 536 29 
549 678 369 697 97 756 762 187 700 562 314 
452 261 901 335 385 137 274 412 962 337 29 
705 791 148 623 418 408 855 171 228 326 155 
532 33 807 644 833 583 441 126 853 29 98 
1048 796 386 77 526 717 798 837 350 114 977 
537 400 440 304 299 349 954 499 636 325 3 
675 88 508 385 929 86 763 6 721 516 835 
734 513 322 810 913 888 219 590 129 276 714 
680 201 322 5 335 732 908 634 981 140 171 
907 162 534 141 607 917 632 425 432 333 119 
441 471 241 149 68 389 221 340 968 827 476 
932 506 981 748 231 878 270 490 586 797 808 
1071 961 809 57 820 705 271 940 285 275 923 
564 677 693 270 709 321 370 85 536 912 389 
667 803 62 153 786 641 239 39 416 713 594 
1081 882 839 884 719 690 935 483 644 906 384 
728 9 163 119 163 645 87 860 870 196 717 
613 309 498 594 390 918 579 52 378 242 8 
718 924 878 952 915 203 833 748 39 378 713 
815 67 937 487 556 112 167 381 695 701 203 
531 700 373 755 755 589 235 394 138 814 547 
687 621 851 599 836 916 944 99 671 244 331 
383 121 849 106 46 102 766 6 222 958 391 
598 222 750 620 262 815 264 117 299 604 863 
412 14 257 594 455 768 128 212 351 498 653 
731 778 108 142 566 758 829 859 350 726 97 
434 236 390 546 247 142 511 502 194 986 399 
523 434 73 753 579 605 92 314 509 819 536 
596 53 74 997 203 119 643 992 908 207 285 
641 13 938 562 125 182 469 638 14 249 413 
814 55 278 546 45 865 322 573 1000 647 195 
581 83 776 354 614 517 8 925 382 453 809 
872 330 831 278 256 39 168 369 750 170 735 
849 41 409 156 480 791 747 90 677 575 65 
677 82 393 673 492 818 592 7 989 533 982 
595 419 476 88 31 936 300 504 432 274 49 
817 412 415 499 1000 920 697 443 784 712 312 
731 545 589 209 55 327 636 157 595 783 416 
803 828 724 464 87 162 921 448 464 558 309 
659 26 421 947 311 59 728 816 664 544 534 
666 959 416 813 360 395 53 191 740 219 901 
1087 103 258 886 889 651 401 659 654 929 562 
889 925 966 560 75 845 696 179 217 362 156 
569 596 624 943 370 494 389 554 585 361 122 
583 806 455 904 424 886 374 357 53 566 817 
894 683 852 577 382 520 269 31 252 326 962 
919 828 861 235 684 590 366 735 830 878 160 
989 862 696 840 762 680 648 895 911 736 880 
755 822 807 432 548 775 865 853 535 728 315 
647 378 774 399 564 946 738 432 466 309 736 
1125 646 963 836 792 514 536 328 393 827 720 
700 97 357 926 960 707 167 423 726 651 189 
422 630 522 255 287 177 115 459 69 634 21 
1000 962 284 980 995 696 300 254 967 277 768 
789 921 967 920 301 156 664 806 675 368 986 
752 482 431 174 618 611 33 302 838 190 542 
