250 10 0
30526 31505 30623 32871 31040 31964 30756 32843 30415 32487 
831 690 185 359 411 836 262 274 3 663 222 
519 553 868 360 720 54 314 921 345 127 690 
741 546 329 70 61 38 771 754 16 979 19 
611 16 233 884 985 947 460 715 460 163 920 
812 244 692 210 442 993 709 127 410 989 990 
699 615 9 28 712 149 873 673 96 104 701 
640 898 942 982 950 460 516 26 763 81 208 
752 399 833 495 381 956 571 545 8 630 741 
636 815 533 758 115 106 749 854 641 376 777 
876 212 592 438 930 540 955 336 504 460 15 
552 931 242 419 815 16 922 489 356 243 909 
682 855 600 911 369 278 250 561 407 69 60 
724 744 222 126 862 712 41 777 978 792 827 
362 70 321 133 238 206 195 20 356 956 911 
985 949 326 293 446 989 578 319 317 780 237 
737 481 355 724 999 221 299 887 528 201 536 
599 275 941 725 941 599 562 511 312 356 96 
821 541 469 246 585 939 631 410 589 913 623 
914 254 104 445 914 731 551 521 521 254 729 
650 176 308 62 972 385 586 494 456 571 52 
537 201 597 234 960 531 594 382 422 832 611 
778 746 918 405 933 668 812 782 31 324 93 
905 408 123 452 363 164 467 751 896 780 569 
890 879 974 351 839 319 24 293 918 477 711 
776 434 587 748 8 674 491 370 342 885 758 
638 588 815 854 680 640 224 579 374 633 173 
872 697 424 825 210 439 452 836 423 961 767 
741 946 648 567 883 737 733 223 277 139 244 
793 10 737 271 830 62 990 91 489 748 100 
652 682 635 722 556 669 401 146 782 527 513 
857 801 478 284 349 280 846 816 73 407 310 
876 919 123 490 228 461 424 43 704 121 374 
440 139 205 402 73 158 403 576 386 603 840 
395 7 383 27 715 309 425 483 741 72 35 
1145 910 330 998 855 516 724 325 840 911 973 
769 355 421 747 307 70 22 120 359 388 59 
1003 478 823 94 250 809 699 566 840 331 852 
944 369 575 902 953 486 926 76 362 249 256 
1067 703 391 149 808 245 982 986 345 611 827 
802 268 593 143 169 116 203 285 204 656 687 
980 864 740 14 863 778 414 487 71 152 689 
1094 976 201 859 503 247 715 652 994 417 397 
742 338 236 265 185 923 802 403 274 237 282 
740 314 468 786 445 28 148 596 419 469 733 
1166 614 990 390 897 10 710 586 862 894 721 
1007 502 539 638 748 595 825 389 606 417 719 
999 790 160 679 734 469 714 429 789 134 164 
627 812 519 947 518 424 64 245 845 312 606 
665 225 231 638 799 657 672 694 294 571 909 
880 170 541 475 306 40 467 733 525 207 883 
945 311 926 856 578 889 681 906 874 165 126 
913 644 285 318 431 484 361 130 852 138 642 
522 367 145 51 398 858 486 798 695 768 184 
849 485 766 27 344 916 796 812 947 658 594 
586 877 128 113 588 97 413 169 158 45 663 
833 450 61 764 446 189 207 558 531 467 727 
612 159 112 66 975 321 261 491 738 518 337 
987 337 872 9 125 724 872 220 783 646 938 
549 412 565 145 211 801 594 51 470 885 94 
541 81 901 469 787 450 343 140 13 108 844 
598 219 242 147 887 222 527 125 86 867 793 
1112 149 796 707 503 901 957 234 589 829 476 
564 242 635 917 938 482 61 917 577 110 654 
574 707 730 713 192 248 574 969 226 840 292 
935 19 899 911 693 310 792 311 604 98 672 
835 538 99 40 439 550 552 86 512 953 18 
747 138 451 218 187 689 980 529 696 560 955 
458 806 289 417 629 815 128 128 409 80 147 
768 70 827 882 93 909 817 933 529 612 159 
769 834 385 190 221 123 207 267 293 900 820 
863 3 566 775 309 460 486 507 679 281 354 
713 251 877 633 192 965 606 402 664 432 154 
501 791 932 54 711 150 423 230 7 264 493 
555 293 321 225 835 579 450 879 992 252 319 
571 775 971 897 573 82 189 348 608 1 730 
491 187 990 386 471 918 91 58 556 366 762 
917 32 733 213 479 662 352 641 386 603 986 
840 827 880 347 507 412 568 10 55 367 421 
592 948 118 707 702 392 709 760 412 97 500 
537 240 62 80 781 337 381 697 978 836 50 
481 993 544 141 122 844 19 145 515 224 237 
836 336 955 71 231 859 90 614 553 498 474 
721 709 399 723 864 146 876 272 448 565 987 
750 956 475 168 6 473 452 302 513 801 713 
866 431 827 777 365 298 396 769 606 662 471 
842 339 712 851 372 710 210 787 844 177 179 
812 30 920 21 482 640 368 575 449 454 451 
1054 108 652 680 595 976 412 259 981 980 843 
798 782 537 835 646 424 682 622 356 44 716 
707 101 462 696 405 373 587 599 688 173 391 
680 873 357 414 904 812 745 397 464 864 652 
826 297 732 700 948 947 298 208 85 179 764 
538 636 582 547 111 436 121 47 888 5 69 
975 289 571 395 416 852 373 880 712 481 627 
1050 764 376 473 10 636 795 757 804 275 867 
535 261 463 692 9 341 736 600 375 247 509 
953 810 932 822 846 403 718 717 530 467 438 
504 120 577 865 259 874 862 66 386 563 222 
803 263 715 426 778 484 137 703 554 629 717 
946 456 671 230 855 917 896 478 552 968 632 
964 939 401 943 653 830 366 882 509 558 703 
694 162 479 949 934 702 802 847 570 835 265 
719 694 61 635 499 793 714 220 348 234 683 
871 974 933 868 258 911 683 637 302 31 509 
952 914 717 710 466 517 45 259 56 257 701 
683 716 385 17 837 318 238 481 811 485 317 
912 258 640 586 922 517 965 973 357 608 555 
412 473 360 558 79 708 63 538 529 16 498 
521 430 692 227 655 524 160 205 759 544 879 
607 525 240 85 228 968 175 128 793 294 897 
852 744 633 23 526 606 436 931 936 86 828 
959 821 343 902 310 448 538 898 893 892 429 
957 621 167 1 455 680 434 552 895 124 960 
573 974 519 498 16 140 302 612 607 304 226 
1058 255 693 862 750 358 570 851 548 701 976 
633 599 935 853 865 639 745 339 497 152 330 
1004 841 539 883 316 297 750 670 580 74 695 
862 228 618 46 527 376 816 569 187 422 777 
867 418 115 272 695 680 659 74 496 269 319 
1021 916 491 17 328 143 654 236 869 759 923 
804 565 710 568 875 997 953 771 539 647 952 
698 542 646 549 799 26 926 646 459 78 699 
823 953 590 337 570 38 696 570 893 361 343 
1156 843 870 235 112 315 965 995 933 856 586 
760 69 349 894 245 624 165 994 342 235 232 
710 271 601 108 487 906 226 676 566 889 283 
760 119 7 146 191 405 639 40 800 590 174 
926 459 26 530 888 133 622 842 191 519 159 
652 808 288 271 276 828 556 627 203 240 947 
938 651 944 269 193 599 20 135 506 916 728 
583 100 44 21 92 222 461 814 589 910 371 
709 194 78 866 649 449 752 552 958 44 194 
975 599 872 157 698 234 587 582 59 561 445 
712 274 315 457 1 470 143 942 673 901 342 
587 912 442 754 555 795 99 542 994 319 383 
528 170 1 17 944 778 258 697 405 637 808 
639 371 485 711 801 150 875 342 531 115 914 
682 486 321 945 998 98 191 922 643 556 958 
773 589 564 932 151 269 601 93 496 682 959 
687 205 841 567 589 117 352 581 506 476 830 
912 296 506 345 257 580 262 517 668 701 55 
782 380 466 131 118 415 511 144 866 294 908 
584 897 881 827 205 128 205 339 939 452 710 
758 258 642 147 928 287 279 2 400 17 990 
835 587 477 116 509 893 533 196 59 519 509 
990 476 608 829 735 476 396 55 503 835 4 
836 773 407 719 651 467 17 116 988 70 652 
558 326 256 493 329 767 969 449 11 46 860 
507 173 807 123 796 200 372 927 56 388 785 
516 608 765 466 425 547 252 712 168 10 732 
765 921 1 817 393 969 56 625 922 157 322 
697 355 10 424 292 107 639 128 865 429 983 
445 677 800 137 225 801 522 2 263 182 652 
885 478 755 967 541 114 252 664 342 914 295 
580 611 881 250 1 530 830 203 453 393 361 
447 767 116 628 479 212 91 180 917 442 272 
566 686 536 283 745 297 754 774 216 685 291 
1126 30 870 853 939 752 971 367 832 303 647 
519 532 806 143 159 390 163 93 975 838 237 
700 829 579 596 35 128 8 93 483 247 372 
849 213 966 913 896 419 931 1 295 456 790 
856 250 522 628 366 199 258 310 593 182 880 
795 18 180 803 569 166 734 998 488 212 156 
992 404 486 652 291 675 727 615 178 795 658 
763 385 200 76 475 610 887 409 315 303 745 
1060 929 227 916 905 979 776 66 578 250 917 
846 355 255 708 942 418 49 672 384 783 70 
460 530 10 976 665 269 915 620 29 546 27 
1012 200 414 607 858 299 750 374 607 566 748 
945 530 856 403 454 846 151 275 791 362 307 
944 885 189 776 390 698 392 389 211 862 428 
786 446 234 556 545 434 855 539 808 995 716 
1052 246 751 149 206 870 952 795 658 882 338 
690 784 519 221 418 745 856 915 818 1000 558 
758 64 710 639 637 606 609 402 123 483 681 
880 368 1000 816 300 564 573 422 146 555 205 
941 349 401 973 396 187 717 179 30 705 636 
669 154 327 975 106 986 471 415 939 522 95 
517 176 196 448 30 900 834 403 793 23 401 
654 921 405 392 708 137 925 415 487 141 511 
698 827 562 151 828 175 485 403 27 884 300 
523 543 544 193 108 464 270 223 10 398 195 
681 660 610 625 873 196 837 436 873 483 795 
726 481 98 580 672 628 759 304 715 262 727 
832 334 991 310 349 804 926 275 209 483 209 
547 716 611 727 205 456 419 493 2 151 875 
955 592 206 423 197 653 125 864 584 527 792 
911 381 805 76 631 483 417 93 854 202 549 
653 551 535 556 156 793 616 11 759 379 653 
781 110 313 326 262 381 177 920 221 275 29 
780 555 495 993 956 590 909 956 559 739 233 
574 245 203 58 268 710 287 17 201 600 428 
827 505 286 302 785 750 786 159 183 826 807 
633 190 428 87 557 601 999 445 319 984 517 
740 936 693 205 857 436 405 560 381 591 602 
578 734 784 797 54 123 622 43 989 742 614 
793 529 586 764 88 574 843 483 894 359 665 
999 959 664 749 316 853 195 954 988 338 267 
721 724 18 87 786 551 716 595 413 578 32 
705 780 38 672 140 201 390 407 838 237 903 
929 955 232 543 880 418 368 613 164 82 602 
843 232 911 782 220 874 220 915 744 486 155 
915 748 788 822 277 179 532 12 660 876 347 
913 989 945 551 643 139 467 948 745 618 190 
912 720 173 967 669 562 161 229 520 791 953 
877 434 703 779 864 254 601 288 995 115 135 
573 764 480 460 772 158 376 88 553 100 20 
941 150 71 708 624 872 538 73 316 802 466 
830 641 883 652 629 474 937 270 769 882 574 
487 776 276 616 194 174 581 164 257 717 661 
844 391 846 65 489 398 766 982 731 697 966 
696 127 352 429 468 60 716 742 46 818 563 
752 330 201 673 525 286 249 169 36 897 504 
926 634 460 458 414 134 272 334 970 577 503 
962 618 950 679 791 449 492 268 692 482 284 
789 766 634 663 258 345 628 932 466 642 852 
823 191 785 375 609 254 716 837 688 356 30 
765 216 535 371 479 393 780 814 678 719 630 
758 191 134 531 902 97 220 752 702 580 317 
690 724 649 966 145 315 64 707 782 431 753 
374 16 136 295 806 343 184 1 307 933 358 
1009 127 675 911 437 161 60 759 942 659 622 
807 979 304 472 980 406 399 758 913 182 778 
723 993 432 43 242 910 74 544 299 930 597 
945 604 584 813 424 607 314 245 874 344 159 
677 501 49 396 652 957 932 934 699 170 512 
1087 22 277 899 580 401 978 972 138 725 899 
615 327 90 156 433 120 75 627 621 901 264 
668 86 94 493 890 566 662 596 963 897 136 
801 268 489 300 707 21 472 30 408 229 787 
1041 357 997 573 272 785 924 846 267 753 533 
784 369 159 530 700 574 876 554 800 535 786 
612 162 914 790 809 941 137 602 483 575 428 
969 432 206 546 961 951 767 826 798 735 95 
995 865 225 941 662 408 35 746 749 701 461 
624 890 688 222 572 279 460 455 551 892 891 
733 286 377 873 831 415 750 757 831 188 292 
591 328 273 918 688 311 252 727 467 183 271 
591 222 63 610 924 771 818 916 117 391 216 
832 414 273 817 710 915 520 129 164 629 622 
760 337 884 361 192 946 698 293 331 530 642 
439 335 318 40 478 304 583 615 145 692 515 
879 363 195 57 674 492 147 760 778 707 682 
821 257 209 133 832 809 518 741 262 192 369 
727 36 222 63 14 117 457 578 643 429 62 
846 88 969 718 679 173 536 894 264 146 640 
638 948 773 51 396 751 19 664 474 87 307 
741 329 346 575 612 547 248 371 6 832 205 
875 114 937 52 533 534 461 370 949 123 843 
837 395 879 53 237 654 183 609 795 769 17 
