100 10 0
12361 12726 11144 12748 10903 12837 13126 11631 12259 12402 
862 912 190 784 375 652 205 721 52 731 269 
623 419 885 736 486 962 357 721 95 895 51 
714 317 692 573 112 106 794 520 77 578 785 
619 687 485 91 924 665 127 819 982 807 460 
1000 330 401 983 819 185 782 932 708 375 45 
703 579 519 482 797 64 890 10 143 32 484 
953 864 909 929 246 395 996 898 729 716 434 
661 709 269 571 254 617 640 978 787 951 311 
782 771 595 161 63 631 867 737 647 740 113 
653 281 936 41 491 474 115 572 138 600 771 
587 125 397 449 77 669 61 771 765 201 920 
406 763 45 317 781 438 117 229 943 35 267 
685 459 278 590 278 385 808 501 243 452 298 
450 63 54 901 400 834 558 455 7 40 725 
829 236 241 360 465 464 679 939 856 572 293 
605 162 367 203 549 792 30 981 59 642 298 
880 153 823 112 856 66 728 723 684 200 412 
861 748 496 686 455 725 8 817 143 179 372 
784 648 645 882 810 157 894 655 44 929 307 
675 507 210 364 906 981 888 312 387 162 776 
621 122 288 22 110 120 572 63 717 897 758 
819 106 131 970 321 221 229 743 34 594 470 
515 210 143 756 710 399 886 95 698 324 687 
986 106 635 340 698 393 849 496 605 735 328 
695 108 859 765 383 406 453 528 847 483 609 
781 550 539 538 918 157 442 34 128 664 596 
506 504 300 32 868 102 597 514 542 323 995 
525 11 181 926 271 318 169 522 775 1 130 
888 721 239 451 992 256 771 168 589 135 753 
492 490 656 627 135 238 939 21 112 236 987 
707 92 389 831 581 303 16 746 171 180 518 
818 30 233 738 728 581 401 841 387 575 6 
606 732 869 787 246 804 369 611 924 236 205 
857 274 740 181 301 828 27 232 770 226 901 
1040 772 999 637 843 180 830 607 84 78 588 
716 777 987 447 884 90 853 158 836 414 215 
541 788 7 736 372 37 471 104 43 602 62 
811 353 629 965 567 528 222 206 886 257 69 
455 660 845 267 639 108 503 92 55 841 446 
623 418 898 439 30 473 40 616 245 184 775 
539 252 573 442 290 310 413 531 430 463 681 
675 833 967 35 845 68 720 399 993 98 628 
850 277 966 127 3 227 466 99 530 996 375 
733 401 117 253 807 892 364 219 374 308 743 
907 982 975 89 731 353 519 615 377 822 741 
505 748 431 699 72 192 444 653 667 333 470 
730 980 574 356 412 120 49 913 59 922 227 
875 999 918 471 391 271 879 362 734 817 731 
597 547 2 252 805 277 157 332 375 587 475 
700 973 976 19 598 255 180 190 449 932 251 
797 707 581 185 77 81 734 290 513 412 351 
1007 777 520 347 505 897 932 860 215 298 191 
781 596 82 184 230 593 544 803 993 831 392 
999 733 318 153 78 456 708 558 730 844 559 
618 512 706 777 796 7 449 691 316 149 977 
943 755 392 907 769 378 390 888 404 968 732 
852 421 979 26 67 756 948 997 165 803 548 
1106 319 939 483 760 206 949 682 916 686 513 
919 863 237 360 701 185 880 249 621 368 158 
785 285 133 121 439 853 69 824 747 203 464 
605 518 304 27 560 951 95 893 660 687 583 
916 971 820 539 522 846 154 740 805 474 260 
849 423 439 897 480 616 325 797 324 658 389 
950 741 630 592 368 429 926 503 522 966 329 
728 553 760 310 799 473 502 17 705 559 97 
854 227 411 745 873 532 988 634 665 406 391 
608 424 90 816 316 847 431 156 637 919 839 
820 410 296 952 384 671 652 705 747 821 944 
524 323 508 778 1 17 690 243 10 10 535 
838 159 283 518 982 500 214 317 782 642 44 
724 584 936 579 456 313 600 32 562 461 643 
729 212 908 559 146 587 897 311 87 551 613 
811 651 481 8 837 185 477 119 416 178 932 
759 560 741 225 284 601 64 658 120 843 739 
1060 776 812 214 957 728 889 600 608 954 268 
513 204 322 32 979 66 139 959 267 235 582 
472 340 277 364 156 423 831 685 151 138 645 
513 670 534 516 635 704 20 827 638 217 220 
749 377 523 682 573 138 576 391 89 486 521 
832 248 600 637 770 382 398 166 358 52 23 
529 746 140 251 400 10 791 572 5 612 370 
642 427 772 476 439 402 393 451 737 346 455 
843 742 993 198 122 530 268 176 812 168 567 
755 483 185 468 473 420 293 973 430 629 904 
680 246 808 337 439 782 90 738 962 870 381 
864 564 300 403 429 156 859 643 256 378 891 
902 504 395 297 534 111 303 805 342 530 497 
484 149 669 51 936 210 128 164 518 235 233 
693 313 929 359 12 200 156 862 427 175 44 
703 67 133 205 82 918 143 839 309 56 840 
723 988 231 389 670 358 441 986 174 300 347 
998 247 732 682 917 1000 517 577 424 701 374 
384 250 2 135 160 145 633 130 286 493 919 
860 334 154 76 540 381 999 208 156 746 894 
893 677 157 43 958 272 611 388 244 962 897 
840 109 987 157 357 889 590 174 401 516 771 
999 984 184 144 130 819 979 665 701 340 681 
824 716 443 420 669 960 971 519 113 236 274 
851 704 509 981 802 227 634 504 888 604 842 
628 306 114 558 729 630 702 534 641 218 134 
