250 10 0
92690 87853 89886 93393 94225 91439 90545 93218 94717 95872 
876 154 979 122 156 585 289 154 604 737 422 
755 752 762 504 369 850 395 939 473 481 666 
869 12 154 694 352 344 111 14 344 859 995 
783 657 781 972 125 145 179 814 265 491 663 
482 1 955 418 95 40 396 667 278 968 111 
751 152 212 619 69 324 939 630 946 880 154 
843 132 60 820 473 464 565 112 690 988 669 
967 637 923 840 653 41 493 24 479 766 639 
539 831 462 186 106 771 13 29 675 743 926 
953 90 563 938 590 990 183 321 889 281 295 
828 411 942 755 320 382 599 568 561 815 468 
629 809 104 716 852 918 922 352 92 583 232 
998 606 908 193 480 628 744 438 915 799 993 
941 10 24 842 994 447 541 828 264 366 566 
805 838 15 532 798 818 771 749 582 803 346 
941 787 698 194 307 637 218 616 284 744 29 
764 426 183 679 87 858 496 761 497 3 820 
1051 918 752 892 537 642 236 868 569 149 319 
653 178 776 351 690 329 28 437 106 369 384 
843 453 741 367 29 976 636 157 375 405 353 
752 148 93 732 591 430 734 718 458 676 71 
686 156 512 343 532 408 631 330 501 355 131 
1008 424 901 416 580 855 705 807 664 317 128 
913 98 288 339 269 425 508 309 682 879 555 
538 624 708 462 367 455 269 39 445 243 612 
663 141 364 741 954 540 74 510 408 190 430 
550 570 447 193 116 309 219 294 822 43 981 
687 955 95 409 543 402 297 861 614 822 821 
800 751 92 812 12 853 731 995 985 746 933 
466 94 13 270 857 57 438 505 427 420 264 
747 954 458 978 336 859 928 741 103 905 751 
888 695 724 663 529 305 127 344 355 816 24 
611 252 70 422 808 72 591 835 634 681 407 
984 586 406 254 998 355 556 725 615 591 403 
887 110 847 451 367 644 867 851 401 936 913 
685 174 21 373 383 596 241 326 619 108 834 
818 847 925 608 124 302 498 477 882 354 489 
688 282 669 15 638 624 708 846 538 693 204 
819 374 617 725 744 844 504 341 415 890 505 
759 485 947 509 153 336 300 283 982 413 547 
828 19 240 914 174 934 448 524 886 828 331 
899 407 58 407 929 685 75 645 147 441 410 
847 489 7 108 978 818 264 654 775 594 465 
447 575 151 111 302 809 84 682 217 943 42 
836 119 477 313 209 319 972 316 232 863 270 
885 125 385 167 785 848 941 896 869 355 775 
707 370 790 614 394 166 417 96 265 742 178 
590 168 581 914 541 968 927 349 21 420 186 
605 647 493 108 176 240 964 894 766 492 551 
817 447 231 241 541 105 464 427 285 760 81 
814 375 653 448 246 889 282 327 180 398 620 
602 913 286 65 768 56 91 102 201 835 132 
840 960 433 814 136 190 329 256 724 458 554 
1075 738 918 751 494 944 780 165 172 658 664 
726 899 309 964 588 495 529 466 328 738 765 
543 385 623 931 607 479 480 891 175 268 531 
612 510 216 766 191 319 973 305 815 1000 512 
701 220 345 19 46 268 307 938 572 733 237 
871 208 887 693 994 941 670 569 587 5 543 
1120 530 827 513 973 853 902 884 150 598 610 
963 526 726 48 576 585 506 519 229 470 473 
621 49 414 986 195 768 981 180 610 614 919 
698 775 59 958 364 378 203 829 60 338 912 
827 935 96 414 308 614 957 595 909 173 13 
542 642 316 401 52 233 471 41 556 546 609 
878 312 927 55 8 767 745 704 335 940 381 
566 579 177 981 766 232 2 346 345 155 992 
503 711 436 712 361 544 14 567 491 909 34 
491 464 282 413 967 117 146 36 129 915 570 
716 202 607 641 406 209 291 121 438 292 658 
806 8 26 355 943 415 437 629 673 196 341 
740 563 855 376 712 691 653 225 870 887 822 
872 953 140 632 800 601 835 510 685 447 149 
882 478 804 52 261 500 32 632 757 470 308 
861 911 460 585 242 917 395 165 489 9 310 
506 158 749 186 910 610 242 363 282 126 607 
471 314 359 78 231 418 686 508 551 237 623 
616 797 320 65 629 780 82 686 812 689 827 
582 742 672 337 27 855 759 59 15 660 193 
650 289 665 349 952 118 924 412 373 607 869 
1017 580 850 612 587 683 710 404 340 697 909 
664 240 904 436 426 190 315 695 352 726 945 
440 881 699 778 7 846 192 1 120 141 637 
722 851 443 682 767 741 85 700 388 28 447 
613 580 21 131 75 35 282 842 271 652 712 
1034 475 785 345 634 424 571 455 740 295 869 
753 163 126 33 288 194 641 20 746 343 334 
842 939 429 325 783 149 235 271 88 312 743 
443 306 226 960 704 179 337 474 568 175 70 
911 632 789 430 168 713 466 145 603 278 928 
571 59 422 311 466 24 558 753 56 910 92 
606 566 529 101 804 948 220 372 78 536 917 
809 866 278 620 132 928 77 786 213 627 542 
542 196 482 686 175 615 109 332 768 477 764 
742 175 603 863 1 507 267 145 633 987 811 
587 815 539 379 508 298 959 627 482 542 412 
499 93 150 300 54 117 321 501 172 2 882 
636 914 573 875 990 27 809 396 578 850 88 
556 289 233 252 966 283 900 372 255 731 185 
788 378 85 581 531 508 682 592 768 860 614 
979 524 761 960 160 494 858 175 172 339 698 
457 169 193 841 909 503 592 257 208 150 341 
1006 956 328 949 118 848 220 870 1000 675 889 
754 959 366 495 801 738 607 738 471 475 57 
588 233 378 932 759 300 158 644 983 489 477 
745 510 185 506 523 483 846 505 120 833 69 
746 908 852 728 745 789 343 428 807 556 266 
1069 382 962 686 595 131 397 874 663 265 902 
982 902 50 872 592 779 903 679 344 496 702 
1118 865 494 597 621 827 402 526 791 735 816 
611 905 68 495 634 701 294 662 296 582 622 
968 238 271 460 748 830 600 708 140 748 814 
767 466 831 479 978 397 422 684 355 68 199 
786 841 401 814 279 321 869 248 128 697 318 
822 170 666 180 628 983 189 354 166 877 123 
641 382 93 457 665 472 473 503 842 256 707 
829 31 79 898 775 245 984 852 697 529 304 
896 294 312 484 490 329 557 633 149 875 227 
346 8 935 6 79 416 54 195 189 542 628 
858 959 363 192 15 796 539 107 575 178 647 
432 5 250 371 18 267 794 251 104 817 910 
910 835 153 429 601 320 566 795 791 73 118 
596 802 421 617 93 428 668 510 878 168 477 
939 576 938 110 669 29 538 687 870 691 463 
870 452 42 457 872 555 947 387 12 530 893 
718 663 456 298 579 84 221 537 901 433 8 
739 362 657 15 151 933 927 696 405 59 72 
905 384 82 825 161 444 620 961 313 91 508 
737 619 60 758 423 323 53 807 185 44 979 
678 800 896 25 456 882 132 664 46 367 620 
904 777 966 904 934 567 42 473 300 545 75 
882 57 438 564 164 546 540 378 603 539 576 
744 404 148 321 831 680 363 511 59 251 889 
629 551 586 222 684 809 44 83 175 547 923 
579 112 883 34 947 633 262 858 333 679 718 
643 681 233 996 77 101 643 319 457 153 875 
925 476 762 108 498 272 994 982 667 929 930 
764 745 193 49 340 482 918 441 787 258 541 
992 378 63 362 670 140 860 213 690 554 997 
871 911 501 809 6 251 429 687 999 497 553 
648 995 22 326 397 429 151 45 211 384 129 
750 514 490 326 932 916 335 240 877 742 295 
763 18 706 166 319 728 373 56 509 666 713 
861 560 143 45 248 304 308 445 538 968 788 
805 632 604 702 211 374 76 597 619 602 853 
860 594 428 431 340 489 583 773 127 886 448 
736 768 243 168 853 515 338 417 343 783 863 
523 455 228 15 63 223 528 445 193 328 504 
783 274 112 884 662 965 266 911 195 529 140 
1049 540 315 721 901 323 976 395 416 654 441 
652 434 337 626 993 833 338 313 793 253 686 
494 566 809 349 93 234 193 662 897 650 34 
902 150 392 727 453 368 598 579 567 294 480 
568 83 428 585 544 268 159 735 719 790 727 
685 708 115 153 682 155 487 16 788 778 713 
528 607 437 234 768 282 330 645 797 119 775 
731 595 596 198 348 73 363 699 985 354 20 
914 692 264 13 729 543 477 405 314 554 545 
590 984 270 324 351 551 7 244 57 505 568 
529 681 792 317 107 597 693 259 291 677 318 
827 791 894 584 511 772 779 789 346 141 708 
955 177 752 930 142 802 474 252 597 803 74 
792 100 265 321 655 674 612 241 127 766 950 
744 3 80 397 493 90 302 891 644 57 798 
467 111 361 425 236 19 133 443 662 674 903 
827 899 333 121 642 848 461 394 43 714 838 
860 350 834 572 352 392 522 207 8 464 643 
805 961 8 310 75 789 345 998 915 121 165 
1072 617 691 859 211 308 509 515 603 759 790 
929 917 124 305 255 537 718 656 998 200 413 
564 503 446 519 753 264 635 566 346 221 103 
826 714 959 445 54 923 98 194 891 567 829 
581 874 187 160 646 325 166 140 575 46 738 
921 344 812 306 335 392 232 451 142 838 969 
1034 986 27 631 816 704 365 755 686 353 36 
564 254 360 210 653 357 432 135 894 316 360 
594 655 465 441 128 157 312 103 524 85 591 
804 338 760 150 73 183 216 608 779 704 351 
511 100 518 460 675 252 638 504 226 324 344 
622 327 255 202 129 580 401 992 641 195 541 
472 364 64 640 519 42 706 962 317 29 162 
957 437 602 712 548 181 758 700 628 768 135 
600 185 483 999 999 93 309 52 95 910 100 
697 566 879 610 762 737 493 273 665 40 121 
860 765 116 693 841 50 830 731 309 988 588 
787 593 446 346 653 763 102 390 587 436 443 
960 947 672 673 362 795 904 119 235 99 448 
732 547 828 91 492 658 410 212 628 716 334 
654 312 258 340 240 26 319 113 620 747 628 
910 473 290 288 784 314 957 270 150 559 729 
758 433 113 599 73 234 420 748 972 487 794 
735 665 459 728 673 451 962 419 415 306 890 
937 495 628 521 950 95 363 610 849 624 773 
809 518 838 966 240 988 595 858 774 736 457 
875 976 185 95 896 94 193 940 704 456 731 
530 8 939 505 317 338 325 21 571 367 576 
877 590 138 216 687 792 312 691 445 801 940 
475 342 967 138 463 220 885 780 52 228 437 
746 516 341 809 349 799 745 126 527 798 33 
994 720 666 941 676 569 488 113 814 963 311 
999 377 463 814 832 520 232 403 397 524 928 
673 258 579 545 268 255 256 85 985 916 212 
844 133 752 206 979 50 756 441 534 827 354 
831 829 807 937 685 401 811 244 739 58 117 
701 987 201 343 395 293 892 983 990 97 871 
825 66 956 162 607 711 133 512 267 798 301 
872 922 94 922 336 605 653 557 794 827 940 
1071 471 963 362 810 867 388 362 881 833 57 
480 662 302 486 311 306 826 635 830 84 29 
655 873 781 788 862 619 600 198 278 357 187 
905 414 514 289 405 56 26 365 944 626 687 
956 863 231 324 758 894 589 454 580 577 867 
851 365 622 503 490 421 854 197 975 36 132 
630 321 438 305 413 792 54 237 176 1 389 
637 213 78 51 465 588 638 685 567 79 783 
679 457 252 401 342 496 230 578 669 45 692 
637 267 245 101 454 431 698 450 658 302 402 
565 612 879 343 808 510 89 136 819 748 330 
997 509 429 439 508 837 974 715 290 389 35 
570 588 252 216 802 485 242 117 90 219 964 
1094 714 557 626 284 591 477 573 765 990 397 
769 775 838 75 744 755 661 268 625 280 63 
828 309 338 704 956 831 558 223 702 139 959 
502 218 372 307 228 696 170 944 102 748 768 
718 99 294 713 740 13 868 899 92 602 934 
821 23 920 852 94 976 632 448 345 468 545 
759 718 951 330 978 905 769 346 320 504 274 
765 472 662 302 630 332 548 343 559 259 16 
808 952 885 421 391 447 324 224 768 223 248 
993 192 714 440 435 869 44 562 515 777 761 
578 435 885 123 657 964 690 488 101 657 271 
901 797 520 697 408 361 881 375 466 24 425 
569 491 661 471 738 37 819 671 867 16 40 
742 265 765 457 603 436 683 241 364 854 770 
688 938 134 409 652 746 246 604 798 774 379 
683 602 862 317 568 783 89 372 438 322 679 
676 949 232 162 364 397 17 675 599 482 546 
808 42 106 942 669 208 303 270 2 48 675 
928 680 220 736 716 383 941 696 433 943 795 
624 126 24 285 449 796 551 87 890 478 440 
646 101 595 568 786 702 673 489 345 720 375 
918 569 643 737 548 813 639 642 199 86 653 
876 550 119 632 372 457 837 33 640 106 715 
587 462 788 836 343 893 540 673 200 34 249 
530 438 452 360 542 53 703 129 673 727 248 
527 175 237 379 322 692 168 958 63 248 971 
971 214 609 839 925 686 709 76 616 146 126 
498 726 337 216 568 695 461 523 582 583 26 
967 15 197 182 540 650 538 881 918 721 681 
940 653 935 786 273 477 890 924 296 189 757 
