500 10 0
128362 122191 123175 127890 124394 124511 126915 120316 125359 123843 
901 801 700 567 501 338 339 327 594 452 966 
400 165 696 294 288 267 85 708 875 36 162 
530 62 40 453 477 209 412 310 66 178 854 
784 226 604 202 494 893 330 568 339 749 953 
930 424 257 497 238 602 203 646 40 530 993 
727 1 85 969 645 625 641 599 954 161 95 
493 325 321 700 414 44 43 268 266 180 50 
713 383 943 546 905 889 33 231 753 748 526 
814 614 53 873 812 51 472 835 472 230 748 
757 794 265 347 147 927 805 648 160 389 417 
883 354 802 401 44 669 317 671 288 663 392 
634 375 232 809 883 280 48 324 197 875 917 
634 540 615 501 89 413 400 356 224 458 985 
419 56 436 896 733 157 980 214 342 1 285 
878 75 581 53 542 736 67 733 595 240 576 
753 759 422 488 884 21 966 371 128 167 892 
926 451 327 256 271 121 544 842 651 963 599 
887 911 121 924 773 573 58 697 597 843 764 
440 156 828 299 808 59 247 489 180 834 354 
958 604 191 845 604 981 942 524 271 587 822 
601 133 571 137 34 951 863 716 787 659 658 
596 987 497 525 410 707 247 571 705 755 286 
786 683 70 328 927 863 156 639 840 335 538 
855 693 256 542 378 780 223 779 634 915 815 
688 813 605 733 870 498 54 317 644 561 218 
407 188 11 971 896 109 74 220 24 943 56 
805 2 962 996 370 399 747 182 334 240 607 
513 141 608 305 164 367 259 567 429 792 163 
896 832 38 253 983 229 932 678 993 473 597 
654 927 974 288 635 410 197 188 122 539 157 
800 698 613 899 694 165 303 761 407 316 362 
790 442 964 918 290 734 562 603 632 70 765 
1062 440 937 327 324 658 739 491 999 291 893 
675 442 306 240 401 802 748 103 832 122 245 
638 668 139 314 598 701 491 532 680 618 398 
712 735 8 889 515 426 644 758 630 727 289 
521 228 71 230 155 342 796 422 322 668 570 
1011 805 610 599 770 929 957 271 989 978 512 
890 935 319 90 308 760 489 974 17 214 476 
546 594 290 481 413 168 417 210 696 734 864 
1139 873 862 2 971 670 371 903 771 887 646 
733 145 418 468 40 218 110 749 13 683 193 
856 841 307 846 769 200 1 683 51 333 676 
660 60 71 523 30 512 169 879 872 587 398 
934 983 913 221 116 152 50 406 935 322 811 
538 810 408 994 22 125 57 37 495 590 899 
936 294 350 660 550 612 491 927 259 442 3 
593 868 474 603 275 921 954 477 117 602 141 
518 404 693 201 183 417 151 750 287 952 964 
797 308 828 8 586 833 225 508 516 517 844 
477 457 417 277 225 747 685 346 185 340 375 
558 306 312 935 611 976 964 35 641 121 288 
733 913 345 909 341 714 317 929 801 57 294 
612 222 991 93 395 608 673 643 997 302 611 
588 397 352 652 87 208 587 317 200 117 731 
830 604 93 84 282 61 278 443 235 981 391 
818 302 83 602 984 937 851 907 721 731 917 
387 633 317 206 281 77 233 177 574 191 843 
764 946 848 689 12 82 602 529 634 107 923 
869 154 188 389 942 948 223 730 741 68 925 
1068 669 938 559 436 464 215 296 591 879 669 
827 527 705 235 78 742 160 321 764 273 573 
927 664 565 459 874 368 314 914 435 612 919 
781 514 208 135 308 764 996 320 686 16 306 
905 873 255 225 203 56 248 692 671 860 535 
698 980 869 212 720 753 760 232 239 173 288 
549 613 584 151 269 335 215 621 882 316 495 
937 571 886 829 945 705 245 820 253 328 698 
811 174 123 655 739 228 789 423 531 685 576 
831 822 558 791 604 168 172 189 624 359 424 
949 846 690 171 915 428 606 104 814 918 75 
965 674 486 716 711 561 605 957 218 206 842 
728 805 239 993 360 774 537 85 777 89 200 
980 715 713 103 794 357 530 983 682 956 78 
837 384 836 440 828 880 752 546 447 292 791 
823 735 238 726 61 177 709 472 468 904 870 
936 30 637 222 48 282 916 806 259 829 615 
946 590 57 451 42 299 776 960 664 668 277 
583 444 954 595 238 158 128 22 536 694 568 
649 548 453 632 269 957 328 348 906 903 925 
651 956 906 192 931 323 952 442 866 388 528 
784 825 731 260 770 834 424 538 761 167 623 
939 372 563 835 29 797 908 658 349 116 474 
724 258 551 498 988 210 156 783 122 954 638 
404 606 408 200 335 329 216 706 26 593 475 
928 138 792 419 268 504 75 485 838 842 619 
587 120 242 272 852 526 294 911 137 284 381 
915 396 118 297 396 92 774 910 171 944 691 
861 811 693 993 45 48 608 919 388 555 939 
612 77 840 70 737 480 294 230 743 967 929 
770 662 745 711 430 845 551 929 396 331 219 
987 768 259 695 842 950 818 383 604 768 858 
491 723 109 718 509 911 124 388 359 414 476 
869 797 782 897 969 716 664 47 945 949 575 
786 549 202 368 915 888 336 220 238 107 666 
636 497 39 485 958 469 349 31 480 184 170 
762 621 536 562 322 197 467 762 667 272 746 
1010 475 439 812 645 434 367 1 841 957 266 
673 312 102 148 740 800 552 347 311 624 426 
870 934 469 925 925 451 994 99 368 559 212 
972 237 387 972 173 492 456 951 299 531 578 
669 866 634 625 483 192 526 241 116 343 142 
822 323 193 343 885 858 740 448 506 571 773 
633 672 291 898 296 748 566 63 870 11 406 
541 826 399 694 842 306 595 373 71 75 601 
421 848 142 74 15 222 399 326 270 392 753 
685 319 172 561 29 396 282 530 597 810 841 
1012 549 812 156 474 866 925 663 418 930 678 
759 144 388 233 805 603 812 540 412 724 590 
745 604 463 244 777 392 599 614 367 596 572 
916 997 960 436 870 240 52 906 41 950 8 
826 848 870 190 389 889 657 1 919 617 171 
814 530 396 587 331 713 563 807 309 54 929 
566 495 335 534 483 64 350 179 141 435 759 
964 965 451 653 468 242 877 923 849 859 82 
672 981 108 214 698 26 886 655 924 789 571 
788 205 559 380 176 279 119 751 70 235 824 
657 997 859 344 702 621 483 49 588 93 110 
831 500 460 587 984 777 45 676 380 37 679 
680 85 404 646 378 288 454 125 386 549 131 
691 581 282 123 931 600 277 482 781 166 573 
872 585 101 955 322 686 658 764 781 941 752 
753 214 974 552 122 872 772 72 587 142 366 
639 910 486 119 327 276 421 247 879 236 122 
780 320 358 11 179 306 845 489 567 684 185 
753 401 387 860 546 644 581 676 209 224 417 
403 129 206 426 41 122 16 720 394 522 220 
575 255 897 785 537 425 115 720 215 400 908 
586 780 154 757 664 321 795 413 611 215 111 
750 62 129 151 401 667 947 288 436 449 285 
600 941 261 409 26 703 614 861 607 887 309 
956 966 621 866 769 935 157 722 533 284 192 
489 425 720 644 362 629 714 111 905 190 24 
782 186 284 237 950 671 770 444 698 332 187 
580 468 509 774 321 160 922 568 628 597 652 
619 339 552 4 448 880 587 520 221 862 281 
767 463 591 227 315 395 129 569 40 271 74 
734 95 522 182 440 902 110 497 707 79 491 
739 974 939 504 18 124 71 205 155 385 467 
891 280 505 869 237 259 848 565 18 479 261 
997 54 646 14 651 485 899 855 954 175 576 
982 580 913 870 955 546 967 760 101 558 143 
558 194 928 134 166 25 718 539 846 305 281 
912 911 22 525 936 180 828 851 438 150 823 
715 431 252 627 766 569 95 381 104 847 536 
825 95 198 663 14 450 524 799 750 631 34 
657 220 31 27 863 33 551 20 396 487 935 
658 314 814 546 402 88 849 555 956 579 948 
721 502 479 543 903 842 772 32 653 215 150 
650 192 130 66 650 309 602 879 350 905 324 
640 793 414 301 394 458 368 549 810 182 664 
650 856 38 227 361 465 614 431 143 780 216 
958 963 427 624 19 776 841 372 995 511 211 
743 963 748 68 682 270 779 604 294 691 649 
590 123 925 852 887 731 48 797 319 230 4 
507 364 396 110 797 151 343 825 600 601 510 
354 589 70 910 70 112 512 329 136 258 77 
748 435 145 834 722 662 686 650 772 808 565 
601 412 713 202 466 239 921 525 934 488 115 
569 517 237 18 123 913 41 466 946 960 89 
914 326 517 104 943 156 825 772 551 560 14 
633 159 484 781 802 21 2 183 721 603 807 
967 364 933 190 983 340 513 307 554 832 34 
599 670 447 123 188 677 702 601 943 80 6 
765 548 857 936 250 168 830 502 509 680 548 
1074 550 701 891 63 102 866 636 808 548 824 
749 691 308 473 479 752 872 630 171 188 551 
612 291 901 481 461 437 973 793 158 406 445 
635 197 23 430 168 281 218 191 330 442 803 
776 522 794 203 862 229 719 426 279 920 154 
782 294 297 789 517 360 672 986 619 128 380 
854 648 198 168 181 821 71 73 267 994 300 
937 520 771 589 801 22 680 264 396 918 60 
765 374 905 951 743 194 65 983 339 867 792 
827 650 803 713 303 217 342 185 175 88 37 
662 353 292 358 537 390 281 946 756 382 378 
809 843 129 431 813 988 461 116 466 79 444 
964 375 241 455 243 898 363 974 813 349 290 
751 345 329 710 836 42 730 821 237 610 145 
791 881 973 974 630 77 445 404 532 595 35 
469 480 496 50 973 27 28 548 606 564 837 
573 939 284 914 734 281 649 648 902 180 13 
486 327 737 262 450 439 711 160 994 65 370 
484 60 428 303 339 72 335 109 186 484 465 
875 958 272 239 949 105 782 780 160 180 133 
413 228 253 291 594 322 10 12 20 607 316 
990 595 64 705 365 983 771 168 705 970 685 
546 163 989 363 589 510 64 173 967 543 749 
500 153 349 223 150 826 838 666 97 967 544 
684 283 728 124 225 802 37 463 593 846 225 
666 782 545 871 95 16 78 819 578 404 577 
719 482 67 336 351 612 724 821 210 791 600 
938 418 763 780 900 701 485 544 870 757 334 
473 621 334 229 25 272 557 748 216 882 354 
968 830 62 276 539 695 506 750 705 946 95 
951 59 914 721 831 518 692 969 27 843 348 
1108 836 952 304 964 597 18 989 689 511 588 
527 623 285 443 85 646 749 18 631 112 987 
602 703 416 55 71 890 999 109 817 841 694 
710 849 987 410 185 140 811 978 354 995 962 
1062 547 471 720 524 316 975 336 782 775 772 
749 864 729 890 735 244 338 16 171 725 735 
820 518 246 857 548 161 11 49 788 912 363 
1014 996 938 445 610 32 425 636 565 392 337 
551 261 538 477 48 575 380 775 595 184 643 
573 202 678 472 591 896 283 993 295 657 366 
675 981 519 197 143 896 524 181 244 537 75 
831 423 777 272 293 552 937 271 187 58 579 
1058 829 948 233 848 713 300 771 877 637 550 
729 832 744 694 410 287 873 255 682 387 29 
845 469 976 212 389 670 54 351 534 523 824 
699 323 754 67 614 224 11 441 363 590 800 
662 460 514 524 650 337 626 492 945 275 684 
632 815 440 271 859 306 278 82 67 952 137 
857 271 980 550 745 130 211 823 492 869 53 
912 217 231 770 783 797 16 70 580 677 951 
695 214 920 826 624 67 73 11 665 414 490 
455 140 216 478 122 369 527 301 285 754 505 
886 296 158 664 733 874 333 937 231 427 425 
904 122 362 430 670 145 465 596 811 757 736 
853 365 875 949 338 672 718 524 131 444 394 
840 225 944 394 919 920 897 276 378 538 582 
1077 696 216 913 985 300 732 858 271 744 821 
722 751 644 524 635 602 479 202 398 989 882 
781 25 58 609 778 676 126 616 913 435 680 
578 279 640 769 373 404 836 560 801 190 340 
400 881 433 66 694 744 80 476 450 104 62 
624 935 390 467 746 314 431 537 315 787 157 
716 858 730 3 281 203 71 396 827 156 769 
710 659 412 341 255 517 330 150 792 737 661 
990 824 112 904 802 900 701 82 934 658 297 
694 500 9 806 20 572 278 801 32 78 911 
1077 987 670 160 301 499 776 747 804 564 692 
735 136 990 201 340 497 975 915 87 581 818 
981 734 859 66 745 734 786 490 534 527 274 
1023 380 942 109 925 458 374 717 713 915 87 
1160 798 68 231 831 767 799 892 518 934 805 
601 872 215 9 850 572 526 327 858 729 385 
1059 947 934 523 776 678 856 933 190 894 187 
562 537 196 787 934 97 804 978 362 625 259 
503 103 357 447 510 369 214 59 542 594 246 
973 402 579 604 347 776 655 708 533 290 44 
740 710 140 895 521 931 235 856 911 514 461 
866 367 261 104 217 778 514 922 330 939 74 
840 954 388 86 918 309 716 392 32 372 373 
840 522 232 651 369 814 658 573 573 843 632 
944 791 919 622 789 242 458 617 481 850 119 
692 16 959 996 486 191 538 931 172 312 761 
724 723 276 422 213 182 957 481 169 100 859 
574 435 292 231 227 682 98 455 778 172 864 
991 345 47 970 773 574 734 544 923 119 153 
701 610 83 113 408 865 593 254 436 491 534 
632 145 975 121 595 905 625 656 30 281 314 
770 597 649 364 949 464 505 537 270 676 260 
509 145 692 112 183 475 284 202 108 820 679 
471 787 311 69 407 132 471 728 615 51 854 
537 834 298 294 847 147 670 989 520 341 227 
561 479 186 415 976 913 584 403 716 638 6 
878 911 365 488 753 384 403 927 23 935 807 
689 882 716 953 379 7 88 874 271 611 462 
592 142 338 554 553 771 661 114 28 654 595 
1004 507 202 161 791 524 267 952 961 189 734 
710 679 364 12 758 183 996 398 344 817 265 
383 133 720 85 149 21 29 233 896 575 924 
710 99 621 463 916 711 724 49 531 754 75 
1059 564 529 377 781 213 694 746 932 247 811 
667 790 511 306 275 974 532 862 570 223 41 
745 481 361 351 230 918 783 333 214 819 196 
1045 147 896 595 472 720 848 918 318 928 906 
889 552 478 498 919 733 370 649 732 403 112 
656 844 359 626 673 484 83 691 603 5 853 
865 278 517 592 131 858 441 618 466 163 265 
472 486 268 297 400 996 673 35 8 902 651 
947 533 746 689 477 663 901 604 902 274 560 
849 806 61 646 840 299 522 274 902 488 79 
886 990 228 990 775 306 90 424 248 498 393 
873 273 551 352 336 207 27 967 105 838 462 
605 53 498 925 584 62 397 803 195 70 409 
761 201 482 5 552 95 502 926 431 337 666 
760 777 835 215 256 206 868 171 131 972 535 
1085 660 204 646 612 921 936 790 54 472 616 
1099 825 803 356 995 743 618 202 243 645 633 
792 782 948 550 575 242 815 654 412 24 564 
760 778 119 225 644 494 665 18 11 546 71 
572 605 858 802 600 46 215 383 770 101 104 
946 631 907 418 433 242 847 590 924 412 164 
762 729 863 628 193 533 591 252 176 478 744 
418 295 429 628 419 154 118 151 52 408 292 
494 342 413 420 340 56 530 543 98 97 577 
1027 3 652 857 321 503 439 501 793 388 952 
699 71 785 318 859 662 339 766 423 224 504 
627 35 828 324 116 24 767 795 294 96 2 
770 479 334 973 84 349 643 33 203 542 913 
712 375 215 303 883 371 655 936 947 133 911 
907 962 132 675 21 444 427 746 329 29 653 
574 267 887 832 773 640 40 567 507 37 882 
910 347 355 221 512 480 724 746 900 632 163 
760 810 194 330 58 664 455 343 360 765 18 
478 454 186 312 379 236 89 635 910 166 662 
487 691 443 684 795 9 220 283 436 143 712 
797 51 903 649 936 815 393 118 491 421 721 
994 769 97 467 872 717 903 447 757 894 557 
470 273 794 818 298 841 172 7 533 24 242 
829 166 957 7 181 66 888 911 162 921 998 
686 221 856 729 918 442 37 636 473 89 687 
743 113 301 661 354 290 163 654 917 835 551 
431 21 820 506 27 5 233 996 45 875 542 
1052 719 634 108 953 160 44 771 566 908 926 
788 458 619 506 113 863 471 970 821 762 391 
810 64 824 557 568 130 383 115 383 209 358 
1079 580 589 763 921 313 542 742 664 728 780 
947 523 171 360 987 499 759 974 104 945 234 
562 546 367 528 748 869 547 113 737 408 632 
828 230 356 407 35 542 345 14 88 701 876 
625 336 307 788 298 422 183 314 98 37 962 
824 562 70 672 82 943 64 616 872 737 284 
713 424 611 785 843 575 256 446 902 26 446 
995 382 990 764 931 422 577 603 974 794 868 
852 352 608 622 903 770 732 711 181 944 526 
944 74 909 720 440 714 388 160 685 661 221 
519 229 825 450 288 996 621 270 784 208 432 
696 612 774 61 256 854 402 358 224 503 906 
629 433 392 860 228 154 432 113 26 444 706 
724 82 133 971 509 106 738 901 184 44 678 
841 462 87 3 985 944 218 766 681 852 756 
1093 831 755 294 701 586 869 205 374 825 798 
810 675 761 494 822 458 690 653 319 614 276 
623 895 830 566 179 285 840 342 208 416 520 
539 76 402 906 267 213 408 758 807 440 690 
514 587 424 483 995 26 505 512 460 382 335 
629 951 868 348 367 325 370 739 876 518 443 
966 488 677 99 295 885 884 688 684 783 84 
610 591 385 200 74 703 639 555 181 630 371 
648 341 753 804 291 755 189 105 821 780 167 
845 673 695 411 803 581 547 503 179 407 208 
734 586 356 823 628 658 274 746 971 83 873 
552 122 330 493 727 274 4 982 242 634 999 
533 309 964 440 353 443 353 852 297 445 426 
431 769 32 969 64 129 66 334 250 725 786 
610 867 780 162 655 709 616 105 667 896 545 
824 581 551 923 336 300 303 953 947 888 481 
795 802 232 370 361 994 944 373 95 964 109 
603 385 545 800 240 825 538 361 259 961 703 
504 678 296 1 57 357 210 925 827 384 298 
440 781 158 749 46 490 518 43 129 436 276 
1016 82 454 678 386 745 822 571 777 772 785 
1102 726 718 756 406 651 822 331 990 278 419 
699 219 473 373 593 372 806 25 57 201 669 
856 475 204 894 762 771 395 160 395 206 202 
639 36 914 434 517 763 169 872 490 389 229 
1028 222 192 860 962 787 475 891 890 208 995 
829 628 912 338 558 103 32 75 275 41 448 
819 519 991 962 453 671 117 113 674 57 689 
996 579 952 205 685 622 529 686 24 558 884 
804 758 23 339 380 820 995 8 745 290 966 
869 960 671 911 509 16 908 879 374 807 28 
880 106 381 189 321 901 465 964 206 112 267 
701 266 406 256 387 289 190 225 770 881 980 
604 425 817 908 618 841 170 950 508 428 104 
944 408 654 672 135 211 204 955 824 137 823 
885 278 784 333 387 663 671 580 411 456 425 
863 280 789 470 776 986 526 343 376 785 713 
876 423 453 63 161 738 893 325 395 823 526 
721 602 183 677 335 18 143 146 430 580 463 
1004 503 982 784 76 526 909 486 411 339 623 
1041 282 799 989 969 671 268 63 484 692 669 
759 556 974 629 29 608 784 108 502 984 833 
1003 625 33 928 798 969 510 946 660 231 858 
898 958 90 757 452 637 996 1 43 362 270 
799 963 975 690 978 416 743 628 428 16 417 
838 155 688 221 777 279 484 825 199 77 51 
941 297 676 873 647 641 909 125 104 439 984 
719 209 956 244 742 575 428 891 597 527 700 
577 573 27 246 979 222 616 641 733 863 504 
643 838 181 92 845 166 67 152 216 579 899 
745 835 857 642 162 773 542 775 53 913 254 
734 948 233 565 194 127 376 51 176 197 716 
718 252 195 138 914 62 25 529 134 874 144 
853 823 540 983 203 151 484 668 166 19 615 
766 485 799 33 753 494 380 4 705 553 961 
297 198 19 145 373 179 161 331 329 521 45 
869 831 903 124 470 387 461 517 58 431 311 
841 388 405 952 168 790 972 104 152 104 806 
488 398 453 337 108 702 122 455 365 485 102 
518 651 326 482 393 200 459 825 199 214 507 
528 614 106 903 943 207 4 637 107 106 566 
581 261 519 130 907 308 642 179 562 146 979 
887 692 651 335 236 599 882 130 767 984 292 
779 533 183 571 500 756 114 769 330 649 704 
910 970 887 132 598 728 715 51 175 741 321 
909 588 326 196 319 513 705 776 471 936 561 
568 62 783 469 498 610 229 744 34 719 558 
904 289 21 271 40 765 138 893 673 448 632 
760 247 144 130 945 978 717 826 612 711 770 
863 8 70 327 680 428 716 466 931 615 129 
790 849 480 281 389 359 534 348 81 462 633 
782 626 285 971 319 461 937 271 86 595 126 
580 898 97 94 443 112 388 889 818 926 928 
570 506 696 929 271 130 451 591 844 357 348 
847 539 860 451 574 735 524 200 549 352 706 
788 305 871 571 517 554 702 804 171 512 906 
577 426 774 819 556 178 197 927 445 204 348 
1037 508 551 901 525 215 792 923 948 427 650 
625 889 498 280 403 890 499 237 60 296 454 
757 175 322 677 947 7 166 329 601 488 128 
617 344 185 496 645 438 214 502 975 258 357 
839 773 712 688 457 408 231 553 759 198 518 
595 217 750 418 781 834 394 677 317 787 646 
591 440 279 183 144 5 682 723 780 979 311 
705 358 34 268 306 110 985 520 879 391 864 
815 957 741 683 66 836 529 274 244 293 303 
808 951 153 907 3 804 906 401 957 265 528 
1012 760 16 425 878 839 961 31 431 116 831 
1163 905 692 818 814 5 878 786 468 743 617 
630 200 889 273 779 525 672 806 573 536 303 
620 919 28 277 514 834 979 420 52 328 94 
865 410 815 578 628 48 815 342 752 284 311 
676 174 51 820 888 449 370 411 208 908 224 
368 381 561 137 242 27 599 347 303 84 441 
878 319 448 828 211 953 670 677 132 31 341 
767 285 270 684 577 844 771 590 788 984 737 
690 286 200 993 895 742 674 98 372 973 124 
602 916 463 177 759 467 361 104 777 137 525 
490 586 351 750 371 539 26 213 999 387 45 
869 629 203 64 195 569 769 488 745 994 838 
979 361 240 583 638 873 709 466 32 801 945 
1080 993 221 470 988 498 966 920 788 887 772 
770 292 24 791 401 948 528 764 909 907 547 
577 226 463 127 59 644 340 694 758 871 176 
823 851 720 319 455 856 540 975 103 601 393 
1010 411 148 373 745 964 805 791 775 964 210 
1060 217 494 615 617 629 797 899 975 131 489 
869 690 602 629 609 467 73 616 419 901 116 
753 489 553 674 545 978 635 134 683 177 171 
684 75 986 337 276 154 596 310 87 192 733 
547 76 589 672 27 715 827 241 423 316 24 
883 807 16 853 911 950 180 75 367 843 492 
729 371 195 951 329 697 228 670 406 165 461 
680 789 581 938 19 695 288 78 496 738 633 
1028 289 425 937 947 868 118 718 244 662 571 
661 833 714 388 343 764 723 57 413 950 990 
869 991 482 290 146 785 96 152 20 523 915 
550 144 593 762 441 73 390 254 215 514 770 
573 457 574 36 718 351 135 313 519 58 675 
836 826 108 511 283 518 621 62 310 399 295 
901 984 459 395 780 688 748 751 489 740 933 
717 620 43 807 274 344 869 221 451 478 54 
722 432 454 119 681 520 474 99 215 538 353 
716 996 402 772 712 94 152 175 989 598 325 
652 691 733 60 38 700 533 879 654 234 186 
527 944 204 880 351 768 393 151 95 633 425 
483 128 607 453 658 958 680 256 172 653 215 
389 242 66 98 721 231 924 99 197 205 382 
1103 685 552 273 884 997 348 912 819 737 671 
821 930 164 736 456 766 585 984 144 102 798 
634 876 889 866 179 525 796 497 734 532 157 
709 929 608 471 548 1 948 271 579 316 68 
944 702 190 620 582 519 424 975 91 973 269 
797 123 716 739 149 812 843 673 575 16 45 
571 316 672 408 946 842 230 114 123 413 557 
574 364 564 45 127 10 846 106 322 511 949 
702 935 716 223 726 501 926 609 363 895 182 
661 768 74 867 891 460 484 852 317 551 561 
727 483 910 581 145 186 593 603 130 123 526 
868 754 11 739 378 694 790 77 306 529 836 
643 226 167 81 991 502 408 375 768 7 126 
936 560 130 545 70 999 578 817 513 242 990 
908 610 925 425 558 921 268 417 714 594 936 
612 697 55 741 545 178 247 897 416 391 401 
537 573 751 108 742 345 657 751 658 656 121 
657 630 377 36 163 11 181 774 796 192 541 
994 74 647 904 707 836 691 387 402 131 372 
557 582 215 148 504 619 517 165 509 389 409 
640 718 716 101 74 192 108 776 693 142 391 
701 622 441 811 314 382 33 169 71 324 680 
759 396 502 243 443 966 291 620 103 204 569 
406 860 15 283 84 554 307 22 454 810 286 
1035 622 890 561 578 870 144 612 633 664 250 
624 375 955 611 285 365 389 414 1 979 780 
688 344 99 223 600 650 264 715 751 556 358 
918 256 295 694 691 332 935 789 830 58 964 
859 573 151 167 739 287 452 659 903 29 676 
1108 766 968 871 812 314 393 383 906 239 537 
785 32 71 594 663 813 255 460 760 105 891 
939 710 411 338 515 778 711 231 53 895 609 
923 1 662 994 846 820 457 323 251 553 217 
760 756 518 602 156 777 585 534 286 281 635 
686 922 866 409 897 961 450 436 503 946 14 
820 701 316 365 59 102 626 559 158 286 377 
519 326 931 315 867 43 908 578 375 356 368 
770 364 434 838 372 618 619 859 506 137 381 
564 320 447 348 768 648 911 207 866 28 486 
474 139 283 852 77 760 830 52 627 283 196 
801 228 645 656 720 313 25 135 61 414 624 
885 71 906 618 837 812 426 526 416 469 3 
590 560 100 676 390 183 495 737 149 581 689 
703 481 321 823 269 899 101 402 386 508 729 
845 147 66 142 767 183 926 523 682 813 652 
647 123 496 533 716 110 25 268 499 371 484 
647 721 419 393 669 335 135 598 157 10 134 
