250 10 0
32140 31776 31826 29768 32799 29616 32325 31755 31346 30185 
819 798 910 457 306 295 943 655 609 7 559 
640 525 860 615 392 226 658 506 110 241 379 
704 984 502 270 913 679 223 467 220 800 573 
1008 680 714 956 460 44 367 839 701 201 643 
480 177 450 346 158 286 792 455 922 334 829 
964 110 215 897 707 86 719 781 417 666 337 
767 326 509 224 525 749 798 915 480 869 826 
775 907 847 528 377 20 304 833 575 51 30 
578 376 319 134 326 131 597 169 575 397 568 
816 510 869 648 494 267 223 755 302 360 142 
908 398 91 385 611 962 701 871 443 540 519 
613 449 387 580 958 879 549 220 794 235 55 
547 478 465 377 590 44 36 793 540 197 524 
1003 794 438 221 975 928 939 898 844 423 19 
515 790 298 795 51 305 49 7 823 447 35 
828 194 385 389 145 596 166 694 834 433 535 
538 257 308 488 228 688 538 848 987 523 11 
728 871 174 220 532 206 86 904 86 322 10 
831 5 441 936 72 911 688 304 952 952 942 
807 494 542 869 167 955 322 439 528 978 107 
927 76 613 969 315 388 880 570 581 857 987 
1154 250 675 505 993 959 782 445 745 894 520 
754 868 826 253 274 187 944 558 95 811 367 
739 265 520 590 433 592 163 617 135 603 886 
522 35 52 663 411 732 93 360 455 643 592 
1124 628 767 951 720 973 755 848 807 249 757 
726 568 91 232 291 782 48 188 600 991 175 
901 618 130 945 156 969 377 572 856 664 221 
990 826 427 871 139 351 630 589 926 882 478 
770 970 349 660 451 10 49 883 225 834 524 
720 852 567 168 50 794 260 807 196 163 74 
598 146 302 612 307 278 159 431 259 562 583 
601 475 77 46 855 633 102 705 899 274 141 
466 718 155 526 522 91 605 454 254 456 203 
1012 593 418 686 761 869 393 230 990 778 112 
912 725 129 861 277 811 7 189 120 964 985 
954 380 983 207 791 272 990 559 957 635 330 
572 415 796 700 781 132 65 13 502 841 994 
706 301 142 895 614 850 436 946 261 918 32 
712 586 453 433 494 927 366 189 944 116 763 
694 13 928 534 317 702 346 302 889 818 554 
868 673 538 484 320 425 192 712 534 696 355 
801 44 961 854 91 291 466 669 303 678 47 
647 354 850 802 110 97 712 904 55 722 651 
482 722 760 221 156 697 121 834 449 622 150 
650 844 974 201 970 554 216 502 241 902 446 
885 489 746 179 614 688 295 244 216 512 979 
687 962 345 548 20 784 394 112 877 370 597 
807 700 137 90 369 659 106 305 968 394 644 
860 589 504 144 220 52 314 336 779 341 914 
998 915 800 134 848 533 200 108 501 285 691 
891 592 614 934 248 823 226 141 17 281 80 
755 144 320 564 482 26 238 749 697 573 3 
965 887 684 838 42 327 771 935 861 326 219 
831 80 793 658 903 663 279 141 691 791 738 
746 647 667 594 819 570 582 487 525 977 622 
738 69 474 585 97 927 163 259 179 339 589 
680 471 242 964 523 883 512 797 990 736 365 
599 306 690 914 138 742 978 105 430 611 743 
669 579 476 483 975 771 390 803 103 725 44 
711 590 590 314 511 72 178 392 765 529 810 
1032 947 780 429 144 929 140 684 368 797 556 
506 844 612 413 447 784 363 716 315 5 254 
476 812 839 97 182 27 859 557 557 52 644 
888 723 23 241 713 372 397 70 960 779 656 
810 384 518 118 414 740 561 497 934 188 226 
936 322 945 617 471 600 501 817 132 184 492 
435 602 943 549 395 442 228 450 182 13 210 
642 367 974 136 100 825 634 826 329 502 260 
840 741 967 506 675 252 199 230 247 793 845 
653 51 50 672 700 83 170 816 742 707 164 
1062 973 557 677 99 996 188 394 936 686 941 
948 82 169 273 599 632 829 326 947 404 768 
729 835 457 520 706 390 8 771 20 596 174 
603 816 680 276 8 439 855 785 221 674 493 
885 801 429 303 530 265 766 328 285 868 25 
602 908 509 508 924 971 698 436 439 131 250 
958 513 282 470 879 476 519 841 96 764 577 
731 90 363 707 708 905 700 870 987 10 112 
703 603 321 909 965 307 396 130 77 906 678 
898 942 325 68 190 667 870 209 139 684 656 
819 897 705 281 106 197 388 708 468 777 941 
679 93 734 235 771 917 189 228 74 634 675 
1026 607 696 604 642 878 2 502 986 418 963 
974 289 328 369 74 692 976 349 860 620 909 
825 524 240 507 940 565 872 470 328 668 627 
589 198 631 653 205 620 251 528 23 370 655 
796 885 949 796 49 897 29 330 134 372 992 
791 795 652 179 133 205 322 564 811 988 841 
890 310 107 844 226 131 961 963 464 911 415 
520 302 567 298 466 941 360 714 482 469 129 
1093 327 439 776 146 607 842 689 900 890 598 
618 189 12 771 706 993 935 431 551 969 612 
1003 930 420 412 828 21 733 544 380 564 328 
816 35 526 62 148 340 252 275 695 349 850 
782 500 675 443 11 204 688 415 880 463 136 
856 269 594 146 904 95 443 847 488 3 602 
780 339 979 710 268 524 198 83 279 438 103 
596 803 844 926 499 386 338 341 110 378 950 
830 785 140 30 808 623 485 364 800 59 285 
490 596 701 341 764 546 294 46 447 22 516 
1030 616 888 684 367 719 58 369 762 578 786 
822 544 999 978 928 818 161 486 595 507 584 
807 188 782 636 857 468 698 233 575 160 908 
822 183 785 383 612 488 599 142 207 194 913 
969 845 674 850 469 423 703 961 848 315 421 
733 818 976 507 377 895 275 364 29 512 448 
657 320 997 513 161 935 254 307 926 289 39 
486 807 26 349 359 818 176 30 741 507 137 
870 488 523 692 816 168 664 420 1000 840 157 
931 631 860 467 478 974 872 783 311 205 818 
941 279 273 22 348 791 315 818 738 703 611 
828 335 14 728 125 304 125 241 990 800 837 
774 858 345 543 430 858 666 137 9 415 284 
558 691 51 359 224 871 488 650 912 111 718 
762 699 981 310 591 808 162 144 979 19 397 
877 632 253 597 754 33 916 324 308 515 239 
805 978 845 976 351 387 286 467 794 102 451 
818 216 803 958 292 458 27 592 114 540 566 
504 827 4 38 308 159 831 850 425 915 356 
581 358 473 596 449 526 419 74 144 941 502 
561 161 561 358 606 765 900 129 429 661 346 
954 188 882 806 66 780 185 341 749 76 660 
673 623 179 135 12 948 789 704 702 613 574 
915 976 493 675 250 36 412 450 966 31 222 
606 744 155 521 455 814 220 832 774 868 313 
755 572 261 883 345 431 160 443 249 794 255 
796 250 636 122 907 697 503 845 356 573 755 
914 90 535 495 964 171 986 604 923 49 529 
589 361 412 503 668 364 332 307 335 774 101 
916 868 506 686 390 330 400 890 245 152 665 
898 49 887 999 466 884 579 669 917 190 756 
844 923 654 583 593 434 744 566 80 915 40 
525 447 640 402 671 916 336 558 697 131 329 
778 492 776 599 609 629 48 508 195 797 129 
708 39 481 222 7 502 856 793 229 466 738 
954 237 882 601 4 854 102 288 796 780 823 
884 118 771 683 879 591 77 661 26 374 922 
841 978 514 843 766 507 535 758 344 464 209 
941 974 466 858 445 729 905 580 984 745 206 
945 584 829 569 51 895 939 137 250 630 635 
545 499 312 797 804 443 388 7 617 75 384 
746 202 430 603 164 581 202 702 836 33 264 
957 373 656 585 419 84 720 90 579 579 955 
476 14 13 310 276 945 297 552 143 702 804 
684 498 296 953 425 819 582 162 947 303 509 
837 149 496 602 375 795 488 564 574 884 45 
577 29 309 13 829 446 868 381 339 558 902 
897 460 223 554 705 866 554 874 802 716 275 
1019 481 692 813 243 382 132 837 443 852 848 
686 564 949 421 445 393 791 331 157 805 8 
665 474 664 303 428 859 814 520 975 726 801 
882 685 722 621 947 96 966 830 178 31 315 
580 767 340 155 893 96 667 32 3 139 439 
488 259 265 376 515 323 613 364 238 306 64 
1016 601 967 792 878 801 94 544 998 424 538 
664 166 273 312 568 825 331 442 816 485 415 
807 860 331 699 49 179 218 948 829 864 437 
655 646 783 700 629 536 406 6 288 147 644 
489 22 575 215 326 10 888 293 760 773 927 
612 713 415 730 101 983 896 540 145 965 118 
936 256 760 112 959 139 780 842 376 724 553 
506 101 724 18 240 664 120 760 569 354 442 
495 10 697 377 354 520 494 20 511 262 349 
785 67 63 942 985 658 506 207 50 534 681 
869 755 526 20 710 876 883 492 307 805 746 
987 583 482 678 760 534 96 794 318 571 961 
551 486 269 420 206 250 117 466 913 916 301 
623 180 618 526 935 635 75 236 817 75 152 
1093 800 174 875 898 452 538 893 554 21 876 
767 655 126 556 296 251 378 527 637 234 239 
1045 435 467 681 852 344 559 800 428 764 685 
889 41 416 847 489 489 579 524 688 853 8 
483 991 721 207 867 536 649 98 380 61 148 
593 793 584 619 477 928 170 475 75 174 866 
749 726 654 293 376 184 979 625 432 573 768 
591 899 186 917 492 286 400 694 272 599 766 
908 639 807 416 9 360 407 429 513 752 186 
521 35 677 500 712 216 358 140 405 481 47 
732 900 399 55 820 622 622 980 371 578 341 
899 766 38 792 9 479 436 750 766 775 735 
460 376 662 241 657 25 753 990 299 96 131 
309 188 102 713 112 81 280 338 511 109 532 
553 584 99 879 889 261 64 186 8 845 448 
912 721 8 437 741 981 532 735 889 177 847 
656 906 20 763 545 398 741 520 995 456 812 
723 869 750 150 708 458 437 597 277 854 774 
800 703 955 971 848 785 574 895 772 618 707 
784 448 872 453 676 847 690 718 967 963 478 
572 631 211 619 171 941 261 20 433 814 550 
887 121 383 929 761 809 327 339 61 729 209 
846 232 79 104 371 176 227 977 982 983 642 
494 219 160 459 34 236 335 23 314 656 409 
418 329 504 731 404 227 964 311 129 79 332 
633 518 994 408 856 443 562 991 736 192 491 
708 588 266 234 255 971 326 761 748 972 137 
655 220 369 208 166 553 842 884 310 470 798 
940 708 537 465 441 511 770 596 384 295 230 
808 481 239 718 260 827 280 848 141 491 792 
586 250 28 52 758 16 433 484 293 510 733 
1181 731 819 695 237 982 686 625 887 239 918 
503 297 610 625 173 527 799 330 49 536 787 
580 731 274 662 870 927 180 279 325 581 635 
810 680 442 551 582 549 935 80 258 715 749 
890 218 489 112 681 593 431 744 365 927 800 
1111 223 742 611 637 789 329 988 863 270 792 
870 909 386 379 993 725 737 541 476 284 129 
587 328 21 219 227 316 723 711 11 413 904 
681 695 989 357 366 504 811 84 487 554 57 
643 601 661 716 24 720 949 467 163 35 794 
922 741 673 333 973 488 593 288 532 790 53 
674 848 852 774 829 314 881 862 179 391 531 
777 405 545 182 336 254 777 24 449 483 853 
814 888 858 589 704 130 183 131 459 351 141 
475 702 5 172 139 154 781 260 168 140 475 
730 767 131 590 50 782 933 698 859 537 912 
1021 961 833 700 685 725 275 166 764 315 563 
770 151 17 358 401 508 67 784 902 526 355 
870 728 537 17 325 129 152 834 979 312 86 
1007 440 945 816 753 817 853 63 272 99 176 
740 909 714 184 647 294 930 839 177 336 140 
739 57 284 217 756 732 575 975 546 399 723 
713 605 362 114 204 681 42 946 215 533 231 
371 289 226 15 259 377 399 719 555 739 84 
596 935 59 921 693 417 125 358 30 42 499 
583 683 962 502 954 570 382 684 242 664 151 
787 191 442 697 438 317 188 366 349 466 492 
444 776 98 868 378 445 50 692 132 318 607 
881 743 757 799 22 87 993 58 172 412 265 
631 121 355 625 129 845 221 790 792 715 660 
854 58 719 281 461 245 896 766 7 270 349 
747 202 132 248 311 97 790 151 910 241 364 
385 162 131 347 253 136 624 495 831 214 263 
709 513 647 550 809 904 411 756 422 694 999 
740 748 129 152 177 926 22 757 447 91 660 
1033 219 548 186 868 647 634 757 969 805 550 
740 481 265 843 835 62 577 668 186 5 459 
931 633 823 192 587 427 995 702 412 285 348 
451 31 381 339 224 821 183 702 885 531 340 
651 933 235 969 398 393 81 940 674 283 179 
824 657 542 607 160 630 499 378 645 111 374 
824 202 946 284 69 475 857 684 737 224 278 
909 787 196 893 443 90 394 361 635 291 22 
612 321 916 424 384 497 140 937 362 453 864 
452 705 34 380 719 282 305 17 457 264 67 
838 889 304 377 800 466 142 431 90 556 565 
874 235 723 885 81 220 599 411 361 793 188 
554 926 689 869 384 524 502 279 513 216 307 
1077 222 990 163 844 191 484 594 965 934 752 
495 505 284 227 294 229 267 201 211 523 562 
