500 10 0
186001 180546 180650 188683 182645 187379 180338 192599 185118 188708 
794 575 560 804 26 136 197 515 10 53 373 
617 988 200 822 301 387 932 193 255 286 94 
929 468 168 891 545 152 489 72 555 987 341 
1008 249 227 707 774 698 580 177 958 383 410 
811 212 321 645 388 494 106 360 97 462 74 
621 619 143 731 193 470 943 133 888 590 826 
716 757 582 453 897 417 776 500 452 436 737 
651 338 186 965 669 353 666 439 336 700 770 
420 673 98 134 501 642 110 361 835 22 827 
603 746 496 950 100 842 339 245 517 404 772 
702 90 681 20 409 610 227 685 513 243 363 
638 524 195 549 614 577 761 168 841 462 528 
746 651 425 811 390 912 49 464 564 136 837 
796 146 825 36 800 114 218 570 732 686 110 
524 847 75 738 487 277 42 678 839 298 233 
763 678 498 203 919 252 824 121 266 586 691 
602 327 932 112 665 659 670 585 668 151 341 
993 569 847 305 648 240 620 930 955 744 533 
968 921 616 971 74 620 880 705 997 163 918 
795 106 269 881 999 39 426 14 406 255 74 
369 36 677 35 131 114 742 335 773 456 249 
771 194 323 917 516 545 420 793 580 588 536 
829 943 169 920 641 121 700 774 493 325 681 
639 789 135 984 243 450 377 28 539 267 348 
1023 951 818 275 150 135 319 898 834 941 334 
939 974 118 934 49 66 928 433 184 672 381 
693 412 40 801 356 115 545 27 276 847 705 
754 40 991 395 834 466 651 55 158 379 669 
640 617 454 277 751 277 786 22 311 119 997 
528 580 198 419 538 733 454 609 101 442 416 
559 413 336 404 657 880 168 863 906 37 442 
967 347 190 832 504 393 641 970 747 37 95 
654 104 962 218 405 439 975 82 776 897 877 
932 193 502 756 905 570 766 735 847 283 931 
620 770 76 40 455 581 770 559 976 134 897 
950 964 755 266 341 760 966 154 703 422 212 
623 696 697 489 893 40 41 245 915 540 646 
735 72 326 826 316 774 84 509 568 470 11 
754 391 44 176 111 22 7 348 573 282 862 
907 34 214 384 708 121 582 665 157 923 517 
619 568 661 270 13 238 481 305 549 822 946 
862 840 544 114 103 308 754 372 975 224 360 
461 424 863 136 888 102 101 307 902 611 86 
732 101 879 283 563 55 146 939 218 96 868 
410 916 69 351 62 670 59 84 358 665 268 
710 368 341 553 45 230 344 763 17 733 587 
995 375 252 785 703 54 378 818 185 834 606 
595 793 156 97 685 802 334 162 906 553 49 
399 382 307 435 128 278 251 106 460 101 118 
765 227 155 551 806 969 675 622 323 87 733 
1092 468 878 965 488 541 736 931 688 447 927 
661 7 796 501 856 437 601 266 831 364 184 
545 139 263 746 309 141 574 277 679 253 580 
673 4 904 179 855 131 149 943 226 949 299 
860 592 554 137 16 299 844 738 38 461 820 
469 986 127 467 151 158 535 28 701 171 61 
725 959 46 178 205 443 368 759 673 106 2 
964 912 147 98 653 422 890 837 537 36 219 
776 474 2 613 302 926 948 31 35 348 349 
1060 377 705 948 816 391 368 963 806 634 44 
682 472 504 222 165 271 664 550 564 194 222 
629 141 111 686 415 522 126 751 448 672 757 
1068 574 183 52 941 977 555 498 887 564 649 
712 690 610 142 435 641 350 968 518 381 674 
727 627 444 871 406 804 893 757 433 678 133 
424 678 46 392 486 652 504 295 300 17 298 
776 674 657 236 235 280 871 113 792 593 309 
629 137 103 624 343 796 921 174 269 927 595 
447 953 36 56 430 755 127 729 4 278 558 
618 52 879 766 926 497 887 886 51 86 790 
383 166 190 565 86 627 173 139 771 419 510 
723 362 111 648 876 142 618 501 648 898 338 
286 159 423 226 138 119 382 50 632 181 448 
528 732 744 387 129 152 742 788 540 26 253 
690 341 139 506 683 974 409 690 308 107 976 
941 517 941 710 840 249 738 911 528 105 315 
978 688 755 589 926 107 987 37 788 413 301 
1026 947 698 169 72 698 737 988 512 57 511 
687 904 630 521 470 389 623 138 679 29 741 
1003 626 96 780 594 275 448 315 509 871 617 
618 50 183 249 178 595 768 348 986 328 363 
465 257 654 591 457 362 620 208 219 753 411 
937 165 639 721 65 439 760 212 394 600 972 
843 953 731 444 856 404 844 365 506 158 670 
617 347 345 95 549 357 833 229 204 803 191 
457 32 747 354 287 21 296 698 489 505 124 
976 842 642 520 972 770 294 785 408 166 127 
982 827 917 968 1 890 175 146 888 743 261 
885 626 493 938 341 662 615 395 573 667 752 
728 420 101 661 908 408 813 646 584 266 750 
596 524 78 226 489 24 366 351 102 772 914 
386 278 49 375 786 572 495 109 342 4 833 
832 806 792 325 830 180 672 246 872 676 964 
537 615 300 272 742 220 639 256 385 887 943 
803 198 51 561 69 36 136 470 811 945 517 
752 163 476 636 841 328 68 155 400 79 491 
509 431 31 124 182 703 344 771 580 125 525 
706 659 514 290 205 578 824 313 158 694 413 
820 738 469 255 485 47 776 439 338 478 73 
789 351 912 510 235 789 523 750 635 281 382 
859 982 946 321 642 934 845 931 490 502 162 
644 343 578 663 32 726 936 601 843 524 92 
865 288 19 716 694 25 130 400 927 226 393 
959 891 874 224 974 119 253 771 545 537 196 
500 533 488 277 147 547 62 125 420 701 261 
495 574 233 535 139 870 55 523 404 650 124 
763 226 798 841 698 1000 943 714 987 434 792 
877 436 157 446 613 70 831 100 609 954 756 
825 590 154 699 726 990 225 99 469 899 47 
771 738 262 412 825 527 494 75 970 354 403 
729 451 385 192 948 802 498 7 103 66 900 
557 890 285 276 295 742 536 277 204 203 90 
614 100 639 10 406 402 135 941 288 809 54 
701 324 744 281 865 579 393 888 60 95 576 
760 955 725 89 819 802 129 556 26 118 277 
585 497 259 254 846 893 781 175 335 990 364 
715 484 699 499 738 881 400 56 490 57 65 
876 16 924 426 498 21 205 730 479 831 3 
681 860 202 509 766 52 980 323 403 80 617 
785 585 92 343 329 126 899 599 732 672 797 
815 978 934 77 350 153 981 579 390 391 953 
875 481 451 608 493 120 857 802 6 266 822 
634 713 205 432 11 721 935 325 157 591 506 
546 222 424 491 920 504 257 244 847 770 316 
926 450 701 120 122 747 450 175 484 220 816 
1022 498 509 962 527 242 535 908 264 656 404 
523 411 572 370 504 385 551 569 766 708 158 
628 175 722 883 187 221 132 2 337 187 210 
1150 765 930 600 837 943 295 389 697 998 391 
994 481 24 834 428 653 919 517 477 43 771 
783 131 370 250 565 828 622 775 638 204 213 
557 662 373 123 489 123 175 793 399 500 342 
834 432 533 678 663 754 403 924 766 449 305 
636 473 719 372 698 759 407 660 734 849 435 
937 655 299 182 880 694 806 651 527 764 368 
687 900 601 357 969 845 136 780 679 537 984 
626 579 1000 189 889 746 880 785 56 476 193 
670 646 355 223 531 318 260 434 270 64 923 
733 765 654 84 758 494 183 171 345 296 446 
892 459 16 812 763 135 44 691 551 971 96 
828 895 667 737 702 271 893 622 746 451 419 
580 111 458 553 840 237 535 65 37 296 448 
897 25 70 736 138 965 26 639 387 889 885 
898 688 627 392 299 595 598 296 286 462 868 
666 796 476 512 821 682 373 478 52 320 45 
379 682 33 605 37 301 673 454 470 290 140 
822 158 415 988 151 727 937 971 952 106 826 
991 894 811 484 995 719 281 961 775 75 811 
928 485 60 21 797 483 882 501 409 545 379 
873 738 27 355 233 916 652 686 741 481 288 
427 270 768 1 261 891 60 678 663 457 146 
892 388 329 769 533 899 635 618 570 429 844 
994 997 490 377 440 539 34 818 860 239 317 
563 137 415 283 66 406 623 610 227 764 186 
671 265 5 400 726 866 477 127 641 814 613 
1019 161 477 584 643 619 894 752 953 843 558 
684 350 648 952 147 365 901 745 144 131 706 
575 494 146 514 602 678 647 538 493 521 5 
457 799 146 910 14 345 206 45 448 837 61 
1126 685 919 930 336 801 741 766 978 546 198 
598 213 695 420 283 294 132 298 146 321 873 
945 310 978 304 268 539 653 531 752 225 540 
718 790 599 139 220 102 231 971 404 795 137 
737 223 694 296 666 119 523 919 409 769 866 
869 62 467 860 894 270 577 892 487 10 868 
580 874 262 263 420 331 68 584 413 637 468 
721 386 638 970 658 572 434 333 365 90 58 
956 294 627 153 765 359 315 152 818 913 1000 
777 681 822 995 396 206 77 784 869 867 163 
407 51 198 475 914 712 63 737 52 60 43 
587 952 141 558 910 143 530 853 248 5 306 
805 817 629 295 257 691 774 35 762 419 558 
766 218 190 176 125 16 910 837 994 815 289 
753 872 374 306 477 556 373 742 953 994 116 
860 553 235 544 110 311 839 548 457 594 567 
632 837 195 952 359 475 336 402 988 415 56 
881 970 302 737 543 756 229 582 79 132 840 
803 180 641 602 423 638 347 826 353 176 64 
702 399 445 106 918 844 274 842 533 739 756 
947 497 140 782 950 170 306 154 602 565 410 
859 703 197 910 374 272 921 189 867 208 181 
605 888 311 381 668 234 701 424 340 750 619 
546 688 254 347 393 646 376 171 132 547 642 
704 75 782 669 488 24 782 684 369 38 51 
470 699 160 118 930 173 221 646 598 203 508 
906 323 183 86 721 82 989 502 647 152 876 
728 477 256 833 105 681 506 471 841 520 481 
945 912 712 343 395 750 428 186 538 840 406 
509 95 776 117 807 538 194 316 556 361 522 
545 515 675 665 623 895 935 116 144 699 131 
721 169 549 536 207 386 423 832 89 76 249 
969 438 872 914 624 635 567 253 370 12 223 
474 782 60 968 615 17 117 292 469 613 300 
674 443 214 36 45 725 706 803 761 686 631 
792 258 852 684 417 653 885 946 573 812 942 
808 122 404 28 573 264 767 609 529 207 827 
790 282 844 558 767 956 102 899 270 415 923 
589 562 991 142 215 457 583 333 160 137 663 
632 522 180 472 886 50 852 572 768 877 158 
638 456 617 660 667 21 236 293 899 930 476 
897 487 395 758 44 677 309 440 530 497 971 
834 255 58 371 408 860 679 544 637 558 852 
956 386 914 884 122 403 839 929 14 177 964 
453 446 589 16 80 154 439 420 665 498 614 
810 360 650 600 228 167 925 393 319 149 560 
900 807 154 429 760 188 646 98 784 74 776 
676 419 42 160 474 886 337 861 851 198 891 
639 240 157 869 322 574 857 950 172 543 85 
714 645 908 933 876 136 485 374 816 15 56 
1053 26 664 442 981 991 281 748 821 114 978 
548 372 7 276 199 859 379 391 743 729 122 
898 129 781 731 679 935 64 819 71 245 578 
896 834 605 454 381 547 115 392 262 873 407 
595 432 858 416 499 407 776 774 2 677 300 
777 346 107 283 171 973 232 43 827 53 105 
553 110 467 788 695 406 140 132 265 540 234 
518 366 129 382 21 743 104 96 637 770 229 
856 799 693 849 68 716 44 198 410 878 131 
886 715 493 275 612 392 988 676 340 629 47 
622 994 114 88 471 664 438 33 341 240 493 
1026 392 798 254 966 882 225 55 759 206 879 
943 985 688 358 910 468 183 424 577 454 364 
682 713 326 285 995 438 752 324 530 786 585 
911 193 720 218 716 307 379 58 498 992 222 
656 49 873 124 274 179 626 353 251 659 344 
938 768 14 29 591 827 894 909 182 771 702 
893 151 281 484 580 873 87 156 999 653 947 
883 382 278 488 571 911 891 47 712 334 416 
701 842 330 498 210 626 747 424 299 313 645 
768 921 281 795 529 362 672 379 615 643 851 
634 557 214 840 187 208 438 954 440 556 742 
579 91 243 781 915 440 53 166 794 939 275 
507 372 574 504 88 944 344 497 129 255 67 
467 81 743 119 109 161 835 23 656 70 462 
918 971 317 759 818 339 190 333 885 269 933 
583 683 807 30 767 109 7 999 468 505 825 
720 697 240 937 42 85 617 817 391 422 865 
970 442 302 356 768 45 355 637 721 902 388 
950 927 490 888 981 500 528 698 945 940 639 
505 49 456 535 509 402 894 537 409 413 627 
879 878 431 150 699 133 878 6 592 766 189 
950 787 406 884 881 424 313 860 426 128 27 
655 311 446 96 226 315 948 844 320 628 508 
700 247 287 83 471 102 313 723 758 138 746 
1058 989 581 893 761 410 633 726 258 474 864 
596 11 875 884 318 683 429 82 512 208 459 
975 469 615 841 369 144 306 453 835 598 608 
745 206 871 189 597 660 142 546 563 63 607 
850 4 925 439 329 825 424 463 584 229 137 
797 916 87 156 921 307 316 314 868 750 166 
591 421 404 806 400 366 813 367 572 597 632 
603 792 987 610 879 529 49 182 343 227 2 
885 359 618 652 290 964 921 547 754 377 730 
847 536 601 283 838 414 71 920 280 954 273 
598 616 395 654 131 652 123 64 610 550 240 
687 263 300 546 515 722 185 555 441 446 299 
809 86 560 567 347 802 220 498 795 971 92 
465 228 472 573 410 285 81 248 977 416 847 
825 622 495 675 517 459 494 665 996 24 160 
476 427 181 11 571 883 433 584 158 303 841 
904 446 851 361 110 512 7 756 486 696 867 
454 151 638 516 330 479 414 634 474 588 226 
611 677 258 914 329 815 639 286 621 711 113 
1082 918 503 668 844 311 782 513 237 309 965 
1010 281 561 55 737 518 61 805 632 757 777 
741 408 501 287 552 145 164 702 183 700 961 
816 916 686 416 879 549 583 379 93 504 412 
617 496 212 562 870 307 997 396 700 207 998 
1006 557 648 834 328 474 163 983 307 553 404 
512 50 682 261 407 319 788 303 316 520 736 
855 374 884 185 615 113 725 99 649 284 901 
784 969 596 196 103 489 658 317 897 378 219 
817 757 191 394 773 788 488 590 847 148 151 
894 857 379 47 497 57 29 857 1000 834 563 
670 359 96 8 223 60 134 32 151 596 114 
653 474 761 759 94 926 600 35 24 829 435 
606 393 149 810 419 686 834 990 785 364 17 
937 82 393 417 309 982 804 130 550 869 352 
893 736 371 669 677 655 120 553 84 497 526 
525 90 347 881 263 258 692 295 735 214 20 
717 190 956 362 45 866 736 309 1 60 767 
659 156 486 23 842 145 612 58 349 935 943 
600 106 134 114 539 971 628 702 497 256 83 
780 161 417 797 252 146 408 920 314 618 669 
1069 461 940 711 937 161 707 24 804 467 986 
361 776 726 103 145 30 103 802 101 183 394 
597 516 678 828 669 332 999 357 81 408 987 
806 279 158 387 558 263 88 208 287 351 956 
797 925 31 938 339 479 267 238 983 628 513 
607 201 357 851 53 435 571 582 80 149 444 
733 429 253 234 332 642 216 74 563 468 45 
849 82 456 333 270 637 710 436 154 970 631 
1031 608 528 707 691 192 948 902 6 739 989 
643 355 156 810 252 982 19 522 97 220 571 
704 289 978 686 80 325 743 528 392 918 488 
565 977 104 562 798 347 142 94 671 655 979 
1004 349 738 963 471 176 757 866 351 651 78 
965 550 555 35 555 931 347 701 568 912 645 
491 267 974 230 871 243 474 147 252 18 825 
750 324 51 235 262 669 177 330 904 540 494 
657 611 57 748 646 917 235 713 962 576 336 
1007 576 749 529 12 642 664 552 713 478 732 
418 206 62 962 272 907 78 329 181 846 300 
750 23 554 583 992 379 218 226 4 37 333 
643 329 83 474 810 173 274 805 973 255 965 
804 755 375 413 486 370 451 797 583 672 914 
654 356 215 523 567 14 543 395 116 26 364 
739 602 627 310 403 831 250 90 780 141 876 
918 918 597 206 826 7 415 329 265 239 897 
989 467 806 855 16 967 636 448 620 558 291 
877 746 269 872 782 459 960 415 502 51 75 
992 810 413 263 703 153 324 835 420 689 793 
894 691 509 718 778 275 542 920 22 542 232 
919 821 986 522 829 413 182 998 925 427 92 
856 586 514 191 95 719 930 987 225 439 400 
873 822 279 10 701 787 440 472 806 700 479 
742 810 963 478 28 32 271 61 439 179 57 
516 57 431 458 694 50 375 480 711 261 15 
531 207 470 214 507 7 685 425 695 856 603 
775 353 934 245 780 939 896 426 222 2 868 
629 165 238 141 98 762 319 118 109 671 918 
629 118 646 102 210 669 876 30 101 858 307 
627 870 307 207 978 797 591 590 156 833 754 
776 874 304 127 379 564 828 524 468 358 561 
671 22 48 671 139 656 823 448 300 963 442 
785 687 757 621 750 792 518 443 668 458 262 
872 953 806 909 585 420 574 865 368 906 81 
630 557 683 950 450 811 253 221 165 218 221 
737 514 601 581 257 958 607 521 784 848 290 
610 105 875 115 605 462 734 36 836 529 554 
944 914 892 577 284 396 7 323 971 411 748 
825 703 356 841 831 746 172 761 409 73 224 
772 644 916 783 748 183 769 871 53 864 318 
437 242 321 288 206 854 761 512 111 305 648 
911 97 242 819 313 755 813 802 131 930 604 
636 484 705 741 697 935 816 519 35 614 608 
650 443 188 157 329 856 613 292 633 608 768 
988 361 625 285 944 202 884 863 655 210 384 
680 822 746 225 856 938 937 373 479 220 138 
731 360 790 528 270 642 914 856 722 299 926 
413 547 708 193 416 956 264 302 154 210 34 
914 39 96 317 806 48 23 538 818 985 483 
686 326 583 544 444 427 724 800 697 950 775 
804 199 296 215 861 153 208 332 426 433 109 
674 540 289 572 552 188 691 616 199 452 596 
863 345 428 85 163 350 17 526 876 881 62 
811 285 599 870 283 123 741 293 558 353 503 
587 430 994 240 123 123 395 461 226 90 736 
772 933 152 882 786 251 332 419 681 866 380 
1096 938 212 963 636 955 111 872 680 820 88 
752 936 140 372 76 892 555 646 812 774 777 
931 454 203 943 54 470 586 8 131 944 872 
940 903 319 879 352 466 39 178 349 172 805 
471 3 825 232 384 506 787 71 462 255 462 
837 848 97 948 397 303 641 725 920 39 592 
706 428 636 696 698 456 442 935 957 355 496 
616 265 828 342 900 776 923 624 304 768 83 
483 202 255 406 640 502 70 236 731 200 570 
1000 453 780 950 754 699 101 167 773 625 950 
665 265 514 873 711 216 636 527 497 949 457 
826 206 991 221 640 167 901 337 537 989 148 
445 35 172 406 934 348 190 11 755 201 704 
790 744 72 209 829 360 247 900 547 195 749 
948 410 640 341 784 563 85 514 862 542 885 
740 856 705 690 721 847 500 43 700 748 574 
1021 713 573 410 975 306 214 591 144 506 812 
670 406 407 580 777 218 921 160 629 600 349 
990 175 594 736 673 806 396 932 925 510 852 
743 675 930 12 35 900 993 955 980 63 112 
818 378 107 326 175 987 72 62 976 608 20 
552 45 89 2 380 895 835 15 265 484 237 
947 108 241 766 584 886 485 774 331 926 687 
910 913 835 762 651 926 300 815 870 734 218 
903 878 377 365 945 536 883 113 367 535 962 
1028 681 352 167 799 887 843 690 741 872 218 
768 873 849 402 776 776 752 581 426 941 856 
631 337 112 788 198 540 911 983 430 830 267 
516 750 858 271 564 862 85 162 458 472 438 
865 628 367 750 543 302 239 532 519 742 73 
585 809 4 648 501 690 537 447 158 411 526 
815 935 699 267 92 368 804 434 818 528 894 
425 957 156 212 557 201 126 339 862 3 157 
684 943 822 86 417 658 291 155 865 571 428 
987 29 477 89 419 894 765 467 768 808 746 
826 730 520 49 244 440 509 185 224 931 780 
544 7 359 431 750 60 538 11 724 180 443 
686 803 215 416 991 141 776 527 686 79 389 
637 607 988 49 508 506 457 925 724 90 779 
549 256 84 152 455 306 798 542 449 737 336 
612 235 292 131 330 750 125 487 886 621 57 
832 261 245 937 109 218 523 460 135 949 758 
813 262 37 386 358 393 515 892 75 120 393 
603 353 932 459 44 836 573 379 330 978 501 
585 426 365 614 285 715 19 826 606 470 87 
666 557 834 647 442 791 17 943 427 883 85 
973 84 38 863 809 239 573 580 392 618 956 
937 326 864 870 614 439 589 387 590 130 519 
852 397 505 976 197 560 751 404 730 559 984 
813 181 917 989 704 543 771 498 874 769 912 
433 240 164 720 9 422 301 58 547 284 506 
624 400 612 103 207 170 13 497 742 899 428 
753 104 235 561 996 516 967 532 514 617 848 
977 618 869 815 114 252 373 440 649 729 452 
747 140 989 616 320 956 949 147 871 814 282 
972 296 986 554 723 493 708 185 627 219 969 
733 808 583 534 752 326 34 629 317 568 886 
774 780 456 212 984 391 126 223 851 419 605 
631 999 99 576 728 169 227 83 331 29 323 
996 642 905 958 733 764 345 99 561 979 300 
740 422 69 698 960 907 329 786 670 42 82 
957 950 249 807 235 448 55 152 820 190 940 
942 952 69 329 299 497 913 623 347 616 724 
734 336 827 784 930 815 932 857 171 509 797 
954 392 713 772 95 989 830 753 547 396 357 
665 852 798 596 104 131 412 240 53 805 84 
631 847 669 308 315 805 210 402 356 474 130 
731 967 738 115 263 260 150 476 438 779 564 
896 876 688 788 462 34 568 280 495 600 763 
999 783 245 339 79 368 932 652 509 783 363 
713 139 377 825 409 610 633 615 962 554 843 
664 100 224 412 243 340 497 963 736 263 888 
543 100 866 669 587 81 329 291 164 801 945 
657 306 82 686 241 489 648 295 286 973 937 
873 187 91 634 334 726 976 979 242 556 901 
666 917 328 670 540 29 439 511 301 286 844 
839 191 816 570 844 356 573 272 339 938 134 
735 385 954 249 676 882 525 587 587 362 162 
603 766 935 165 450 134 843 120 750 605 701 
591 247 400 67 971 829 532 479 140 331 603 
888 678 476 272 273 686 227 545 687 153 676 
738 927 900 479 206 434 33 832 139 644 204 
789 304 295 324 32 2 739 736 172 673 945 
842 187 723 990 79 721 458 351 526 965 261 
904 730 707 143 197 940 570 463 444 119 331 
515 740 92 463 490 219 215 72 31 708 959 
1046 387 593 69 470 947 770 984 389 924 917 
421 319 40 321 394 881 168 847 138 112 840 
1120 325 780 335 906 452 882 518 843 725 473 
746 512 847 72 277 875 379 526 778 646 366 
799 529 467 735 630 417 306 201 686 762 430 
534 510 13 401 53 556 482 308 481 701 864 
948 799 293 876 559 806 671 333 954 253 835 
786 586 598 321 712 289 277 210 93 353 626 
416 483 428 243 70 183 891 117 480 128 751 
809 535 793 306 940 674 159 321 20 568 554 
1129 733 921 418 483 421 990 426 541 790 650 
930 744 579 527 91 662 974 181 951 958 881 
791 459 858 775 351 811 168 661 752 607 135 
661 502 980 268 545 765 269 579 807 581 292 
913 944 692 984 950 259 364 136 55 773 142 
787 372 228 53 438 577 963 597 367 753 185 
886 921 139 601 783 526 976 597 342 140 903 
587 477 223 83 506 926 868 759 820 690 157 
525 779 570 404 541 319 851 415 119 99 748 
518 434 82 165 46 177 124 376 434 713 760 
749 537 988 776 519 384 814 540 742 328 252 
665 352 195 192 849 306 197 789 696 42 323 
482 139 163 929 769 656 340 503 419 331 327 
537 405 664 985 841 199 203 272 619 55 382 
943 967 730 250 733 705 656 229 401 512 169 
394 227 514 441 367 769 16 9 798 15 71 
915 684 744 98 36 662 324 812 885 720 599 
845 298 92 704 3 51 685 403 534 817 512 
857 847 500 500 631 80 391 359 8 36 482 
759 172 327 264 225 946 688 677 125 605 803 
752 271 889 742 779 237 15 944 688 817 444 
918 683 528 817 861 76 410 175 195 939 926 
649 710 629 749 811 587 731 156 485 616 584 
530 23 766 462 614 121 624 647 610 582 647 
702 205 854 257 753 992 892 420 712 548 833 
670 220 550 593 192 36 788 879 114 66 615 
495 432 83 434 25 235 364 772 666 756 799 
851 798 892 6 165 107 226 684 797 289 775 
905 986 274 143 777 472 469 405 797 899 977 
795 715 988 877 940 697 681 832 962 192 874 
899 496 946 591 381 93 88 455 334 771 49 
742 813 813 513 865 671 723 106 445 346 893 
628 210 414 208 81 418 733 182 318 488 659 
664 457 589 30 329 452 409 643 210 269 956 
898 202 757 450 534 71 215 413 211 958 737 
637 951 671 197 873 828 352 590 258 392 213 
574 909 763 521 552 393 320 961 196 618 44 
1063 227 587 199 530 967 879 624 923 732 984 
632 553 856 584 337 721 280 94 625 175 959 
904 18 786 5 977 690 950 682 231 937 588 
820 538 125 696 142 496 756 141 966 85 640 
851 951 501 335 493 704 135 327 788 642 569 
738 287 137 220 194 783 218 344 720 365 655 
968 611 660 390 803 26 421 836 411 710 656 
649 596 255 941 966 53 88 494 286 971 49 
464 327 117 590 939 80 939 46 876 461 64 
1006 831 912 675 535 344 787 403 127 746 959 
859 217 973 495 643 429 66 543 508 797 366 
961 215 83 696 140 510 849 519 861 668 987 
704 480 766 474 351 243 309 833 941 336 894 
612 60 995 753 933 672 336 334 896 981 60 
455 218 135 478 334 429 247 434 139 426 125 
641 104 431 231 717 509 487 656 908 774 141 
480 255 96 55 569 173 228 317 221 784 441 
764 680 995 985 671 541 936 8 312 184 756 
