250 10 0
31029 31694 32959 31247 30156 29223 29054 30464 32569 30819 
890 265 517 675 998 993 882 747 994 839 486 
859 916 1000 678 500 344 332 821 20 531 893 
604 154 377 963 44 113 610 16 11 166 988 
869 596 830 376 837 718 396 125 717 739 140 
929 164 869 723 538 580 125 801 761 816 394 
750 997 291 278 780 543 216 197 229 311 58 
724 962 756 553 917 603 474 535 42 206 802 
807 38 311 836 135 954 370 278 99 606 280 
700 62 294 668 119 163 226 20 559 936 17 
703 487 272 361 731 311 116 648 512 870 959 
751 573 90 204 36 204 839 571 956 993 467 
885 383 535 312 925 730 510 33 510 484 534 
667 200 767 458 753 307 403 287 776 788 374 
769 638 80 670 445 940 324 624 125 828 300 
910 611 591 567 90 583 894 952 923 226 18 
529 793 202 16 496 635 222 382 817 8 380 
724 271 923 36 631 145 875 533 909 972 901 
529 533 90 757 265 272 731 608 478 116 552 
814 444 426 585 509 252 214 72 336 277 659 
951 261 878 959 282 346 845 434 858 695 66 
805 198 279 227 107 780 258 373 426 221 921 
580 893 889 242 580 292 374 624 36 653 899 
537 672 281 180 443 517 185 454 335 579 519 
1000 711 789 434 182 670 375 840 591 374 534 
904 639 463 672 782 348 724 308 745 525 942 
866 185 908 922 961 201 594 674 37 128 742 
780 943 576 920 108 588 178 50 271 552 820 
591 514 312 300 661 252 35 702 271 598 213 
743 945 359 431 249 213 304 62 845 614 717 
910 453 512 16 933 868 814 753 578 514 475 
619 343 871 837 842 32 342 71 494 94 526 
441 521 441 47 826 375 180 479 411 419 186 
883 951 842 574 204 672 144 420 630 494 2 
602 530 568 942 548 981 321 479 905 217 356 
689 1000 270 418 162 267 483 358 679 951 40 
533 130 142 629 504 645 334 219 928 463 664 
932 263 293 947 935 72 237 933 199 445 255 
725 276 464 605 734 342 953 275 984 880 869 
678 833 346 913 632 500 57 449 179 134 945 
625 987 775 26 73 687 720 305 678 41 983 
869 766 648 24 986 840 904 157 121 708 678 
728 5 604 971 118 540 320 100 172 955 552 
693 913 556 919 308 661 802 303 255 243 295 
876 418 231 546 197 488 526 752 238 700 601 
493 531 282 728 828 653 249 166 405 589 233 
598 737 883 384 408 223 239 936 261 154 860 
748 85 670 724 878 733 907 66 675 727 52 
619 646 274 145 996 731 644 16 222 961 586 
946 426 274 222 821 88 456 168 900 982 642 
540 681 923 310 520 506 599 131 58 125 613 
928 549 101 847 234 723 775 585 902 918 323 
912 719 915 727 108 2 450 723 147 941 193 
622 53 397 306 132 967 796 497 655 405 850 
950 915 131 651 579 505 524 872 251 451 874 
365 164 196 687 163 207 192 454 842 165 249 
535 757 114 984 801 675 50 818 211 624 224 
532 378 514 658 896 768 502 437 181 171 658 
804 232 755 488 39 773 865 272 194 875 401 
508 155 470 169 114 776 197 847 516 576 19 
641 435 519 660 656 889 250 17 208 314 845 
647 615 271 882 592 53 213 292 328 960 3 
857 387 116 919 121 993 529 886 969 287 506 
1062 861 50 596 340 869 770 837 7 941 411 
677 10 825 587 210 338 897 747 979 406 174 
644 686 754 628 72 230 792 7 22 634 734 
546 194 143 543 521 41 130 519 730 244 494 
704 376 84 854 156 124 27 743 525 214 426 
1155 413 853 902 617 854 636 372 534 804 647 
943 272 399 494 466 49 670 608 633 925 2 
864 942 694 575 736 136 682 234 937 322 414 
855 121 648 204 661 476 558 620 765 761 756 
549 584 856 174 507 467 630 592 368 719 195 
707 923 212 181 816 154 957 988 469 561 17 
558 347 628 52 637 726 239 787 258 515 611 
451 244 765 332 77 796 459 203 955 24 327 
777 384 995 478 537 488 17 822 839 723 124 
414 571 101 373 411 474 820 2 628 374 201 
760 726 270 746 50 931 552 943 793 549 504 
719 453 50 3 579 63 316 226 610 759 73 
775 433 881 983 734 607 535 796 735 172 115 
690 730 328 214 566 241 953 704 604 713 683 
1077 706 694 380 882 695 364 911 814 999 625 
542 162 36 534 231 278 740 240 234 256 276 
489 689 434 479 152 58 871 297 500 255 118 
931 447 633 838 191 412 498 10 371 795 821 
520 601 3 772 230 725 102 333 45 230 939 
754 405 827 145 523 3 889 379 457 545 555 
836 383 172 944 617 426 104 421 337 177 468 
838 351 355 153 858 893 708 361 408 158 408 
670 786 115 593 500 362 717 847 990 821 32 
538 171 408 760 653 142 121 792 908 760 449 
833 923 358 578 770 425 775 641 406 41 329 
679 558 491 848 133 596 549 157 977 623 698 
509 719 755 875 191 225 398 54 409 582 201 
657 310 982 497 130 442 30 607 242 227 910 
839 765 949 872 724 389 896 317 379 919 730 
1086 932 621 693 739 937 298 842 315 681 65 
513 98 580 976 445 701 320 173 511 507 306 
823 882 91 390 234 429 338 106 716 651 104 
649 773 74 899 334 721 494 853 64 385 168 
797 688 563 778 954 335 727 548 645 288 835 
583 301 406 516 250 347 131 43 377 523 836 
821 569 702 835 669 475 825 793 480 274 699 
815 549 18 713 973 891 315 204 208 234 461 
936 398 857 452 540 887 938 419 580 704 536 
649 223 553 218 335 605 288 711 777 421 870 
895 943 253 700 641 167 440 79 582 728 401 
637 1000 708 339 543 1000 518 548 89 952 31 
845 424 777 707 485 778 870 988 533 937 269 
776 254 232 566 843 871 206 902 131 398 864 
890 444 941 852 81 846 177 330 976 641 560 
806 249 775 474 438 119 208 178 396 993 415 
771 789 806 126 625 708 40 117 940 35 991 
1020 952 396 886 389 783 410 525 161 555 564 
478 781 608 309 156 475 923 597 564 188 118 
625 556 123 551 493 256 492 141 980 854 265 
964 900 523 768 771 113 444 310 743 449 427 
656 447 641 163 590 22 3 431 449 837 21 
620 682 590 82 674 474 884 478 734 212 349 
701 173 580 420 588 538 522 536 121 491 729 
969 718 362 645 69 417 941 240 793 223 664 
834 863 947 732 793 857 241 822 751 607 429 
824 486 948 270 551 286 222 6 655 847 206 
797 674 134 765 443 191 722 43 26 851 321 
714 215 580 859 210 571 687 839 615 963 33 
631 208 54 76 824 870 612 817 130 592 824 
546 345 405 419 741 728 162 324 401 128 871 
746 665 868 206 904 712 945 86 916 558 533 
1000 747 980 136 357 426 533 543 436 885 779 
646 204 80 121 910 903 259 594 759 816 442 
596 980 307 930 732 558 487 400 246 124 476 
754 953 606 820 961 664 253 361 652 247 227 
578 984 249 648 624 34 192 63 758 310 507 
764 112 520 292 854 393 363 508 311 293 848 
907 241 67 917 369 456 297 184 979 639 134 
961 98 333 651 928 594 527 388 158 671 555 
807 951 391 195 867 881 798 560 517 473 677 
689 419 627 383 221 521 228 23 74 851 409 
801 320 836 758 583 112 194 596 256 148 871 
940 867 936 395 657 177 718 34 836 437 243 
910 402 181 936 971 549 702 836 375 204 517 
579 656 330 186 370 843 874 139 561 702 835 
535 106 142 117 551 833 210 602 461 710 193 
860 223 549 977 525 315 46 268 701 40 935 
1014 108 828 812 310 881 557 359 612 646 166 
549 67 973 436 114 18 696 702 477 983 518 
879 374 938 316 721 277 349 1 179 778 121 
686 119 358 310 588 292 386 502 259 833 514 
476 372 388 8 832 512 963 390 106 325 115 
1052 941 749 530 59 854 621 822 840 344 545 
987 300 797 427 48 275 448 862 431 912 903 
816 206 561 858 436 661 127 700 99 747 703 
684 999 774 62 551 629 506 906 24 766 297 
925 15 860 392 790 521 939 613 766 175 726 
858 461 859 362 455 670 748 160 559 213 58 
839 191 910 735 884 161 123 426 370 464 702 
817 1000 185 961 791 984 324 419 931 84 864 
725 1000 205 787 811 688 91 271 243 196 134 
964 102 878 946 446 791 30 564 890 675 965 
467 551 478 237 279 59 810 598 276 722 407 
438 9 766 303 165 153 305 164 330 620 597 
848 847 795 850 468 665 267 389 252 211 428 
859 73 956 394 274 822 756 128 234 435 452 
1041 810 935 664 801 585 247 926 740 310 512 
683 606 402 704 563 226 938 595 353 206 90 
849 592 219 840 306 73 403 207 557 431 122 
629 450 737 963 143 699 8 639 664 144 245 
634 710 410 180 51 702 395 201 402 385 399 
885 630 23 675 64 638 425 268 825 29 512 
760 326 281 306 103 123 2 867 453 821 957 
683 322 2 562 382 527 306 666 459 779 759 
713 465 169 404 158 818 527 111 768 567 598 
597 792 969 789 188 515 637 154 578 152 506 
633 188 852 328 632 799 259 360 483 220 347 
500 965 508 585 63 97 190 737 192 317 707 
919 747 633 733 633 346 272 48 603 192 265 
832 480 913 337 718 49 511 126 109 64 513 
881 4 712 630 624 720 831 929 703 245 454 
416 540 656 788 301 345 323 116 33 24 533 
780 59 508 85 891 440 384 125 314 401 361 
843 798 635 222 431 23 166 603 196 665 278 
839 259 294 576 452 436 377 306 545 975 199 
781 114 816 276 53 542 143 883 54 173 545 
1011 131 875 891 32 400 278 864 567 700 694 
894 610 768 307 811 178 106 471 38 11 883 
408 171 342 448 163 154 660 324 123 79 475 
693 159 886 485 908 465 459 175 779 939 589 
810 699 133 493 139 192 3 20 976 247 271 
797 842 739 403 314 516 707 33 84 761 528 
954 999 592 878 58 125 789 889 437 961 156 
565 574 392 63 419 710 322 375 630 844 762 
705 367 211 796 831 141 868 276 909 4 409 
941 959 387 513 651 238 823 274 28 624 871 
706 899 917 188 936 378 7 622 27 106 208 
524 726 541 24 147 701 400 579 159 248 921 
470 79 7 392 766 197 966 541 71 606 168 
1155 979 822 514 867 894 389 638 289 706 902 
553 339 256 934 710 179 539 91 113 657 826 
611 827 527 652 120 37 348 945 142 862 40 
866 130 928 835 942 608 813 419 813 686 680 
832 379 128 205 640 951 572 376 367 658 48 
576 568 596 507 517 361 132 75 714 113 122 
934 131 982 417 112 547 406 984 566 518 834 
929 689 118 854 862 605 243 644 341 921 626 
530 92 46 427 393 76 314 678 967 198 115 
804 99 349 944 740 684 795 500 483 632 285 
951 640 329 437 736 493 487 599 811 671 432 
600 477 533 861 788 21 416 383 973 594 535 
905 359 517 277 265 626 311 321 167 706 967 
726 321 550 989 984 282 535 846 210 908 989 
671 47 67 436 794 745 819 620 596 561 113 
754 936 324 4 4 154 702 786 191 182 831 
779 92 921 970 327 807 486 891 686 147 931 
808 34 205 845 162 368 194 220 469 714 934 
436 533 142 123 768 268 423 758 81 610 266 
516 20 890 30 704 398 946 21 742 60 311 
524 255 151 30 903 302 614 486 858 542 863 
1017 258 760 529 847 860 132 748 869 174 342 
554 44 747 102 512 700 554 522 835 737 286 
846 998 782 82 562 787 769 554 291 680 51 
859 341 153 722 86 592 332 945 98 820 680 
709 27 934 223 115 86 384 677 352 218 714 
847 233 693 154 421 349 854 903 982 468 652 
1032 480 875 524 466 703 336 425 646 332 737 
870 733 581 294 856 321 230 649 275 455 656 
419 537 589 381 394 202 24 45 623 687 303 
742 678 472 73 465 308 419 360 327 698 444 
1024 913 453 996 840 627 889 230 229 46 793 
889 503 556 630 193 608 680 353 283 977 818 
855 483 39 656 52 423 554 416 91 916 927 
675 789 845 833 636 317 71 283 997 648 191 
924 829 406 568 657 431 287 394 718 455 926 
770 734 483 767 429 276 463 154 23 241 230 
409 914 228 195 262 29 320 400 456 657 392 
677 259 522 483 435 940 799 798 473 892 376 
740 12 951 803 657 95 456 225 924 881 310 
796 77 171 64 473 679 390 432 69 732 776 
813 787 102 128 688 592 944 871 183 306 572 
644 760 411 260 129 893 596 685 469 459 822 
956 796 520 595 773 252 310 248 907 350 713 
541 490 265 648 382 548 532 594 376 580 168 
653 348 302 951 58 399 711 550 468 612 619 
892 64 219 829 759 405 326 979 774 954 295 
1012 190 86 923 526 467 244 756 476 680 866 
852 140 685 940 681 1000 370 559 647 500 570 
680 281 210 722 533 475 486 203 932 930 200 
937 444 865 171 787 925 106 639 201 319 116 
426 280 279 364 4 325 168 419 527 572 768 
752 534 203 86 667 138 533 481 525 535 612 
723 812 363 652 275 119 730 899 621 620 637 
