100 10 0
12201 12416 11848 13093 12057 13132 11805 10865 12479 10652 
877 504 923 80 870 763 637 695 556 807 469 
485 793 48 905 28 568 926 517 244 314 239 
931 417 745 997 785 561 187 611 897 275 538 
957 431 889 283 997 430 170 363 976 744 116 
693 998 123 851 610 459 562 308 580 566 632 
451 431 864 206 345 221 10 250 533 629 281 
930 371 142 918 845 910 388 269 390 220 279 
406 636 118 212 731 339 454 161 463 273 599 
736 239 643 32 972 505 932 388 245 297 74 
668 361 67 483 605 765 302 787 527 668 292 
846 408 582 734 106 322 697 347 323 535 468 
941 766 966 809 989 746 969 293 660 660 223 
795 184 164 614 301 179 295 145 26 242 808 
832 145 206 661 648 840 855 573 419 584 622 
599 66 406 327 987 340 466 423 239 492 108 
703 900 386 65 14 152 873 180 414 206 363 
559 599 130 485 107 981 978 132 270 878 477 
711 362 604 841 240 832 575 349 766 634 493 
876 301 238 761 166 99 905 831 104 622 205 
727 846 487 394 975 971 482 532 296 282 53 
703 103 978 377 885 762 543 406 42 461 126 
616 819 778 510 62 741 289 53 846 855 21 
906 382 980 96 863 799 943 864 967 768 891 
686 917 383 141 180 421 47 77 700 794 22 
527 156 424 136 119 178 433 358 238 241 818 
1017 977 826 209 447 89 831 404 834 922 69 
718 314 857 637 19 776 370 166 572 420 30 
473 68 634 451 365 582 110 24 169 101 573 
984 822 781 442 646 208 496 705 321 184 891 
925 68 952 237 683 882 3 260 647 576 201 
839 896 28 892 257 639 43 666 33 247 643 
614 111 97 123 353 395 951 713 452 463 927 
803 93 499 243 427 888 61 133 78 762 670 
812 757 55 25 160 123 671 778 801 498 656 
596 679 322 810 568 383 209 218 304 494 516 
759 22 479 705 442 304 707 188 40 979 694 
1061 825 720 857 352 812 742 388 76 834 953 
624 781 81 319 795 233 917 72 128 245 835 
532 165 659 700 768 777 727 79 619 359 215 
906 727 573 510 499 638 548 673 158 833 434 
533 750 804 462 299 59 465 264 972 52 649 
318 372 112 69 587 982 117 154 670 41 3 
683 988 691 280 290 577 870 242 647 599 199 
607 254 756 545 739 61 401 158 570 920 911 
924 945 947 173 525 573 216 699 432 978 8 
939 995 543 702 910 296 194 27 81 587 207 
934 77 726 317 511 84 155 900 607 494 876 
739 158 346 449 918 8 966 537 187 42 28 
682 222 920 732 514 274 936 692 48 855 9 
753 371 784 190 208 111 275 541 941 67 447 
524 482 840 73 9 110 822 79 769 341 595 
881 325 952 135 487 763 413 554 576 346 223 
994 333 960 158 934 211 657 777 252 80 788 
874 674 92 783 624 616 91 970 519 877 404 
1056 421 767 814 892 765 351 367 771 891 333 
682 409 89 341 24 318 934 362 619 678 360 
867 480 914 686 820 71 462 543 584 637 823 
660 673 188 934 345 420 512 781 394 592 900 
594 665 313 11 658 720 673 592 69 650 609 
848 516 283 810 349 598 455 903 335 820 116 
733 334 167 202 902 702 66 626 419 451 627 
924 454 794 461 1000 40 387 823 26 304 183 
447 204 13 844 585 253 795 423 187 245 33 
383 232 83 345 875 656 236 226 185 214 487 
602 12 30 805 635 307 918 797 118 222 546 
863 274 366 855 730 123 620 595 601 291 122 
831 705 315 769 789 333 203 600 880 790 357 
986 627 354 756 436 861 894 678 416 134 454 
740 352 357 770 211 404 893 385 621 649 465 
607 858 793 390 91 177 507 577 228 406 574 
826 407 131 376 956 1000 810 483 300 865 306 
668 401 58 315 71 91 651 281 523 288 169 
585 357 390 945 939 513 115 614 383 567 378 
1005 406 228 180 518 986 646 667 445 581 520 
926 556 686 146 518 999 597 957 74 401 528 
831 188 254 756 546 585 417 695 951 993 572 
608 381 599 148 921 318 449 802 741 245 294 
760 924 294 139 40 626 758 793 567 941 22 
582 575 878 645 313 414 952 592 217 558 157 
794 188 932 962 15 568 586 411 5 795 231 
616 178 959 71 464 64 106 948 460 357 868 
896 890 632 461 35 974 864 724 372 513 535 
564 696 846 231 774 206 907 297 568 324 101 
770 206 788 838 296 187 541 406 653 917 203 
918 675 369 937 545 497 371 454 770 946 660 
792 293 361 26 803 11 28 405 966 199 495 
616 768 657 397 133 387 842 381 281 202 383 
771 679 309 294 618 493 451 723 333 660 667 
336 376 123 509 549 115 197 6 130 132 483 
900 868 688 53 523 471 335 203 318 664 709 
749 63 116 719 745 618 701 619 896 215 54 
485 813 308 128 626 828 92 880 288 109 460 
758 548 187 607 740 799 993 732 920 715 460 
727 275 549 550 365 556 297 870 248 377 573 
619 177 906 412 891 113 732 264 92 829 164 
725 521 252 44 514 289 245 148 102 206 805 
664 804 158 494 372 811 672 281 228 228 154 
883 664 485 806 467 104 302 439 244 141 884 
883 904 860 420 615 740 569 373 371 642 190 
871 422 524 844 353 780 514 521 335 87 724 
