100 10 0
25307 25436 23390 24119 23307 25248 24830 23108 22625 23398 
694 300 727 10 243 298 596 846 113 929 492 
668 312 393 573 542 841 470 275 575 232 581 
755 576 192 138 212 276 904 746 747 91 916 
826 457 689 178 103 15 327 274 970 564 686 
568 753 360 320 402 748 662 604 657 425 692 
989 964 259 813 61 562 679 602 702 489 452 
530 561 55 810 89 840 630 7 782 418 475 
604 826 428 102 503 610 871 415 860 370 881 
946 136 243 601 112 844 960 845 85 710 598 
904 369 859 975 131 784 632 102 397 549 304 
456 372 701 335 354 294 181 533 589 316 346 
899 510 926 935 748 290 336 119 313 906 8 
847 34 895 694 743 676 237 872 113 126 952 
636 871 584 49 324 257 176 962 310 627 937 
593 708 115 247 723 618 783 911 39 75 924 
791 446 927 476 763 910 70 170 669 746 71 
824 821 191 784 242 256 873 62 891 894 266 
676 126 508 668 621 68 320 926 445 384 406 
602 646 117 550 935 389 359 762 897 505 127 
1030 838 891 33 905 649 726 177 804 899 705 
753 986 231 367 327 97 253 308 36 524 502 
502 180 656 116 90 231 759 550 221 578 221 
605 758 518 781 781 477 718 755 173 17 769 
789 448 52 680 766 52 575 79 398 294 678 
654 883 918 714 311 685 786 994 481 432 338 
902 993 990 954 399 872 286 369 667 133 999 
750 19 299 345 233 788 89 345 932 254 896 
507 285 955 79 116 54 594 336 921 58 453 
914 213 752 669 967 653 151 217 361 519 79 
578 738 307 616 193 549 146 713 752 182 904 
871 897 807 931 731 371 155 322 775 692 675 
757 43 684 247 479 429 154 299 867 907 944 
719 82 313 779 228 36 963 934 27 5 895 
667 199 226 121 250 577 772 999 968 624 519 
1046 777 836 419 802 317 897 230 953 386 457 
863 956 828 993 793 804 731 209 724 225 746 
610 539 104 216 177 944 338 577 623 229 257 
1023 589 154 87 550 988 731 452 227 986 833 
600 243 908 76 958 99 394 438 429 157 701 
367 140 412 22 212 418 629 779 237 118 426 
885 232 313 709 72 827 639 188 993 386 292 
680 259 843 121 521 970 516 976 878 61 606 
911 599 459 550 168 387 403 451 254 667 583 
791 297 275 285 383 182 997 229 276 725 12 
1021 367 841 715 498 606 189 948 709 275 709 
556 781 50 547 605 591 302 387 305 814 32 
768 406 749 838 746 904 676 630 362 244 241 
511 536 364 475 365 669 424 756 554 67 123 
465 317 392 750 790 26 542 362 246 89 185 
667 729 562 996 356 39 257 748 206 464 279 
840 788 807 117 957 208 963 458 262 353 158 
779 844 437 953 976 23 223 112 378 807 232 
454 848 56 494 562 142 480 518 580 559 296 
728 846 903 581 954 16 440 645 111 559 734 
554 105 334 147 335 663 204 979 688 641 82 
581 837 394 392 432 396 112 490 498 576 297 
825 960 711 343 341 112 322 7 777 534 303 
559 485 48 446 511 363 778 579 284 797 771 
631 36 17 690 402 799 5 750 222 103 393 
992 881 285 574 124 706 538 693 879 843 403 
472 585 142 419 537 115 498 277 826 358 604 
633 327 620 304 439 343 645 30 135 788 26 
834 143 783 882 18 212 155 518 698 637 225 
580 846 807 78 788 251 631 732 810 385 101 
680 114 343 180 41 20 420 563 317 204 128 
574 981 578 450 554 252 229 588 352 447 670 
805 776 768 287 198 936 407 10 802 415 175 
706 3 594 1 484 992 855 494 212 418 498 
661 306 1 932 615 253 138 789 39 606 839 
1175 996 885 949 746 328 238 862 639 649 548 
972 293 446 365 4 731 366 815 913 472 915 
863 761 422 686 737 25 776 100 619 268 276 
549 264 307 392 50 782 302 806 867 455 166 
662 401 846 638 257 260 271 16 453 858 791 
620 677 607 383 666 441 868 78 47 341 154 
994 645 128 266 913 904 624 982 138 498 433 
777 911 770 769 336 375 272 262 105 563 936 
738 118 608 334 302 548 3 577 432 517 787 
756 318 745 578 552 649 222 21 417 891 799 
683 979 186 784 173 488 462 57 673 381 287 
635 235 290 640 682 510 600 597 116 785 433 
934 271 593 876 747 584 839 375 323 123 506 
769 874 868 900 646 1 937 599 937 426 137 
363 617 493 87 453 520 267 498 73 91 70 
687 719 678 116 896 609 347 731 154 444 39 
715 384 197 173 752 605 957 911 90 246 280 
614 201 566 540 183 139 453 267 252 374 842 
838 257 127 174 599 903 716 167 406 185 594 
636 201 496 182 240 74 766 843 90 312 379 
630 115 914 593 493 83 770 751 398 421 511 
478 277 810 488 699 429 425 565 5 608 213 
961 980 364 112 694 975 444 225 195 66 597 
785 860 887 831 339 501 955 402 727 429 108 
713 146 132 437 361 637 801 916 461 778 18 
792 200 213 257 621 451 765 279 20 193 453 
744 398 685 192 668 514 52 107 47 837 902 
562 604 243 6 674 435 102 348 838 381 574 
838 97 390 567 870 410 766 2 207 884 107 
446 301 878 239 113 205 474 541 6 130 333 
1055 686 611 467 880 829 754 938 185 247 500 
