100 10 0
38264 34652 35766 33726 34350 35688 36911 36851 35828 39344 
942 705 277 659 943 208 201 997 85 803 714 
586 792 223 70 666 310 270 477 254 788 953 
844 364 619 162 945 233 771 667 611 56 870 
896 839 804 341 495 288 351 71 490 518 401 
496 560 831 810 89 115 452 935 238 258 508 
650 550 903 680 713 132 258 445 277 426 613 
477 116 805 816 469 20 349 249 619 349 627 
998 923 942 859 359 734 457 81 329 790 447 
634 494 860 404 587 666 555 206 155 879 710 
454 467 807 251 656 53 33 546 471 6 470 
741 762 997 547 521 118 601 755 900 310 338 
884 827 706 863 37 475 135 586 391 364 101 
807 757 49 151 152 234 341 485 93 682 233 
745 526 461 124 254 514 419 535 849 670 416 
517 344 858 762 47 132 881 75 700 58 687 
834 859 81 605 212 90 992 853 156 930 613 
935 599 104 261 948 881 15 320 532 354 560 
532 48 438 189 631 656 153 909 510 734 910 
587 210 495 478 105 292 691 317 408 226 628 
576 732 909 501 589 300 183 1000 417 127 902 
447 126 114 129 139 738 566 621 187 726 200 
750 984 354 986 185 807 355 840 283 726 445 
683 969 941 744 163 523 562 524 671 920 815 
721 782 381 254 932 749 512 875 898 320 971 
883 743 432 195 334 376 229 551 714 412 808 
908 340 658 565 367 524 755 449 148 129 694 
601 379 841 553 147 945 110 333 80 54 571 
720 404 141 827 976 122 279 823 779 264 266 
719 434 504 403 133 555 100 897 817 153 588 
750 46 62 418 150 902 782 930 779 590 94 
760 380 163 403 628 367 636 709 453 847 687 
731 131 127 952 633 893 773 134 835 47 648 
524 59 768 62 24 795 110 453 980 229 952 
764 339 633 906 715 539 606 739 988 785 836 
632 810 91 650 989 652 437 155 437 926 689 
595 952 819 658 878 828 66 110 443 404 604 
557 710 155 516 900 871 433 258 291 899 71 
787 698 865 409 73 729 521 655 465 856 23 
822 580 164 170 334 162 416 981 322 720 984 
503 84 255 218 349 382 257 125 53 890 322 
958 780 830 54 925 172 947 79 87 804 826 
695 497 519 974 171 804 70 245 838 373 854 
499 272 133 744 275 444 383 731 551 530 395 
604 688 24 368 714 419 590 356 508 211 324 
898 223 898 936 159 463 505 723 84 918 255 
974 830 931 821 438 571 941 71 892 606 253 
744 367 364 200 23 276 586 134 343 121 573 
706 1000 660 823 412 461 352 219 152 448 8 
610 447 23 490 141 249 399 824 553 327 863 
747 336 885 669 740 464 92 269 614 717 482 
949 785 322 586 322 966 918 727 629 590 6 
762 745 60 869 186 986 446 584 414 852 316 
752 227 261 774 598 5 471 682 112 60 941 
871 820 451 714 968 523 360 263 957 840 523 
872 823 212 683 598 149 634 759 551 46 56 
840 370 557 342 481 134 156 719 401 172 106 
837 711 610 609 507 82 178 403 789 55 359 
817 598 414 699 5 725 490 349 452 408 86 
443 325 550 325 37 593 79 322 874 418 510 
551 61 329 269 658 27 914 48 195 590 667 
765 280 482 170 249 601 64 788 697 20 214 
724 310 843 730 20 245 365 839 739 410 501 
575 76 632 821 315 494 110 26 36 899 988 
678 906 992 451 261 216 697 892 114 372 757 
884 416 642 172 735 30 247 883 732 483 854 
1017 286 906 141 801 949 145 83 955 688 343 
620 888 6 624 330 771 535 69 867 596 550 
405 31 768 739 128 923 53 133 571 63 492 
715 794 354 51 78 278 700 127 421 963 981 
546 61 80 679 445 226 874 794 622 485 112 
799 590 224 717 273 231 860 221 89 789 2 
657 297 780 515 582 134 312 280 679 291 938 
674 836 710 288 219 309 220 76 617 331 659 
757 765 253 829 794 782 13 105 189 706 916 
294 236 46 1 140 100 266 803 476 99 77 
823 145 136 971 648 522 412 628 559 295 366 
568 791 43 92 406 788 802 79 196 807 861 
474 612 13 41 808 717 639 815 14 363 390 
696 438 218 621 890 568 259 732 95 633 535 
748 575 129 234 380 934 910 471 816 385 229 
736 568 378 62 527 789 607 697 42 220 745 
675 844 247 193 330 593 741 948 891 376 26 
776 531 458 215 425 551 939 847 811 556 598 
933 840 356 245 479 270 795 668 287 475 211 
680 708 118 821 998 375 794 676 789 660 537 
683 939 271 60 272 662 51 724 347 749 84 
545 772 404 700 193 211 785 387 403 186 58 
656 375 685 198 427 892 764 911 43 272 344 
868 254 509 532 247 983 637 103 932 8 456 
515 83 899 914 754 37 334 62 815 745 239 
869 200 217 344 227 295 865 187 706 720 405 
719 477 676 310 249 295 457 820 181 245 683 
814 120 496 312 135 148 235 193 376 145 989 
675 391 160 817 553 513 985 584 229 535 853 
319 64 508 91 335 14 436 326 36 29 921 
1012 784 822 179 822 486 975 555 113 519 544 
651 138 346 355 818 97 458 95 870 805 363 
804 50 362 414 837 979 504 254 748 654 386 
870 838 11 51 864 22 782 488 951 298 943 
682 380 353 488 149 347 833 668 977 584 937 
