250 10 0
91283 93872 92311 90668 97007 91882 91411 96324 95018 92851 
800 88 937 803 47 486 398 427 560 602 943 
859 819 700 127 911 845 60 385 514 220 596 
922 856 432 145 459 830 859 672 75 166 368 
838 646 853 8 786 512 831 957 407 527 776 
502 814 479 72 544 787 232 586 193 348 923 
887 589 806 543 710 595 536 114 430 77 104 
820 992 316 449 870 177 264 647 650 393 990 
472 859 221 180 894 584 213 457 45 407 520 
694 790 937 163 1 442 292 46 956 881 518 
688 469 788 479 558 355 504 434 370 471 742 
841 507 693 914 138 191 414 378 781 310 7 
581 198 661 366 884 421 152 619 930 935 547 
817 314 674 595 61 117 630 597 341 742 693 
915 871 536 875 663 418 597 642 370 717 679 
954 251 575 470 442 909 878 302 989 491 66 
482 49 623 79 269 696 112 61 128 316 258 
629 242 765 159 569 223 163 893 929 445 39 
749 27 300 362 513 61 801 633 138 790 949 
932 850 701 112 598 678 680 79 159 846 605 
583 712 454 89 764 670 754 469 186 87 458 
952 757 923 692 359 940 309 437 997 896 183 
691 11 899 236 37 279 174 577 237 435 778 
554 218 965 635 350 580 464 362 896 323 249 
492 209 850 502 210 769 362 601 94 845 214 
830 51 161 523 442 229 202 463 661 853 604 
362 395 9 401 38 946 489 421 258 134 360 
850 485 863 696 45 740 27 337 24 815 135 
614 367 700 721 830 184 797 280 806 18 642 
599 368 645 204 253 705 619 301 461 791 697 
899 82 868 396 92 494 420 540 109 288 797 
923 259 540 147 918 336 392 306 137 814 582 
807 403 425 415 231 902 939 872 709 715 7 
898 889 860 157 241 306 285 142 897 544 893 
636 138 272 777 35 460 574 574 302 319 226 
788 583 38 189 95 522 359 822 103 596 18 
405 17 9 884 186 358 734 219 417 613 501 
968 708 910 97 178 324 697 991 126 376 443 
816 329 211 500 680 770 739 33 876 136 663 
951 153 788 112 776 462 843 898 421 894 131 
592 35 365 277 298 130 878 729 900 760 403 
644 457 308 785 521 78 116 218 629 540 672 
723 270 333 637 775 277 52 219 991 978 169 
985 505 322 596 929 693 879 199 931 102 547 
468 24 379 280 371 629 1 68 515 787 760 
983 426 870 514 143 158 495 864 251 535 998 
544 634 253 173 437 783 292 140 168 830 942 
791 264 666 780 47 776 521 170 184 408 517 
683 826 41 565 252 599 955 229 235 486 47 
943 668 806 572 991 406 828 253 209 882 602 
807 76 308 497 897 326 247 747 409 904 358 
650 463 804 447 741 859 208 11 737 712 390 
572 291 571 460 384 42 752 42 766 946 116 
1033 395 404 366 905 729 628 864 124 699 831 
898 251 994 521 769 912 106 205 411 303 762 
848 788 14 400 666 229 199 486 815 935 981 
736 453 996 611 203 350 652 588 762 817 490 
860 558 185 818 557 604 163 63 916 134 721 
799 8 602 927 638 751 611 261 436 44 585 
796 711 236 133 927 585 967 212 475 346 361 
724 436 397 862 996 697 367 354 852 885 712 
1049 272 891 885 653 740 984 212 341 774 745 
643 379 838 272 454 785 927 871 173 333 814 
695 729 631 879 140 334 6 726 625 113 959 
644 332 921 21 527 612 562 663 830 458 494 
917 978 683 618 121 555 726 433 199 562 508 
702 91 90 140 181 756 405 675 861 414 939 
399 648 61 214 183 7 698 390 581 296 496 
888 793 444 923 423 358 530 380 38 59 747 
720 512 655 467 913 906 452 621 686 567 274 
908 570 522 589 371 355 134 105 488 979 932 
468 418 636 210 908 273 620 230 32 495 724 
840 370 831 764 998 777 319 413 354 149 180 
673 770 120 895 429 582 596 444 121 745 487 
659 846 187 569 996 507 377 192 765 905 996 
576 415 350 337 667 728 788 45 352 946 794 
1019 773 469 933 837 406 467 493 900 373 765 
661 599 19 898 429 546 726 24 771 898 3 
797 16 258 320 514 29 401 975 241 693 504 
629 836 210 636 445 440 984 93 882 79 842 
803 329 603 800 738 577 275 33 826 370 759 
818 649 200 175 215 440 226 690 555 102 177 
892 50 902 877 387 417 413 151 743 3 605 
947 809 945 584 668 12 668 918 209 251 472 
905 598 553 710 308 93 983 340 242 178 213 
516 468 92 534 100 614 919 294 867 684 170 
924 154 935 84 154 775 186 783 612 720 947 
900 938 611 420 661 425 920 544 748 348 545 
1067 541 579 971 312 637 618 680 928 869 166 
647 44 951 126 784 618 631 178 218 541 808 
983 929 347 871 246 853 555 918 116 409 278 
540 462 741 192 878 184 308 235 649 124 987 
841 239 918 200 809 535 664 647 551 636 394 
678 544 933 873 517 711 639 244 354 634 865 
569 75 532 96 732 63 204 726 727 84 695 
682 553 947 592 816 525 116 654 747 67 694 
887 455 843 507 953 153 706 421 352 784 765 
915 154 604 602 40 914 256 430 826 719 1 
884 492 363 718 181 66 697 229 944 867 623 
1019 714 333 787 339 858 228 761 852 561 20 
877 190 117 566 122 473 418 910 262 610 372 
886 212 539 471 406 917 710 603 753 281 599 
944 695 667 297 599 854 489 690 211 807 863 
683 51 236 983 492 771 778 524 652 829 178 
773 89 82 659 74 862 143 463 222 901 251 
860 770 845 366 870 913 115 118 927 881 67 
723 69 909 508 933 943 482 898 508 514 312 
615 444 105 304 287 528 567 11 213 600 915 
759 517 123 826 810 680 864 237 791 981 338 
677 193 888 697 502 545 827 143 356 109 916 
906 207 47 516 950 42 67 560 352 931 502 
475 911 57 317 84 389 267 960 283 809 233 
723 390 524 848 766 920 848 47 21 519 770 
726 435 192 338 218 299 630 204 796 619 332 
783 917 499 500 990 672 268 502 221 831 484 
1006 753 522 96 443 296 666 575 679 424 707 
589 675 707 912 850 222 143 316 837 118 412 
705 983 274 621 800 853 943 769 529 397 79 
559 66 129 182 831 948 46 358 688 844 997 
551 405 348 57 47 719 411 615 733 273 725 
759 793 144 806 345 678 402 652 287 192 564 
655 379 362 655 277 609 271 760 687 755 632 
716 565 860 506 973 604 530 895 129 30 583 
756 296 656 969 596 432 882 742 627 726 594 
827 825 416 256 101 378 575 833 759 925 888 
754 417 83 802 709 904 713 526 389 523 810 
704 472 845 222 724 946 178 56 353 277 208 
947 68 866 535 728 869 866 866 729 67 43 
531 619 481 994 429 518 67 161 587 795 659 
418 883 530 269 132 656 115 539 153 209 223 
932 535 178 473 290 799 241 933 335 340 814 
549 381 126 493 3 53 45 334 318 623 12 
477 71 836 285 209 543 591 778 385 657 223 
622 606 9 365 176 181 777 888 448 246 386 
476 776 69 416 596 228 300 525 637 507 600 
964 261 628 144 958 668 935 291 729 615 187 
765 144 46 624 295 521 566 244 776 74 622 
463 87 124 47 771 320 226 910 256 154 685 
682 188 868 604 169 856 549 799 230 679 85 
694 736 195 450 549 422 918 138 42 459 216 
513 975 222 194 427 722 423 373 731 245 175 
861 312 333 993 578 395 15 875 94 122 266 
581 625 915 570 217 168 3 688 139 926 336 
482 751 646 39 852 53 426 666 635 381 242 
655 409 556 956 64 249 219 496 860 590 225 
762 168 504 939 295 320 711 75 622 999 265 
780 789 91 56 51 34 660 838 258 741 504 
759 790 448 345 418 736 252 542 610 662 391 
863 135 182 938 89 710 846 490 919 214 369 
942 694 486 105 494 676 780 223 742 124 615 
738 18 17 912 89 504 813 818 438 293 378 
757 940 641 68 512 448 583 180 556 135 433 
754 561 841 451 799 393 525 393 458 244 843 
996 724 258 357 969 807 754 896 690 46 433 
874 701 335 630 500 429 391 383 269 81 758 
726 941 311 41 136 161 193 86 617 895 281 
855 354 961 741 8 322 212 149 941 896 154 
651 332 438 430 332 48 581 243 501 801 347 
568 332 938 378 343 737 274 421 747 105 849 
487 161 355 355 173 877 296 536 769 825 85 
376 937 121 18 259 123 109 316 301 859 160 
776 219 459 451 552 643 944 306 876 278 259 
644 178 273 820 101 668 942 708 545 108 159 
680 346 456 771 975 968 221 598 970 43 178 
405 645 170 48 454 287 159 216 8 241 532 
841 631 225 158 448 570 437 789 755 6 388 
1051 37 416 578 705 820 862 880 238 886 318 
496 648 140 36 251 691 530 747 686 822 343 
844 519 564 203 883 617 876 703 512 521 606 
967 946 764 760 77 412 880 933 635 669 12 
473 450 384 467 177 822 571 353 505 575 163 
718 372 595 278 36 977 450 89 959 313 279 
680 748 797 531 359 453 368 469 568 443 428 
998 732 923 456 114 616 593 469 474 703 60 
709 69 119 825 666 670 113 688 659 680 365 
648 871 8 883 380 259 413 204 90 132 476 
746 745 827 182 49 383 539 715 72 662 642 
1029 818 24 67 990 663 309 719 969 708 115 
753 778 622 152 106 751 780 425 1000 923 220 
735 888 844 547 609 827 984 700 828 29 796 
916 317 659 851 482 717 469 573 392 332 732 
680 328 817 363 373 757 988 882 611 595 457 
956 498 534 673 96 666 417 355 7 370 976 
569 152 34 383 952 499 406 654 279 981 709 
608 692 360 659 856 893 276 207 278 974 3 
465 599 417 928 118 734 81 492 147 47 84 
533 119 146 197 699 55 107 568 822 508 241 
435 526 472 71 449 604 25 402 955 7 351 
836 865 619 168 274 878 607 798 327 735 768 
911 703 877 342 890 384 708 705 379 36 797 
510 566 467 826 381 196 180 221 791 214 681 
416 736 45 101 656 77 966 779 45 70 262 
1098 321 661 762 972 720 368 894 487 842 556 
522 43 95 724 770 636 246 857 940 303 295 
647 991 494 863 398 688 816 161 352 744 419 
846 776 547 774 183 682 268 288 463 388 892 
873 768 605 318 696 306 460 255 338 282 987 
657 503 436 288 613 396 329 747 592 545 677 
681 926 894 487 919 502 200 405 597 515 458 
1034 987 995 172 988 352 362 973 389 737 600 
884 925 474 54 752 279 665 198 846 829 356 
773 931 974 538 283 691 429 276 145 818 120 
655 479 352 928 533 490 492 168 406 450 737 
643 296 867 612 766 89 820 8 980 658 665 
763 84 639 366 886 904 844 892 222 736 170 
698 508 82 120 661 167 418 765 687 525 931 
827 99 483 465 298 37 333 495 312 952 287 
695 565 537 400 814 540 772 269 312 181 441 
587 559 466 300 591 168 496 689 375 385 79 
523 943 503 323 169 616 201 831 788 32 415 
417 373 147 621 723 144 5 750 852 107 366 
1002 648 572 861 88 698 399 177 748 526 706 
721 131 203 516 483 282 541 847 464 910 765 
514 285 138 595 262 46 450 328 104 280 302 
1005 915 650 705 131 114 743 1 954 835 247 
561 360 663 865 6 9 742 86 103 339 113 
768 299 764 526 158 555 550 742 508 369 812 
792 652 244 807 227 36 723 355 763 982 160 
682 981 549 846 10 50 294 786 108 94 48 
676 882 652 508 9 160 370 915 32 607 852 
361 48 373 545 180 367 17 10 295 808 835 
560 691 296 251 288 590 805 817 414 539 31 
870 543 584 904 741 3 847 624 171 174 193 
546 18 90 292 119 318 636 104 939 81 605 
554 643 532 756 782 788 220 87 290 638 671 
967 131 846 943 810 451 534 457 840 21 683 
609 614 337 395 532 483 62 356 793 129 769 
826 240 902 277 379 907 209 461 743 858 275 
1088 944 319 824 79 848 981 888 887 811 501 
828 879 138 252 463 410 573 792 281 823 804 
1029 116 485 384 574 530 602 747 715 343 955 
490 446 11 231 831 948 57 288 213 897 965 
1124 339 994 479 733 899 830 970 651 844 559 
1050 450 361 694 206 950 162 537 881 657 786 
578 203 621 203 773 578 599 842 964 393 184 
563 923 242 989 505 895 354 128 408 391 143 
746 111 694 419 824 988 913 739 454 931 231 
902 674 480 839 708 450 362 731 558 541 990 
858 659 790 514 225 443 398 813 377 422 219 
782 217 983 775 737 755 102 189 709 969 1000 
598 970 512 662 252 485 154 282 875 133 895 
695 232 165 745 477 59 27 853 887 388 104 
777 365 835 981 501 372 823 685 257 324 559 
416 606 937 71 518 412 473 187 377 16 344 
685 138 637 525 926 862 45 317 416 341 957 
572 244 874 361 152 168 827 274 660 164 629 
907 363 59 552 891 216 714 861 185 368 377 
408 204 23 11 828 969 281 227 45 290 637 
453 222 885 795 264 251 547 61 133 139 415 
597 355 317 340 585 722 785 805 561 667 566 
710 981 378 674 600 286 912 827 713 695 613 
