250 10 0
92124 96789 94760 95449 94956 92374 91333 93114 93167 92363 
656 240 666 887 745 76 99 834 680 254 465 
654 72 222 120 533 1000 11 538 344 284 718 
795 267 424 168 637 812 212 176 54 526 357 
654 118 136 994 556 193 897 39 348 72 649 
933 711 552 575 772 810 178 629 119 591 193 
874 29 505 208 694 421 653 225 972 22 938 
1138 986 36 736 922 979 861 737 633 97 800 
1014 375 461 687 109 989 831 860 223 846 754 
509 693 436 670 404 575 586 289 263 270 492 
635 675 309 390 559 939 197 4 702 589 485 
783 343 372 34 135 590 914 562 477 685 94 
596 445 57 389 514 225 609 544 137 836 806 
739 206 886 396 42 273 737 74 355 947 734 
925 561 816 743 636 510 33 435 586 264 9 
1097 604 346 882 864 965 717 900 267 889 209 
901 491 488 144 57 359 966 678 138 809 314 
402 170 925 285 312 114 180 511 247 786 480 
610 423 35 785 214 552 583 784 720 61 783 
835 245 130 958 992 488 612 924 620 89 682 
885 166 410 117 900 589 611 489 634 708 717 
880 628 842 491 507 446 521 735 426 352 728 
817 646 496 377 448 191 683 389 386 820 648 
822 694 779 630 122 291 113 445 271 599 226 
1002 982 911 773 268 730 379 826 468 699 285 
1037 109 714 650 338 728 513 844 978 401 380 
765 262 342 591 334 990 66 700 340 182 514 
803 679 883 900 32 985 552 209 766 300 914 
428 456 656 161 862 203 313 587 264 378 338 
784 528 210 177 131 19 873 340 291 99 828 
523 812 372 715 946 28 227 513 472 180 3 
674 728 608 59 438 930 508 487 871 501 322 
730 505 854 226 624 219 300 355 297 644 365 
583 715 376 518 450 105 219 87 701 480 962 
982 408 479 383 239 998 466 944 55 110 942 
794 524 653 634 267 565 648 963 163 389 131 
672 602 492 438 124 612 352 992 243 811 207 
481 211 46 862 953 165 406 236 81 598 699 
975 136 171 290 570 798 596 349 744 690 688 
842 751 843 373 668 164 614 344 953 902 14 
598 870 227 985 345 16 307 757 138 912 449 
712 716 93 79 870 721 602 145 465 254 107 
532 478 947 24 467 424 754 528 544 89 362 
741 286 123 263 545 530 969 902 584 198 929 
958 692 145 121 858 430 631 449 427 753 167 
695 754 418 598 806 775 410 998 266 823 714 
936 681 441 706 799 832 782 76 365 417 908 
699 387 924 522 709 589 674 148 950 283 285 
781 253 864 912 232 517 136 195 75 173 339 
618 187 579 159 53 24 463 521 322 688 512 
971 686 484 734 107 845 326 412 602 284 438 
696 302 881 882 654 348 974 860 627 423 601 
689 357 960 887 365 674 362 823 825 576 67 
627 409 345 768 715 446 697 800 337 199 321 
641 213 308 479 248 99 339 781 457 515 165 
925 467 472 196 992 551 738 657 725 106 452 
839 546 716 247 655 417 5 778 661 807 746 
759 208 515 861 813 145 669 169 418 940 953 
567 324 279 298 498 724 896 457 892 74 143 
850 766 363 666 921 344 964 329 234 611 796 
497 573 965 351 377 13 683 221 413 59 903 
946 116 718 841 809 988 660 825 14 717 622 
493 516 369 366 270 965 339 393 74 666 352 
740 622 854 188 364 349 977 138 31 988 305 
1027 691 401 812 449 792 839 755 939 46 647 
547 32 110 801 720 53 545 629 157 648 336 
769 61 925 777 974 80 958 271 450 321 288 
467 435 829 269 199 322 589 54 955 439 168 
531 834 729 884 156 841 182 161 528 270 483 
534 326 371 169 993 527 392 52 195 466 242 
582 770 631 474 14 468 58 998 769 794 571 
1071 169 747 955 395 945 70 990 883 84 945 
873 988 598 585 169 161 106 371 383 548 490 
1098 690 812 562 793 216 639 929 636 34 837 
551 164 357 291 611 374 712 595 404 700 350 
528 11 722 796 591 66 255 616 44 744 609 
604 678 273 718 832 171 106 585 186 228 76 
596 949 260 618 972 281 246 338 583 628 784 
787 287 440 562 609 429 968 513 308 539 802 
1065 982 974 865 755 424 797 432 914 541 197 
726 469 940 171 720 607 772 940 724 354 196 
583 129 839 578 801 489 310 218 155 855 154 
720 375 70 931 242 761 37 189 891 225 418 
476 338 847 307 85 528 132 760 66 460 2 
1021 589 499 784 243 517 77 914 283 520 795 
555 585 35 573 265 776 835 846 69 214 211 
593 160 933 864 565 306 390 405 811 858 300 
534 105 714 960 102 291 303 167 321 451 623 
551 473 290 491 34 721 550 434 700 266 636 
594 559 839 318 447 52 65 850 157 623 293 
716 936 496 731 540 927 829 401 289 10 297 
936 205 839 460 929 918 65 931 500 990 734 
992 569 918 786 456 60 567 481 563 78 515 
809 755 420 679 44 662 168 169 772 701 871 
776 574 769 593 228 869 677 719 348 694 228 
686 508 545 383 33 582 655 486 340 343 447 
703 830 67 223 504 228 904 601 689 380 676 
865 998 694 449 161 409 494 758 382 197 331 
743 351 170 311 314 772 174 560 936 765 565 
479 586 223 427 696 229 162 337 991 261 28 
558 919 113 6 573 336 956 165 788 602 461 
1028 698 968 414 876 664 385 566 927 506 220 
818 492 227 346 58 104 904 924 353 461 939 
649 274 61 650 87 42 453 899 759 557 74 
929 554 933 904 397 806 564 732 806 508 531 
927 967 682 200 566 668 417 42 470 441 74 
565 444 915 960 239 516 337 582 472 46 947 
983 636 313 881 768 988 115 760 689 59 20 
411 313 272 636 596 521 820 88 45 605 5 
432 413 789 111 210 120 7 197 500 741 896 
647 83 215 247 289 694 783 656 718 823 483 
823 629 191 806 124 205 501 282 670 703 655 
660 826 466 643 402 219 175 982 37 584 547 
660 238 168 29 150 814 624 521 611 160 788 
643 328 979 552 114 803 668 172 300 786 645 
575 890 156 883 286 46 990 728 313 504 606 
845 388 772 17 813 150 724 299 31 189 900 
726 39 730 178 863 133 15 98 958 485 708 
522 911 404 787 622 729 236 607 94 72 323 
954 938 554 192 980 910 919 921 788 74 419 
736 658 513 266 621 179 790 251 448 596 434 
946 865 30 958 230 24 294 832 341 937 49 
766 179 865 210 478 151 472 541 107 747 663 
904 990 768 210 65 755 361 902 363 119 625 
746 698 978 2 697 910 460 577 98 427 511 
554 388 220 82 380 376 835 525 781 355 589 
627 937 277 853 924 533 352 308 326 936 728 
840 74 494 797 260 964 927 395 549 518 741 
891 67 507 370 916 887 549 77 667 264 323 
845 590 926 725 742 293 155 18 769 967 667 
578 173 277 793 907 482 26 883 762 169 268 
802 464 356 355 190 636 815 60 998 645 590 
717 344 634 851 406 10 273 689 647 645 156 
724 446 102 151 97 199 759 201 715 583 394 
806 589 145 904 422 409 533 63 719 620 520 
466 457 872 530 814 463 228 199 703 288 48 
899 766 473 44 644 409 664 490 286 846 341 
863 836 304 88 477 319 96 739 24 780 650 
754 840 917 366 901 691 812 665 942 94 32 
668 26 361 358 741 601 677 517 984 695 301 
1033 663 7 868 424 543 747 934 445 684 690 
712 21 435 670 705 171 43 311 791 623 594 
679 500 5 40 287 51 27 297 590 421 583 
687 1000 439 755 488 259 603 200 282 865 6 
930 852 771 430 422 715 764 82 230 167 169 
497 687 470 248 210 934 445 367 144 178 239 
705 569 386 269 291 820 787 449 380 983 493 
847 932 254 385 656 357 469 156 911 603 148 
410 740 787 400 628 62 302 49 135 613 112 
794 432 140 718 723 228 373 947 316 117 486 
757 618 55 922 636 323 814 377 876 486 884 
613 189 511 373 243 98 867 533 174 542 457 
683 72 680 18 663 165 380 908 802 389 733 
765 999 639 804 979 502 157 610 168 466 539 
1057 317 946 550 935 291 889 917 995 464 849 
502 320 621 668 345 878 676 188 255 116 381 
1029 906 642 679 581 821 355 252 818 715 722 
876 47 150 843 873 18 158 212 305 1000 617 
609 54 667 18 614 476 780 160 960 560 19 
799 903 79 791 574 121 576 472 731 520 882 
577 848 795 620 309 434 319 288 184 921 573 
451 415 583 910 24 224 590 272 142 968 272 
748 840 230 759 474 267 42 808 782 142 885 
508 301 835 588 50 408 477 62 873 128 982 
570 821 316 699 336 461 766 190 913 465 545 
842 779 163 868 826 468 947 318 512 272 349 
937 615 641 260 282 585 185 462 547 391 579 
798 469 61 714 434 112 490 530 152 372 452 
716 362 337 335 255 497 270 52 200 460 335 
693 984 716 874 174 574 116 524 947 754 676 
591 286 420 342 991 923 313 516 149 925 941 
620 21 882 891 269 881 158 897 864 644 137 
464 783 70 477 2 453 664 172 10 954 826 
632 426 759 286 617 331 67 817 369 988 551 
618 235 122 870 971 420 269 109 137 52 807 
774 55 447 327 70 812 318 899 63 483 759 
834 147 134 630 652 294 65 225 550 712 485 
1000 54 392 828 758 953 861 547 107 118 772 
691 700 620 481 877 540 187 835 219 18 28 
668 489 608 180 996 965 808 795 108 13 916 
867 548 584 519 727 964 4 308 840 586 189 
638 214 802 33 38 325 405 418 431 230 575 
696 696 832 355 741 534 898 51 716 619 398 
933 905 969 191 755 670 58 436 773 481 752 
362 216 272 189 368 361 161 5 618 846 5 
1053 1000 964 361 638 861 660 464 967 267 596 
513 189 452 600 839 428 64 65 671 215 687 
719 138 422 713 880 985 313 859 545 846 233 
433 56 134 33 235 272 276 322 402 308 13 
769 781 530 152 786 565 530 487 743 507 923 
966 405 253 72 546 788 985 387 427 301 573 
791 637 684 3 590 35 19 839 741 487 966 
896 391 112 264 341 372 29 560 889 879 522 
661 18 649 835 461 890 608 169 613 605 49 
406 544 238 8 806 63 511 398 854 404 56 
481 72 516 560 44 385 163 241 911 455 421 
612 750 449 742 155 443 259 269 505 509 172 
840 384 832 756 974 664 277 372 174 542 27 
571 616 273 408 503 326 636 283 973 998 218 
1131 887 515 996 587 948 736 43 796 267 733 
941 381 758 24 606 671 128 746 188 781 346 
869 36 703 991 361 547 588 222 477 236 706 
874 830 862 216 740 811 936 302 733 802 3 
904 902 906 39 120 316 21 266 594 569 770 
851 649 852 830 899 691 74 921 244 357 910 
801 70 448 888 83 351 848 555 194 868 29 
776 784 415 545 166 216 915 180 496 933 625 
927 649 182 345 110 374 798 603 876 373 596 
1070 152 644 259 995 997 791 546 206 665 800 
687 618 792 608 626 912 167 566 676 587 697 
959 735 231 621 584 106 882 643 745 433 466 
782 721 767 766 41 45 263 527 785 965 287 
842 477 162 333 192 719 358 828 509 51 387 
1030 153 380 596 672 777 735 469 798 799 600 
837 362 678 750 763 843 802 151 559 257 353 
951 959 713 310 162 802 572 430 203 873 257 
818 435 808 138 746 286 781 598 551 166 138 
720 540 275 756 511 646 556 763 426 795 28 
1006 588 854 936 423 986 437 320 929 169 698 
887 366 980 51 718 587 896 349 233 845 893 
577 236 709 120 668 127 742 443 411 728 744 
341 189 112 908 361 704 933 5 9 69 67 
864 198 954 414 121 747 759 748 125 88 702 
857 579 788 978 941 588 607 287 220 450 258 
1018 55 757 811 394 973 449 375 622 506 682 
562 342 388 116 566 684 993 371 654 456 416 
1035 356 195 605 999 686 640 749 208 858 877 
737 731 808 293 107 847 906 692 577 344 834 
699 987 47 941 839 467 376 525 760 217 773 
575 574 989 104 196 226 901 828 373 72 733 
610 904 210 986 404 592 271 867 821 320 79 
782 184 219 678 464 597 398 28 642 251 579 
818 471 384 583 568 601 92 356 921 850 782 
680 15 257 655 406 445 906 672 215 729 803 
846 706 141 347 916 604 234 688 103 103 696 
909 691 252 188 623 603 282 354 445 720 456 
995 693 707 906 562 385 282 605 762 527 166 
680 713 712 35 677 928 48 531 130 310 348 
937 602 570 288 382 888 983 406 260 240 423 
897 232 941 147 865 354 364 976 906 942 365 
736 73 341 323 620 398 998 173 205 780 298 
818 988 269 981 543 19 101 15 619 898 999 
719 35 229 153 661 239 810 985 727 420 781 
626 68 997 925 696 519 411 823 221 205 581 
715 573 322 570 588 650 83 130 916 408 764 
834 32 130 582 537 880 811 999 195 280 9 
925 23 913 189 517 689 213 307 571 982 846 
844 120 998 675 667 493 194 363 328 600 555 
711 914 762 377 299 532 840 199 523 925 363 
638 228 822 62 189 336 109 587 58 139 620 
938 882 240 165 757 805 673 443 864 910 857 
