250 10 0
60997 62050 59728 64473 59742 62662 61739 61108 59437 60209 
656 317 869 545 449 516 500 928 755 589 603 
652 865 314 373 656 362 668 818 952 934 171 
616 171 406 741 607 335 230 714 970 336 741 
987 919 907 817 649 755 379 205 575 494 4 
1014 368 374 947 719 598 326 866 338 91 698 
778 672 659 10 301 389 395 954 444 669 778 
505 311 618 567 545 374 85 724 841 805 86 
1183 812 751 831 872 486 197 941 616 975 482 
660 674 27 796 287 220 114 409 565 43 643 
908 326 674 615 994 610 605 598 740 629 85 
869 62 663 641 312 113 231 862 231 839 307 
920 98 496 788 118 261 928 14 519 452 919 
504 776 15 882 244 708 151 650 881 367 228 
626 569 1000 834 121 775 399 293 603 27 227 
848 841 866 167 285 365 61 418 425 757 800 
859 938 307 257 894 880 720 804 500 31 319 
771 531 260 666 24 273 760 132 378 168 25 
564 899 434 116 536 782 281 511 668 800 464 
706 419 81 323 783 37 939 917 347 873 409 
499 620 197 8 400 470 138 221 168 172 337 
895 3 678 871 959 778 112 266 613 716 192 
724 184 626 988 188 802 529 729 335 375 830 
492 157 587 319 817 195 733 794 438 11 581 
793 835 290 462 52 961 754 881 426 415 548 
609 651 333 46 907 223 618 374 342 616 606 
499 977 45 886 356 202 168 714 703 111 169 
749 481 674 951 591 842 715 966 739 908 188 
734 286 645 837 888 754 89 230 695 253 741 
830 289 51 207 910 252 522 598 888 51 431 
613 766 697 173 934 824 814 322 349 193 541 
902 679 407 658 807 903 340 659 918 331 825 
610 116 862 11 922 564 65 733 789 133 410 
986 505 257 556 796 468 954 464 296 152 672 
707 693 173 950 628 65 477 813 735 369 616 
969 728 961 580 296 937 875 445 539 946 645 
558 813 695 380 300 138 488 614 774 205 868 
792 206 289 151 996 36 983 573 528 9 20 
813 37 830 552 572 58 920 507 454 652 31 
822 6 637 830 91 116 636 966 697 774 408 
846 696 677 272 387 287 270 644 493 100 574 
547 568 588 606 650 292 304 358 100 691 104 
637 153 525 540 171 727 362 564 187 398 737 
697 456 77 408 556 554 637 50 57 665 16 
976 257 271 412 797 482 351 944 281 852 591 
510 61 473 317 870 414 353 1000 14 86 72 
499 869 386 65 871 243 335 558 543 416 78 
544 351 424 299 895 164 332 682 837 159 960 
705 215 951 409 357 589 742 126 340 283 714 
686 680 130 815 706 756 467 514 778 466 438 
622 170 902 548 150 423 563 319 692 212 981 
778 314 949 225 218 283 197 106 465 770 1000 
817 46 963 279 609 26 40 58 451 694 104 
350 817 127 292 71 195 793 89 209 216 526 
565 866 740 506 986 435 924 97 487 336 192 
659 961 719 153 326 321 656 873 571 534 934 
771 441 291 664 390 332 412 569 252 684 50 
588 377 487 738 164 242 203 576 583 933 138 
603 538 461 981 433 364 720 65 745 468 152 
1005 755 839 635 612 270 716 443 697 788 935 
728 69 848 860 104 542 524 463 849 195 840 
906 468 554 907 195 512 155 928 211 712 758 
642 770 989 344 366 851 246 590 786 436 208 
509 56 309 640 866 964 526 304 222 919 78 
970 886 177 760 211 598 852 779 606 149 664 
590 300 663 2 12 288 569 57 249 61 91 
904 806 177 690 97 266 598 913 725 516 539 
651 86 476 695 915 161 279 882 708 616 841 
459 426 197 277 80 527 685 412 707 504 624 
611 74 326 197 445 238 759 510 256 41 252 
622 161 421 908 767 941 832 360 954 182 92 
913 829 288 623 440 696 688 873 425 882 854 
878 15 527 458 913 738 816 210 658 1000 387 
720 636 493 1000 56 647 956 297 404 437 994 
710 126 688 707 826 325 669 946 350 820 241 
484 793 328 400 176 574 223 222 562 429 936 
429 486 172 129 787 234 459 653 408 301 83 
1012 781 731 640 771 826 56 252 852 190 248 
1170 439 870 324 966 803 535 738 899 511 807 
481 882 364 392 408 541 7 250 472 859 481 
675 132 990 466 54 154 61 847 388 116 682 
417 23 591 74 950 920 164 27 258 122 262 
765 610 257 243 528 102 681 517 583 284 572 
860 861 477 598 563 779 296 764 884 876 22 
721 908 742 81 254 990 649 544 88 183 760 
735 521 606 71 687 140 54 899 180 706 685 
802 791 222 666 47 756 86 114 812 833 231 
561 416 207 224 752 112 564 885 20 769 94 
780 398 852 408 126 140 605 932 170 444 507 
862 344 741 385 333 659 783 523 725 488 383 
681 745 960 602 704 299 51 971 52 387 119 
648 376 375 357 199 50 565 268 994 650 137 
824 958 950 445 209 953 871 606 234 622 267 
606 143 517 122 134 498 558 548 874 872 660 
605 519 352 466 459 877 20 352 739 708 221 
728 635 332 474 873 608 134 223 177 841 200 
863 292 906 241 305 27 284 435 58 581 921 
601 279 736 993 41 114 617 121 317 430 333 
819 490 159 986 551 909 471 686 770 711 27 
821 492 919 613 209 688 216 424 7 803 488 
832 351 779 430 972 698 16 687 863 622 882 
730 300 476 707 731 613 559 358 235 627 785 
855 821 897 982 573 140 802 729 664 196 650 
896 274 418 867 814 793 722 292 177 874 110 
531 281 861 29 650 597 285 121 952 99 599 
795 989 103 218 842 837 326 346 150 847 576 
744 342 98 219 455 658 645 831 663 425 637 
609 536 18 418 142 415 509 90 770 724 546 
689 752 321 674 31 710 628 85 155 256 138 
980 473 629 41 443 440 53 461 747 941 843 
965 150 773 284 855 229 104 856 958 727 879 
601 586 372 309 178 642 444 416 256 872 971 
751 402 327 937 128 413 44 820 842 2 560 
596 554 681 155 363 541 664 232 873 505 360 
630 697 113 361 447 571 707 55 396 848 36 
527 548 313 91 284 366 78 956 468 886 13 
1092 966 751 542 743 157 781 590 912 736 762 
532 971 74 471 784 470 383 399 165 618 494 
423 38 58 716 693 792 127 418 280 337 226 
654 603 385 151 849 753 576 917 920 811 469 
653 890 29 581 230 969 123 315 711 23 97 
637 305 928 372 869 51 542 864 176 648 613 
799 271 344 539 642 525 223 57 112 740 742 
637 967 176 885 654 430 229 504 143 175 337 
735 168 608 613 29 116 732 348 68 311 836 
514 66 363 532 616 770 954 384 310 476 42 
542 110 9 173 678 214 294 744 824 346 486 
859 535 499 801 787 100 14 105 701 848 903 
691 103 65 62 804 826 688 573 345 190 627 
814 456 906 538 924 593 385 129 140 42 885 
883 955 215 533 357 322 495 236 366 514 898 
620 211 313 567 898 749 824 408 867 746 572 
790 211 275 172 648 155 835 943 184 288 785 
653 268 900 818 301 231 686 77 497 495 876 
569 935 530 599 176 65 151 751 495 932 113 
446 544 154 106 727 95 192 87 73 197 305 
882 581 231 891 870 809 580 118 592 468 44 
690 18 721 861 583 925 918 145 249 466 899 
563 815 652 21 668 744 835 147 436 733 461 
677 702 409 429 397 565 606 533 144 852 149 
664 360 141 201 160 438 610 135 234 277 108 
789 801 637 153 469 648 71 123 673 964 346 
819 250 759 231 482 371 25 625 506 320 173 
967 16 649 699 844 315 980 564 407 383 781 
871 80 90 65 866 783 979 472 904 61 445 
753 847 458 594 26 139 801 818 311 119 76 
923 369 814 671 867 38 904 727 300 424 207 
764 952 160 519 356 436 205 754 522 816 708 
580 475 44 901 244 45 324 757 978 945 708 
510 383 891 195 49 399 435 735 821 512 480 
555 529 110 57 970 332 806 411 352 392 874 
807 769 334 563 495 595 486 377 1 157 906 
665 980 566 336 509 586 984 326 704 700 611 
942 986 200 515 629 434 375 303 281 61 882 
508 10 442 890 527 252 565 786 61 159 956 
922 705 268 154 794 443 734 847 94 362 366 
1003 20 780 575 539 886 706 489 790 765 901 
832 45 684 488 384 248 40 805 198 596 744 
669 173 601 15 447 479 644 54 760 293 89 
710 973 652 44 234 871 525 958 612 556 876 
565 431 358 94 845 389 80 864 507 688 456 
657 824 392 700 940 348 17 449 455 729 324 
786 864 169 403 532 290 871 275 888 406 998 
745 362 812 420 214 593 525 33 1000 702 740 
485 896 428 418 236 201 101 795 536 494 549 
808 258 925 642 387 757 149 299 89 501 19 
644 657 543 501 253 195 543 249 464 776 696 
922 468 530 826 353 155 531 675 984 932 7 
831 188 110 674 918 966 597 676 329 524 313 
793 557 276 887 415 649 94 230 710 510 258 
954 91 582 895 487 749 351 895 94 182 280 
710 90 287 570 860 367 220 367 662 440 178 
712 574 896 436 497 905 694 277 45 883 881 
518 21 398 352 681 898 238 245 89 244 644 
797 59 443 751 591 612 699 747 357 386 683 
833 891 603 529 405 575 463 558 35 743 473 
422 104 559 584 326 95 378 185 149 60 48 
646 848 66 519 346 442 423 295 429 516 147 
778 17 434 707 860 864 337 396 110 221 410 
616 897 852 331 730 860 703 557 628 163 131 
865 652 983 815 845 903 775 484 262 433 968 
596 565 354 997 27 40 35 561 123 308 36 
1010 720 658 79 190 778 996 108 991 383 983 
833 866 878 110 92 159 829 690 118 7 767 
652 150 664 321 611 872 891 604 822 332 601 
453 92 188 918 404 800 266 207 15 350 801 
457 316 49 359 54 143 436 926 378 429 194 
944 14 265 500 643 672 463 698 80 692 489 
902 562 500 417 635 153 769 477 761 289 653 
552 16 169 392 127 444 143 155 306 361 236 
568 414 648 2 525 126 992 99 228 493 462 
809 172 533 179 893 522 234 805 548 54 85 
662 804 177 474 706 217 701 709 352 131 767 
791 887 960 673 234 981 602 41 6 458 937 
955 569 644 900 436 52 759 588 593 90 135 
485 10 391 508 61 787 945 204 325 478 927 
680 19 750 30 553 333 542 508 6 727 463 
914 374 48 499 542 679 355 168 379 629 809 
786 513 274 426 983 314 593 38 242 343 800 
628 48 88 142 693 692 379 255 216 326 832 
712 253 888 578 208 3 848 65 755 98 615 
547 948 175 81 251 23 459 265 12 243 805 
815 793 311 931 816 835 264 145 708 438 391 
846 52 98 680 661 413 181 809 274 662 122 
922 458 922 523 583 96 238 932 676 323 418 
801 981 21 526 232 230 547 277 768 355 329 
745 665 250 811 117 944 870 544 823 790 47 
1096 868 82 784 759 838 949 815 78 241 582 
437 592 6 263 940 526 674 376 457 112 377 
832 315 896 418 740 154 697 304 18 457 20 
522 721 843 383 377 168 101 462 292 670 240 
493 526 275 142 568 134 186 469 43 46 665 
616 49 999 515 859 315 397 93 428 90 517 
809 452 926 299 741 561 406 975 528 518 257 
858 673 328 560 163 368 217 820 652 764 240 
877 711 281 64 470 364 884 64 950 423 619 
721 685 209 216 952 586 237 518 42 191 772 
707 303 844 813 851 653 752 234 827 885 759 
1055 460 987 416 568 550 926 853 959 20 616 
908 636 680 964 969 718 159 857 773 500 491 
766 801 639 340 974 530 201 407 795 915 588 
880 507 513 82 924 694 224 522 419 793 161 
524 376 549 829 633 149 208 542 403 266 919 
446 220 632 735 35 284 919 222 511 61 403 
968 861 138 834 669 465 709 4 833 222 376 
735 589 394 240 885 530 851 457 864 15 868 
1019 110 993 472 381 71 886 726 617 422 687 
765 842 153 496 855 915 226 224 972 666 967 
948 231 594 681 102 382 494 993 138 508 422 
560 312 932 221 334 845 345 36 984 919 308 
754 569 400 261 340 583 958 321 838 625 169 
911 452 886 643 572 595 888 812 592 563 68 
1051 809 183 997 230 737 605 286 998 135 684 
694 441 379 891 331 505 407 970 268 369 941 
687 841 296 520 137 314 215 275 999 547 121 
719 957 347 463 438 312 379 706 142 174 899 
776 571 324 23 115 795 908 103 440 181 750 
967 657 948 235 521 812 997 409 737 234 394 
583 301 788 68 333 664 697 95 482 771 249 
808 466 982 231 856 689 702 839 830 260 387 
385 472 88 133 674 436 522 188 12 977 56 
856 914 660 371 951 187 575 77 271 908 464 
763 482 641 914 251 222 253 701 652 587 319 
679 767 215 273 772 467 631 995 303 66 56 
684 409 364 186 748 289 830 550 364 529 99 
907 270 936 39 303 490 940 351 115 478 872 
831 757 926 267 495 344 868 710 590 761 750 
868 55 319 640 286 66 909 794 307 175 237 
544 828 779 196 325 138 868 468 715 661 50 
708 274 905 560 97 937 848 167 260 936 166 
614 170 113 142 293 281 152 479 814 398 949 
