250 10 0
62399 61426 58999 63637 62922 61368 64274 66363 61351 58929 
907 579 119 584 324 554 981 812 577 683 590 
829 136 231 588 337 875 459 75 439 45 672 
1008 286 140 898 828 747 823 842 607 975 500 
888 774 139 706 773 886 358 609 385 767 681 
836 756 13 206 916 517 963 33 843 688 225 
869 74 612 342 781 195 44 602 944 592 105 
1007 927 801 777 262 659 504 201 200 521 619 
646 376 707 798 955 4 946 596 700 155 36 
916 876 814 47 701 244 593 835 722 126 71 
618 148 365 830 68 918 645 847 687 229 128 
635 733 239 232 301 24 630 543 123 918 995 
1051 961 429 608 884 340 967 752 776 717 699 
526 570 294 435 175 360 239 625 186 103 685 
745 814 402 234 753 111 203 93 370 530 795 
937 423 229 826 398 21 1000 772 675 382 170 
1030 455 265 89 741 889 906 455 412 522 765 
835 468 651 559 679 271 168 251 367 330 765 
1048 980 585 491 47 558 350 903 873 833 55 
827 750 535 970 616 217 550 431 358 838 962 
955 798 200 840 702 616 343 686 372 604 619 
694 246 882 9 994 561 761 464 650 248 726 
747 158 711 185 464 392 690 794 837 37 400 
832 372 691 677 619 723 254 485 516 339 788 
455 735 86 125 245 451 420 869 292 389 831 
713 853 934 536 857 786 39 504 675 71 63 
825 867 738 822 746 933 443 170 509 535 282 
699 670 328 305 122 990 744 824 76 436 920 
648 223 707 692 966 779 71 760 335 311 546 
621 310 847 495 178 91 34 153 645 865 899 
432 692 90 203 868 748 339 221 416 420 126 
690 369 759 449 12 860 848 313 358 106 204 
900 131 166 666 663 640 680 754 114 192 406 
922 509 947 85 596 239 182 315 884 740 731 
824 730 427 4 220 126 323 66 617 815 702 
971 925 625 382 319 828 342 286 408 785 666 
499 476 449 305 549 104 286 230 251 510 808 
578 223 760 838 433 101 884 170 711 16 398 
829 455 564 901 638 13 810 463 837 997 255 
1060 500 959 685 191 428 727 778 946 75 592 
925 30 634 516 337 280 187 846 665 318 524 
873 670 517 159 577 530 530 582 845 155 577 
668 277 916 289 364 715 120 612 182 565 209 
1163 890 734 675 992 557 938 599 960 601 150 
805 520 735 441 824 174 927 776 106 212 805 
717 264 819 540 554 12 935 28 146 540 303 
998 649 546 687 240 763 697 435 405 388 383 
800 146 171 136 281 640 570 956 410 153 298 
604 107 695 585 270 322 685 667 783 714 915 
893 542 847 377 250 127 724 730 374 586 423 
741 789 337 723 818 760 562 925 826 361 399 
737 404 152 30 693 692 990 790 277 958 3 
816 611 560 681 176 889 32 453 392 289 755 
798 701 653 971 688 432 939 805 241 34 112 
467 944 165 29 306 910 469 515 35 317 113 
675 680 225 305 57 157 145 840 79 418 719 
896 399 716 318 475 215 459 322 526 480 516 
399 887 515 524 37 554 537 259 129 145 349 
774 638 9 92 725 620 749 433 374 880 16 
864 657 338 323 207 75 746 914 677 291 821 
901 64 675 539 567 599 731 324 725 279 503 
885 791 787 976 398 676 532 952 807 191 97 
630 536 595 848 520 743 153 442 742 20 794 
709 777 341 198 516 744 28 227 493 393 770 
381 619 375 26 531 196 77 341 254 210 117 
860 742 278 947 830 783 203 897 933 88 777 
536 345 294 458 981 61 984 19 407 371 151 
440 57 108 769 467 263 675 279 218 299 436 
625 703 338 556 703 461 582 686 766 342 926 
958 824 256 303 662 800 55 785 896 826 948 
715 877 974 124 720 630 616 297 954 15 19 
587 69 451 519 432 77 139 206 19 437 176 
795 973 319 888 44 547 335 749 832 774 437 
910 349 624 558 764 602 340 422 69 81 451 
793 673 353 143 568 339 662 746 335 717 411 
1055 153 987 690 213 505 49 874 730 754 932 
537 594 890 364 940 609 213 39 338 106 772 
616 401 883 780 284 465 199 643 525 553 328 
780 619 522 401 134 259 757 373 414 920 944 
871 878 365 226 276 442 54 534 590 808 211 
585 118 425 399 241 920 506 179 290 388 48 
796 219 246 577 753 975 936 629 104 1000 400 
844 728 877 148 543 345 215 264 987 719 855 
668 546 173 174 168 477 182 638 968 65 868 
876 73 391 363 647 552 853 667 231 34 572 
480 446 928 17 769 702 941 189 211 81 399 
525 455 129 668 594 151 900 261 765 502 365 
826 755 530 462 500 579 724 323 981 419 265 
1139 787 501 339 705 334 858 825 840 746 959 
546 561 97 108 844 753 2 255 529 16 960 
523 625 113 936 320 577 198 884 261 197 363 
898 618 166 342 976 924 972 699 448 580 800 
431 129 231 281 228 992 929 261 125 474 134 
645 430 941 164 707 195 610 134 338 241 722 
637 797 353 438 270 314 488 767 726 227 838 
547 327 66 531 344 30 206 763 588 776 692 
934 558 584 404 541 377 480 824 103 130 791 
636 229 582 155 561 916 595 990 86 735 9 
925 398 176 828 324 87 114 327 825 616 827 
546 88 616 819 27 884 30 212 876 117 313 
814 623 501 122 827 957 263 527 128 440 946 
614 662 525 184 218 551 173 895 664 317 282 
787 427 42 666 235 725 358 642 718 565 492 
657 729 269 559 83 951 204 918 428 541 186 
531 212 985 604 532 547 71 249 633 345 24 
481 889 46 845 61 21 665 444 59 318 100 
818 473 955 128 384 956 152 841 274 924 253 
844 714 908 879 121 597 867 639 28 609 882 
842 791 558 618 392 126 546 15 816 168 24 
980 245 158 954 451 856 953 279 565 422 199 
929 587 378 409 931 632 239 162 915 903 110 
941 707 60 817 790 803 52 186 807 821 132 
1031 918 630 314 968 194 344 910 566 712 213 
870 306 78 647 61 15 803 731 869 972 38 
900 229 387 701 574 818 133 755 868 826 694 
763 728 437 880 418 164 608 471 279 440 875 
925 809 597 277 725 447 416 686 186 169 889 
1019 784 837 507 71 588 949 22 118 558 868 
814 835 379 623 454 539 304 49 753 495 899 
986 717 756 958 781 743 536 742 510 768 169 
1009 867 911 180 680 431 697 776 640 741 656 
743 628 342 704 566 566 600 13 641 875 215 
1018 828 714 299 964 452 670 636 410 661 764 
881 40 692 66 366 177 677 939 605 367 833 
654 792 793 268 508 662 363 770 822 200 149 
821 845 239 19 258 215 293 54 85 646 702 
564 478 906 486 688 14 475 83 575 256 386 
848 673 497 849 951 352 70 433 741 368 971 
954 491 368 734 213 726 112 889 116 929 109 
750 170 388 164 532 310 576 427 910 936 68 
622 800 561 874 641 573 226 726 343 719 306 
924 715 570 36 997 883 853 151 7 967 274 
489 244 283 126 8 200 457 995 729 586 357 
984 242 799 618 383 850 910 67 797 162 322 
742 306 120 144 695 628 317 760 393 608 300 
800 623 726 908 640 906 241 402 276 996 686 
502 211 121 190 600 250 570 434 918 313 492 
383 281 593 19 14 595 503 600 221 300 62 
841 845 769 932 509 230 468 832 511 459 561 
700 124 580 48 894 617 537 912 459 366 714 
692 23 978 898 908 348 830 791 147 932 632 
678 301 60 646 736 488 92 296 561 361 638 
704 226 387 775 967 257 151 323 806 457 735 
605 929 359 291 96 75 717 23 126 639 70 
494 165 520 955 177 880 441 316 123 543 258 
583 396 704 473 326 767 455 684 725 687 274 
637 683 357 735 880 947 980 340 670 331 332 
987 630 720 374 834 776 380 225 147 491 587 
719 442 193 735 512 948 367 864 816 630 400 
999 187 786 818 712 473 661 267 580 568 77 
646 107 612 142 784 306 991 927 497 154 147 
567 894 306 192 59 303 836 33 195 791 120 
763 63 683 135 327 585 551 881 678 240 62 
654 87 204 663 235 962 932 220 979 466 561 
913 47 12 5 79 157 885 984 677 873 425 
817 5 195 175 561 298 54 138 917 844 598 
549 39 494 542 769 81 607 899 209 297 445 
627 588 815 747 260 241 117 309 791 206 245 
600 761 24 71 877 811 535 7 337 900 23 
902 753 975 678 265 548 166 108 680 25 389 
820 954 336 330 949 403 694 834 862 110 246 
582 86 121 62 537 491 416 975 412 803 720 
418 960 170 773 781 151 367 368 122 344 5 
602 298 100 596 161 44 691 206 322 865 158 
732 879 908 605 367 102 708 17 67 102 527 
834 235 590 220 723 432 450 117 744 896 730 
757 362 785 437 452 545 531 947 547 288 451 
815 32 614 32 230 238 282 506 908 922 597 
483 122 711 944 233 79 578 160 109 181 314 
751 69 127 249 909 914 215 544 940 779 928 
818 380 685 282 790 323 636 536 318 554 231 
499 761 16 751 492 477 66 379 953 209 540 
905 811 344 588 407 667 80 215 668 80 317 
792 401 213 993 644 833 719 69 704 524 803 
788 391 508 522 883 928 958 336 749 118 365 
712 584 847 321 705 122 448 911 474 989 584 
707 739 796 16 173 402 763 462 120 960 222 
555 936 76 114 908 464 842 841 704 345 173 
765 283 578 177 419 996 725 844 511 145 953 
1115 988 967 622 128 859 777 348 755 914 193 
714 972 76 274 144 505 843 240 715 423 682 
560 296 88 877 14 141 675 897 571 384 259 
943 408 747 505 623 867 963 438 636 445 230 
832 358 665 692 967 965 273 492 892 98 197 
919 488 585 805 151 262 493 683 356 171 666 
908 794 993 737 627 692 351 732 565 14 40 
892 505 816 526 475 867 100 802 678 233 700 
570 720 123 93 296 879 694 472 167 563 178 
1075 853 513 830 793 330 653 992 638 445 565 
855 610 318 414 279 480 58 821 330 890 231 
792 175 626 234 245 785 942 418 829 903 251 
753 477 630 674 79 436 819 22 836 275 749 
870 867 288 39 259 97 978 954 557 561 412 
981 513 259 874 502 774 53 34 649 929 326 
477 86 633 277 278 717 657 284 777 650 411 
713 253 198 723 623 742 557 627 14 259 741 
817 678 943 56 751 184 135 977 828 915 7 
876 250 850 462 936 665 417 182 10 759 612 
851 554 532 227 699 564 962 764 589 164 407 
673 517 44 986 453 987 216 206 299 647 86 
478 18 3 305 526 610 261 124 814 606 994 
783 118 945 102 475 429 217 335 807 522 417 
793 776 895 859 299 425 911 953 120 241 229 
821 592 330 514 426 681 399 241 918 985 639 
603 442 653 760 609 315 961 824 747 523 143 
1005 847 985 914 573 532 683 526 476 927 832 
903 52 157 707 389 779 346 249 250 533 998 
767 920 963 242 762 480 734 145 484 272 251 
887 902 429 499 443 641 542 714 294 195 946 
921 87 739 791 374 194 814 185 814 465 621 
614 949 682 909 305 724 174 506 737 214 814 
710 666 289 265 29 156 247 264 840 301 287 
1052 936 558 116 951 405 555 774 433 93 959 
607 383 336 397 583 545 409 443 892 909 157 
913 58 159 487 547 751 371 624 114 680 722 
730 620 571 577 536 335 670 239 695 39 192 
766 476 576 631 72 454 91 798 952 455 684 
473 318 383 311 726 60 639 270 865 598 50 
609 531 469 213 183 23 409 376 950 869 940 
923 448 325 684 859 336 893 397 460 899 282 
996 363 208 549 468 560 303 777 957 629 630 
549 31 69 332 12 5 67 758 628 66 820 
692 360 88 279 808 431 726 998 473 585 32 
642 198 142 551 352 574 143 462 505 925 937 
525 374 591 782 72 878 443 921 64 626 77 
724 538 411 488 404 484 941 941 118 225 303 
500 346 352 322 126 430 56 387 612 62 316 
407 123 327 545 273 483 333 476 594 117 200 
739 331 373 664 810 733 43 179 732 489 462 
809 526 506 65 76 318 410 950 993 856 814 
429 259 849 152 395 422 257 267 461 373 90 
505 612 912 185 774 400 178 534 593 706 106 
658 194 508 482 456 644 355 324 755 698 228 
628 771 96 850 953 529 358 658 696 618 379 
458 686 661 455 260 225 461 426 332 47 365 
560 248 106 74 993 93 111 443 616 672 227 
726 44 860 175 500 828 17 72 15 317 821 
648 113 720 882 980 857 577 612 787 289 603 
761 822 670 417 271 362 157 837 653 231 788 
489 464 92 216 810 197 310 308 419 633 966 
932 911 649 779 356 395 43 746 333 472 766 
576 328 595 362 806 828 505 637 39 583 867 
1009 168 606 385 641 692 905 912 379 207 545 
783 120 663 456 817 162 639 837 921 836 629 
946 708 527 407 827 9 328 418 858 561 799 
732 190 560 641 621 573 181 214 7 520 725 
577 720 146 128 205 901 359 322 643 589 353 
690 706 312 793 967 838 475 754 799 871 218 
708 285 953 124 121 767 712 378 626 930 900 
645 83 404 240 492 155 405 26 317 779 353 
832 413 923 299 923 561 214 642 716 708 105 
