100 10 0
25628 25721 24340 23839 27127 24240 21660 22959 23733 24212 
929 949 364 149 747 869 699 209 732 936 727 
619 384 321 732 968 619 884 10 121 161 710 
726 175 790 647 120 738 708 441 795 237 403 
504 304 984 144 121 755 130 697 24 182 853 
664 105 772 452 941 693 264 265 8 949 55 
1102 834 922 38 353 161 745 934 851 684 684 
767 360 553 596 584 124 128 36 473 328 797 
1123 484 839 682 911 300 383 938 284 980 669 
800 226 22 338 433 268 468 929 504 949 701 
1086 598 928 763 968 875 996 294 122 745 165 
656 345 833 812 781 851 419 237 633 111 800 
914 996 441 207 395 224 894 923 763 375 200 
930 276 757 293 539 550 828 543 379 386 362 
764 320 929 475 182 771 624 518 268 345 603 
1006 977 213 374 624 1000 43 310 784 296 679 
1002 479 989 399 988 357 635 722 121 141 801 
658 429 570 310 639 368 603 393 289 616 181 
824 27 632 387 970 75 226 181 482 84 625 
647 459 327 345 331 354 79 816 91 741 76 
433 40 119 420 150 701 970 226 777 520 237 
934 247 44 855 590 980 342 923 588 552 893 
972 409 843 859 349 612 44 855 145 107 928 
579 328 789 997 210 228 624 447 591 468 99 
524 27 7 689 608 746 522 443 547 927 218 
810 582 237 838 122 347 719 54 811 899 71 
813 372 21 551 62 817 298 714 225 503 52 
1111 380 309 299 470 967 590 639 963 775 735 
708 214 751 588 579 586 836 308 878 993 509 
560 513 760 932 672 798 398 103 13 487 718 
538 55 185 46 164 890 582 81 247 63 974 
950 842 189 852 253 775 708 371 327 457 45 
728 704 850 428 666 707 970 513 740 169 474 
370 75 3 349 272 539 563 387 317 91 14 
717 459 517 612 30 783 28 433 907 147 680 
839 329 382 538 59 735 764 682 201 468 130 
936 810 773 57 705 678 920 562 832 64 282 
518 151 481 869 238 16 708 986 154 194 14 
804 51 163 904 212 203 429 247 424 876 978 
747 332 990 688 534 476 112 432 340 242 341 
711 527 959 69 320 244 540 121 400 326 444 
965 549 844 327 438 273 838 707 388 306 809 
672 679 246 700 60 612 301 462 119 968 559 
394 426 176 571 341 306 341 613 239 834 84 
639 853 632 758 988 497 556 841 10 30 868 
824 838 941 564 913 441 85 34 438 354 691 
688 41 713 72 684 371 315 514 675 110 70 
723 602 957 221 294 152 120 744 598 846 943 
877 585 298 17 930 714 188 503 272 724 899 
603 57 283 301 50 465 564 361 885 877 867 
982 418 31 822 706 440 947 181 579 302 409 
855 380 942 526 585 572 413 881 218 566 399 
715 524 554 382 66 215 796 753 243 328 916 
806 939 645 610 95 100 172 507 692 176 461 
636 209 66 947 229 627 37 316 577 606 216 
746 127 329 393 561 398 652 97 985 942 221 
939 415 69 909 909 473 338 409 801 239 146 
984 761 520 294 448 502 12 658 573 508 668 
1111 928 444 474 778 354 922 281 813 363 980 
746 143 287 559 652 222 178 626 286 392 370 
598 488 130 532 15 331 261 776 815 101 10 
659 869 687 104 288 880 364 563 64 996 202 
538 870 135 408 21 854 428 135 232 614 154 
721 778 686 318 783 117 864 406 119 42 362 
678 746 20 189 10 967 685 483 228 733 252 
975 738 22 842 47 709 642 255 715 327 720 
731 572 77 23 814 972 300 15 609 170 309 
688 943 340 407 834 420 310 345 393 102 175 
1002 590 196 401 56 703 675 895 51 892 768 
631 376 476 136 196 690 745 305 69 939 836 
483 129 510 59 495 516 72 5 970 679 378 
710 694 582 282 660 199 662 53 683 51 622 
780 755 736 648 679 952 445 3 518 777 651 
939 877 227 864 114 271 5 205 659 373 965 
635 571 861 286 775 395 555 130 192 73 290 
699 141 907 602 375 6 384 377 468 478 572 
673 990 453 739 466 430 990 217 731 389 479 
1025 322 825 939 177 976 279 215 246 939 496 
715 580 266 389 448 633 162 256 565 189 722 
490 655 836 568 497 9 33 217 285 424 615 
871 778 990 424 915 467 54 140 800 739 179 
500 801 413 343 66 978 400 687 547 389 176 
674 289 453 327 328 442 599 927 173 952 810 
861 908 305 832 584 913 658 380 655 671 188 
546 974 698 403 250 300 878 265 413 14 543 
700 775 488 810 991 390 463 486 88 591 519 
1061 849 527 584 818 965 328 898 586 223 847 
699 610 890 494 395 575 977 328 835 604 596 
857 217 911 820 740 713 146 366 333 468 254 
915 869 737 382 888 719 675 321 175 656 935 
913 250 825 305 417 638 572 161 696 167 352 
633 431 385 502 89 710 770 85 204 167 326 
599 126 176 365 700 474 53 91 189 622 457 
921 526 751 983 599 187 423 560 964 287 654 
640 795 17 37 898 955 915 708 352 914 171 
532 171 371 510 786 575 580 667 508 604 98 
805 983 375 23 330 986 214 426 529 500 792 
861 769 219 390 550 35 65 13 351 890 445 
907 304 456 316 55 721 755 284 645 22 646 
776 784 952 597 831 824 867 653 672 363 131 
620 715 995 466 110 142 28 607 49 290 223 
