100 10 0
25686 23714 24477 26968 27804 23998 25473 24026 22659 24437 
460 928 862 107 796 204 183 517 78 209 508 
630 278 618 302 448 259 284 190 630 28 415 
640 856 161 410 623 673 303 948 839 678 722 
700 450 108 832 974 746 648 245 274 808 491 
685 881 432 351 752 699 454 722 760 719 374 
867 507 390 654 555 337 671 618 928 668 438 
694 868 442 60 535 386 221 757 53 285 191 
629 117 339 344 726 190 895 555 957 108 37 
623 164 108 727 645 466 874 487 660 415 865 
723 467 391 77 678 832 493 666 359 9 618 
785 503 641 161 500 871 502 210 457 220 483 
732 259 342 221 624 641 829 833 692 136 455 
1032 785 251 878 711 566 325 811 702 484 878 
729 499 201 516 401 263 825 406 249 512 270 
504 751 639 156 786 220 111 432 214 719 58 
1019 736 471 963 726 399 717 643 105 463 753 
755 514 174 885 984 819 342 667 886 697 492 
617 471 771 970 488 694 514 340 129 297 815 
1126 935 826 431 854 828 130 893 299 536 682 
338 85 817 59 162 400 488 887 124 136 132 
646 765 758 302 817 643 45 490 704 310 625 
670 987 603 280 890 707 172 981 438 248 745 
941 550 452 612 847 733 394 191 857 755 411 
850 386 66 605 347 347 330 997 721 488 220 
386 936 313 470 26 877 166 170 86 37 49 
810 764 230 35 257 727 292 221 633 237 911 
557 611 430 233 691 428 395 189 442 85 522 
568 147 881 301 165 563 234 63 391 939 405 
697 104 539 493 811 707 672 213 195 297 847 
771 788 850 756 462 142 573 579 825 723 933 
802 45 235 715 658 944 420 599 321 75 978 
1042 661 678 781 922 812 992 528 500 762 54 
584 552 34 494 129 322 539 714 870 307 454 
681 991 812 233 90 360 710 652 230 195 733 
669 212 13 94 597 247 882 917 112 109 114 
530 407 627 717 834 244 19 174 345 324 8 
526 794 487 135 839 135 355 480 296 645 198 
573 353 761 786 77 666 568 944 103 630 771 
594 57 624 378 549 675 715 954 726 79 557 
872 961 239 765 67 273 978 383 329 933 77 
536 350 350 16 994 646 295 884 398 827 351 
732 4 661 155 407 52 392 529 276 293 641 
537 782 807 550 395 274 183 231 222 227 212 
520 517 124 454 594 671 238 869 568 135 137 
770 622 949 796 186 938 519 322 597 108 511 
469 394 196 445 519 192 281 431 219 729 178 
756 205 890 953 963 881 63 671 278 16 675 
448 96 69 876 685 558 489 498 261 82 186 
972 805 444 416 185 955 945 149 449 891 788 
478 198 772 19 439 264 335 189 268 49 735 
852 321 757 332 927 382 746 446 116 488 342 
765 623 74 501 654 476 362 130 520 540 262 
661 995 80 806 14 483 195 151 307 294 8 
788 235 534 316 620 852 475 305 91 903 747 
653 247 47 393 692 799 883 184 696 484 617 
601 801 502 662 327 392 387 354 226 625 504 
891 994 719 593 375 750 910 7 798 443 23 
1008 754 25 357 326 821 674 983 440 618 127 
947 883 687 842 215 158 621 787 921 865 42 
576 353 311 281 717 658 617 596 439 801 170 
1115 837 659 214 440 645 543 286 1000 782 794 
1054 780 421 885 835 990 876 794 232 585 581 
917 641 630 337 414 625 434 444 9 375 360 
809 224 251 753 7 700 673 807 340 37 834 
552 485 815 654 197 2 500 807 721 484 713 
703 155 512 829 652 555 893 423 186 236 565 
838 202 541 211 590 347 341 331 640 485 175 
939 196 346 777 819 993 962 425 440 175 732 
660 219 395 630 848 568 296 914 646 996 714 
587 905 747 149 741 448 261 513 121 530 488 
663 235 221 243 728 165 758 557 953 102 635 
857 635 520 319 69 959 30 796 965 92 379 
573 733 695 83 844 738 887 631 90 402 596 
714 701 914 552 261 379 167 563 300 577 512 
684 300 272 816 266 98 647 949 767 705 368 
781 997 135 620 446 950 272 33 227 883 752 
847 65 777 366 246 320 328 426 856 739 354 
997 769 509 379 418 837 524 402 398 746 860 
582 630 803 190 807 924 464 162 341 196 674 
813 28 111 736 878 237 421 600 824 10 542 
885 75 399 931 654 1 662 228 379 504 488 
733 69 633 112 921 667 454 279 366 776 741 
733 457 48 685 366 442 543 366 496 78 970 
650 213 661 792 578 681 963 370 849 357 163 
583 590 51 713 681 835 901 419 801 570 239 
936 945 670 444 520 854 948 493 975 165 442 
787 144 181 516 635 430 717 340 269 343 388 
762 716 340 80 36 964 666 356 335 965 846 
517 164 545 474 516 172 148 470 572 986 705 
721 396 678 314 20 836 32 359 653 747 131 
718 158 414 515 608 976 296 287 610 72 233 
802 449 117 990 845 599 140 789 906 90 832 
853 653 857 887 104 310 271 603 495 846 875 
1022 912 683 454 9 669 769 655 36 666 783 
609 828 363 587 841 733 52 266 525 481 911 
627 892 24 203 266 8 542 506 607 968 149 
687 313 893 603 408 804 466 869 904 434 469 
637 193 374 698 877 677 169 365 537 319 462 
853 874 681 423 978 365 2 580 798 775 609 
954 289 928 738 289 858 107 501 273 315 264 
