100 10 0
35798 37530 33303 34295 42724 40369 34230 40188 39585 36169 
525 133 515 848 131 96 321 25 585 648 812 
686 684 760 909 72 808 298 957 924 646 510 
565 242 535 12 205 827 139 470 210 860 915 
456 449 34 622 258 299 995 274 332 847 170 
545 865 174 506 71 216 211 367 227 825 269 
952 164 892 158 935 843 310 585 330 473 363 
1000 838 546 678 457 383 200 374 981 850 880 
1023 654 669 664 737 137 964 263 692 600 186 
817 213 484 790 408 745 485 792 83 609 744 
987 389 989 991 572 197 229 67 761 631 781 
793 272 841 782 29 462 865 649 862 588 447 
905 121 169 50 496 800 538 711 4 715 605 
868 403 707 506 724 858 888 627 469 106 407 
1091 983 1000 412 748 174 665 660 862 875 565 
743 424 568 68 424 748 78 200 785 316 569 
587 870 333 472 859 596 385 509 304 42 391 
714 431 886 163 479 50 105 178 336 830 293 
692 74 997 410 909 948 859 135 660 999 809 
853 81 908 54 38 982 991 966 339 70 545 
869 738 674 119 389 785 683 394 611 728 329 
714 299 303 644 967 932 216 314 436 284 513 
515 126 111 90 524 678 244 231 354 117 268 
623 69 585 559 32 779 891 750 569 382 514 
661 686 148 846 344 839 625 583 348 739 147 
940 72 720 87 134 286 991 992 693 707 548 
1011 634 773 321 909 604 620 270 97 198 834 
1013 744 87 236 916 352 891 755 444 115 609 
638 336 870 317 32 691 671 426 823 122 856 
1003 916 473 804 781 160 795 352 554 72 483 
759 486 283 208 110 722 243 533 366 564 300 
886 974 563 706 101 756 506 291 513 249 137 
517 574 88 294 114 98 730 340 73 197 428 
841 183 577 549 685 989 92 677 708 935 995 
946 906 167 980 907 713 536 622 204 591 736 
1058 475 798 226 752 736 291 786 777 722 658 
795 634 331 310 600 925 258 184 928 454 95 
655 691 125 197 245 354 621 511 534 139 992 
1086 778 213 173 743 460 829 962 903 258 630 
661 255 240 96 852 997 280 280 574 51 601 
702 892 54 586 730 754 1000 572 574 19 14 
681 966 473 620 882 153 2 264 377 590 507 
707 592 690 647 287 402 214 796 984 683 674 
705 222 186 62 71 370 799 579 272 606 695 
1014 411 440 225 515 888 622 557 877 528 830 
823 57 162 28 194 845 796 956 229 415 711 
372 24 520 402 543 200 150 122 804 93 732 
1004 72 767 291 160 948 818 819 154 826 545 
563 56 388 438 881 89 993 292 167 167 535 
913 70 143 656 775 259 734 292 991 959 91 
420 9 126 234 400 92 48 375 635 406 937 
582 933 616 19 993 172 138 143 1000 764 562 
1013 248 626 530 882 837 864 786 60 128 266 
913 956 603 297 932 636 388 322 845 145 652 
767 177 780 622 72 74 798 314 561 55 7 
639 350 345 613 16 255 500 234 997 627 554 
937 928 52 195 167 402 137 972 434 958 427 
726 322 523 624 665 581 640 569 482 589 146 
678 734 682 89 144 255 620 676 406 383 939 
460 268 64 990 145 953 190 332 54 351 44 
814 718 964 119 225 797 720 743 252 974 388 
676 637 991 355 86 411 717 604 522 843 47 
840 955 622 370 19 671 785 692 357 134 187 
721 786 463 593 422 646 818 186 728 912 402 
914 28 190 326 934 719 7 403 339 897 783 
491 217 851 880 241 327 88 131 620 839 182 
760 241 31 843 988 934 250 547 967 794 331 
878 601 565 859 257 534 943 166 858 285 234 
960 771 745 843 738 233 876 351 37 508 545 
879 601 323 507 896 886 89 205 979 458 338 
862 345 797 27 493 585 191 334 318 748 400 
725 375 481 96 823 894 944 756 330 987 565 
1020 424 644 912 21 878 436 592 919 788 279 
714 767 192 839 181 988 861 41 867 202 569 
588 738 412 76 135 242 299 694 305 375 494 
554 534 41 760 253 70 430 522 89 234 276 
840 353 426 636 825 610 555 897 91 723 242 
962 586 797 302 876 998 289 474 971 990 869 
562 399 621 741 740 325 340 201 266 622 617 
742 462 446 118 584 278 643 125 654 302 177 
884 903 861 878 480 429 681 577 906 840 66 
427 98 344 488 22 212 806 157 143 820 217 
699 614 179 741 278 222 734 991 128 770 621 
974 250 928 22 886 975 789 195 99 650 6 
846 913 940 550 159 103 107 335 281 914 980 
705 13 17 485 218 537 728 92 819 151 379 
492 89 85 492 93 670 791 20 941 326 686 
538 307 185 412 61 195 951 467 841 540 904 
993 820 613 200 356 988 871 598 692 123 179 
546 111 172 403 641 803 276 120 191 225 597 
684 932 401 26 643 922 170 448 415 428 631 
850 367 970 709 30 516 855 6 412 945 809 
860 892 449 224 569 972 566 336 963 164 480 
961 779 87 862 495 672 436 584 757 172 572 
693 139 339 219 960 922 629 744 800 731 268 
758 479 687 703 513 822 594 445 270 559 320 
773 313 850 340 222 633 911 484 590 476 865 
677 277 858 603 328 630 420 13 523 897 309 
932 673 368 497 252 602 641 563 556 526 54 
577 100 892 63 576 620 415 64 885 869 457 
964 970 837 260 64 304 183 703 745 593 98 
