100 10 0
12605 11900 12085 13701 12890 13113 12066 11586 13495 12039 
734 784 716 93 187 438 955 544 208 678 418 
1021 789 816 860 979 348 68 574 288 708 336 
476 218 854 551 675 799 40 998 56 190 138 
707 320 631 994 467 704 705 166 746 489 361 
603 117 708 299 422 65 696 572 134 972 950 
919 224 23 583 827 622 810 305 431 434 359 
741 410 165 591 700 567 806 966 868 114 885 
757 738 293 979 310 84 580 85 19 26 239 
846 248 490 809 317 754 77 85 56 866 261 
833 482 457 287 876 577 949 818 837 72 273 
708 159 450 411 820 942 887 929 499 825 611 
1052 545 458 410 956 661 516 896 629 621 551 
853 817 814 959 724 897 675 118 500 12 759 
766 745 56 102 923 267 445 408 32 994 28 
993 525 284 717 846 427 403 701 314 703 650 
819 937 237 202 851 182 504 545 771 962 420 
506 110 7 838 512 432 606 90 891 270 800 
881 246 276 447 474 674 178 935 777 406 912 
593 168 292 919 610 356 240 46 234 230 839 
471 150 213 646 132 353 894 490 317 828 188 
720 316 18 476 411 111 333 801 664 523 588 
913 774 767 724 184 581 796 678 333 409 795 
576 455 823 36 275 285 519 980 732 258 184 
701 54 437 925 86 701 936 752 643 360 592 
553 334 875 285 762 76 183 773 492 189 500 
900 513 263 135 983 881 689 985 14 639 890 
811 24 490 520 882 956 61 661 962 487 629 
821 209 329 396 38 864 913 17 536 441 570 
791 174 718 222 160 317 420 106 934 795 443 
752 348 775 154 772 970 858 319 367 53 902 
692 866 108 425 613 478 15 368 358 323 837 
495 857 109 183 919 123 157 494 15 458 492 
613 62 764 577 18 814 606 361 45 405 839 
929 367 28 839 81 1000 852 209 761 239 786 
971 621 489 707 645 988 539 382 724 235 602 
1082 641 858 808 979 399 682 785 726 347 365 
809 268 543 711 154 768 460 795 318 241 872 
972 710 1000 982 938 5 719 184 392 432 558 
1015 530 788 324 643 883 870 465 647 566 107 
870 295 592 291 672 291 119 526 269 968 466 
784 961 124 329 208 375 821 462 420 611 890 
424 192 337 58 106 463 192 995 557 404 645 
886 834 922 932 456 862 57 9 460 916 198 
785 697 75 263 489 746 753 233 821 413 686 
714 57 915 613 244 274 804 497 259 654 58 
761 441 222 418 795 754 159 946 938 703 183 
881 496 911 730 430 428 986 475 672 564 866 
736 858 285 957 682 975 504 27 352 593 561 
875 944 976 889 844 1 432 415 130 509 322 
571 384 839 617 775 83 320 462 167 932 254 
612 829 754 678 850 41 683 241 714 704 437 
521 513 46 606 577 473 203 196 532 565 890 
912 665 55 56 701 257 601 894 660 1000 596 
925 432 386 93 985 101 297 549 279 653 560 
582 990 439 11 902 501 285 903 208 785 419 
945 621 790 310 660 940 288 207 183 611 212 
526 709 513 168 75 23 898 700 653 352 25 
876 342 717 631 578 780 529 238 17 822 777 
856 40 943 257 527 430 571 282 859 330 505 
646 330 510 642 502 724 457 448 82 559 834 
875 885 193 63 881 629 280 655 732 713 167 
787 751 343 207 565 954 611 857 664 560 198 
786 95 826 475 100 503 327 89 705 486 308 
839 650 890 202 801 402 447 574 93 582 978 
994 953 469 528 416 734 686 169 805 10 380 
575 687 380 861 74 748 389 156 297 414 161 
588 361 936 445 129 238 325 529 750 728 317 
610 933 23 335 907 165 568 473 918 793 570 
499 612 772 354 855 35 710 52 59 597 813 
474 889 124 71 555 228 387 613 368 977 56 
1017 150 650 299 942 758 977 482 482 894 953 
652 694 37 739 873 751 408 490 273 432 270 
927 109 452 891 526 396 976 419 32 391 605 
782 130 299 414 392 533 530 226 41 804 956 
955 860 668 98 532 329 512 675 993 525 73 
519 211 715 275 324 277 689 509 719 494 92 
840 950 9 591 955 934 954 317 949 702 886 
636 972 566 831 250 473 477 826 423 175 642 
930 612 159 831 289 250 905 589 901 523 183 
892 858 132 926 509 115 178 103 486 664 286 
784 834 429 35 361 680 619 680 824 854 384 
717 499 130 514 337 858 273 289 735 20 364 
410 542 559 361 55 270 2 346 100 495 83 
913 795 709 362 881 787 161 39 827 805 229 
739 386 507 991 532 483 232 289 448 802 508 
994 578 853 348 423 961 562 374 18 730 621 
541 197 545 632 665 505 690 148 905 88 64 
679 266 523 771 501 748 608 478 930 629 229 
721 932 169 439 453 636 490 222 650 290 96 
945 811 969 13 633 882 690 725 509 317 190 
923 106 563 482 944 495 123 717 331 928 979 
798 969 615 10 161 706 256 574 458 937 661 
710 7 16 448 453 427 950 47 129 465 24 
846 64 484 969 977 221 781 899 32 10 411 
664 82 73 585 48 361 267 490 71 471 940 
842 152 434 439 204 546 704 716 385 702 515 
954 801 693 395 867 560 650 976 183 796 89 
492 12 281 127 205 842 574 142 16 627 77 
813 590 35 206 847 84 735 878 430 894 348 
346 948 598 103 171 185 148 341 170 209 538 
