500 10 0
62819 63288 65732 62938 58907 62410 61461 61083 61465 65248 
942 898 620 785 34 129 716 717 962 953 489 
888 822 481 839 800 346 49 36 828 620 498 
754 205 778 139 919 425 870 638 434 129 570 
535 654 180 837 547 119 291 384 127 624 700 
973 855 844 769 561 975 757 920 997 513 466 
674 781 276 414 642 328 330 797 949 139 119 
518 149 635 247 502 793 264 987 505 263 351 
537 941 113 26 965 655 98 461 184 57 881 
852 644 151 467 436 475 203 105 1 439 924 
895 694 214 644 103 256 258 843 343 153 952 
688 416 899 799 686 526 655 37 678 586 764 
754 325 764 21 135 895 575 12 724 446 895 
570 861 450 453 640 566 24 836 604 62 808 
709 463 361 716 839 692 87 549 477 937 907 
875 166 986 538 957 729 113 786 539 79 140 
748 672 661 73 574 647 723 574 624 801 938 
880 119 677 529 627 342 101 738 202 457 998 
520 231 15 827 73 254 987 931 233 499 904 
515 807 655 654 307 335 246 311 322 102 655 
821 844 814 966 690 501 997 805 58 837 140 
959 112 975 694 542 671 85 978 299 707 401 
367 23 374 312 8 50 433 374 144 36 955 
635 951 341 744 650 229 527 248 196 280 38 
807 532 302 768 608 112 302 632 421 772 985 
881 662 210 289 894 944 906 376 580 339 754 
755 92 393 308 799 263 255 651 393 223 214 
1092 885 940 870 866 327 595 417 397 737 141 
903 116 127 988 295 784 35 104 721 791 603 
876 649 188 179 582 365 267 691 254 379 229 
955 114 546 266 355 804 474 159 852 773 768 
1066 698 653 608 721 302 280 275 918 953 786 
747 871 471 223 651 618 637 484 264 991 547 
548 834 523 130 422 984 674 455 721 28 502 
817 983 657 45 883 764 445 250 226 486 672 
614 98 514 346 405 877 459 815 784 938 698 
724 840 409 702 11 156 442 588 1 246 243 
463 328 494 815 185 406 695 287 183 716 154 
589 28 667 731 432 729 111 723 504 349 40 
638 700 675 947 394 762 249 516 336 169 462 
855 938 576 798 635 844 234 479 492 36 886 
843 791 780 2 826 539 215 336 744 75 989 
884 532 795 821 764 90 607 534 843 397 882 
918 920 570 402 778 605 769 105 344 549 880 
494 48 417 9 168 169 809 909 578 779 260 
512 31 557 687 108 101 258 214 49 968 990 
753 170 145 243 708 461 912 752 706 582 331 
793 38 609 173 663 418 480 146 392 264 800 
706 532 630 797 295 494 663 356 754 449 719 
541 949 154 606 444 369 295 359 475 446 476 
947 861 869 553 477 731 508 383 94 413 649 
899 449 208 42 649 558 762 723 30 104 636 
593 80 618 53 452 370 721 156 211 889 983 
700 476 909 238 559 152 96 713 317 494 431 
711 635 818 284 55 278 34 482 435 806 30 
539 325 328 786 288 163 72 173 275 989 971 
440 766 88 155 460 185 286 33 781 280 45 
1073 474 959 944 603 911 733 132 289 635 183 
721 574 699 52 476 899 280 684 507 803 442 
639 62 199 520 929 60 247 458 521 792 153 
811 160 138 692 465 80 753 899 390 568 210 
789 690 454 267 998 97 73 256 470 472 165 
514 625 895 527 216 863 438 367 79 138 378 
667 972 833 229 984 583 594 330 517 600 720 
374 295 450 554 81 323 657 159 317 231 61 
541 748 227 994 25 92 390 557 323 441 707 
769 136 372 432 582 250 808 954 429 943 282 
658 751 579 576 346 310 765 588 48 324 442 
514 412 386 504 85 358 738 467 288 789 127 
628 710 885 55 530 734 537 316 839 132 213 
480 74 572 972 470 894 82 338 79 174 771 
858 503 751 352 831 780 769 428 813 351 481 
370 47 211 143 794 414 289 484 94 240 495 
795 905 495 78 204 902 6 832 592 262 276 
776 368 353 457 536 190 656 90 73 967 85 
733 664 294 882 457 271 982 271 466 631 226 
485 315 496 683 746 125 177 264 924 719 307 
590 940 690 106 280 907 602 308 386 45 478 
392 35 249 860 143 455 405 586 81 216 523 
1030 559 361 457 664 17 467 814 919 859 485 
683 406 809 5 63 743 169 595 480 40 397 
691 641 962 720 551 549 618 988 83 913 743 
922 703 882 681 221 632 496 25 636 867 290 
903 704 910 777 730 542 727 326 424 776 870 
757 458 846 231 853 400 642 689 223 18 210 
527 730 146 773 590 429 86 171 648 1 501 
932 945 493 225 315 129 941 858 149 396 511 
830 635 675 721 827 662 133 844 587 938 529 
758 909 378 841 549 426 721 248 959 250 593 
765 785 695 208 112 301 117 623 138 351 415 
635 722 731 443 101 181 905 288 380 417 75 
442 418 756 132 191 592 33 529 80 835 607 
756 872 843 198 88 999 825 891 755 94 592 
832 321 437 415 443 215 1000 486 262 35 819 
645 593 824 379 903 446 539 513 960 175 279 
891 347 36 822 906 99 654 770 195 773 882 
791 697 202 317 754 730 46 382 514 970 669 
857 688 51 498 290 222 478 782 359 984 18 
658 217 721 50 242 700 74 236 700 384 799 
722 638 516 54 20 436 843 572 170 775 746 
762 57 391 536 98 278 361 102 535 206 671 
931 761 151 762 533 247 291 424 852 880 452 
481 119 646 971 948 94 547 162 363 191 728 
902 678 703 704 62 781 360 161 959 562 798 
545 173 50 399 811 404 79 867 294 220 771 
696 371 625 496 67 590 279 115 337 129 706 
664 74 976 809 795 4 415 957 947 655 185 
712 639 809 791 469 140 692 397 909 376 938 
867 357 809 531 764 13 544 964 403 531 957 
712 508 281 413 963 279 975 583 758 572 376 
695 632 226 353 503 402 382 835 74 718 28 
945 195 563 13 265 423 940 767 586 961 835 
635 646 269 289 791 499 640 321 266 573 541 
824 955 16 85 605 435 510 480 58 593 303 
712 837 710 19 291 301 606 241 996 397 249 
648 964 728 851 404 920 227 200 865 293 259 
618 632 715 684 76 880 951 303 870 376 221 
529 151 455 778 819 151 161 743 430 173 819 
686 411 654 607 658 363 986 360 119 565 110 
906 193 525 903 203 621 477 278 540 144 637 
965 335 323 17 675 419 776 526 386 703 972 
692 75 186 825 278 771 509 615 512 246 41 
889 400 143 882 304 852 707 360 949 457 376 
683 785 690 408 894 612 698 341 900 945 215 
828 602 210 425 140 374 580 633 769 214 60 
759 671 281 615 819 760 913 668 406 789 311 
886 697 797 790 840 155 967 103 263 637 392 
842 561 267 275 95 89 938 298 648 681 530 
668 358 768 649 6 640 941 962 902 832 371 
737 197 196 794 546 174 203 620 375 176 761 
448 754 82 466 183 370 851 311 281 25 598 
976 534 485 771 629 39 508 383 87 851 707 
597 631 881 337 89 404 514 508 443 848 283 
445 120 692 551 90 416 692 442 375 730 14 
955 411 443 70 186 576 634 923 866 646 383 
851 33 977 698 942 391 791 845 174 776 879 
881 699 596 614 989 406 821 37 259 705 714 
539 605 610 15 558 353 691 967 187 531 847 
843 114 496 957 125 876 99 712 352 381 854 
502 213 2 754 85 972 293 116 224 168 841 
570 879 485 439 511 17 93 994 974 646 218 
875 998 489 657 622 699 26 455 503 406 587 
838 747 217 408 510 6 947 491 285 946 676 
629 793 374 921 377 987 298 132 160 120 795 
714 389 714 562 630 257 716 584 743 529 582 
709 450 338 253 605 307 826 724 616 24 3 
1102 471 913 735 877 906 936 311 516 900 927 
669 158 318 24 217 163 272 570 95 134 861 
804 893 760 229 89 497 856 827 174 748 665 
838 742 99 310 926 78 687 933 829 833 625 
883 231 845 342 549 180 593 587 537 352 827 
859 768 558 835 424 392 944 481 455 6 296 
947 743 707 428 647 764 715 434 503 449 766 
865 858 79 877 533 937 699 909 139 810 838 
854 671 409 665 391 554 542 156 820 371 587 
598 996 235 662 733 111 209 982 260 274 146 
849 337 528 693 612 740 58 613 95 714 550 
542 443 931 277 758 347 12 507 101 261 792 
808 827 174 472 578 564 275 615 652 20 997 
570 109 71 860 232 248 304 538 717 218 527 
474 269 51 701 502 173 181 491 698 456 102 
949 548 278 994 1 476 709 589 720 34 608 
558 635 501 912 237 108 491 757 386 443 105 
1084 55 407 559 828 279 963 549 654 953 644 
821 855 935 304 187 622 946 101 894 236 156 
794 76 870 224 129 58 509 83 824 792 5 
737 870 338 287 328 798 830 557 461 300 568 
934 64 790 950 630 458 973 830 90 123 491 
757 562 681 459 568 565 362 186 325 814 653 
683 214 74 965 703 207 777 900 461 357 378 
725 543 649 877 622 438 899 59 383 657 900 
833 986 985 465 194 295 560 365 419 464 445 
944 912 667 465 986 183 561 41 309 897 881 
770 323 739 605 288 220 434 916 523 819 48 
620 674 497 995 779 947 100 58 138 498 428 
767 193 26 182 448 445 318 797 249 346 611 
667 787 785 215 133 994 134 520 943 243 961 
642 183 65 970 969 476 999 336 316 235 644 
625 941 795 356 381 743 92 338 53 398 700 
464 284 561 201 936 47 326 195 316 854 491 
732 694 69 617 413 803 654 800 946 622 741 
946 845 607 840 550 617 600 895 277 919 958 
559 351 41 854 116 828 313 114 491 239 326 
618 350 830 781 35 783 751 615 114 684 811 
886 306 483 601 600 382 505 556 77 312 192 
625 444 903 402 725 215 432 568 467 25 694 
1025 353 903 912 480 214 706 524 114 198 922 
639 26 847 205 629 457 221 309 896 814 22 
1000 994 564 563 584 962 617 181 254 474 712 
1025 991 59 686 158 777 688 355 652 932 679 
473 150 603 112 727 691 143 811 846 260 198 
661 176 369 609 531 962 911 570 545 202 809 
950 510 660 641 913 160 934 112 285 802 734 
741 349 488 777 511 687 251 938 701 606 416 
858 340 539 444 676 122 858 741 209 340 415 
492 121 120 322 961 85 165 830 950 552 565 
545 688 882 7 535 222 659 466 624 57 498 
859 797 379 691 73 405 773 403 343 594 327 
709 160 67 916 646 958 217 512 916 657 475 
681 724 199 532 593 980 354 390 715 258 242 
453 17 610 318 421 40 790 56 765 148 692 
493 143 216 399 172 666 418 996 360 223 165 
979 547 987 369 590 218 984 758 186 586 947 
996 470 559 926 674 478 261 223 958 255 952 
815 496 52 65 509 34 699 961 473 51 522 
902 506 719 299 490 317 608 605 219 195 887 
758 150 161 288 750 649 897 712 417 952 836 
900 924 823 554 230 829 310 570 534 30 909 
791 311 289 729 483 237 333 280 835 531 213 
1082 474 517 778 454 983 876 964 135 525 833 
768 639 404 468 481 932 660 556 135 740 688 
386 952 791 53 249 188 235 139 719 74 117 
623 197 979 769 584 359 353 619 311 116 970 
434 685 3 721 900 521 262 123 168 781 51 
728 385 276 775 6 227 292 726 125 448 559 
819 85 933 621 955 291 344 831 215 490 93 
458 59 539 81 911 209 282 29 348 202 865 
745 106 65 473 581 212 27 850 215 444 609 
971 461 746 871 597 424 239 208 390 644 343 
681 83 668 726 652 18 849 248 232 861 621 
720 896 407 922 385 911 939 931 13 844 511 
611 545 137 245 409 194 134 908 554 626 883 
1010 274 164 376 558 598 539 353 927 805 763 
864 864 616 171 818 535 991 162 812 672 617 
853 178 834 958 472 825 377 985 680 615 772 
934 400 435 552 275 864 502 946 428 435 849 
468 941 197 245 515 212 488 487 684 477 135 
748 725 154 804 364 455 459 595 441 424 166 
1051 955 833 718 830 428 973 354 152 631 68 
999 330 108 976 610 32 477 642 875 545 613 
622 153 261 462 468 465 770 212 519 893 888 
1035 116 635 972 132 950 222 20 898 686 813 
480 800 318 200 587 80 290 178 250 626 494 
917 527 653 104 981 504 142 293 732 545 877 
667 365 733 360 76 567 499 465 271 634 523 
968 946 210 512 863 728 852 2 993 373 785 
820 768 887 630 721 255 811 243 705 509 734 
619 989 148 33 252 108 756 347 950 797 799 
1056 656 433 904 686 976 290 909 33 858 44 
865 200 374 415 851 19 660 412 229 324 312 
779 217 667 367 568 531 154 801 786 298 42 
652 906 589 718 7 132 187 519 160 452 596 
886 317 996 318 298 721 662 484 569 134 219 
424 305 498 92 69 738 144 74 112 491 163 
809 658 146 4 920 52 815 854 416 824 583 
537 134 343 185 679 725 831 66 924 115 167 
1006 230 941 713 997 273 265 952 943 949 909 
1125 572 764 996 871 866 549 969 989 960 821 
726 279 626 499 51 732 815 773 957 282 569 
593 147 622 657 942 641 222 577 56 810 998 
897 530 803 381 508 599 388 472 490 932 248 
485 55 300 983 868 306 122 337 148 16 246 
853 528 697 363 126 323 952 551 693 579 237 
552 217 60 1 936 390 806 277 105 815 581 
593 15 456 903 630 254 862 419 102 543 748 
805 735 572 721 220 493 80 539 574 124 29 
621 689 749 692 186 337 549 591 370 422 119 
926 532 143 454 910 559 246 390 966 562 291 
1000 406 521 325 748 74 429 650 189 974 850 
633 929 260 518 990 231 414 283 119 417 599 
707 415 989 339 551 863 527 686 246 983 178 
661 604 976 520 694 932 181 151 861 397 990 
609 232 74 870 554 8 984 521 990 463 182 
1022 336 994 487 856 745 169 137 485 669 954 
744 272 445 56 43 644 214 93 389 416 195 
746 72 881 198 564 762 893 96 304 698 373 
836 132 89 604 106 967 330 124 735 624 668 
831 533 884 831 247 789 477 159 829 490 288 
1000 799 900 185 974 633 450 846 406 606 196 
380 322 939 607 630 58 278 6 413 74 209 
1048 646 361 507 749 304 823 313 956 978 92 
660 927 358 132 208 656 823 273 928 68 820 
1002 546 294 642 909 507 836 338 101 696 857 
767 792 362 557 914 27 770 410 592 73 603 
578 854 570 209 160 182 635 841 605 611 597 
631 328 161 134 226 226 582 208 832 106 742 
631 804 241 811 64 475 154 9 954 666 436 
577 176 642 112 553 279 732 748 769 267 836 
858 990 787 19 760 373 559 294 41 380 282 
451 635 594 233 82 614 261 254 205 319 286 
659 32 968 735 964 223 575 258 175 261 25 
917 600 278 787 64 870 631 837 542 900 390 
1023 225 376 108 494 981 915 244 693 949 319 
570 294 30 42 724 66 529 415 677 485 817 
485 316 320 645 239 335 135 432 165 828 657 
869 1 829 649 658 36 119 919 790 82 213 
638 468 745 541 169 139 802 927 402 642 337 
618 572 837 819 705 54 323 843 423 206 431 
660 706 982 897 392 719 659 657 475 535 384 
762 305 443 189 911 123 146 542 955 595 933 
1028 990 696 50 574 924 936 408 610 846 817 
845 639 342 350 550 92 53 173 358 219 705 
859 461 261 945 962 88 441 13 763 536 157 
799 195 168 107 539 977 173 395 468 86 387 
775 991 552 130 415 177 21 46 337 33 631 
675 168 85 980 982 268 628 843 470 393 955 
516 736 265 695 164 781 617 435 421 7 100 
573 440 507 226 231 511 190 740 917 859 619 
548 577 766 212 143 488 574 111 347 203 398 
1019 654 212 867 308 477 969 916 296 46 493 
494 598 676 457 474 421 23 827 151 78 836 
451 705 340 311 407 279 909 165 728 282 37 
618 553 120 202 689 984 864 564 280 814 308 
793 696 62 529 803 66 95 795 758 254 969 
670 353 483 385 962 45 555 627 715 964 697 
786 244 492 632 344 195 881 541 583 172 406 
968 956 336 807 908 515 91 101 234 637 101 
577 539 645 835 10 178 764 358 597 758 420 
714 763 256 613 437 387 34 754 407 801 866 
903 442 253 725 984 109 116 72 121 995 848 
572 977 391 255 23 377 632 465 411 662 476 
752 18 462 580 417 630 680 436 237 941 845 
805 470 422 990 459 971 666 975 979 638 585 
928 529 313 423 314 602 982 680 336 522 960 
672 107 50 379 739 472 19 43 487 409 138 
762 529 834 270 428 952 783 858 610 14 479 
647 316 254 161 173 554 753 367 781 682 860 
945 535 404 997 992 221 291 242 204 196 715 
763 403 350 881 453 478 174 470 989 941 842 
784 543 852 481 546 889 630 212 24 791 278 
560 445 276 416 361 12 314 231 748 51 342 
1017 849 352 651 656 869 283 473 218 798 152 
620 615 954 382 937 410 243 135 44 167 106 
668 526 296 726 907 487 552 84 992 822 779 
982 188 185 238 880 526 156 360 574 883 884 
665 22 364 705 322 150 236 254 666 659 692 
693 228 872 139 997 845 631 909 231 474 794 
761 316 482 811 493 39 797 468 612 264 711 
731 585 215 708 727 90 955 852 522 671 144 
606 559 556 300 174 248 970 290 827 932 232 
1051 21 915 888 162 796 71 857 81 917 937 
870 576 514 445 910 448 615 339 612 858 425 
413 36 814 806 448 277 187 177 373 598 368 
915 452 791 775 400 298 346 753 582 860 2 
693 17 480 531 852 810 140 509 463 79 916 
777 91 313 582 446 963 308 305 919 635 136 
964 782 177 749 581 578 888 493 269 822 771 
930 333 587 239 881 269 122 79 325 868 903 
624 454 477 134 356 511 751 166 424 427 525 
727 836 572 924 164 500 130 106 353 359 223 
606 64 200 698 714 949 670 396 807 22 529 
854 212 952 433 468 24 168 127 194 635 723 
994 783 458 956 105 644 530 689 101 155 653 
675 154 251 973 317 466 310 189 303 732 395 
903 992 243 711 815 351 361 729 744 226 304 
1081 262 958 693 942 502 653 183 751 211 998 
684 22 81 41 243 266 875 215 639 382 570 
1052 558 376 875 572 622 747 650 659 186 830 
953 519 491 774 160 685 620 315 518 626 717 
517 339 472 735 386 841 263 461 361 732 286 
865 330 718 261 892 165 386 688 77 794 631 
587 576 591 947 317 358 523 933 343 206 866 
845 443 312 638 69 39 827 915 413 386 865 
507 250 766 72 399 373 81 216 924 538 668 
758 255 199 175 756 235 325 193 331 136 694 
696 871 939 141 920 702 847 901 76 523 36 
700 93 10 162 137 841 895 614 104 247 256 
543 423 508 625 18 852 187 719 149 45 592 
437 489 267 73 67 92 392 901 866 170 894 
638 709 371 796 749 570 790 259 512 76 422 
562 530 137 704 211 187 317 239 269 231 199 
635 159 164 259 699 341 817 74 401 852 708 
434 374 434 231 349 145 334 388 194 364 788 
757 864 566 387 443 430 159 563 216 44 259 
599 458 699 761 901 793 149 593 287 237 589 
984 289 299 976 921 220 549 810 160 593 786 
974 422 800 87 172 85 277 742 783 765 963 
499 81 236 492 248 354 135 355 915 578 999 
891 226 489 364 561 858 114 311 498 79 454 
704 932 62 938 220 304 275 457 497 706 404 
742 3 920 575 761 788 309 230 350 861 332 
762 882 487 663 584 399 41 646 499 125 94 
702 402 864 827 420 256 63 941 433 520 96 
464 112 82 220 695 479 568 345 701 709 550 
743 904 282 633 224 973 895 862 518 732 27 
688 465 142 572 991 291 32 568 386 211 441 
881 14 160 435 177 988 868 810 15 323 870 
695 622 22 916 73 266 898 461 211 768 670 
871 179 237 376 910 217 941 999 359 534 455 
626 255 544 137 277 107 277 847 688 658 160 
794 317 38 445 519 671 339 636 599 318 421 
740 815 58 429 784 743 782 209 78 220 391 
657 43 891 223 716 377 973 893 12 760 432 
809 752 872 378 204 741 825 519 726 699 259 
515 483 402 742 589 409 141 554 92 203 66 
869 861 460 878 276 778 843 835 889 376 616 
804 248 615 574 929 465 133 140 751 777 69 
540 792 541 164 826 635 26 585 586 225 687 
653 71 839 525 651 794 667 831 792 325 256 
1031 611 807 828 637 827 338 431 645 820 505 
829 828 327 316 984 206 774 557 865 944 444 
540 730 471 903 110 62 182 688 840 149 360 
557 763 342 74 193 473 726 348 405 759 538 
888 158 346 208 756 814 426 220 888 284 422 
711 677 961 363 630 688 689 855 614 274 593 
810 159 601 663 149 456 265 564 469 30 626 
607 303 498 553 627 656 133 634 125 236 549 
611 520 65 841 545 565 741 791 142 216 98 
822 128 799 366 714 320 954 597 882 1000 395 
476 624 568 145 930 96 318 114 627 211 80 
456 629 466 185 323 347 610 170 146 558 291 
871 641 285 552 938 925 469 139 52 566 101 
538 621 570 107 659 625 438 379 702 642 497 
757 949 855 694 159 387 847 241 587 113 201 
815 642 360 392 333 269 228 29 653 423 559 
586 180 948 253 919 811 28 37 849 311 841 
964 348 288 544 419 678 725 928 432 703 712 
895 993 928 993 22 567 725 925 78 891 22 
1178 809 996 945 857 825 562 130 735 313 908 
960 930 729 981 254 85 853 353 555 489 328 
721 683 494 950 156 702 575 690 830 119 609 
682 259 915 408 509 208 613 810 89 388 444 
970 503 759 605 282 785 524 627 265 582 643 
593 473 610 64 625 120 318 998 667 530 990 
525 468 35 521 54 498 297 141 32 606 100 
693 605 814 389 926 542 201 632 284 742 666 
633 670 24 685 465 281 137 550 275 486 456 
913 66 324 523 305 885 58 658 808 671 13 
833 824 826 851 326 522 829 593 864 473 927 
705 947 296 969 626 948 866 705 954 368 321 
750 954 257 536 825 80 31 4 631 676 116 
714 453 966 386 376 466 496 142 612 136 876 
681 207 5 460 470 219 74 159 907 366 853 
739 147 342 861 81 634 462 379 342 417 870 
801 797 239 530 256 132 911 948 843 184 369 
886 45 767 515 714 26 606 47 416 692 863 
815 794 810 602 911 634 369 233 781 197 807 
1044 942 537 776 562 397 821 86 185 543 617 
969 252 932 511 506 562 684 797 440 234 79 
669 867 88 643 345 500 643 33 472 507 685 
556 239 559 911 598 772 210 852 294 728 211 
835 602 350 119 514 803 675 812 934 350 970 
763 718 20 946 229 136 456 549 286 635 993 
920 91 970 938 491 484 943 548 662 751 300 
498 682 540 296 258 589 322 294 606 372 206 
607 845 131 424 463 817 286 460 161 913 865 
824 583 49 951 245 651 501 700 852 28 927 
736 569 422 813 588 700 219 164 112 490 444 
1148 635 956 919 321 509 381 503 969 893 410 
961 537 706 237 298 144 876 229 275 970 554 
963 128 279 578 869 55 915 312 785 363 673 
566 305 415 967 139 184 304 194 969 470 134 
896 460 572 229 605 297 651 714 747 59 520 
1007 354 983 345 998 563 988 970 871 410 114 
946 340 463 550 570 770 879 983 75 873 144 
627 241 911 735 382 812 840 220 703 414 538 
808 814 376 417 322 887 308 464 898 150 317 
685 897 146 284 43 722 617 698 970 191 293 
783 123 596 749 640 599 326 622 922 236 412 
987 976 891 960 148 598 790 508 26 512 219 
1001 737 200 407 796 424 547 529 902 738 708 
762 294 851 502 241 147 134 364 532 1000 755 
870 975 936 875 608 332 100 60 396 565 621 
709 387 184 786 238 811 271 251 768 632 884 
671 864 613 840 835 675 181 961 34 746 887 
643 488 848 781 932 397 116 949 833 578 366 
705 160 939 569 544 666 695 822 431 145 531 
928 35 203 44 748 530 349 676 528 499 935 
509 718 339 790 302 317 117 396 879 350 789 
681 228 216 534 604 661 868 249 638 456 237 
899 615 504 202 129 536 130 745 264 808 100 
706 232 634 534 889 770 775 984 357 960 249 
812 298 982 940 609 906 679 25 76 565 770 
861 582 693 981 562 13 93 763 91 963 797 
1001 541 304 167 39 790 898 873 462 935 905 
995 411 707 679 750 365 890 141 574 134 487 
613 923 684 71 277 377 584 248 936 938 617 
927 986 691 869 994 111 317 941 686 495 164 
606 889 611 235 34 2 235 235 197 262 759 
813 78 336 60 256 9 382 566 992 869 399 
654 957 663 199 923 731 47 947 851 566 419 
538 817 107 831 11 325 816 438 945 338 453 
939 812 938 221 95 957 408 68 676 425 358 
506 829 295 291 729 747 145 120 50 766 198 
476 31 166 731 393 99 783 85 712 24 724 
596 861 702 443 391 654 89 599 33 595 291 
489 189 814 49 54 770 356 337 142 887 931 
462 161 938 651 254 306 348 914 28 42 292 
636 266 264 616 832 114 856 870 267 110 889 
444 539 362 55 419 391 115 292 38 198 726 
701 747 702 694 690 860 924 507 392 4 13 
871 968 580 172 350 12 519 706 999 19 10 
748 169 312 464 396 545 169 514 609 906 60 
1073 939 78 546 742 576 213 970 897 706 798 
794 765 794 549 42 813 465 24 415 119 570 
532 806 463 862 717 243 228 807 402 220 503 
884 480 55 538 753 22 341 661 644 838 371 
684 433 693 999 545 849 778 932 433 710 338 
562 467 955 166 210 366 838 307 111 138 568 
744 841 77 922 987 445 222 722 113 162 885 
1111 263 581 893 660 898 887 270 996 470 949 
561 641 701 586 114 264 205 710 787 639 719 
647 571 503 522 177 73 814 542 251 933 243 
1004 792 693 546 313 303 848 508 734 879 295 
830 595 101 180 353 928 887 382 948 103 562 
763 124 781 916 9 717 996 38 660 11 530 
543 395 565 921 448 199 586 421 849 938 74 
840 225 737 857 164 911 846 638 221 83 727 
924 905 835 952 646 278 826 103 306 355 172 
795 325 832 582 239 999 124 166 80 594 796 
666 929 741 601 831 787 333 474 409 526 631 
