100
80
8

0 4 19 68 78 
1 37 41 
2 3 
2 3 
0 4 19 35 54 78 
5 44 98 
6 17 24 59 
7 30 57 63 
8 39 64 67 70 72 
9 20 61 81 
10 79 
11 48 93 
12 43 71 
13 14 53 82 
13 14 82 
15 
16 20 51 73 81 97 
6 17 50 59 
18 88 
0 4 19 68 78 
9 16 20 66 73 81 97 
21 53 91 95 
22 26 62 77 90 
23 49 64 67 72 
6 24 58 59 
25 38 40 76 
22 26 62 77 
27 28 31 54 55 69 80 99 
27 28 31 54 79 80 
29 
7 30 57 63 
27 28 31 54 80 
32 54 74 96 
33 58 65 87 
34 49 92 
4 35 60 78 
36 83 
1 37 41 
25 38 40 52 76 84 
8 39 67 70 
25 38 40 52 76 84 89 91 
1 37 41 
42 85 
12 43 71 
5 44 75 
45 
46 51 52 89 
47 68 78 
11 48 93 
23 34 49 64 67 70 92 
17 50 59 86 
16 46 51 81 
38 40 46 52 76 84 
13 21 53 82 
4 27 28 31 32 54 55 69 74 80 99 
27 54 55 69 75 80 99 
56 83 
7 30 57 63 
24 33 58 59 87 
6 17 24 50 58 59 86 
35 60 78 
9 61 
22 26 62 77 
7 30 57 63 
8 23 49 64 67 70 92 
33 65 87 
20 66 73 97 
8 23 39 49 64 67 70 92 
0 19 47 68 
27 54 55 69 80 99 
8 39 49 64 67 70 92 
12 43 71 94 
8 23 72 
16 20 66 73 97 
32 54 74 96 
44 55 75 80 99 
25 38 40 52 76 84 
22 26 62 77 
0 4 19 35 47 60 78 
10 28 79 98 
