200
160
16

0 17 40 52 66 70 82 112 116 139 150 156 159 166 
1 10 21 30 32 34 38 39 42 63 64 71 79 91 97 99 100 135 140 144 147 160 165 175 182 193 197 
2 5 13 18 20 24 25 41 46 47 49 62 72 80 86 122 137 138 148 151 152 186 189 
3 9 11 12 29 39 51 56 61 68 71 75 88 91 93 95 98 102 117 123 134 153 158 167 173 183 185 196 198 
4 6 18 32 33 46 47 50 63 86 115 122 126 138 152 162 175 176 177 
2 5 13 24 25 37 41 48 49 58 59 62 80 84 85 101 104 107 111 129 148 149 151 163 168 174 189 
4 6 18 23 33 36 44 47 50 60 83 86 94 115 118 126 152 154 162 170 176 177 192 194 
7 14 16 22 53 54 69 92 106 113 119 120 136 141 142 181 195 
8 9 13 39 46 48 62 73 80 87 90 93 121 129 137 138 148 151 173 175 193 196 
3 8 9 12 29 39 51 61 68 71 73 87 90 91 93 95 98 102 117 121 123 134 153 158 165 167 173 183 185 193 196 198 
1 10 34 38 40 42 45 66 70 79 82 97 99 112 128 135 139 140 144 147 150 159 160 171 182 197 
3 11 12 26 29 51 56 61 68 75 88 95 102 117 132 134 153 158 161 167 183 185 198 
3 9 11 12 29 39 51 56 57 61 68 71 88 91 95 98 102 117 123 134 135 158 160 165 167 173 183 185 193 196 198 
2 5 8 13 24 25 41 46 48 49 59 62 73 80 84 87 90 104 122 129 137 138 148 149 151 189 
7 14 19 22 35 52 53 54 89 103 106 119 120 145 156 166 181 195 
15 21 27 32 33 36 45 50 63 64 92 97 99 113 128 131 139 142 144 147 169 171 177 179 197 
7 16 31 65 67 69 74 92 109 113 125 136 141 155 172 195 
0 17 35 40 45 52 70 82 89 112 116 119 128 139 150 156 159 166 
2 4 6 18 20 33 46 47 72 86 115 122 126 137 138 152 162 175 176 177 
14 19 22 35 52 53 54 89 103 106 116 119 120 145 156 166 181 
2 18 20 25 28 41 44 72 86 115 122 146 152 157 186 188 189 192 199 
1 15 21 30 32 38 42 63 64 79 97 99 100 131 135 140 144 147 160 165 171 175 176 177 179 197 
7 14 19 22 35 53 54 89 103 106 119 120 145 156 166 181 195 
6 23 31 33 36 50 60 65 67 74 83 86 94 114 115 118 125 126 154 162 164 170 172 178 194 
2 5 13 24 25 37 41 49 58 62 80 84 85 104 111 148 149 163 174 186 189 
2 5 13 20 24 25 37 41 49 58 62 72 80 84 85 104 122 148 149 157 163 174 186 188 189 199 
11 26 56 81 88 95 130 132 161 180 185 
15 27 31 32 33 36 50 63 65 67 92 99 113 131 141 142 147 169 171 172 179 195 197 
20 28 44 72 78 115 127 146 157 184 186 188 192 199 
3 9 11 12 29 39 51 56 61 68 71 75 88 91 95 98 102 117 123 134 153 158 165 167 173 183 185 193 196 198 
1 21 30 32 38 39 42 63 64 71 79 90 100 135 144 147 160 165 175 176 193 
16 23 27 31 36 50 65 67 69 74 92 94 109 113 114 125 136 141 155 164 170 172 178 190 
1 4 15 21 27 30 32 33 36 50 63 64 97 99 100 126 131 142 144 147 169 171 176 177 179 197 
4 6 15 18 23 27 32 33 36 47 50 63 83 86 115 126 152 162 176 177 
1 10 34 38 40 42 66 79 82 97 108 112 135 139 140 144 150 159 160 182 197 
14 17 19 22 35 52 53 54 89 103 106 116 119 120 128 145 156 166 181 
6 15 23 27 31 32 33 36 50 63 65 67 83 92 94 113 125 126 142 170 172 177 178 
5 24 25 37 41 48 49 55 58 59 62 84 85 96 101 104 107 111 124 143 149 163 168 174 189 
1 10 21 30 34 38 42 57 64 68 71 79 91 97 98 100 135 140 144 147 150 160 165 182 193 
1 3 8 9 12 29 30 39 42 51 64 68 71 73 87 90 91 98 100 102 123 137 160 165 173 175 183 193 196 198 
0 10 17 34 40 45 52 66 70 82 97 99 112 116 119 128 131 139 140 144 150 156 159 169 171 197 
2 5 13 20 24 25 37 41 49 58 62 72 80 84 85 104 122 148 149 151 157 163 174 186 189 199 
1 10 21 30 34 38 39 42 64 71 79 91 97 98 100 135 140 144 147 150 160 165 182 193 197 
43 48 59 73 76 87 93 96 101 104 107 110 121 124 129 133 143 149 151 173 196 
6 20 28 44 60 72 77 78 83 86 115 118 127 146 162 184 186 187 192 194 
10 15 17 40 45 54 70 82 97 99 112 119 128 131 139 140 142 144 147 150 156 159 169 171 179 197 
2 4 8 13 18 46 47 62 80 86 90 122 126 137 138 148 151 152 175 176 177 189 
2 4 6 18 33 46 47 63 86 115 122 126 138 152 162 175 176 177 
5 8 13 37 43 48 59 62 73 76 80 84 87 93 96 101 104 107 110 111 121 124 129 133 143 148 149 151 174 196 
2 5 13 24 25 37 41 49 58 62 80 84 85 104 111 148 149 163 174 189 199 
4 6 15 23 27 31 32 33 36 50 63 65 67 83 92 94 113 126 142 162 170 172 177 178 
3 9 11 12 29 39 51 56 61 68 71 75 87 88 91 93 95 98 102 117 123 134 153 158 167 173 183 185 193 196 198 
0 14 17 19 35 40 52 70 82 89 116 119 156 159 166 
7 14 19 22 35 53 54 89 103 106 119 120 141 145 156 166 181 195 
7 14 19 22 35 45 53 54 89 103 106 113 119 120 128 141 142 145 156 166 169 181 195 
37 55 84 85 96 101 107 111 124 168 174 
3 11 12 26 29 51 56 57 61 68 81 88 91 95 98 102 117 123 132 134 161 167 180 183 185 198 
12 38 56 57 68 79 88 91 98 102 132 135 160 180 182 
5 24 25 37 41 49 58 84 85 101 104 111 149 163 168 174 189 
5 13 37 43 48 59 62 73 76 80 84 85 87 96 101 104 107 110 111 121 124 129 133 143 148 149 151 163 168 174 
6 23 44 60 77 83 86 94 114 115 118 146 154 162 170 184 191 192 194 
3 9 11 12 29 51 56 61 75 88 93 95 102 117 123 134 153 158 167 173 183 185 198 
2 5 8 13 24 25 37 41 46 48 49 59 62 73 80 84 87 101 104 122 129 137 138 148 149 151 163 174 189 
1 4 15 21 27 30 32 33 36 47 50 63 64 99 100 126 131 142 144 147 169 171 175 176 177 179 197 
1 15 21 30 32 38 39 42 63 64 71 79 97 99 100 135 140 144 147 160 165 171 175 176 179 193 197 
16 23 27 31 36 50 65 67 69 74 83 92 94 109 113 114 125 136 141 155 164 170 172 178 190 
0 10 34 40 66 70 79 82 97 108 112 139 140 150 159 182 
16 23 27 31 36 50 65 67 69 74 83 92 94 109 113 114 125 136 141 154 155 164 170 172 178 190 
3 9 11 12 29 38 39 51 56 57 68 71 79 88 91 95 98 102 117 123 134 135 158 160 165 180 182 183 185 193 198 
7 16 31 65 67 69 74 92 109 113 125 136 141 155 172 178 195 
0 10 17 40 45 52 66 70 82 112 116 128 139 150 156 159 166 
1 3 9 12 29 30 38 39 42 51 64 68 71 79 90 91 95 98 100 102 123 135 160 165 182 183 193 196 198 
2 18 20 25 28 41 44 72 86 115 118 122 146 152 157 162 184 186 188 189 192 199 
8 9 13 39 43 48 59 62 73 80 87 90 93 121 129 133 137 148 149 151 173 193 196 
16 23 31 65 67 69 74 94 109 114 125 154 155 164 170 172 178 190 
3 11 29 51 61 75 88 93 95 102 117 134 153 158 167 173 183 185 198 
43 48 59 76 96 101 107 110 111 121 124 133 143 
44 60 77 78 94 105 114 118 154 164 184 187 191 194 
28 44 77 78 105 127 146 184 187 191 192 194 
1 10 21 30 34 38 42 57 64 66 68 71 79 91 97 135 140 144 150 160 165 182 
2 5 8 13 24 25 41 46 48 49 59 62 73 80 84 87 90 104 122 129 137 138 148 149 151 174 189 
26 56 81 130 132 161 180 
0 10 17 34 40 45 52 66 70 82 97 108 112 116 128 139 140 150 156 159 
6 23 33 36 44 50 60 65 67 83 86 94 114 115 118 125 126 154 162 164 170 178 194 
5 13 24 25 37 41 48 49 55 58 59 62 80 84 85 96 101 104 107 111 124 129 143 148 149 151 163 168 174 189 
5 24 25 37 41 49 55 58 59 84 85 101 104 107 111 124 149 163 168 174 189 
2 4 6 18 20 23 33 44 46 47 60 72 83 86 115 118 122 126 146 152 162 176 177 186 192 
8 9 13 39 43 48 51 59 62 73 80 87 90 93 121 129 133 137 151 153 158 173 183 193 196 198 
3 11 12 26 29 51 56 57 61 68 75 88 91 95 98 102 117 123 132 134 158 161 167 180 183 185 198 
14 17 19 22 35 52 53 54 89 103 106 116 119 120 145 156 166 181 
8 9 13 30 39 46 71 73 80 87 90 98 100 121 123 129 137 138 148 151 165 173 175 193 196 
1 3 9 12 29 38 39 42 51 56 57 68 71 79 88 91 95 98 102 123 134 135 160 165 180 182 183 193 198 
7 15 16 27 31 36 50 65 67 69 92 109 113 131 136 141 142 169 172 181 195 
3 8 9 43 48 51 61 73 75 87 93 110 117 121 129 133 134 143 153 158 167 173 183 196 198 
6 23 31 36 50 60 65 67 74 77 83 94 114 118 125 154 155 162 164 170 172 178 190 191 194 
3 9 11 12 26 29 51 56 61 68 71 75 88 91 95 98 102 117 123 134 153 158 167 173 183 185 196 198 
37 43 48 55 59 76 84 96 101 107 110 111 124 133 143 149 168 
1 10 15 21 32 34 38 40 42 45 64 66 79 82 97 99 112 128 131 135 139 140 144 147 150 159 160 169 171 179 197 
3 9 12 29 38 39 42 51 56 57 68 71 88 90 91 95 98 100 102 117 123 134 135 158 160 165 183 185 193 196 198 
1 10 15 21 27 32 40 45 63 64 97 99 128 131 139 142 144 147 150 159 169 171 179 197 
1 21 30 32 38 39 42 63 64 71 90 98 100 135 137 144 147 160 165 175 176 193 
5 37 43 48 55 58 59 62 76 84 85 96 101 104 107 110 111 124 129 133 143 149 151 163 168 174 
3 9 11 12 29 39 51 56 57 61 68 71 75 88 91 95 98 102 117 123 134 158 165 167 173 183 185 193 196 198 
14 19 22 35 53 54 89 103 106 120 145 166 181 
5 13 24 25 37 41 43 48 49 58 59 62 80 84 85 101 104 107 111 124 129 143 148 149 151 163 168 174 189 
77 78 105 114 154 184 187 191 194 
7 14 19 22 35 53 54 89 103 106 113 119 120 136 141 145 181 195 
5 37 43 48 55 59 76 84 85 96 101 104 107 110 111 124 143 149 168 174 
34 66 82 108 112 
16 31 65 67 69 74 92 109 113 125 136 141 155 170 172 178 195 
43 48 59 76 93 96 101 107 110 121 124 133 143 
5 24 37 48 49 55 58 59 76 84 85 96 101 104 107 111 124 143 149 163 168 174 
0 10 17 34 40 45 66 70 82 97 108 112 128 139 140 150 159 
7 15 16 27 31 36 50 54 65 67 69 92 106 109 113 119 131 136 141 142 169 172 181 195 
23 31 60 65 67 74 77 83 94 105 114 118 125 154 155 162 164 170 178 190 191 194 
4 6 18 20 23 28 33 44 47 60 72 83 86 115 118 146 152 154 162 184 186 192 194 
0 17 19 35 40 52 70 82 89 116 156 166 
3 9 11 12 29 51 56 61 68 75 88 93 95 98 102 117 123 134 153 158 167 173 183 185 196 198 
6 23 44 60 72 77 83 86 94 114 115 118 146 154 162 170 184 192 194 
7 14 17 19 22 35 40 45 52 53 54 89 106 113 119 120 128 131 139 142 156 159 166 169 181 195 
7 14 19 22 35 53 54 89 103 106 119 120 141 145 181 195 
8 9 43 48 59 73 76 87 90 93 110 121 129 133 143 149 151 153 173 196 
2 4 13 18 20 25 41 46 47 62 72 80 86 122 137 138 148 152 176 186 189 
3 9 12 29 39 51 56 61 68 71 88 90 91 95 98 102 117 123 134 135 158 160 165 167 173 183 185 193 196 198 
37 43 48 55 59 76 84 85 96 101 104 107 110 111 124 133 143 149 168 174 
16 23 31 36 65 67 69 74 83 94 109 114 125 154 155 164 170 172 178 190 
4 6 18 23 32 33 36 46 47 50 63 83 86 126 152 162 175 176 177 
28 44 78 127 146 157 184 187 188 192 194 199 
10 15 17 35 40 45 54 70 82 97 99 112 119 128 131 139 140 142 144 147 150 156 159 169 171 179 197 
5 8 13 43 48 59 62 73 80 84 87 90 93 101 104 121 129 133 137 143 148 149 151 173 196 
26 81 130 132 161 
15 21 27 32 40 45 63 92 97 99 113 119 128 131 139 142 144 147 159 169 171 179 197 
11 26 56 57 81 88 130 132 161 180 
43 48 59 73 76 87 93 96 101 110 121 124 129 133 143 153 173 
3 9 11 12 29 51 56 61 68 75 88 91 93 95 98 102 117 123 134 153 158 167 173 183 185 196 198 
1 10 12 21 30 34 38 42 57 64 68 71 79 91 97 98 100 123 135 140 144 160 165 182 193 
7 16 31 65 67 69 92 106 109 113 136 141 155 172 181 195 
2 8 13 18 39 46 62 73 80 87 90 100 122 129 137 138 148 151 152 175 176 193 196 
2 4 8 13 18 46 47 62 80 90 122 137 138 148 151 152 175 176 
0 10 15 17 34 40 45 66 70 82 97 99 112 119 128 131 139 140 142 144 147 150 156 159 169 171 179 197 
1 10 21 34 38 40 42 45 64 66 79 82 97 112 128 135 139 140 144 147 150 159 160 171 182 197 
7 16 27 31 53 54 65 67 69 92 106 109 113 120 136 141 142 172 181 195 
7 15 27 32 36 45 50 54 63 92 99 113 119 128 131 139 141 142 147 169 171 179 181 195 197 
37 43 48 59 76 84 93 96 101 104 107 110 111 121 124 129 133 143 149 151 
1 10 15 21 30 32 34 38 40 42 45 63 64 79 97 99 100 128 131 135 139 140 144 147 150 159 160 169 171 179 197 
14 19 22 35 53 54 89 103 106 120 145 166 
20 28 44 60 72 78 86 115 118 127 146 157 162 184 186 188 192 194 199 
1 10 15 21 27 30 32 38 42 45 63 64 97 99 100 128 131 139 140 142 144 147 150 169 171 179 197 
2 5 8 13 24 25 41 46 48 49 59 62 73 80 84 90 104 122 129 137 138 148 149 151 152 174 189 
5 13 24 25 37 41 43 48 49 58 59 62 73 80 84 85 96 101 104 107 111 121 124 129 143 148 149 151 163 168 174 189 
0 10 17 34 38 40 42 45 66 70 79 82 97 99 112 128 139 140 144 147 150 159 171 197 
2 5 8 13 41 43 46 48 59 62 73 80 84 87 90 101 104 121 129 137 138 143 148 149 151 196 
2 4 6 18 20 33 46 47 72 86 115 122 126 137 138 148 152 162 175 176 177 186 
3 9 11 29 51 61 75 87 93 95 117 121 133 134 153 158 167 173 183 185 196 198 
6 23 60 67 74 77 83 94 105 114 115 118 125 154 162 164 170 178 190 191 194 
16 31 65 67 69 74 94 109 114 125 136 155 164 170 172 178 190 
0 14 17 19 22 35 40 45 52 53 54 70 82 89 116 119 128 139 156 159 166 
20 25 28 41 72 127 146 157 186 188 189 192 199 
3 9 11 12 29 51 61 68 75 87 88 93 95 98 102 117 123 134 153 158 167 173 183 185 196 198 
0 10 17 34 40 45 52 66 70 82 97 99 112 119 128 131 139 140 144 150 156 159 169 171 179 197 
