200
100
20

0 13 55 67 71 82 96 129 142 151 159 
1 11 104 148 169 180 
2 14 41 46 88 105 114 157 160 175 
3 103 109 
4 76 129 142 164 
5 91 130 135 141 153 193 
6 51 173 
7 71 127 151 178 
8 12 44 88 94 146 162 
9 46 95 123 134 163 192 
10 31 50 182 
1 11 77 104 145 167 180 
8 12 72 94 139 146 
0 13 67 71 82 96 127 142 151 159 
2 14 41 46 175 
15 45 170 178 195 
16 115 177 184 
17 30 39 108 128 137 140 174 194 
18 52 91 100 130 153 154 171 191 
19 67 68 76 96 120 129 142 159 
20 42 53 58 69 122 187 
21 98 124 131 140 158 186 199 
22 23 41 44 84 86 160 162 
22 23 34 40 48 84 86 87 99 101 
24 34 40 87 93 110 165 
25 118 119 125 179 
26 42 53 58 183 
27 79 111 155 156 
28 38 
29 63 75 149 152 185 196 
17 30 108 128 131 137 140 174 
10 31 59 79 182 
32 124 178 195 
33 38 106 131 
23 24 34 40 48 84 86 87 99 101 
35 79 155 195 
36 67 81 82 113 151 
37 56 66 78 102 121 161 
28 33 38 106 118 
17 39 54 73 108 128 137 161 174 194 
23 24 34 40 48 87 93 99 101 165 
2 14 22 41 86 160 175 
20 26 42 58 97 183 190 
43 51 65 74 107 111 112 138 144 188 
8 22 44 84 88 94 105 160 162 
15 45 170 195 
2 9 14 46 114 163 175 
47 81 113 116 
23 34 40 48 99 101 165 
49 54 108 128 154 161 194 
10 50 168 182 
6 43 51 138 144 173 188 
18 52 91 100 130 147 153 171 191 
20 26 53 58 64 69 122 
39 49 54 108 128 137 154 161 194 
0 55 71 
37 56 66 78 102 
57 149 181 196 
20 26 42 53 58 97 183 
31 59 79 
60 74 89 119 138 144 188 
61 75 80 198 
62 133 150 179 189 
29 63 152 164 185 196 
53 64 69 122 
43 65 85 112 134 
37 56 66 78 102 121 
0 13 19 36 67 82 96 120 142 151 159 
19 68 80 120 172 
20 53 64 69 122 182 187 
70 97 115 117 190 
0 7 13 55 71 82 127 151 178 
12 72 92 139 146 184 197 
39 73 126 137 174 194 
43 60 74 107 111 138 144 188 
29 61 75 185 198 
4 19 76 80 129 142 164 
11 77 136 143 167 
37 56 66 78 102 
27 31 35 59 79 111 
61 68 76 80 
36 47 81 113 116 120 
0 13 36 67 71 82 96 127 151 159 
83 132 143 166 
22 23 34 44 84 86 162 
65 85 112 134 168 
22 23 34 41 84 86 99 101 
23 24 34 40 87 93 110 
2 8 44 88 105 157 160 
60 89 119 138 144 188 
90 198 
5 18 52 91 100 130 153 171 191 
72 92 139 176 177 184 197 
24 40 87 93 165 
8 12 44 94 146 162 
9 95 123 132 134 192 
0 13 19 67 82 96 142 151 159 
42 58 70 97 115 117 176 190 
21 98 100 124 158 186 191 199 
23 34 40 48 86 99 101 165 
