150
75
15

0 24 26 39 52 57 62 76 87 101 133 142 
1 12 23 44 45 56 59 63 74 82 95 100 106 119 120 123 139 147 
2 3 14 18 19 20 30 33 45 58 74 77 85 93 94 99 100 109 111 141 
2 3 4 9 14 20 30 33 55 80 85 94 99 109 111 136 138 141 
3 4 7 22 33 35 43 51 80 90 96 110 118 136 138 
5 8 24 26 34 39 41 52 62 76 78 89 97 101 128 140 142 149 
6 8 21 27 31 41 50 54 64 65 70 71 76 78 89 97 107 128 131 140 148 149 
4 7 46 48 51 53 77 110 118 
5 6 8 24 26 39 41 52 64 70 76 78 89 97 101 107 128 140 149 
3 9 14 20 30 33 55 74 75 80 84 85 99 111 123 136 138 141 
10 57 60 68 98 112 115 125 127 129 130 
11 17 22 28 29 35 55 136 138 
1 12 23 44 45 49 56 63 74 95 106 108 112 119 120 130 139 147 
13 15 16 32 37 49 60 66 68 83 98 103 104 108 113 115 125 129 
2 3 9 14 20 30 33 55 74 80 85 94 99 109 111 136 138 141 
13 15 16 32 37 38 66 68 72 73 83 103 104 113 134 145 
13 15 16 25 38 42 49 66 68 72 83 86 108 113 144 
11 17 22 28 29 35 55 136 138 
2 18 19 46 48 53 58 77 93 94 102 109 121 132 135 137 
2 18 19 23 54 58 61 67 82 91 93 94 100 106 117 121 137 146 
2 3 9 14 20 30 33 55 80 85 94 99 109 111 136 138 141 
6 21 27 31 50 65 70 71 81 107 124 128 140 
4 11 17 22 29 35 43 51 80 90 96 136 138 
1 12 19 23 44 45 56 59 67 74 82 95 100 106 119 120 139 146 147 148 
0 5 8 24 26 34 39 41 52 62 76 78 87 89 97 101 128 140 142 149 
16 25 38 42 72 73 83 134 145 
0 5 8 24 26 34 39 52 62 76 87 101 128 140 142 149 
6 21 27 31 36 50 54 65 69 70 71 81 105 107 117 122 124 131 
11 17 28 75 84 114 116 
11 17 22 29 35 90 
2 3 9 14 20 30 33 55 74 80 85 94 99 109 111 123 136 138 141 
6 21 27 31 40 50 54 61 64 65 67 69 71 81 91 105 107 117 122 124 131 
13 15 32 37 60 66 68 83 98 103 104 113 115 
2 3 4 9 14 20 30 33 55 80 85 94 99 109 110 111 136 138 141 
5 24 26 34 39 62 87 101 142 149 
4 11 17 22 29 35 43 51 80 90 96 136 138 
27 36 40 47 69 81 88 122 124 126 143 
13 15 32 37 38 66 68 72 73 83 103 104 113 134 145 
15 16 25 37 38 42 72 73 83 103 134 145 
0 5 8 24 26 34 39 41 52 57 62 76 78 87 89 97 101 128 133 140 142 149 
31 36 40 47 61 67 69 88 91 92 105 117 121 122 126 132 137 143 
5 6 8 24 39 41 50 56 59 64 65 70 71 76 78 89 97 107 128 131 140 148 149 
16 25 38 42 72 75 83 84 86 108 113 116 144 
4 22 35 43 51 80 90 96 110 118 136 
1 12 23 44 45 56 59 63 74 82 95 100 106 112 119 120 139 147 148 
1 2 12 23 44 45 63 74 82 95 100 106 119 120 123 141 147 
7 18 46 48 53 77 79 102 132 135 
36 40 47 69 79 88 92 122 126 132 135 137 143 
7 18 46 48 53 77 102 132 135 
12 13 16 49 63 66 68 95 98 108 112 113 119 130 144 147 
6 21 27 31 41 50 54 64 65 70 71 78 81 107 124 128 131 140 
4 7 22 35 43 51 80 90 96 110 118 
0 5 8 24 26 39 52 57 62 76 78 87 89 97 101 133 139 
7 18 46 48 53 77 102 110 
6 19 27 31 50 54 59 61 64 65 67 69 71 82 91 105 106 107 117 131 146 148 
3 9 11 14 17 20 30 33 55 80 85 99 109 111 136 138 141 
1 12 23 41 44 56 59 64 76 78 82 89 95 97 106 120 130 133 139 148 
0 10 39 52 57 62 87 101 115 125 127 129 130 133 
2 18 19 58 77 93 94 102 109 117 121 132 137 146 
1 23 41 44 54 56 59 64 67 71 76 78 82 89 95 97 106 107 131 133 139 146 148 
10 13 32 60 66 68 98 104 115 125 127 129 
19 31 40 54 61 64 67 69 71 82 91 105 106 107 117 121 131 137 146 148 
0 5 24 26 34 39 52 57 62 87 101 142 
1 12 44 45 49 63 66 74 95 108 112 113 119 120 123 130 144 147 
6 8 31 41 50 54 56 59 61 64 65 67 70 71 76 78 89 91 97 106 107 128 131 139 140 148 
6 21 27 31 41 50 54 64 65 70 71 78 81 105 107 124 131 
13 15 16 32 37 49 60 63 66 68 98 103 104 108 112 113 125 129 
19 23 31 40 54 59 61 64 67 71 82 91 105 106 107 117 121 131 146 148 
10 13 15 16 32 37 49 60 66 68 98 103 104 108 112 113 115 125 127 129 
27 31 36 40 47 54 61 69 81 88 91 105 117 121 122 124 126 137 143 
6 8 21 27 41 50 64 65 70 71 78 107 128 140 149 
6 21 27 31 41 50 54 59 61 64 65 67 70 71 78 91 105 107 117 124 131 140 146 148 
15 16 25 37 38 42 72 73 83 103 113 134 145 
15 25 37 38 72 73 83 103 134 145 
1 2 9 12 14 23 30 44 45 63 74 95 100 119 120 123 141 147 
