100
50
5

0 87 96 97 
1 3 32 60 64 
2 18 63 
1 3 32 60 64 72 
4 49 52 53 66 70 74 
5 6 48 49 51 73 74 
5 6 48 74 
7 46 49 51 74 
8 41 75 92 
9 38 54 93 
10 11 13 16 28 73 
10 11 13 16 28 73 
12 61 
10 11 13 16 28 73 
14 44 56 91 
15 35 36 
10 11 13 16 28 73 
17 79 
2 18 63 
19 47 59 76 
20 21 50 
20 21 31 50 85 88 
22 67 91 
23 48 73 78 
24 54 69 93 
25 75 77 94 
26 34 45 
27 41 
10 11 13 16 28 99 
29 31 33 46 
30 78 91 
21 29 31 46 85 88 
1 3 32 
29 33 
26 34 86 
15 35 36 95 
15 35 36 43 80 95 
37 84 
9 38 
39 58 
40 79 82 83 
8 27 41 65 
42 55 57 62 
36 43 68 71 80 81 
14 44 56 90 
26 45 
7 29 31 46 51 88 
19 47 89 98 
5 6 23 48 
4 5 7 49 51 52 74 
