200
160
16

0 2 6 81 174 
1 13 73 113 173 
0 2 81 141 174 
3 8 24 89 141 
4 17 73 113 132 157 
5 13 77 95 142 154 159 
0 6 81 174 
7 11 18 171 
3 8 24 82 89 141 
9 14 21 64 68 109 112 
10 80 123 126 128 153 160 187 
7 11 18 152 171 178 
12 101 109 112 117 161 167 195 
1 5 13 17 77 95 134 154 159 
9 14 26 63 64 164 
15 100 124 
16 27 40 88 97 98 127 197 
4 13 17 73 77 95 113 134 154 159 
7 11 18 129 136 171 
19 67 129 131 144 178 182 190 
20 32 37 111 
9 21 29 65 68 109 120 122 
22 76 143 192 
23 61 66 75 106 146 172 177 186 188 
3 8 24 89 99 196 
25 27 94 197 
14 26 27 40 63 64 112 164 
16 25 26 27 94 197 
28 124 
21 29 65 116 122 
30 34 86 88 97 147 149 179 198 199 
31 46 72 180 
20 32 72 75 188 
33 34 121 140 185 198 
30 33 34 86 121 149 179 198 
35 43 92 140 185 191 
36 52 78 
20 37 42 111 151 168 
38 84 114 169 194 
39 77 85 87 93 96 103 137 142 
16 26 40 88 127 164 179 197 
41 73 113 119 123 173 
37 42 62 79 111 151 
35 43 90 92 104 108 170 175 191 
44 55 105 118 141 145 
45 54 90 107 155 181 
31 46 72 180 
47 85 87 138 139 163 
48 74 110 115 185 
49 152 
50 82 105 148 150 
51 135 162 
36 52 78 152 
53 61 62 79 146 172 184 
45 54 90 107 108 170 181 
44 55 105 118 141 145 
56 91 102 156 169 183 189 
57 70 71 100 114 143 
58 83 99 116 166 
59 101 120 139 161 195 
60 69 125 158 
23 53 61 62 66 79 106 146 172 184 186 
42 53 61 62 79 146 172 186 188 
14 26 63 64 112 
9 14 26 63 64 68 112 164 
21 29 65 116 122 196 
23 61 66 106 138 146 163 167 177 184 
19 67 129 131 136 144 182 198 
9 21 64 68 101 109 112 120 122 161 195 
60 69 97 98 125 147 158 176 193 199 
57 70 71 114 130 143 193 
57 70 71 76 100 130 143 192 
31 32 46 72 126 128 153 180 
1 4 17 41 73 113 173 
48 74 110 115 185 
23 32 75 79 146 172 186 188 
22 71 76 130 143 192 193 
5 13 17 39 77 87 95 96 103 134 137 142 154 159 
36 52 78 
42 53 61 62 75 79 146 172 186 188 
10 80 123 126 128 132 153 
0 2 6 81 174 
8 50 82 105 150 
58 83 99 116 196 
38 84 91 114 169 194 
39 47 85 87 96 138 139 163 
30 34 86 88 97 98 133 147 149 179 199 
39 47 77 85 87 93 96 103 137 139 142 
16 30 40 86 88 97 98 127 179 197 
3 8 24 89 141 145 
43 45 54 90 104 107 108 170 181 191 
56 84 91 102 114 169 
35 43 92 175 185 191 
39 87 93 96 103 137 142 
25 27 94 194 
5 13 17 77 95 134 142 154 159 
39 77 85 87 93 96 103 137 142 
16 30 69 86 88 97 98 127 147 176 179 
16 69 86 88 97 98 127 176 179 197 
24 58 83 99 116 196 
15 57 71 100 114 124 143 
12 59 68 101 109 112 117 120 161 195 
56 91 102 156 169 183 
39 77 87 93 96 103 137 142 
43 90 104 108 170 175 191 
44 50 55 82 105 118 150 
23 61 66 106 138 146 163 177 184 
45 54 90 107 108 170 181 
43 54 90 104 107 108 170 191 
9 12 21 68 101 109 112 117 120 122 161 195 
48 74 110 115 
20 37 42 111 151 168 
9 12 26 63 64 68 101 109 112 117 
1 4 17 41 73 113 173 
38 57 70 84 91 100 114 169 
48 74 110 115 
29 58 65 83 99 116 196 
12 101 109 112 117 
44 55 105 118 145 
41 119 123 173 
21 59 68 101 109 120 122 161 195 
33 34 121 140 198 
21 29 65 68 109 120 122 161 195 
10 41 80 119 123 126 187 
15 28 100 124 165 
60 69 125 130 158 193 
10 72 80 123 126 128 153 
16 40 88 97 98 127 176 197 
10 72 80 126 128 153 
18 19 67 129 136 178 182 
70 71 76 125 130 143 192 193 
19 67 131 144 164 198 
4 80 132 157 177 
86 133 147 149 158 199 
13 17 77 95 134 154 159 
51 135 162 
18 67 129 136 140 178 182 
39 77 87 93 96 103 137 142 
47 66 85 106 138 139 163 167 184 
47 59 85 87 138 139 163 167 
33 35 121 136 140 
2 3 8 44 55 89 141 145 
5 39 77 87 93 95 96 103 137 142 
22 57 70 71 76 100 130 143 192 
19 67 131 144 178 182 190 
44 55 89 118 141 145 
23 53 61 62 66 75 79 106 146 172 184 186 188 
30 69 86 97 133 147 149 158 179 199 
50 148 150 
30 34 86 133 147 149 179 198 199 
50 82 105 148 150 
37 42 111 151 
11 49 52 152 
10 72 80 126 128 153 160 180 
5 13 17 77 95 134 154 159 
45 155 181 
56 102 156 168 183 189 
4 132 157 
60 69 125 133 147 158 199 
5 13 17 77 95 134 154 159 
