200
160
32

0 36 169 
1 142 174 184 
2 63 116 197 
3 49 89 120 128 132 144 193 
4 26 41 42 56 81 83 108 135 139 147 188 
5 27 59 64 177 
6 35 65 104 109 110 
7 24 47 73 149 
8 18 48 62 71 72 92 96 168 
9 37 55 68 74 75 129 171 198 
10 16 34 38 66 134 155 189 
11 21 45 52 67 80 106 127 145 
12 141 146 163 190 
13 50 52 69 130 
14 20 31 55 74 75 129 
15 43 79 100 111 156 169 
10 16 28 34 66 109 134 162 167 
17 103 156 186 
8 18 95 96 189 192 
19 44 51 86 125 148 158 159 195 
14 20 31 55 74 75 129 198 
11 21 30 33 45 80 98 106 196 
22 29 53 97 123 
23 48 71 92 115 161 
7 24 47 73 149 
25 40 77 100 111 
4 26 32 41 56 83 101 108 126 135 139 143 147 188 
5 27 28 64 153 167 177 
16 27 28 109 153 162 167 
22 29 60 123 151 177 
21 30 33 98 131 196 
14 20 31 
26 32 88 101 108 126 143 
21 30 33 98 196 
10 16 34 38 66 134 189 
6 35 46 65 76 99 
0 36 169 
9 37 55 68 74 129 171 198 
10 34 38 66 133 134 189 
39 61 82 89 120 136 199 
25 40 56 81 139 154 
4 26 41 42 56 83 101 108 126 135 139 188 199 
4 41 42 56 83 122 135 139 
15 43 79 100 111 156 169 
19 44 125 148 195 
11 21 45 106 145 196 
35 46 49 65 85 104 112 
7 24 47 73 93 149 157 
8 23 48 71 92 115 161 168 
3 46 49 85 112 132 193 
13 50 57 69 130 137 
19 51 86 158 159 182 
11 13 52 67 69 127 
22 53 97 182 
54 118 142 175 186 
9 14 20 37 55 68 74 75 129 171 198 
4 26 40 41 42 56 81 83 122 135 139 
50 57 130 137 138 180 183 
58 61 180 
5 59 64 176 
29 60 123 151 177 
39 58 61 82 114 136 
8 62 72 96 115 150 168 173 
2 63 84 90 116 152 179 197 
5 27 59 64 167 
6 35 46 65 85 104 110 112 
10 16 34 38 66 155 167 
11 52 67 127 145 
9 37 55 68 74 129 171 198 
13 50 52 69 127 
70 80 88 131 138 
8 23 48 71 92 96 115 161 168 
8 62 72 96 146 150 168 173 
7 24 47 73 149 
9 14 20 37 55 68 74 75 129 171 198 
9 14 20 55 74 75 129 171 198 
35 76 99 133 
25 77 
78 107 118 174 175 
15 43 79 100 111 156 164 
11 21 70 80 131 138 196 
4 40 56 81 139 154 
39 61 82 136 199 
4 26 41 42 56 83 101 108 126 135 139 188 199 
63 84 90 116 152 160 165 179 
46 49 65 85 104 112 
19 51 86 125 148 159 195 
87 117 124 148 166 172 
32 70 88 101 108 126 143 185 
3 39 89 114 120 128 136 144 
63 84 90 152 174 179 187 197 
91 102 108 126 143 170 185 191 
8 23 48 71 92 115 161 
47 93 157 
94 107 113 178 194 
18 95 133 140 163 192 
8 18 62 71 72 96 168 173 
22 53 97 
21 30 33 98 131 196 
35 76 99 133 
15 25 43 79 100 111 156 169 
26 32 41 83 88 101 108 126 143 188 199 
91 102 108 126 143 147 170 185 188 
17 103 113 186 194 
6 46 65 85 104 110 112 
105 120 122 128 144 
11 21 45 106 145 196 
78 94 107 113 118 175 178 186 194 
4 26 32 41 83 88 91 101 102 108 126 143 147 170 188 
6 16 28 109 110 153 157 162 
6 65 104 109 110 157 
15 25 43 79 100 111 164 
46 49 65 85 104 112 
94 103 107 113 175 178 186 194 
61 89 114 120 136 
23 48 62 71 92 115 161 
2 63 84 116 117 166 
87 116 117 124 166 172 
54 78 107 118 142 174 175 
119 150 181 
3 39 89 105 114 120 128 136 144 193 
121 164 
42 56 105 122 
22 29 60 123 151 
87 117 124 125 148 166 172 195 
19 44 86 124 125 148 172 195 
26 32 41 83 88 91 101 102 108 126 143 147 170 188 
11 52 67 69 127 
3 89 105 120 128 132 144 193 
9 14 20 37 55 68 74 75 129 171 198 
13 50 57 130 137 138 183 
30 70 80 98 131 185 191 196 
3 49 128 132 193 
38 76 95 99 133 134 140 192 
10 16 34 38 133 134 189 
4 26 41 42 56 83 135 139 188 
39 61 82 89 114 120 136 199 
50 57 130 137 138 180 183 
57 70 80 130 137 138 183 
4 26 40 41 42 56 81 83 135 139 147 154 188 
95 133 140 192 
12 141 163 190 
1 54 118 142 174 184 
26 32 88 91 101 102 108 126 143 147 170 185 188 
3 89 105 120 128 144 
11 45 67 106 145 
12 72 146 150 173 
4 26 102 108 126 139 143 147 170 188 
19 44 86 87 124 125 148 172 195 
7 24 47 73 149 
62 72 119 146 150 173 
29 60 123 151 
63 84 90 152 165 179 
27 28 109 153 157 162 177 
40 81 139 154 
10 66 155 189 
15 17 43 79 100 156 169 
47 93 109 110 153 157 
19 51 158 
19 51 86 159 182 195 
