100
80
16

0 19 40 
1 7 14 51 67 86 
2 17 44 52 79 
3 24 74 76 
4 
5 18 82 
6 46 
1 7 30 44 51 86 
8 10 94 
9 29 39 58 61 
8 10 72 94 
11 32 37 68 
12 
13 61 
1 14 51 67 81 85 86 93 
15 80 89 
16 59 64 91 
2 17 52 79 
5 18 45 
0 19 26 40 41 73 
20 72 94 
21 78 88 99 
22 43 68 
23 
3 24 74 75 
25 61 92 
19 26 28 40 41 65 73 
27 32 37 95 
26 28 41 65 
9 29 58 61 
7 30 79 
31 36 49 70 
11 27 32 37 48 95 
33 
34 
35 
31 36 42 47 49 70 
11 27 32 37 48 95 
38 62 64 97 
9 39 61 92 
0 19 26 40 73 
19 26 28 41 73 
36 42 
22 43 
2 7 44 52 79 
18 45 57 
6 46 
36 47 70 83 
32 37 48 95 
31 36 49 70 
50 66 71 
1 7 14 51 67 86 
2 17 44 52 79 
53 84 
54 56 63 
55 68 93 
54 56 63 98 
45 57 
9 29 58 
16 59 64 
60 87 96 
9 13 25 29 39 61 
38 62 97 
54 56 63 98 
16 38 59 64 
26 28 65 90 
50 66 71 
1 14 51 67 81 85 86 
11 22 55 68 93 
69 80 
31 36 47 49 70 
50 66 71 
10 20 72 
19 26 40 41 73 
3 24 74 75 76 77 
24 74 75 
3 74 76 77 85 
74 76 77 
21 78 
2 17 30 44 52 79 
