100
80
16

0 5 16 27 45 48 52 57 63 76 86 87 88 89 92 95 
1 17 41 42 72 74 77 92 
2 22 71 73 78 87 91 
3 4 11 31 32 44 46 54 60 67 70 81 
3 4 10 11 30 31 32 44 46 50 54 60 61 67 70 81 
0 5 10 12 16 20 23 26 27 30 45 48 50 61 63 88 89 92 95 
6 28 36 38 58 80 
7 34 58 65 80 
8 15 35 47 51 53 55 82 84 
9 19 25 28 33 57 64 68 69 79 83 90 97 
4 5 10 12 20 30 31 44 46 50 61 70 95 
3 4 11 32 54 60 67 71 73 81 
5 10 12 16 20 23 26 30 50 61 95 
13 14 19 22 51 78 79 83 87 91 
13 14 22 56 59 84 91 
8 15 29 35 40 47 53 55 82 99 
0 5 12 16 20 26 27 45 48 61 63 76 86 88 89 92 95 
1 17 18 21 25 33 42 62 64 68 77 86 93 98 
17 18 21 24 43 62 66 72 75 85 93 94 96 98 
9 13 19 51 52 57 76 79 83 87 90 
5 10 12 16 20 23 26 30 61 89 95 
17 18 21 25 33 43 62 64 68 85 93 96 98 
2 13 14 22 78 87 91 
5 12 20 23 26 42 74 77 92 
18 24 41 49 66 72 75 
9 17 21 25 33 42 57 62 64 68 86 92 
5 12 16 20 23 26 45 48 61 88 89 92 95 
0 5 16 27 45 48 52 61 63 67 73 76 87 88 89 95 
6 9 28 33 37 38 69 93 97 
15 29 34 37 40 65 99 
4 5 10 12 20 30 31 44 46 50 61 70 95 
3 4 10 30 31 44 46 50 61 70 
3 4 11 32 44 50 54 60 67 71 73 81 
9 17 21 25 28 33 62 64 68 85 93 97 98 
7 29 34 37 58 65 80 
8 15 35 47 51 53 55 82 84 
6 36 38 80 85 93 94 
28 29 34 37 38 40 47 58 69 90 97 99 
6 28 36 37 38 58 80 85 93 97 
39 41 49 
15 29 37 40 47 53 55 69 90 99 
1 24 39 41 49 72 74 77 
1 17 23 25 42 45 48 62 64 68 77 86 89 92 
18 21 43 62 66 72 75 85 93 94 96 98 
3 4 10 30 31 32 44 46 50 54 60 61 70 
0 5 16 26 27 42 45 48 61 63 76 86 88 89 92 95 
3 4 10 30 31 44 46 50 54 70 
8 15 35 37 40 47 51 53 55 69 82 90 99 
0 5 16 26 27 42 45 48 61 63 76 86 88 89 92 95 
24 39 41 49 
4 5 10 12 30 31 32 44 46 50 54 61 70 95 
8 13 19 35 47 51 53 55 79 82 83 84 90 
0 19 27 52 57 63 64 76 79 83 86 87 
8 15 35 40 47 51 53 55 69 79 82 90 99 
3 4 11 32 44 46 50 54 60 67 70 81 
8 15 35 40 47 51 53 55 69 79 82 84 90 99 
14 56 59 
0 9 19 25 52 57 63 64 76 79 83 86 87 
6 7 34 37 38 58 65 80 
14 56 59 
3 4 11 32 44 54 60 67 70 71 73 81 
4 5 10 12 16 20 26 27 30 31 44 45 48 50 61 70 88 89 95 
17 18 21 25 33 42 43 62 64 68 85 93 96 98 
0 5 16 27 45 48 52 57 63 73 76 86 87 88 89 95 
9 17 21 25 33 42 52 57 62 64 68 86 
7 29 34 58 65 
18 24 43 66 72 75 85 93 94 96 98 
3 4 11 27 32 54 60 67 71 73 81 
9 17 21 25 33 42 62 64 68 86 93 98 
9 28 37 40 47 53 55 69 79 90 97 
3 4 10 30 31 44 46 50 54 60 61 70 
2 11 32 60 67 71 73 81 
1 18 24 41 43 66 72 75 96 
2 11 27 32 60 63 67 71 73 78 81 87 
1 23 41 74 77 
18 24 43 66 72 75 85 93 94 96 98 
0 16 19 27 45 48 52 57 63 76 86 87 88 89 
1 17 23 41 42 74 77 92 
2 13 22 73 78 87 91 
9 13 19 51 52 53 55 57 69 79 83 90 
