100
50
10

0 2 11 19 22 34 49 57 77 82 83 
1 2 9 20 49 53 54 68 89 98 
0 1 2 11 22 23 32 34 37 46 49 51 57 77 82 83 86 
3 7 15 33 47 58 65 67 91 96 99 
4 15 39 40 42 44 76 87 97 
5 7 12 17 26 30 47 67 69 74 81 96 
6 21 41 44 45 52 55 60 73 76 
3 5 7 26 28 30 33 47 65 67 81 85 96 99 
8 23 30 32 48 61 62 67 75 92 94 
1 9 20 53 54 68 78 89 98 
10 13 31 48 56 61 63 90 92 
0 2 11 19 22 34 35 37 46 49 50 51 57 77 82 83 86 
5 12 17 26 30 59 67 69 74 80 81 92 95 
10 13 31 48 56 61 63 90 92 
14 20 31 43 54 63 
3 4 15 21 33 39 40 41 42 44 45 52 55 60 65 76 87 91 
16 79 97 
5 12 17 26 59 69 74 80 81 90 92 
18 21 24 25 27 36 38 45 55 60 64 72 73 
0 11 19 22 34 49 57 77 82 83 
1 9 14 20 53 54 68 78 89 98 
6 15 18 21 38 41 45 55 58 60 65 76 91 
0 2 11 19 22 34 35 46 49 50 51 57 66 77 82 83 84 86 
2 8 23 32 37 43 48 49 51 57 61 86 94 
18 24 25 27 36 38 64 72 73 
18 24 25 27 35 36 38 50 64 66 72 84 
5 7 12 17 26 30 59 62 67 69 74 81 92 
18 24 25 27 35 36 38 50 64 66 84 
7 28 33 42 71 79 85 97 
29 59 70 80 88 93 
5 7 8 12 26 30 47 62 67 69 75 81 90 92 96 99 
10 13 14 31 43 48 63 
2 8 23 32 37 43 48 49 61 86 94 
3 7 15 28 33 42 47 65 91 96 99 
0 2 11 19 22 34 35 46 49 50 51 57 66 77 82 83 84 86 
11 22 25 27 34 35 37 46 50 51 57 66 77 83 84 86 
18 24 25 27 36 38 64 66 72 73 
2 11 23 32 35 37 46 49 51 57 77 83 86 94 
18 21 24 25 27 36 38 60 64 72 73 
4 15 39 40 42 44 76 87 97 
4 15 39 40 41 42 44 45 52 55 76 87 
6 15 21 40 41 44 45 52 55 60 76 
4 15 28 33 39 40 42 44 79 87 91 97 
14 23 31 32 43 48 54 61 63 68 98 
4 6 15 39 40 41 42 44 45 52 55 60 76 87 
6 15 18 21 40 41 44 45 52 55 60 76 91 
2 11 22 34 35 37 46 49 50 51 57 77 82 83 86 
3 5 7 30 33 47 58 65 67 75 91 96 99 
8 10 13 23 31 32 43 48 61 62 63 
0 1 2 11 19 22 23 32 34 37 46 49 51 57 68 77 82 83 86 
