200
160
16

0 8 60 74 129 132 158 167 190 
1 3 6 9 18 49 57 62 68 73 77 80 92 93 95 102 104 116 122 123 124 126 128 138 142 146 156 166 169 174 175 176 189 199 
2 4 5 36 38 58 64 67 75 82 99 100 106 108 111 115 118 121 127 130 131 137 139 141 143 147 162 163 168 171 185 186 193 
1 3 6 9 18 57 62 68 73 77 80 92 93 102 104 122 124 126 128 138 156 169 174 175 176 187 199 
2 4 5 7 10 24 36 38 67 79 82 91 99 108 111 112 115 147 155 160 163 168 183 
2 4 5 10 36 38 58 67 75 82 99 100 106 108 111 112 115 118 121 139 143 147 155 160 162 163 168 185 193 
1 3 6 11 17 48 50 55 69 73 80 81 83 92 124 128 146 151 166 169 170 174 177 187 189 
4 7 10 24 48 50 56 67 73 79 91 93 96 112 122 124 135 142 146 160 166 168 174 189 
0 8 12 13 23 35 43 60 68 77 90 94 104 126 132 153 156 158 167 175 176 187 190 
1 3 9 14 18 27 46 49 57 62 68 77 93 94 95 102 104 116 122 123 124 138 140 142 175 176 178 180 188 199 
4 5 7 10 24 36 38 56 67 78 79 88 91 96 108 112 115 133 135 147 155 160 165 166 168 183 189 
6 11 17 19 48 50 55 69 73 80 81 83 92 124 128 135 146 151 166 169 170 174 177 182 189 
8 12 13 14 21 23 35 43 44 47 68 87 90 94 104 117 126 132 153 156 167 175 176 178 194 
8 12 13 43 44 47 87 90 117 132 153 167 194 
9 12 14 18 21 23 27 43 49 57 62 68 77 87 94 102 104 116 117 123 126 140 156 175 176 178 199 
15 20 31 41 45 52 53 61 89 97 98 101 110 113 119 120 148 149 150 164 172 184 191 196 
16 28 31 33 41 53 60 61 74 89 107 110 129 158 172 184 190 198 
6 11 17 19 28 55 69 80 83 92 110 128 129 151 154 158 170 177 187 198 
1 3 9 14 18 27 46 49 57 62 68 73 77 93 95 102 104 116 122 123 124 126 128 138 140 142 156 169 175 176 178 180 199 
11 17 19 20 25 29 45 55 69 71 81 83 97 114 119 120 150 151 154 159 161 170 177 179 182 197 
15 19 20 25 29 45 52 71 86 97 98 113 114 119 120 150 159 161 164 179 181 196 197 
12 14 21 23 27 43 44 47 49 87 94 104 116 117 123 140 176 178 
22 26 30 32 37 40 42 51 59 63 65 66 78 84 85 125 133 136 144 145 152 157 165 173 195 
8 12 14 21 23 27 35 43 44 47 49 68 77 87 90 94 104 116 117 123 126 132 140 156 175 176 178 
4 7 10 24 30 36 38 56 59 67 78 79 88 91 96 103 105 108 112 115 133 147 155 160 165 168 183 
19 20 25 29 45 52 54 71 86 97 114 119 120 150 159 161 179 181 182 197 
22 26 39 42 51 63 65 70 72 85 144 145 157 173 195 
9 14 18 21 23 27 34 43 46 49 57 62 94 95 102 104 116 123 138 140 175 176 178 180 188 199 
16 17 28 31 33 41 60 61 74 89 107 110 129 158 172 184 187 190 198 
19 20 25 29 45 52 54 71 86 97 114 119 120 150 159 161 164 179 181 196 197 
22 24 30 32 40 56 59 66 78 79 84 88 96 103 105 125 133 152 155 165 183 
15 16 28 31 33 41 53 61 89 98 101 107 110 113 119 148 149 164 172 184 191 196 198 
22 30 32 37 40 42 51 56 59 63 65 66 78 84 85 88 96 125 133 136 144 152 157 165 192 
16 28 31 33 41 53 60 61 74 89 107 110 129 172 184 190 198 
27 34 46 49 76 95 109 116 123 140 180 188 
8 12 23 35 43 60 68 77 90 94 104 126 132 156 158 167 175 176 187 190 
2 4 5 10 24 36 38 67 82 99 108 111 112 115 139 143 147 155 160 162 163 168 183 
22 32 37 54 56 59 63 65 66 72 81 84 85 96 125 144 145 152 157 165 192 
2 4 5 10 24 36 38 67 82 99 106 108 111 112 115 139 143 147 155 160 162 163 168 183 185 
26 39 54 70 72 86 144 145 157 173 192 
22 30 32 40 56 59 63 65 66 78 84 85 88 96 103 105 125 133 136 152 165 
15 16 28 31 33 41 53 61 89 98 101 107 110 148 149 172 184 191 196 198 
22 26 32 42 51 63 65 66 85 125 136 145 157 173 195 
8 12 13 14 21 23 27 35 43 44 47 87 90 94 104 116 117 123 126 132 153 156 175 176 178 194 
12 13 21 23 43 44 47 87 117 153 194 
15 19 20 25 29 45 52 55 69 71 83 89 97 114 119 120 150 151 154 159 161 179 181 182 184 196 197 
9 18 27 34 46 49 57 62 95 102 109 116 123 137 138 140 142 171 178 180 188 193 199 
12 13 21 23 43 44 47 87 117 153 194 
6 7 11 48 50 56 73 79 80 81 83 84 91 92 96 124 128 135 146 166 169 174 177 189 
1 9 14 18 21 23 27 34 46 49 57 62 77 94 95 102 104 116 123 138 140 175 176 178 180 188 199 
6 7 11 48 50 56 73 79 80 81 83 84 91 96 124 128 135 146 166 169 174 177 189 
22 26 32 42 51 63 65 66 85 125 136 145 157 173 195 
15 20 25 29 45 52 71 86 97 98 113 114 119 120 150 159 161 164 179 181 196 
15 16 31 33 41 53 61 89 98 101 107 110 113 119 148 149 164 172 184 191 196 198 
25 29 37 39 54 70 71 72 86 114 144 145 159 161 179 182 192 197 
6 11 17 19 45 55 69 71 80 81 83 92 97 151 154 159 170 174 177 182 197 
7 10 24 30 32 37 40 48 50 56 59 78 79 84 88 91 96 103 105 125 133 135 152 155 160 165 183 
1 3 9 14 18 27 46 49 57 62 68 73 77 93 95 102 104 116 122 123 124 128 138 140 142 156 169 175 176 178 180 199 
2 5 58 64 75 76 100 106 118 121 127 130 131 134 137 139 141 143 162 171 185 186 
22 24 30 32 37 40 56 59 63 65 66 78 79 84 85 88 91 96 103 105 125 133 152 165 
0 8 16 28 33 35 60 74 129 132 158 167 187 190 
15 16 28 31 33 41 53 61 74 89 107 110 129 148 172 184 198 
1 3 9 14 18 27 46 49 57 62 68 77 93 94 95 102 104 116 122 123 124 138 140 142 175 176 178 180 188 199 
22 26 32 37 40 42 51 59 63 65 66 72 84 85 125 136 144 145 152 157 165 173 195 
2 58 64 75 76 100 106 118 121 127 130 131 134 139 141 143 162 171 185 186 
22 26 32 37 40 42 51 59 63 65 66 72 84 85 96 125 136 144 145 152 157 165 173 192 
22 30 32 37 40 42 51 59 63 65 66 78 84 85 88 103 105 125 133 136 152 157 165 
2 4 5 7 10 24 36 38 67 79 82 91 99 108 111 112 115 118 139 143 147 155 160 163 168 183 185 193 
1 3 8 9 12 14 18 23 35 57 62 68 77 94 102 104 116 123 126 128 132 156 175 176 178 187 199 
6 11 17 19 45 55 69 71 80 81 83 92 97 128 151 154 159 169 170 174 177 182 197 198 
26 39 54 70 72 86 144 145 157 161 173 192 
19 20 25 29 45 52 54 55 69 71 81 83 97 114 119 120 150 151 154 159 161 170 179 181 182 197 
26 37 39 54 63 65 70 72 85 86 144 145 157 173 192 
1 3 6 7 11 18 48 50 57 73 80 91 92 93 112 122 124 128 135 142 146 166 169 174 177 189 199 
0 16 28 33 60 61 74 129 158 172 190 
2 5 58 64 75 82 100 106 111 121 127 131 139 141 143 162 163 185 186 
34 58 64 76 100 106 109 118 121 127 130 131 134 137 141 171 180 185 186 193 
1 3 8 9 14 18 23 35 49 57 62 68 77 94 102 104 116 123 126 128 132 138 156 169 175 176 178 187 199 
10 22 24 30 32 40 56 59 66 78 79 84 88 96 103 105 125 133 152 155 160 165 183 
4 7 10 24 30 48 50 56 59 67 78 79 84 88 91 96 108 112 133 135 155 160 165 166 183 189 
1 3 6 11 17 48 50 55 69 73 80 81 83 92 93 122 124 128 135 146 151 166 169 170 174 177 189 199 
6 11 19 37 48 50 55 69 71 80 81 83 92 146 151 159 170 174 177 182 192 197 
2 4 5 36 38 67 75 82 99 106 108 111 115 121 139 143 147 162 163 168 185 
6 11 17 19 45 48 50 55 69 71 80 81 83 92 128 146 151 154 159 169 170 174 177 182 197 
22 30 32 37 40 48 50 56 59 63 65 66 78 79 84 85 88 91 96 125 133 144 152 165 192 
22 26 32 37 40 42 51 59 63 65 66 72 84 85 96 125 136 144 145 152 157 165 173 192 
20 25 29 39 52 54 70 72 86 114 120 144 150 159 161 179 181 192 197 
12 13 14 21 23 43 44 47 87 94 117 153 178 194 
10 24 30 32 40 56 59 66 78 79 84 88 91 96 103 105 108 125 133 152 155 160 165 183 
15 16 28 31 33 41 45 53 61 89 97 98 107 110 113 119 148 154 164 172 184 191 196 198 
8 12 13 23 35 43 90 117 132 153 167 194 
4 7 10 24 48 50 56 59 67 73 79 84 88 91 96 108 112 122 124 133 135 146 155 160 165 166 168 183 189 
1 3 6 11 17 48 55 69 73 80 81 83 92 124 128 146 151 154 166 169 170 174 177 187 189 
1 3 7 9 18 57 62 73 80 93 95 102 112 122 124 128 135 138 142 146 166 169 174 180 189 193 199 
8 9 12 14 21 23 27 35 43 49 62 68 77 87 94 102 104 116 117 123 126 140 156 175 176 178 
1 9 18 27 34 46 49 57 62 93 95 102 109 116 118 122 123 137 138 140 142 171 180 188 193 199 
7 10 24 30 32 37 40 48 50 56 59 65 78 79 84 85 88 91 96 125 133 135 152 165 
15 19 20 25 29 45 52 55 69 71 89 97 114 119 120 150 151 154 159 161 179 181 182 184 196 197 
15 20 31 41 52 53 89 98 101 113 119 120 148 149 164 184 191 196 
2 4 5 36 38 67 82 99 108 111 115 139 147 155 160 162 163 183 
2 5 58 64 75 76 100 106 109 118 121 127 130 131 134 137 141 143 168 171 180 185 186 193 
15 31 41 53 98 101 113 148 149 164 191 196 
1 3 9 14 18 27 46 49 57 62 68 77 93 94 95 102 104 116 122 123 124 126 128 138 140 142 156 169 175 176 178 199 
24 30 40 56 59 66 78 88 103 105 125 133 155 165 183 
1 3 8 9 12 14 18 21 23 27 35 43 49 57 62 68 77 94 102 104 116 123 126 132 138 140 156 175 176 178 199 
24 30 40 56 59 66 78 88 103 105 125 133 136 165 183 
2 5 38 58 64 75 76 82 100 106 111 115 118 121 127 130 131 134 137 139 141 143 147 162 163 168 171 185 186 193 
16 28 31 33 41 53 61 89 107 110 148 149 172 184 191 
2 4 5 10 24 36 38 67 79 82 88 91 99 108 111 112 115 147 155 160 163 168 183 
34 46 76 95 100 109 130 134 137 171 180 186 188 
15 16 17 28 31 33 41 53 61 89 107 110 119 129 148 154 172 184 196 198 
2 4 5 36 38 67 75 82 99 106 108 111 115 121 139 143 147 155 160 162 163 168 185 
4 5 7 10 24 36 38 67 73 79 91 93 108 112 115 118 122 124 135 142 147 155 160 166 168 189 193 
15 20 31 52 53 89 98 101 113 119 120 148 149 150 164 184 191 196 
19 20 25 29 45 52 54 71 86 97 114 119 120 150 159 161 179 181 182 196 197 
2 4 5 10 24 36 38 67 82 99 106 108 111 112 115 118 121 139 143 147 155 160 162 163 168 183 185 193 
1 9 14 18 21 23 27 34 43 46 49 57 62 68 77 94 95 102 104 116 123 126 138 140 156 175 176 178 180 188 199 
12 13 14 21 23 43 44 47 87 90 94 117 153 178 194 
2 5 58 64 67 76 95 100 106 112 115 118 121 130 131 134 137 141 142 143 147 168 171 180 185 186 193 
15 19 20 25 29 31 45 52 53 71 89 97 98 110 113 114 119 120 148 150 154 159 161 164 179 181 184 196 197 
15 19 20 25 29 45 52 71 86 97 98 113 114 119 120 150 159 161 164 179 181 196 197 
2 5 58 64 75 76 82 100 106 111 115 118 121 127 130 131 134 137 139 141 143 147 162 163 171 185 186 
1 3 7 9 18 57 62 73 80 91 93 95 102 112 122 124 128 135 138 142 146 166 169 174 180 189 193 199 
1 9 14 18 21 23 27 34 43 46 49 57 62 68 77 94 95 102 104 116 123 126 138 140 156 175 176 178 180 188 199 
1 3 6 7 9 11 18 48 50 57 62 73 80 91 92 93 102 112 122 124 128 135 138 142 146 166 169 174 177 189 199 
22 30 32 37 40 42 51 56 59 63 65 66 78 84 85 88 96 103 105 125 133 136 152 157 165 
1 3 8 12 14 18 23 35 43 68 77 94 102 104 116 123 126 132 156 167 175 176 178 187 199 
2 58 64 75 76 100 106 121 127 130 131 134 139 141 143 162 185 186 
1 3 6 11 17 18 48 50 57 68 69 73 77 80 83 92 93 102 122 124 128 135 146 151 166 169 170 174 177 187 189 199 
0 16 17 28 33 60 61 74 110 129 158 172 187 190 198 
2 58 64 76 100 106 109 118 121 127 130 131 134 137 141 143 171 185 186 193 
2 58 64 75 76 100 106 118 121 127 130 131 134 137 139 141 143 171 185 186 193 
0 8 12 13 23 35 43 60 68 77 90 104 126 132 153 156 158 167 175 187 190 
10 22 24 30 32 40 56 59 66 78 79 84 88 91 96 103 105 125 133 152 155 160 165 183 
58 64 76 100 106 109 118 121 127 130 131 134 137 141 143 171 185 186 
7 10 11 48 50 56 73 79 80 91 93 96 112 122 124 128 135 142 146 166 169 174 177 189 
22 32 40 42 51 63 65 66 85 105 125 136 157 195 
2 46 58 76 95 100 106 109 118 121 130 131 134 137 138 142 143 168 171 180 185 186 188 193 
1 3 9 18 27 46 49 57 62 77 93 95 102 104 116 122 123 124 137 138 140 142 176 178 180 188 193 199 
2 5 36 38 58 64 67 75 82 99 106 111 115 121 127 131 139 141 143 147 162 163 185 
9 14 18 21 23 27 34 46 49 57 62 94 95 102 104 116 123 138 140 176 178 180 188 199 
2 58 64 75 76 100 106 118 121 127 130 131 134 139 141 143 171 185 186 
1 7 9 18 46 57 62 73 93 95 102 112 118 122 124 135 137 138 142 166 168 180 189 193 199 
2 5 36 38 58 64 67 75 82 100 106 111 115 118 121 127 130 131 134 137 139 141 143 147 162 163 168 171 185 186 193 
22 26 32 37 39 54 63 65 70 72 84 85 86 144 145 152 157 173 182 192 197 
22 26 37 39 42 51 54 63 65 70 72 85 144 145 157 173 192 195 
1 6 7 11 48 50 73 80 81 83 91 92 93 122 124 128 135 146 166 169 174 177 189 
2 4 5 10 24 36 38 67 82 99 106 108 111 112 115 118 121 139 143 147 155 160 162 163 168 183 185 193 
15 31 41 53 61 89 98 101 107 110 113 119 148 149 164 172 184 191 196 
15 31 41 53 98 101 107 113 148 149 164 191 
15 19 20 25 29 45 52 71 86 97 113 114 119 120 150 159 161 164 179 181 196 197 
6 11 17 19 45 55 69 71 80 81 83 92 97 128 151 154 159 169 170 174 177 182 197 198 
22 30 32 37 40 56 59 63 65 66 78 84 85 88 96 125 133 144 152 157 165 192 
8 12 13 43 44 47 87 90 117 132 153 167 194 
17 19 45 55 69 71 83 89 92 97 110 119 151 154 159 170 182 184 197 198 
4 5 10 24 30 36 38 56 67 78 79 88 91 99 103 108 111 112 115 133 147 155 160 165 168 183 
1 3 8 12 14 18 23 35 43 57 68 77 94 102 104 116 123 126 132 156 167 175 176 178 187 199 
22 26 32 37 39 42 51 63 65 66 70 72 85 125 136 144 145 152 157 173 192 195 
0 8 16 17 28 35 60 74 129 132 158 167 187 190 198 
19 20 25 29 45 52 54 55 69 71 81 83 86 97 114 119 120 150 151 154 159 161 179 181 182 196 197 
