200
160
32

0 8 20 26 28 33 35 48 61 70 89 92 97 121 141 151 170 187 190 
1 45 51 63 64 90 116 144 152 197 
2 6 9 55 78 82 129 134 136 160 168 186 195 
3 9 19 30 36 41 63 73 77 78 90 104 107 111 126 134 136 169 181 185 194 
4 5 27 29 40 65 67 87 88 115 118 122 124 133 153 155 162 176 180 
4 5 18 27 29 40 65 67 71 87 88 100 112 115 117 118 122 128 131 133 153 155 156 162 164 176 180 191 
2 6 9 55 81 82 129 134 136 160 168 186 195 
7 10 11 12 16 21 24 37 38 58 60 62 66 68 76 91 95 98 109 119 130 137 138 148 150 158 172 173 174 177 178 192 
0 8 20 35 48 53 70 84 89 92 97 103 106 114 121 167 170 187 190 193 
2 3 6 9 30 41 55 78 82 107 126 129 134 136 160 168 185 186 194 195 
7 10 16 35 58 60 61 62 68 76 80 89 91 92 94 95 98 99 127 130 137 138 146 148 167 173 174 178 192 193 
7 11 21 24 36 37 38 66 76 77 109 111 120 125 138 145 148 149 150 177 
7 12 21 23 53 62 98 109 119 148 157 158 172 174 183 192 
13 14 17 22 25 32 43 52 59 71 87 93 113 124 128 147 154 163 165 171 175 188 189 198 
13 14 22 25 52 59 93 124 147 163 165 171 175 188 189 
15 18 44 47 49 72 74 79 80 96 99 100 105 112 115 131 139 142 143 156 161 166 191 196 
7 10 16 35 58 60 61 62 68 76 80 89 91 92 94 95 98 99 127 130 137 138 146 148 167 173 174 178 192 193 
13 17 22 32 43 52 59 93 113 147 154 163 165 171 184 198 
5 15 18 27 29 40 44 67 69 71 79 87 88 96 100 105 112 115 118 122 128 131 133 139 142 156 162 164 166 176 191 
3 19 30 37 49 58 60 66 74 76 77 91 99 104 107 108 111 125 132 138 146 169 173 177 181 182 194 
0 8 20 35 48 53 70 84 92 97 103 106 114 119 121 183 187 190 193 
7 11 12 21 24 37 38 62 76 109 120 145 148 149 150 158 172 177 192 
13 14 17 22 25 52 59 93 113 124 147 163 165 171 175 189 
12 23 53 84 98 103 106 114 119 157 158 172 183 190 192 
7 11 21 24 36 37 38 60 66 76 77 95 109 111 120 125 138 145 148 149 150 173 177 
13 14 22 25 52 59 87 93 113 124 128 147 163 165 171 175 188 189 198 
0 26 28 33 34 83 85 86 141 151 179 
4 5 18 27 29 40 71 87 88 100 112 115 122 124 128 131 133 153 156 162 164 175 176 188 189 
0 26 28 33 83 85 141 151 179 187 
4 5 18 27 29 40 65 67 71 87 88 100 105 112 115 117 118 122 128 131 133 153 155 156 162 164 166 176 180 191 
3 9 19 30 36 41 45 63 73 77 78 90 104 107 111 116 134 136 169 181 185 194 197 
31 39 42 56 83 85 
13 17 32 43 46 52 69 71 81 101 102 110 113 123 140 147 154 159 184 188 198 199 
0 26 28 33 34 54 70 80 86 89 121 141 143 151 170 179 187 
26 33 34 39 54 67 85 86 135 141 143 151 161 166 180 191 
0 8 10 16 20 35 48 53 61 70 84 89 92 97 98 103 106 114 119 121 127 130 167 178 183 187 190 193 
3 11 24 30 36 37 38 66 73 75 77 111 120 125 145 149 150 169 177 197 
7 11 19 21 24 36 37 38 58 60 62 66 68 76 77 91 95 109 111 125 132 137 138 145 148 149 150 173 174 177 
7 11 21 24 36 37 38 66 76 77 109 111 120 125 138 145 149 150 177 
31 34 39 42 50 56 65 85 117 118 135 155 180 
4 5 18 27 29 40 71 87 88 100 115 122 124 128 133 153 156 162 164 175 176 188 189 
3 9 30 41 45 63 77 78 90 104 107 111 116 126 134 136 169 181 185 194 197 
31 39 42 50 56 65 85 117 118 155 180 
13 17 32 43 46 52 59 81 113 123 147 154 163 165 171 175 184 188 198 
15 18 44 46 47 49 57 69 71 72 79 96 100 101 102 105 108 110 112 115 131 139 140 142 156 164 182 191 199 
1 30 41 45 51 63 64 73 75 78 90 116 144 152 185 197 
32 43 44 46 55 57 69 81 100 101 102 110 113 123 140 154 159 168 184 186 198 199 
15 44 47 49 57 72 74 79 96 99 102 104 105 108 110 132 139 142 146 181 182 196 199 
0 8 20 35 48 53 70 84 92 97 103 106 114 119 121 167 183 187 190 193 
15 19 44 47 49 57 74 79 99 101 102 104 107 108 110 126 132 139 140 181 182 194 199 
39 42 50 56 65 67 117 118 122 155 180 
1 45 51 63 64 78 90 116 144 152 197 
13 14 17 22 25 32 43 52 59 69 71 87 93 113 124 128 147 154 163 164 165 171 175 188 189 198 
8 12 20 23 35 48 53 84 98 103 106 114 119 157 158 183 190 192 
33 34 54 61 70 72 80 86 89 96 105 121 135 143 151 161 166 170 191 196 
2 6 9 46 55 81 82 101 123 129 136 159 160 168 184 186 
31 39 42 50 56 65 85 117 118 155 180 
44 46 47 49 57 69 101 102 104 107 108 110 123 126 139 140 159 168 181 182 186 194 199 
7 10 16 19 37 58 60 62 66 68 74 76 91 94 95 99 109 125 127 130 132 137 138 146 148 167 173 174 177 178 
13 14 17 22 25 43 52 59 93 113 124 128 147 163 165 171 175 188 189 198 
7 10 16 19 24 37 58 60 62 66 68 74 76 91 94 95 99 109 125 127 130 132 137 138 146 148 173 174 177 178 192 
0 10 16 35 54 61 68 70 80 89 92 94 121 127 130 143 146 161 167 170 178 193 196 
7 10 12 16 21 37 58 60 62 68 76 91 94 95 98 109 119 127 130 137 138 148 172 173 174 177 178 192 193 
1 3 30 41 45 51 63 64 73 78 90 116 144 152 185 197 
1 45 51 63 64 73 75 78 90 116 144 152 197 
4 5 29 39 42 50 56 65 67 88 117 118 122 133 155 162 176 180 
7 11 19 24 36 37 38 58 60 66 68 76 77 91 95 104 109 111 125 132 138 145 148 149 150 169 173 177 
4 5 18 29 34 50 65 67 88 96 105 112 115 117 118 122 131 133 135 142 155 156 162 166 176 180 191 
7 10 16 37 58 60 61 62 66 68 74 76 91 94 95 99 109 127 130 132 137 138 146 148 167 173 174 177 178 193 
18 32 44 46 52 57 69 71 87 100 101 102 110 112 113 123 128 139 140 142 147 154 156 159 164 188 198 199 
0 8 20 33 35 48 54 61 70 80 86 89 92 97 121 127 141 143 151 161 167 170 178 187 193 
5 13 18 27 29 32 40 44 52 69 71 87 88 100 112 113 115 124 128 131 133 142 147 153 156 162 164 175 176 188 189 198 
15 44 47 54 72 74 79 80 96 99 105 112 131 139 142 143 146 161 166 191 196 
3 30 36 45 63 64 73 75 77 90 111 120 145 197 
15 19 47 49 58 60 68 72 74 79 80 91 94 96 99 104 108 132 139 143 146 161 173 182 196 
36 45 64 73 75 77 111 120 145 197 
7 10 11 16 19 21 24 37 38 58 60 62 66 68 76 77 91 94 95 109 125 130 132 137 138 145 146 148 149 150 173 174 177 192 
3 11 19 24 30 36 37 38 41 66 73 75 76 77 91 104 107 111 120 125 138 145 169 177 181 
2 3 9 30 41 45 51 63 64 78 90 116 134 136 144 152 185 194 195 197 
15 18 44 47 49 72 74 79 96 99 100 105 108 112 131 139 142 156 161 166 191 196 
10 15 16 33 54 61 70 72 74 80 86 89 92 94 96 99 121 127 143 146 151 161 166 167 170 178 193 196 
6 32 43 46 55 81 82 101 123 129 140 154 159 168 184 186 198 
2 6 9 55 81 82 129 136 160 168 186 195 
26 28 31 83 85 141 179 
8 20 23 35 48 53 84 92 97 98 103 106 114 119 183 190 193 
26 28 31 34 39 42 56 83 85 86 117 135 141 151 179 
26 33 34 54 70 80 85 86 89 121 135 141 143 151 161 166 170 179 
4 5 13 18 25 27 29 40 52 69 71 87 88 100 112 115 124 128 133 147 153 156 162 164 175 176 188 189 
4 5 18 27 29 40 65 67 71 87 88 100 105 112 115 118 122 128 131 133 142 153 155 156 162 164 166 176 180 191 
0 8 10 16 33 35 54 61 70 80 86 89 92 94 97 121 127 130 143 151 161 167 170 178 187 193 196 
1 3 30 41 45 51 63 64 73 78 90 116 144 152 185 197 
7 10 16 19 37 58 60 62 66 68 74 76 77 91 94 95 99 104 109 125 130 132 137 138 146 148 173 177 181 
0 8 10 16 20 35 48 61 70 80 84 89 92 94 97 98 103 114 119 121 127 130 167 170 178 187 190 193 
13 14 17 22 25 52 59 93 113 124 147 163 165 171 175 188 189 
10 16 58 60 61 62 68 74 76 80 89 91 92 94 95 99 127 130 132 137 138 143 146 148 167 173 174 178 193 196 
7 10 16 24 37 58 60 62 66 68 76 91 94 95 98 109 125 127 130 137 138 146 148 167 173 174 177 178 192 193 
15 18 44 47 54 67 72 74 79 80 96 105 112 115 131 135 139 142 143 156 161 166 176 191 196 
0 8 20 35 48 70 84 89 92 97 103 106 114 121 170 187 190 193 
7 10 12 16 23 35 53 62 84 92 95 98 103 106 109 114 119 130 137 148 158 172 174 178 183 190 192 193 
10 15 16 19 47 49 58 60 68 72 74 79 80 91 94 99 108 127 132 138 143 146 161 173 196 
5 15 18 27 29 40 44 46 69 71 79 87 88 100 102 105 112 115 128 131 133 139 140 142 156 162 164 176 188 
32 44 46 49 55 57 69 81 101 102 107 108 110 123 126 134 136 140 159 168 182 186 194 199 
32 44 46 47 49 57 69 100 101 102 108 110 123 126 139 140 159 168 182 199 
8 20 23 35 48 53 84 92 97 98 103 106 114 119 130 167 174 178 183 190 192 193 
3 19 30 41 47 49 57 66 74 77 91 104 107 108 111 125 126 132 134 169 181 182 194 
15 18 29 44 47 54 67 72 79 88 96 100 105 112 115 131 135 139 142 143 156 161 162 166 176 191 196 
8 20 23 35 48 53 84 97 98 103 106 114 119 157 183 190 
3 9 19 30 41 49 57 77 101 104 107 108 126 134 136 169 181 182 185 194 199 
19 44 47 49 57 74 79 99 101 102 104 107 108 110 126 132 169 181 182 194 199 
7 11 12 21 24 37 38 58 60 62 66 68 76 91 95 98 109 125 130 137 138 148 149 150 158 172 173 174 177 192 
32 44 46 47 49 57 69 101 102 108 110 123 126 140 159 168 182 186 194 199 
3 11 19 24 30 36 37 38 41 66 73 75 77 104 111 120 125 138 145 149 169 177 181 
5 15 18 27 29 44 67 69 71 72 79 87 88 96 100 105 112 115 128 131 133 139 142 156 162 164 166 176 191 
13 17 22 25 32 43 46 52 59 69 71 93 113 123 128 147 154 163 165 175 184 188 198 
8 20 23 35 48 53 84 92 97 98 103 106 114 119 183 190 
4 5 15 18 27 29 40 44 67 71 87 88 96 100 105 112 115 118 122 128 131 133 135 139 142 155 156 162 164 166 176 180 191 
1 30 41 45 51 63 64 78 90 116 144 152 185 195 197 
5 29 39 42 50 56 65 67 85 117 118 122 135 155 180 
4 5 18 29 39 42 50 56 65 67 88 115 117 118 122 131 133 135 155 162 176 180 
7 12 20 23 35 48 53 62 84 92 98 103 106 114 119 130 137 148 157 158 172 174 178 183 190 192 193 
11 21 24 36 38 73 75 77 111 120 125 145 149 150 177 
0 8 20 33 35 48 54 61 70 80 86 89 92 97 121 127 141 143 151 167 170 178 187 190 193 
4 5 18 27 29 40 50 65 67 88 115 117 118 122 133 153 155 162 176 180 
32 43 46 55 57 69 81 101 102 110 113 123 140 154 159 168 184 186 198 199 
4 13 14 22 25 27 40 52 59 71 87 93 124 128 147 153 163 175 188 189 
11 19 24 36 37 38 58 60 66 76 77 91 95 104 109 111 120 125 132 138 145 149 150 169 173 177 
3 9 41 49 57 101 102 104 107 108 110 126 134 136 140 159 160 168 181 182 186 194 199 
10 16 35 58 60 61 62 68 70 80 89 92 94 95 99 121 127 130 137 143 146 161 167 170 173 174 178 193 196 
5 13 18 25 27 29 40 52 59 69 71 87 88 100 112 113 115 124 128 133 147 153 156 162 164 175 176 188 189 198 
2 6 9 55 81 82 129 136 160 168 186 195 
7 10 16 35 58 60 61 62 68 76 89 91 92 94 95 98 103 109 119 127 130 137 138 146 148 167 173 174 178 192 193 
5 15 18 27 29 44 67 71 72 79 88 96 100 105 112 115 118 131 133 135 139 142 156 162 164 166 176 191 196 
19 37 47 49 58 60 66 68 74 76 91 94 99 104 108 125 132 138 146 169 173 177 181 182 
4 5 18 27 29 40 65 67 71 87 88 100 112 115 118 122 128 131 133 153 155 156 162 164 176 180 
2 3 6 9 30 41 78 101 104 107 126 134 136 160 168 169 181 182 185 186 194 195 199 
34 39 54 67 85 86 96 105 115 117 118 131 135 143 151 161 166 180 191 
2 3 6 9 30 41 55 78 82 101 107 126 129 134 136 160 168 185 186 194 195 199 
7 10 16 37 58 60 62 68 76 91 94 95 98 109 119 127 130 137 138 146 148 167 172 173 174 177 178 192 193 
7 10 11 16 19 24 37 38 58 60 62 66 68 76 77 91 94 95 99 109 111 125 130 132 137 138 145 146 148 173 174 177 
15 18 44 47 49 57 69 72 74 79 96 100 102 105 112 115 131 139 142 156 164 166 176 191 196 
32 44 46 49 57 69 81 100 101 102 110 123 126 140 154 159 168 182 186 198 199 
0 26 28 33 34 70 83 85 86 121 141 151 170 179 187 
15 18 44 47 67 69 71 72 79 88 96 100 105 112 115 131 139 142 156 162 164 166 176 191 196 
15 33 34 54 61 70 72 74 80 86 89 94 96 99 105 121 127 135 143 146 151 161 166 167 170 191 196 
1 45 51 63 64 78 90 116 144 152 185 195 197 
11 21 24 36 37 38 66 73 75 76 77 111 120 125 138 145 149 150 177 
10 16 19 47 58 60 61 68 72 74 76 80 91 94 95 99 127 130 132 137 138 143 146 167 173 178 196 
13 14 17 22 25 32 43 52 59 69 71 87 93 113 124 128 147 154 163 165 171 175 184 188 189 198 
7 10 11 12 16 21 24 37 58 60 62 66 68 76 91 94 95 98 109 119 130 137 138 148 158 172 173 174 177 178 192 193 
11 21 24 36 37 38 66 76 109 111 120 125 145 149 150 177 
7 11 21 24 36 37 38 66 76 109 120 125 145 149 150 177 
0 26 28 33 34 54 70 80 85 86 89 121 135 141 143 151 161 170 179 
1 45 51 63 64 78 90 116 144 152 185 197 
4 5 27 29 40 71 87 88 122 124 128 133 153 162 164 175 176 188 189 
13 17 32 43 46 52 69 81 113 123 140 147 154 159 165 175 184 188 198 
4 5 29 39 42 50 56 65 67 88 115 117 118 122 133 155 162 176 180 
5 15 18 27 29 40 44 67 69 71 79 87 88 96 100 105 112 115 128 131 133 139 142 156 162 164 166 176 191 
12 23 53 106 119 157 158 172 183 
7 12 21 23 53 98 109 119 148 157 158 172 174 183 192 
32 46 55 57 69 81 101 102 110 123 126 140 154 159 168 184 186 198 199 
