150
75
8

0 15 31 60 80 120 140 143 
1 21 46 78 82 110 122 
2 13 18 41 49 61 76 118 130 
3 65 84 
4 34 35 37 43 62 87 142 
5 88 108 
6 20 42 103 127 149 
7 36 66 96 106 146 
8 9 70 101 
8 9 86 94 140 
10 15 16 31 74 97 136 
11 48 51 90 
12 29 75 
2 13 16 41 61 76 97 130 
14 34 35 
0 10 15 27 31 65 74 136 
10 13 16 27 74 76 97 130 136 
17 98 99 109 129 148 
2 18 49 130 
19 67 85 88 104 124 126 132 
6 20 42 43 62 
1 21 79 110 
22 23 56 105 131 144 
22 23 52 56 119 131 144 
24 30 61 
25 27 84 108 
26 55 114 133 147 
15 16 25 27 130 136 
28 60 70 101 113 117 143 
12 29 111 123 
24 30 
0 10 15 31 74 80 136 
32 
33 56 105 108 131 145 
4 14 34 35 37 43 87 142 
4 14 34 35 43 142 
7 36 106 146 
4 34 37 87 
38 91 
39 137 141 
40 49 118 145 
2 13 41 49 61 76 118 130 
6 20 42 43 62 127 142 
4 20 34 35 42 43 62 87 142 
44 92 115 
45 47 83 
1 46 78 
45 47 95 
11 48 51 90 
2 18 40 41 49 118 145 
50 69 81 134 135 139 
11 48 51 90 93 
23 52 112 121 
53 63 69 107 128 135 
54 113 117 
26 55 111 114 123 133 
22 23 33 56 64 100 105 131 144 
57 112 116 121 
58 
59 
0 28 60 70 80 120 140 143 
2 13 24 41 61 76 
4 20 42 43 62 142 
53 63 89 128 138 
56 64 100 145 
3 15 65 
7 66 68 83 96 
19 67 77 85 102 124 126 132 
66 68 83 127 
50 53 69 81 134 135 139 
8 28 60 70 101 120 140 143 
71 116 125 
72 107 134 
73 95 109 
10 15 16 31 74 97 136 
