200
160
32

0 11 13 16 52 61 67 73 74 92 97 102 106 124 140 141 142 165 167 180 196 
1 5 18 26 28 30 33 40 53 68 81 87 88 91 93 94 107 116 138 145 146 156 159 163 178 186 188 189 197 
2 10 60 88 94 107 109 116 159 163 166 184 186 187 188 197 
3 14 27 30 39 40 46 49 62 68 69 77 82 85 93 100 115 120 122 125 126 145 152 154 156 189 194 198 
4 9 15 19 31 32 41 42 43 45 47 51 55 56 57 65 70 83 84 99 105 114 118 123 135 139 143 148 149 158 164 172 195 
1 5 18 21 28 30 33 53 81 87 91 94 107 116 121 146 159 162 178 197 
6 48 103 104 110 111 153 182 183 185 
7 20 23 27 29 46 49 58 62 71 76 82 85 101 117 120 122 126 127 130 137 161 198 
8 12 22 35 37 44 50 64 66 79 89 108 113 128 136 144 170 175 176 181 192 
4 9 15 19 31 32 41 42 43 45 51 55 56 57 70 72 83 84 99 105 114 115 118 123 131 135 139 149 158 164 195 
2 10 60 109 166 184 186 187 188 
0 11 16 67 92 102 140 141 180 196 
8 12 17 35 36 37 66 79 89 90 108 132 136 170 173 175 176 181 192 199 
0 13 16 61 67 74 106 140 141 142 157 165 167 193 196 
3 14 26 27 29 40 46 49 62 68 82 85 93 117 120 122 125 126 127 130 145 152 156 189 198 
4 9 15 25 31 42 43 45 47 50 51 55 56 57 64 65 80 83 84 99 105 112 113 114 135 143 144 148 155 164 172 195 
0 11 13 16 52 61 67 74 97 102 106 124 140 141 142 165 167 180 196 
12 17 35 36 66 71 89 90 132 170 173 176 181 199 
1 5 18 21 26 28 30 33 40 53 68 81 87 91 93 107 116 119 121 133 138 146 156 159 162 178 197 
4 9 19 31 41 42 45 51 55 56 59 69 72 77 78 86 95 96 98 105 115 118 123 131 133 139 147 149 157 158 160 168 169 171 174 179 191 
7 20 23 36 58 71 75 76 101 137 161 
5 18 21 28 33 53 87 91 92 107 121 146 159 162 197 
8 22 37 47 65 80 108 111 113 128 136 144 155 175 192 
7 20 23 36 54 58 71 75 76 101 137 161 
24 32 70 99 103 114 123 134 150 177 183 
15 25 37 43 44 50 51 56 57 64 65 79 83 84 89 105 112 113 115 135 144 148 164 192 194 
1 14 18 26 40 68 94 107 109 116 138 145 146 151 152 156 159 163 178 186 188 189 197 
3 7 14 27 29 46 49 62 76 82 85 117 120 122 125 126 127 130 137 152 161 189 198 
1 5 18 21 28 30 33 53 81 87 91 107 116 119 121 138 146 159 162 178 197 
7 14 27 29 38 58 62 76 82 101 117 122 126 127 129 130 137 151 161 198 
1 3 5 18 28 30 39 40 53 68 69 77 78 81 91 93 95 98 100 119 121 133 138 145 146 147 154 169 171 174 178 
4 9 15 19 31 32 41 42 43 45 51 55 56 57 70 72 83 84 99 105 114 115 118 123 135 139 143 148 149 158 164 172 195 
4 9 24 31 32 34 45 55 63 70 99 103 114 118 123 131 134 139 143 150 158 177 179 191 195 
1 5 18 21 28 33 53 87 88 91 94 107 116 146 159 162 178 186 197 
32 34 63 72 74 123 131 139 157 158 160 167 177 179 191 193 
8 12 17 35 37 66 79 89 90 108 128 136 170 175 176 181 192 
12 17 20 23 36 54 71 75 90 132 173 176 181 199 
8 12 22 25 35 37 44 50 64 65 66 79 89 108 112 113 128 136 144 170 175 181 192 199 
29 38 62 76 82 122 127 129 130 151 
3 30 39 56 69 77 78 85 93 100 105 115 120 125 133 147 149 154 171 194 
1 3 14 18 26 30 40 62 68 82 85 93 109 116 122 125 126 138 145 151 152 156 163 178 189 
4 9 19 31 41 42 45 51 55 56 57 59 69 72 77 78 86 96 98 105 114 115 118 123 131 133 139 147 149 154 157 158 160 168 169 171 174 179 191 
4 9 15 19 31 41 42 43 45 51 55 56 57 70 72 83 84 99 105 114 115 118 131 135 139 149 154 158 164 195 
4 9 15 25 31 42 43 45 47 50 51 55 56 57 64 65 70 80 83 84 99 105 112 113 114 135 143 144 148 155 164 172 195 
8 25 37 44 50 57 64 65 79 83 89 108 112 120 132 136 144 170 192 194 199 
4 9 15 19 31 32 41 42 43 45 51 55 56 57 70 72 99 105 114 118 123 131 135 139 143 148 158 164 172 179 191 195 
3 7 14 27 46 49 76 82 85 117 120 122 125 126 127 130 152 161 194 198 199 
4 15 22 43 47 50 57 64 65 80 83 84 99 103 113 128 135 143 144 148 155 164 172 195 
6 48 80 103 104 110 111 153 155 182 183 185 
3 7 14 27 46 49 76 82 85 117 120 122 125 126 127 130 137 161 194 198 199 
8 15 25 37 43 44 47 50 57 64 65 79 83 84 89 108 112 113 128 135 136 144 164 170 192 194 199 
4 9 15 19 25 31 41 42 43 45 51 55 56 57 64 65 83 84 99 100 105 112 114 115 118 135 139 148 149 154 164 194 195 
0 16 52 59 67 73 74 78 86 92 95 96 97 98 102 106 119 121 124 142 157 160 167 168 169 174 180 190 
1 5 18 21 28 30 33 53 69 78 81 87 91 92 93 95 98 119 121 133 138 146 147 159 162 171 178 190 
23 36 54 71 75 90 
4 9 15 19 31 32 41 42 43 45 51 55 56 57 70 72 83 84 99 105 114 115 118 123 131 135 139 148 149 158 164 179 191 195 
4 9 15 19 25 31 39 41 42 43 45 51 55 56 57 69 77 83 84 100 105 112 115 118 135 149 154 164 171 194 195 
4 9 15 25 31 41 42 43 44 45 47 50 51 55 56 57 64 65 83 84 105 112 115 118 135 148 149 154 164 172 194 195 
7 20 23 29 58 71 75 76 101 117 127 130 137 161 
19 41 52 59 61 67 72 73 74 78 86 95 96 97 98 106 119 124 131 142 147 157 158 160 167 168 169 174 179 190 191 193 
2 10 60 88 166 184 186 187 188 
0 13 16 59 61 67 74 106 140 142 157 160 165 167 193 196 
3 7 14 27 29 38 40 62 68 76 82 85 117 122 125 126 127 129 130 145 151 152 156 163 189 198 
32 34 63 72 74 118 123 131 139 150 157 158 160 167 177 179 191 193 
8 15 25 37 43 44 47 50 51 57 64 65 79 80 83 84 89 108 112 113 128 135 136 144 148 155 164 170 192 194 195 
4 15 22 25 37 43 44 47 50 51 57 64 65 79 80 83 84 108 112 113 128 135 136 143 144 148 155 164 172 192 195 
8 12 17 35 37 66 90 108 136 170 175 176 181 
0 11 13 16 52 59 61 67 73 74 96 97 102 106 124 140 141 142 157 165 167 180 190 193 196 
1 3 14 18 26 30 40 62 68 82 85 93 109 116 122 125 126 138 145 151 152 156 163 178 188 189 
3 19 30 39 41 53 56 69 77 78 81 86 91 93 95 98 100 105 115 119 133 147 149 154 168 169 171 174 
4 9 24 31 32 42 43 45 55 70 99 103 114 118 123 134 135 139 143 148 150 158 164 172 179 195 
7 17 20 23 36 54 58 71 75 90 101 132 161 173 176 181 199 
9 19 31 34 41 42 45 55 59 63 72 73 74 78 86 95 96 98 105 118 123 131 139 142 147 149 157 158 160 167 168 169 174 179 191 193 
0 52 59 67 72 73 74 78 86 92 95 96 97 98 102 106 119 121 124 142 157 160 167 168 169 174 180 190 
0 13 16 34 52 59 61 63 67 72 73 74 96 97 106 124 131 142 157 160 165 167 177 179 191 193 
20 23 36 54 58 71 75 101 137 161 173 
7 20 23 27 29 38 46 49 58 62 76 82 101 117 122 126 127 130 137 161 198 
3 19 30 39 41 56 69 77 78 81 86 91 93 95 98 100 105 115 119 125 133 147 149 154 168 169 171 174 
19 30 39 41 52 53 59 69 72 73 77 78 81 86 91 93 95 96 98 100 105 115 119 121 124 133 146 147 149 154 168 169 171 174 190 
8 12 25 35 37 44 50 64 65 79 83 89 108 112 113 128 132 136 144 170 175 181 192 199 
15 22 43 47 48 64 65 80 84 111 113 128 135 143 144 148 155 164 172 192 195 
1 5 18 28 30 53 69 77 78 81 86 87 91 92 93 95 96 97 98 119 121 133 146 147 162 168 169 171 174 178 190 
3 7 14 27 29 38 40 46 49 62 68 76 82 85 117 122 125 126 127 129 130 137 145 151 152 161 189 198 
4 9 15 25 31 42 43 44 47 50 51 55 56 57 64 65 79 83 84 105 112 113 115 135 143 144 148 155 164 172 194 195 
4 9 15 25 31 42 43 47 50 51 55 56 57 64 65 80 83 84 99 105 112 113 114 135 143 144 148 155 164 172 195 
3 7 14 27 39 40 46 49 62 68 82 85 93 100 117 120 122 125 126 127 130 145 152 189 194 198 
19 41 52 59 69 72 73 77 78 81 86 91 92 95 96 97 98 119 121 124 133 142 147 157 160 168 169 171 174 180 190 
1 5 18 21 28 33 53 81 87 91 92 107 121 146 159 162 178 197 
1 2 33 60 88 94 107 109 116 138 159 163 166 178 184 186 187 188 197 
8 12 17 25 35 37 44 50 64 79 89 108 112 132 136 144 170 173 176 181 192 199 
12 17 35 36 54 66 71 90 132 170 173 176 181 199 
1 5 18 21 28 30 33 53 69 77 78 81 86 87 91 92 93 95 98 119 121 133 146 147 159 162 169 171 174 178 190 
0 11 21 52 53 73 81 86 87 91 92 95 96 97 98 102 119 121 124 142 162 180 190 
1 3 14 18 30 39 40 53 68 69 77 78 81 85 91 93 100 115 125 133 138 145 146 147 152 154 156 171 178 189 
1 2 5 26 33 88 94 107 116 138 159 163 166 178 184 186 187 188 197 
19 30 52 53 59 69 72 73 77 78 81 86 91 92 95 96 97 98 119 121 124 133 142 147 168 169 171 174 180 190 
19 41 52 59 67 72 73 74 78 81 86 92 95 96 97 98 119 121 124 131 133 142 147 157 160 167 168 169 171 174 180 190 
0 16 52 59 67 73 74 81 86 92 95 96 97 98 102 106 119 121 124 142 167 168 169 174 180 190 
19 30 41 52 53 59 69 72 73 77 78 81 86 91 92 95 96 97 98 119 121 124 133 142 147 149 168 169 171 174 180 190 
4 9 15 24 31 32 42 43 45 47 51 55 70 84 99 103 105 114 118 123 134 135 139 143 148 150 158 164 172 195 
3 30 39 51 56 69 77 78 85 93 100 105 115 125 133 147 149 154 169 171 194 
7 20 23 29 58 71 75 76 101 117 127 130 137 161 
0 11 16 52 67 73 92 97 102 121 124 141 142 162 180 190 
6 24 32 47 48 70 99 103 104 110 114 134 143 148 150 155 172 183 185 195 
6 48 103 104 110 111 153 182 183 185 
4 9 15 19 25 31 39 41 42 43 45 51 55 56 57 69 72 77 78 83 84 99 100 105 114 115 118 135 139 147 149 154 158 164 169 171 194 195 
0 13 16 52 59 61 67 73 74 97 106 124 140 141 142 157 160 165 167 193 196 
1 2 5 18 21 26 28 33 87 88 94 107 116 138 146 156 159 163 178 186 188 197 
8 12 22 35 37 44 50 64 65 66 79 89 108 113 128 136 144 170 175 181 192 
2 10 26 40 68 88 109 116 129 138 145 151 156 163 166 184 186 187 188 189 
6 48 103 104 110 153 182 183 185 
6 22 48 80 104 111 153 155 182 185 
15 25 37 43 44 50 51 56 57 64 65 79 83 84 89 112 120 136 144 164 192 194 199 
8 15 22 25 37 43 47 50 64 65 79 80 83 84 108 113 128 135 136 143 144 148 155 170 172 175 192 
4 9 15 24 31 32 41 42 43 45 51 55 70 84 99 103 105 114 118 123 135 139 143 148 150 158 164 172 195 
3 9 19 25 31 39 41 42 51 55 56 57 69 77 78 83 93 100 105 115 125 133 147 149 154 169 171 174 194 
1 2 5 18 26 28 33 40 68 88 94 107 109 116 138 145 146 156 159 163 178 186 188 197 
7 14 27 29 46 49 58 62 76 82 85 101 117 120 122 126 127 130 137 161 198 
4 9 19 31 32 41 42 45 51 55 56 57 63 70 72 99 105 114 118 123 131 139 157 158 160 164 177 179 191 195 
18 28 30 52 53 59 69 73 77 78 81 86 91 92 95 96 97 98 119 121 124 133 146 147 168 169 171 174 180 190 
3 7 14 27 39 44 46 49 85 112 117 120 125 126 127 152 194 198 199 
5 18 21 28 30 52 53 73 78 81 86 87 91 92 95 96 97 98 102 119 121 124 133 142 146 147 162 168 169 174 180 190 
3 7 14 27 29 38 40 46 49 62 68 76 82 85 117 122 125 126 127 129 130 137 145 151 152 156 189 198 
4 9 19 24 31 32 34 41 45 55 63 70 72 99 114 118 123 131 139 150 157 158 160 177 179 191 
0 16 52 59 67 73 74 78 86 92 95 96 97 98 102 106 119 121 124 142 157 160 167 168 169 174 180 190 
3 14 27 39 40 46 49 62 68 77 82 85 93 100 115 120 122 125 126 145 152 154 189 194 198 
3 7 14 27 29 40 46 49 62 68 76 82 85 117 120 122 125 126 127 130 137 145 152 161 189 198 
7 14 27 29 38 46 49 58 62 76 82 85 101 117 120 122 126 127 130 137 152 161 198 
8 22 35 37 47 50 64 65 79 80 108 113 128 136 144 155 170 175 192 
29 38 62 82 109 122 129 151 163 
7 14 27 29 38 46 49 58 62 76 82 85 101 117 122 126 127 130 137 151 152 161 189 198 
9 19 32 34 41 42 45 55 59 63 72 74 96 118 123 131 139 157 158 160 167 168 177 179 191 193 
12 17 36 44 71 79 89 90 132 170 173 176 181 199 
18 19 30 39 41 53 69 77 78 81 86 91 93 95 96 98 100 115 119 121 133 146 147 149 154 168 169 171 174 190 
24 32 70 99 103 134 150 183 185 
4 9 15 25 31 42 43 45 47 50 51 55 56 57 64 65 70 80 83 84 99 105 113 114 135 143 144 148 155 164 172 195 
8 12 22 35 37 44 50 64 65 66 79 89 108 112 113 128 136 144 170 175 181 192 
7 20 23 27 29 49 58 75 76 82 101 117 122 126 127 130 137 161 198 
1 18 26 28 30 40 53 68 88 93 94 107 109 116 138 145 146 152 156 159 163 178 186 188 189 197 
4 9 19 31 32 34 41 42 45 51 55 63 70 72 99 105 114 118 123 131 139 157 158 160 164 177 179 191 195 
0 11 13 16 61 67 106 140 141 165 196 
0 11 13 16 67 102 106 140 141 142 165 180 196 
0 13 16 52 59 61 67 72 73 74 86 92 95 96 97 98 102 106 121 124 141 142 157 160 165 167 168 174 180 190 193 
4 15 31 32 43 45 47 65 70 80 83 84 99 103 113 114 135 143 148 155 164 172 185 195 
8 15 22 25 37 43 44 47 50 64 65 79 80 83 84 89 108 112 113 128 135 136 144 148 155 164 170 172 175 192 
1 3 14 26 30 40 62 68 82 85 93 109 116 122 125 126 138 145 151 152 156 163 178 189 
1 5 18 21 26 28 30 33 53 78 81 87 91 93 107 116 119 121 133 138 146 156 159 162 178 197 
19 30 39 41 53 59 69 72 77 78 81 86 91 93 95 96 98 100 105 115 119 121 133 147 149 154 168 169 171 174 190 
4 15 25 31 43 45 47 51 55 57 64 65 70 80 83 84 99 103 113 114 135 143 144 148 155 164 172 195 
4 9 19 31 39 41 42 51 55 56 57 69 72 77 78 98 100 105 115 133 147 149 154 168 169 171 174 194 
24 32 63 70 99 103 114 123 134 150 177 183 185 
26 29 38 40 62 68 82 109 122 129 130 145 151 156 163 189 
3 14 26 27 40 46 62 68 82 85 93 120 122 125 126 127 130 138 145 152 156 163 189 198 
6 48 104 110 111 153 182 183 185 
3 30 39 41 42 51 56 57 69 77 78 93 100 105 115 125 133 147 149 154 169 171 194 
15 22 43 47 48 64 65 80 83 84 103 111 113 128 135 143 144 148 155 164 172 195 
1 3 14 18 26 40 62 68 93 107 109 116 122 138 145 146 151 152 156 159 163 178 188 189 
13 19 34 41 52 59 61 63 67 72 73 74 86 96 106 118 123 124 131 139 142 157 158 160 167 168 177 179 191 193 
4 9 19 31 32 34 41 42 45 55 59 63 70 72 99 105 114 118 123 131 139 157 158 160 177 179 191 
1 2 5 18 21 26 28 33 53 87 88 91 94 107 116 138 146 156 159 162 163 178 186 188 197 
