200
160
16

0 5 13 24 26 38 45 55 56 61 62 71 74 85 91 92 95 111 113 120 134 136 139 150 158 163 178 187 190 193 194 
1 3 4 6 40 49 58 65 69 79 86 94 104 108 131 137 157 161 171 175 180 191 198 
2 40 50 68 80 94 108 151 157 199 
1 3 4 6 7 9 40 49 58 65 68 69 79 86 94 104 108 110 122 127 130 131 137 157 161 171 175 180 191 198 199 
1 3 4 6 32 40 49 69 79 104 108 114 131 175 180 181 191 
0 5 10 13 15 24 45 47 56 71 72 74 84 85 91 95 101 105 113 118 134 139 142 155 158 160 177 178 183 190 193 194 
1 3 4 6 32 40 49 65 69 79 86 104 108 114 131 157 175 180 191 198 
3 7 9 12 50 57 58 60 65 68 79 86 89 96 104 110 121 122 123 127 130 137 141 149 157 171 198 
8 36 41 55 59 62 106 120 135 140 150 173 
3 7 9 12 50 57 58 60 65 68 79 80 86 89 94 96 104 110 122 123 127 130 137 141 157 171 
5 10 13 15 24 25 26 27 45 47 67 71 76 81 85 87 91 92 93 95 97 101 105 113 115 124 134 155 158 160 162 176 177 183 187 194 
11 31 48 53 54 64 77 109 116 133 166 168 174 
7 9 12 28 42 57 58 60 96 110 123 127 130 141 156 171 179 
0 5 10 13 15 24 26 38 45 56 62 71 74 85 91 92 95 111 113 118 120 134 136 139 142 150 158 160 163 178 183 190 193 194 
14 17 18 36 43 75 78 107 128 135 145 147 
5 10 13 15 24 25 35 45 47 56 72 84 85 95 98 100 101 102 103 105 115 118 134 138 139 142 155 158 160 162 172 177 178 183 188 193 194 195 
16 26 30 37 38 46 61 73 75 81 83 91 92 111 113 124 129 164 167 176 187 
14 17 18 75 78 107 128 145 146 147 184 
14 17 18 44 75 78 107 125 128 146 182 184 
19 20 21 29 30 34 37 39 46 63 73 88 99 109 112 125 129 144 152 166 167 182 185 189 192 
19 20 21 23 29 30 34 37 39 46 51 52 63 66 73 81 82 90 97 99 112 119 129 144 153 166 167 176 185 189 192 197 
19 20 21 23 30 34 39 51 52 63 66 73 82 90 99 109 112 114 117 119 144 153 161 166 185 189 192 197 
22 100 103 138 143 148 159 186 188 196 
20 21 23 34 39 51 52 63 65 66 79 82 114 117 119 131 144 153 161 166 175 181 185 189 192 198 
0 5 10 13 15 24 45 47 56 71 72 84 85 91 95 98 101 105 113 115 118 134 139 142 155 158 160 177 178 183 193 194 
10 15 25 27 28 45 47 67 71 72 76 85 87 89 93 96 101 102 105 115 121 134 149 155 156 162 177 183 195 
0 10 13 16 26 30 38 45 46 61 71 81 83 85 87 90 91 92 97 111 113 124 129 134 136 155 164 176 183 187 190 197 
10 25 27 67 71 76 81 82 87 89 90 93 96 97 105 113 115 121 122 124 137 149 155 156 162 176 183 185 187 197 
12 25 28 42 47 57 72 76 96 100 101 102 103 105 121 149 156 159 162 177 179 188 195 
19 20 29 34 37 44 46 73 88 99 112 125 129 144 146 152 165 167 182 184 
16 19 20 21 26 30 34 37 46 63 73 81 82 83 87 90 91 97 99 124 129 144 164 167 176 185 187 192 197 
11 31 32 39 48 51 53 64 77 109 114 117 133 166 181 189 
4 6 31 32 49 51 77 114 117 131 175 181 191 
33 54 70 126 132 154 168 169 170 174 
19 20 21 23 29 30 34 39 46 51 52 63 66 73 82 90 99 109 112 117 119 129 144 153 166 185 189 192 197 
15 35 72 84 98 118 138 142 172 188 195 
8 14 36 38 41 43 55 59 61 62 75 78 106 107 111 120 128 135 136 140 145 147 150 163 173 190 
16 19 20 29 30 37 46 73 81 83 88 99 125 129 144 146 164 167 182 184 
0 13 16 26 36 38 41 55 61 62 75 83 91 92 111 120 136 145 147 150 163 164 190 
19 20 21 23 31 34 39 51 52 53 63 66 77 82 99 109 112 114 117 119 144 153 166 181 189 192 
1 2 3 4 6 40 49 50 68 69 79 80 86 94 104 108 110 127 130 151 157 171 180 199 
8 36 38 41 43 55 59 61 62 106 111 120 135 136 140 145 147 150 163 173 190 
12 28 42 57 60 123 141 179 
14 36 41 43 55 59 106 128 135 140 145 147 173 
18 29 44 88 125 126 146 152 165 182 184 
0 5 10 13 15 24 25 26 45 47 56 67 71 72 85 91 92 95 101 105 113 115 118 134 139 142 155 158 160 162 177 178 183 187 193 194 
16 19 20 26 29 30 34 37 46 63 73 81 83 88 90 97 99 124 125 129 144 164 167 176 185 187 197 
5 10 15 24 25 28 45 47 67 71 72 76 85 93 98 100 101 102 103 105 115 118 134 142 155 156 158 160 162 177 183 188 194 195 
11 31 48 53 54 64 77 109 116 133 166 168 174 
1 3 4 6 32 40 49 69 104 108 131 175 180 191 
2 7 9 40 50 60 68 80 94 110 123 127 130 141 151 157 171 199 
20 21 23 31 32 34 39 51 52 53 63 66 77 82 109 112 114 117 119 131 133 153 161 166 175 181 189 192 
20 21 23 34 39 51 52 63 65 66 73 82 90 99 114 117 119 144 153 161 166 185 189 192 197 198 
11 31 39 48 51 53 54 64 70 77 109 112 116 117 132 133 152 166 168 170 174 189 
11 33 48 53 54 64 70 77 109 116 132 133 152 168 169 170 174 
0 8 36 38 41 43 55 59 61 62 75 92 106 111 120 135 136 140 145 147 150 163 173 190 
0 5 13 15 24 45 56 62 71 74 85 91 92 95 111 118 120 134 136 139 142 150 158 160 163 178 190 193 194 
7 9 12 28 42 57 58 60 76 89 96 110 121 122 123 127 130 141 149 156 171 179 
1 3 7 9 12 57 58 60 65 68 79 86 89 96 104 110 121 122 123 127 130 137 149 157 161 171 198 
8 36 41 43 55 59 62 106 120 135 140 145 147 150 163 173 
7 9 12 42 50 57 58 60 68 80 94 110 123 127 130 141 151 157 171 
0 16 26 36 38 41 55 61 62 75 83 91 92 111 120 136 145 147 150 163 164 187 190 
0 8 13 36 38 41 55 56 59 61 62 74 92 106 111 120 135 136 140 147 150 163 173 190 
19 20 21 23 30 34 39 46 51 52 63 66 73 82 90 99 112 117 119 129 144 153 161 166 185 189 192 197 
11 31 48 53 54 64 70 77 109 116 132 133 168 169 170 174 
1 3 6 7 9 23 52 58 65 66 69 79 82 86 89 96 104 110 122 127 130 137 153 161 171 180 198 
20 21 23 34 39 51 52 63 65 66 73 82 90 99 114 117 119 144 153 161 166 181 185 189 192 197 198 
10 25 27 45 47 67 71 76 81 85 87 89 90 93 96 97 101 105 113 115 121 124 134 149 155 156 162 176 177 183 187 197 
2 3 7 9 40 50 58 60 68 80 86 94 104 110 123 127 130 141 151 157 171 180 199 
1 3 4 6 40 49 65 69 79 86 94 104 108 131 157 171 175 180 191 198 199 
33 53 54 64 70 109 116 126 132 152 154 168 169 170 174 
0 5 10 13 24 25 26 27 45 47 56 67 71 81 85 87 91 92 93 95 97 105 111 113 115 124 134 155 158 160 176 183 187 194 
5 15 24 25 28 35 45 47 72 84 85 98 100 101 102 103 105 115 118 134 138 142 155 156 158 159 160 162 172 177 183 188 194 195 
16 19 20 21 29 30 34 37 46 52 63 66 73 81 82 83 90 97 99 124 129 144 167 176 185 192 197 
0 5 13 56 62 74 95 118 139 142 150 158 163 178 190 193 
14 16 17 18 36 38 55 61 75 78 83 107 111 128 145 147 164 
10 25 27 28 47 57 67 76 87 89 93 96 97 101 102 105 115 121 149 155 156 162 177 183 
11 31 32 39 48 51 53 54 64 77 109 112 114 116 117 119 133 166 181 189 
14 17 18 36 75 78 107 128 145 147 
1 3 4 6 7 9 23 40 58 65 69 79 86 89 104 110 122 127 130 131 137 153 157 161 171 175 180 198 
2 9 40 50 60 68 80 94 110 127 141 151 157 171 199 
10 16 20 26 27 30 37 46 67 71 73 81 83 87 90 91 97 99 113 124 129 144 164 167 176 185 187 197 
20 21 23 27 30 34 39 51 52 63 65 66 73 82 87 89 90 97 99 117 119 144 153 161 185 189 192 197 198 
16 26 30 37 38 46 61 73 75 81 83 91 92 111 113 124 129 164 167 176 187 
5 15 24 35 72 84 98 101 118 138 142 158 160 172 177 178 188 193 195 
0 5 10 13 15 24 25 26 45 47 56 67 71 72 85 91 95 101 105 113 115 118 134 139 142 155 158 160 162 177 178 183 187 193 194 
1 3 6 7 9 40 58 65 68 69 79 86 89 94 104 110 122 127 130 137 157 161 171 180 198 
10 25 26 27 30 67 71 76 81 82 87 89 90 93 96 97 105 113 115 121 124 149 155 162 176 183 185 187 197 
19 29 37 44 46 88 99 125 146 152 165 167 182 184 
7 9 25 27 57 58 65 67 76 79 82 86 87 89 93 96 97 121 122 127 130 137 149 156 161 171 197 198 
20 21 26 27 30 34 46 52 63 66 67 73 81 82 87 90 93 97 99 124 129 144 176 185 187 192 197 
0 5 10 13 16 24 26 30 38 45 56 61 71 81 83 85 91 92 95 97 111 113 115 124 129 134 136 155 163 164 176 183 187 190 194 
0 10 13 16 26 38 45 55 56 61 62 71 83 91 92 95 111 113 120 124 136 150 163 164 176 187 190 
10 25 27 47 67 71 76 87 89 90 93 96 97 101 105 113 115 121 124 149 155 156 162 177 183 187 197 
1 2 3 9 40 50 60 68 69 80 86 94 104 108 110 127 130 141 151 157 171 180 199 
0 5 10 13 15 24 45 56 71 74 85 91 92 95 111 113 118 134 136 139 142 150 158 160 163 178 183 190 193 194 
7 9 12 25 27 28 57 58 65 67 76 87 89 93 96 115 121 122 123 127 130 137 149 156 162 171 179 
10 20 26 27 30 46 67 71 73 76 81 82 87 89 90 91 93 97 113 115 121 124 129 144 149 155 176 185 187 197 
15 24 35 47 72 84 98 100 101 102 103 118 138 142 159 160 172 177 188 194 195 
19 20 21 29 30 34 37 39 46 52 63 66 73 81 82 88 90 99 112 125 129 144 166 167 176 185 192 197 
15 22 28 47 72 98 100 101 102 103 105 138 143 148 156 159 162 172 177 186 188 195 196 
5 10 15 24 25 28 45 47 67 72 76 84 85 93 98 100 101 102 103 105 115 118 134 138 142 155 156 158 159 160 162 177 183 188 194 195 
15 25 28 47 72 76 98 100 101 102 103 105 115 138 155 156 159 162 177 179 183 188 195 
15 22 28 47 72 98 100 101 102 103 138 143 148 156 159 162 172 177 186 188 195 196 
1 3 4 6 7 9 40 49 58 65 68 69 79 86 94 104 108 110 122 127 130 131 137 157 161 171 175 180 191 198 
5 10 15 24 25 27 28 45 47 67 71 72 76 85 87 93 100 101 102 105 113 115 121 134 149 155 156 160 162 177 183 194 195 
8 36 41 43 55 59 62 106 120 135 140 150 163 173 
14 17 18 36 75 78 107 128 145 147 
1 2 3 4 6 40 49 69 94 104 108 157 175 180 199 
11 19 21 31 34 39 48 51 53 54 64 70 77 109 112 116 132 133 152 166 168 170 174 189 
3 7 9 12 40 50 57 58 60 65 68 79 80 86 94 104 110 122 123 127 130 137 141 151 157 171 198 199 
0 13 16 26 36 38 41 55 56 61 62 71 75 83 91 92 95 111 113 120 136 147 150 163 164 187 190 
19 20 21 29 34 39 51 53 63 77 99 109 112 116 119 144 152 166 168 189 192 
0 5 10 13 16 24 26 27 45 67 71 81 83 85 87 91 92 93 95 97 105 111 113 115 124 134 155 176 183 187 194 197 
4 6 21 23 31 32 39 51 52 66 77 114 117 119 131 153 161 166 175 181 189 191 192 
10 15 24 25 27 45 47 67 71 72 76 85 87 91 93 96 97 101 102 105 113 115 121 124 134 149 155 156 160 162 177 183 187 194 
11 48 53 54 64 70 77 109 112 116 126 132 133 152 154 166 168 169 170 174 
21 23 31 32 34 39 51 52 53 63 66 77 82 114 117 119 131 153 161 166 175 181 189 191 192 
5 13 15 24 35 45 47 56 72 74 84 85 95 98 101 118 134 138 139 142 158 160 172 177 178 183 193 194 
20 21 23 34 39 51 52 63 66 77 82 112 114 117 119 131 144 153 161 166 181 185 189 192 
0 8 13 36 38 41 55 56 59 61 62 92 106 111 120 135 136 140 145 147 150 163 173 190 
7 25 27 28 57 58 67 76 87 89 93 96 97 105 115 121 122 137 149 155 156 162 197 
3 7 9 27 57 58 65 79 86 89 96 104 110 121 122 123 127 130 137 149 157 161 171 198 
7 9 12 42 50 57 58 60 68 96 110 122 123 127 130 137 141 157 171 179 
10 16 26 27 30 46 67 71 73 81 83 87 90 91 92 93 97 113 115 124 129 144 155 164 167 176 185 187 197 
18 19 29 37 44 46 88 99 125 146 165 167 182 184 
33 44 70 116 126 132 152 154 165 168 169 170 174 
3 7 9 12 40 50 57 58 60 65 68 79 80 86 89 94 96 104 110 122 123 127 130 137 141 157 171 198 
14 17 18 36 43 75 78 107 128 135 145 147 
16 19 20 26 29 30 34 37 46 63 73 81 83 90 91 97 99 124 129 144 164 167 176 185 187 197 
3 7 9 12 40 50 57 58 60 65 68 79 86 89 94 96 104 110 122 123 127 130 137 141 157 171 198 
1 3 4 6 23 32 49 51 69 79 104 114 117 119 131 153 161 175 180 181 191 
33 53 54 64 70 109 116 126 132 152 154 168 169 170 174 
11 31 48 51 53 54 64 77 109 116 133 166 181 
0 5 10 13 15 24 25 26 45 47 56 67 71 72 85 91 95 101 105 113 115 118 134 139 142 155 158 160 162 177 178 183 187 193 194 
8 14 36 41 43 55 59 62 106 120 128 135 140 145 147 150 173 
0 13 26 36 38 41 55 56 61 62 91 92 95 111 120 136 139 147 150 163 190 
1 3 7 9 27 58 65 79 86 89 96 104 110 121 122 123 127 130 137 149 157 161 171 198 
15 22 35 72 84 98 100 101 102 103 118 138 159 160 172 177 188 195 
0 5 13 15 24 45 56 74 85 95 118 134 136 139 142 150 158 160 163 178 190 193 194 
8 36 41 43 55 59 62 106 120 135 140 150 173 
7 9 12 42 50 57 60 68 80 94 110 123 127 130 141 151 157 171 
5 13 15 24 35 45 47 56 72 74 84 85 95 98 101 118 134 139 142 158 160 172 177 178 183 193 194 
22 100 103 143 148 159 186 188 196 
19 20 21 23 29 30 34 37 39 46 52 63 66 73 81 82 90 97 99 112 119 124 129 144 153 166 167 176 185 189 192 197 
14 17 36 38 41 43 55 59 61 75 78 107 120 128 135 145 147 173 
17 18 29 37 44 88 125 146 165 167 182 184 
14 17 36 38 41 43 55 59 61 62 75 78 107 111 120 128 135 136 145 147 163 164 173 
22 100 103 143 148 159 186 188 196 
7 25 27 28 57 58 67 76 87 89 93 96 97 105 115 121 122 137 149 155 156 162 
0 8 13 36 38 41 55 56 59 61 62 74 92 95 106 111 120 135 136 139 140 150 163 173 190 
2 40 50 60 68 80 94 110 141 151 157 199 
19 29 44 53 54 70 88 109 112 116 126 132 152 154 165 166 168 170 174 
20 21 23 34 39 51 52 63 65 66 79 82 114 117 119 131 144 153 161 166 175 181 189 191 192 198 
33 70 116 126 132 152 154 165 168 169 170 174 
5 10 15 24 25 26 27 45 47 67 71 72 76 85 87 91 93 97 101 102 105 113 115 121 124 134 149 155 156 158 160 162 177 183 187 194 
12 25 27 28 47 57 67 72 76 89 93 96 100 101 102 103 105 115 121 149 155 156 162 177 179 183 195 
1 2 3 6 7 9 40 50 58 60 68 69 79 80 86 94 104 108 110 122 123 127 130 137 141 151 157 171 180 199 
0 5 10 13 15 24 45 47 56 71 72 74 84 85 95 101 118 134 139 142 155 158 160 177 178 183 190 193 194 
22 28 72 98 100 101 102 103 138 143 148 159 177 179 186 188 195 196 
