100
80
16

0 46 50 
1 36 48 82 89 
2 51 82 
3 91 
4 25 31 58 
5 75 
6 42 
7 10 49 52 56 75 
8 50 79 
9 66 87 
7 10 33 49 56 
11 37 81 85 
12 55 57 73 76 
13 44 72 90 
14 55 73 76 
15 21 51 63 64 97 
16 42 53 
17 30 74 
18 84 
19 24 26 39 
20 88 
15 21 97 
22 52 
23 36 54 
19 24 26 61 95 
4 25 31 45 70 87 96 
19 24 26 39 72 95 
27 35 59 60 81 
28 32 40 80 
29 69 98 
17 30 74 
4 25 31 87 
28 32 40 
10 33 56 
34 49 75 
27 35 60 
1 23 36 48 54 68 
11 37 59 81 85 
38 43 
19 26 39 72 
28 32 40 
41 61 77 95 
6 16 42 53 
38 43 
13 44 72 90 
25 45 58 70 87 96 
0 46 79 
47 
1 36 48 82 89 
7 10 34 49 56 75 92 
0 8 50 79 
2 15 51 63 64 
7 22 52 75 
16 42 53 69 
23 36 54 
12 14 55 57 73 76 
7 10 33 49 56 
12 55 57 73 76 
4 45 58 
27 37 59 81 86 
27 35 60 81 
24 41 61 95 
62 
15 51 63 64 88 
15 51 63 64 97 
65 
9 66 
67 
36 68 94 
29 53 69 
25 45 70 96 
71 83 99 
13 26 39 44 72 
12 14 55 57 73 76 
17 30 74 
5 7 34 49 52 75 
12 14 55 57 73 76 
41 77 85 93 
78 
8 46 50 79 
