150
120
24

0 10 27 28 38 41 51 53 54 67 77 80 85 116 125 133 137 138 143 149 
1 7 21 25 31 48 55 58 65 69 72 75 82 99 100 101 107 109 111 117 128 130 131 144 
2 7 12 13 16 33 39 45 55 65 66 70 71 88 90 96 99 109 128 
3 15 40 42 43 46 57 64 73 74 78 79 92 124 147 
4 10 23 27 28 30 38 51 53 60 113 122 127 133 135 137 143 149 
5 11 19 24 26 32 33 36 50 56 71 83 84 86 95 98 102 108 115 134 
6 22 89 104 112 114 118 120 123 139 
1 2 7 21 25 29 31 39 55 58 65 69 72 82 88 99 101 107 109 117 128 131 144 
8 16 23 27 30 37 38 60 81 94 96 113 122 127 135 137 149 
9 11 24 32 63 84 97 102 129 148 
0 4 10 27 28 38 41 51 53 54 67 80 122 125 127 133 137 138 143 149 
5 9 11 19 24 32 33 56 63 84 86 95 102 108 129 
2 12 13 16 20 33 39 45 55 56 70 71 88 90 94 96 
2 12 13 16 20 34 37 45 62 70 81 88 90 91 96 126 141 
14 52 59 66 68 87 99 103 105 109 115 117 119 134 146 
3 15 17 40 42 43 46 54 57 62 64 73 74 77 78 79 85 92 116 124 
2 8 12 13 16 32 33 39 45 56 70 81 90 94 96 
15 17 27 37 38 40 41 42 46 54 57 62 67 77 80 85 91 116 125 137 
18 21 44 48 49 75 76 100 110 111 130 132 
5 11 19 24 26 32 33 36 50 56 61 71 83 84 86 95 98 105 108 115 134 142 
12 13 20 34 37 62 70 88 90 91 96 126 141 145 
1 7 18 21 31 44 48 49 58 65 69 72 75 76 82 100 101 107 110 111 130 131 132 144 
6 22 29 73 89 104 112 114 118 120 123 145 
4 8 23 27 30 37 38 60 70 81 91 94 96 122 127 135 137 149 
5 9 11 19 24 32 33 56 63 84 95 97 102 108 129 
1 7 25 29 31 58 65 69 82 88 89 104 107 114 120 128 131 
5 19 26 36 47 50 52 59 61 68 83 86 87 95 98 105 108 115 119 134 140 142 146 
0 4 8 10 17 23 27 28 30 37 38 51 53 54 60 67 80 81 122 125 127 133 135 137 138 143 149 
0 4 10 27 28 38 41 51 53 67 125 127 133 137 138 143 149 
7 22 25 29 31 58 65 82 88 89 104 112 114 120 123 126 128 
4 8 23 27 30 38 53 60 81 94 113 122 127 135 137 143 149 
1 7 21 25 29 31 39 55 58 65 69 72 82 88 89 99 104 107 109 128 131 144 
5 9 11 16 19 24 32 33 56 63 94 95 102 108 129 
2 5 11 12 16 19 24 32 33 36 39 45 56 71 90 94 108 
13 20 34 37 46 62 70 88 89 91 96 112 126 141 145 
35 
5 19 26 33 36 50 52 56 59 66 68 71 83 86 87 95 98 105 108 115 119 134 140 142 146 
8 13 17 20 23 27 34 37 38 62 70 80 81 91 96 122 126 137 141 
0 4 8 10 17 23 27 28 30 37 38 51 53 54 67 80 81 91 116 122 125 127 133 135 137 138 143 149 
2 7 12 16 31 33 39 45 55 65 66 71 88 90 99 109 115 128 
3 15 17 40 41 42 43 46 54 57 62 64 77 80 85 116 124 125 
0 10 17 28 40 41 42 54 67 77 80 85 116 125 138 
3 15 17 40 41 42 43 46 54 57 62 64 77 80 85 92 116 124 125 
3 15 40 42 43 46 57 62 64 73 74 79 112 118 124 145 147 
18 21 44 48 49 75 76 100 110 111 130 132 
2 12 13 16 33 39 45 55 56 70 71 88 90 94 96 
3 15 17 34 40 42 43 46 54 57 62 64 73 74 80 85 112 116 124 141 145 
26 47 50 59 61 68 83 86 87 93 98 105 136 140 142 146 
1 18 21 44 48 49 69 72 75 76 82 100 101 107 110 111 130 131 132 144 
18 21 44 48 49 75 76 100 110 111 130 132 
5 19 26 36 47 50 52 59 61 66 68 83 86 87 95 98 105 108 115 119 134 140 142 146 
0 4 10 27 28 38 51 53 67 80 122 125 127 133 137 138 143 149 
14 26 36 50 52 59 66 68 71 83 87 99 103 105 109 115 117 119 134 140 146 
0 4 10 27 28 30 38 51 53 60 122 127 133 135 137 138 143 149 
0 10 15 17 27 38 40 41 42 46 54 57 62 64 67 77 80 85 116 124 125 138 
1 2 7 12 31 39 45 55 65 66 69 71 72 88 90 99 107 109 115 128 144 
5 11 12 16 19 24 32 33 36 45 56 63 94 95 108 
3 15 17 40 42 43 46 54 57 62 64 73 74 77 80 85 116 124 145 
1 7 21 25 29 31 58 65 69 82 89 104 107 114 120 128 131 139 
14 26 36 47 50 52 59 66 68 83 87 103 105 115 119 134 140 146 
4 8 23 27 30 53 60 113 122 127 133 135 137 143 149 
19 26 47 50 61 83 84 86 93 95 98 102 106 121 136 140 142 148 
13 15 17 20 34 37 40 42 43 46 54 57 62 77 80 85 91 116 124 126 141 145 
9 11 24 32 56 63 97 113 129 
3 15 40 42 43 46 54 57 64 73 74 77 78 79 85 92 116 124 
1 2 7 21 25 29 31 39 55 58 65 66 69 72 82 88 99 101 107 109 117 128 131 144 
2 14 36 39 50 52 55 59 65 66 68 71 87 99 105 109 115 117 119 128 134 146 
0 10 17 27 28 38 41 51 54 67 77 80 85 116 125 133 137 138 149 
14 26 36 47 50 52 59 66 68 71 83 87 98 103 105 115 119 134 140 146 
1 7 21 25 31 48 55 58 65 69 72 75 82 99 100 101 107 109 111 117 128 130 131 144 
2 12 13 16 20 23 34 37 45 70 81 88 90 91 96 126 141 
2 5 12 19 33 36 39 45 52 55 66 68 71 90 99 108 109 115 119 128 134 
1 7 21 31 48 55 65 69 72 75 76 82 99 100 101 107 109 111 117 128 130 131 144 
3 15 22 43 46 57 64 73 74 79 112 118 124 145 147 
3 15 43 46 57 64 73 74 78 79 118 124 147 
1 18 21 44 48 49 69 72 75 76 100 101 107 110 111 130 131 132 144 
18 21 44 48 49 72 75 76 100 101 110 111 130 131 132 
0 15 17 40 41 42 54 57 62 64 67 77 80 85 116 124 125 
3 15 64 74 78 79 92 124 
3 15 43 64 73 74 78 79 92 124 147 
0 10 17 27 37 38 40 41 42 46 51 54 57 62 67 77 80 85 91 116 122 125 137 138 149 
8 13 16 23 27 30 37 38 70 81 91 94 96 122 127 135 137 149 
1 7 21 25 29 31 48 58 65 69 72 82 88 89 99 104 107 109 128 131 144 
5 19 26 36 47 50 52 59 61 68 83 86 87 93 95 98 105 108 115 119 134 140 142 146 
5 9 11 19 24 61 84 86 95 98 102 106 108 121 129 142 148 
0 15 17 40 41 42 46 54 57 62 64 67 77 80 85 116 124 125 
5 11 19 26 36 47 50 61 83 84 86 93 95 98 102 105 108 134 140 142 
14 26 36 47 50 52 59 66 68 83 87 98 103 105 115 119 134 140 142 146 
2 7 12 13 20 25 29 31 34 39 45 55 65 70 82 88 89 90 96 109 126 128 141 
6 22 25 29 31 34 58 82 88 89 104 112 114 120 123 126 141 145 
2 12 13 16 20 33 39 45 55 70 71 88 90 94 96 128 
13 17 20 23 34 37 38 62 70 80 81 91 96 122 126 137 141 145 
3 15 42 64 78 79 92 124 
47 61 83 86 93 98 106 121 136 140 142 
8 12 16 23 30 32 33 45 56 81 90 94 135 
5 11 19 24 26 32 36 50 56 61 83 84 86 95 98 102 108 121 142 148 
2 8 12 13 16 20 23 34 37 45 70 81 88 90 91 96 126 141 
9 24 63 97 113 129 
5 19 26 36 47 50 61 68 83 84 86 87 93 95 98 105 108 134 140 142 146 
1 2 7 14 31 39 52 55 65 66 69 71 72 82 99 101 107 109 115 117 128 131 144 
1 18 21 44 48 49 69 72 75 76 100 101 107 110 111 117 130 131 132 144 
1 7 21 48 65 69 72 75 76 99 100 101 107 109 111 117 130 131 132 144 
5 9 11 24 32 61 84 86 95 102 106 108 121 129 148 
14 52 59 68 87 103 117 119 146 
6 22 25 29 31 58 82 89 104 112 114 120 123 139 145 
14 19 26 36 47 50 52 59 66 68 83 86 87 98 105 115 119 134 140 142 146 
61 84 93 102 106 121 136 148 
1 7 21 25 31 48 55 58 65 69 72 75 82 99 100 101 107 109 117 128 131 144 
5 11 19 24 26 32 33 36 50 56 71 83 84 86 95 98 102 108 115 134 
1 2 7 14 31 39 52 55 65 66 69 71 72 82 88 99 101 107 109 115 117 128 131 144 
18 21 44 48 49 75 76 100 110 111 130 131 132 
1 18 21 44 48 49 69 72 75 76 100 101 110 111 130 131 132 
6 22 29 34 43 46 73 89 104 112 114 118 120 123 126 141 145 
4 8 30 60 63 97 113 135 
6 22 25 29 58 89 104 112 114 118 120 123 139 
5 14 19 26 36 39 50 52 55 59 66 68 71 83 87 99 105 108 109 115 119 134 146 
0 15 17 38 40 41 42 46 54 57 62 64 67 77 80 85 116 124 125 
1 7 14 52 65 66 69 72 99 100 101 103 107 109 117 119 131 144 
6 22 43 73 74 112 114 118 120 123 147 
14 26 36 50 52 59 66 68 71 83 87 103 105 115 117 119 134 140 146 
