100
50
5

0 57 62 87 
1 23 44 45 95 
2 14 94 
3 14 20 33 55 80 85 99 
4 43 51 96 
5 8 24 26 39 
6 41 50 64 65 71 
7 53 
5 8 41 76 
9 30 55 84 
10 60 
11 17 29 
12 63 95 
13 66 68 98 
2 3 14 20 30 33 85 
15 32 37 
16 42 
11 17 29 
18 58 77 93 
19 61 67 
3 14 20 30 33 55 80 85 99 
21 50 65 70 
22 35 43 
1 23 44 82 
5 24 26 39 76 
25 38 72 
5 24 26 39 
27 31 50 65 81 
28 
11 17 29 35 
9 14 20 30 55 99 
27 31 54 65 91 
15 32 37 
3 14 20 33 80 85 
34 
22 29 35 
36 
15 32 37 83 
25 38 72 73 83 
5 24 26 39 52 
40 69 88 
6 8 41 64 78 89 97 
16 42 75 86 
4 22 43 51 90 96 
1 23 44 56 59 95 
1 45 74 
46 48 
47 79 92 
46 48 53 77 
49 63 
