200
160
32

0 7 12 20 40 49 52 70 85 88 92 102 112 118 121 152 153 159 165 172 173 177 183 194 197 
1 17 18 27 31 39 53 59 62 66 71 79 96 98 99 101 110 115 135 136 139 156 160 161 164 167 176 181 198 
2 8 9 15 19 23 24 33 34 36 41 48 57 61 63 69 81 83 95 108 120 132 138 142 145 147 150 151 174 182 188 199 
3 6 26 28 38 84 86 95 103 108 117 119 137 162 168 175 
4 21 29 43 72 109 134 163 189 191 193 
5 7 9 12 19 36 48 49 51 52 56 70 80 85 88 106 112 113 114 132 151 174 186 188 194 
3 6 28 38 103 108 119 162 168 
0 5 7 12 40 49 52 70 80 85 88 92 102 112 113 118 121 132 153 159 165 172 173 177 183 194 197 
2 8 15 23 24 29 33 34 41 48 57 61 63 69 81 83 90 109 120 124 138 142 145 147 149 150 155 163 174 182 188 189 191 199 
2 5 9 15 19 23 33 34 36 46 48 54 56 57 61 63 67 74 100 113 114 120 132 138 145 147 150 151 166 174 179 180 182 186 187 188 190 
10 13 16 25 47 58 73 100 122 128 130 131 144 169 171 178 
11 16 46 47 54 58 60 67 68 73 74 75 100 122 130 131 166 169 170 178 179 180 187 190 196 
0 5 7 12 40 49 51 52 55 66 70 77 80 85 88 89 92 102 106 112 113 126 129 133 136 153 159 172 186 194 
10 13 16 25 27 46 47 51 58 74 87 100 128 144 166 169 171 178 
14 35 42 60 76 91 140 158 185 195 196 
2 8 9 15 19 23 24 33 34 41 48 54 57 61 63 69 81 83 90 120 124 138 142 145 147 149 150 151 174 179 182 187 188 189 199 
10 11 13 16 46 47 58 60 68 73 74 75 100 122 128 130 131 144 166 169 170 178 196 
1 17 18 31 39 50 53 79 96 98 99 107 110 115 139 141 156 160 161 167 176 181 
1 17 18 31 39 50 53 59 66 79 96 98 99 107 110 111 115 136 139 141 154 156 160 161 164 167 176 181 192 198 
2 5 9 15 19 36 41 48 49 56 63 70 80 81 95 112 113 114 132 145 147 150 151 174 180 186 188 
0 20 22 65 82 102 118 121 125 152 165 177 183 
4 21 24 29 43 69 72 78 90 109 134 163 189 191 193 199 
20 22 55 64 65 111 121 123 125 152 154 157 192 
2 8 9 15 23 24 33 34 41 48 54 57 61 63 67 69 81 83 97 120 124 138 142 145 147 149 150 151 174 179 180 182 185 187 188 189 190 199 
2 8 15 21 23 24 29 33 34 41 57 61 63 69 72 81 83 90 109 120 124 138 142 145 149 150 155 163 174 182 188 189 191 199 
10 13 25 27 59 62 71 87 101 126 128 135 144 171 178 198 
3 26 30 38 45 84 86 93 94 103 117 118 137 168 173 175 177 183 197 
1 13 25 27 31 59 62 71 77 89 101 126 128 133 135 144 160 171 181 198 
3 6 28 38 41 48 81 83 86 95 103 108 119 132 137 162 
4 8 21 24 29 43 69 72 78 90 109 124 134 138 142 155 163 189 191 193 199 
26 30 32 37 44 45 93 94 116 117 118 143 183 184 
1 17 18 27 31 39 53 59 62 66 71 79 96 98 99 101 115 135 136 139 156 160 164 167 171 176 181 198 
30 32 37 44 93 94 116 143 184 
2 8 9 15 23 24 33 34 41 48 54 57 61 63 67 69 81 83 120 124 138 142 145 147 149 150 151 174 179 180 182 187 188 190 199 
2 8 9 15 23 24 33 34 54 57 61 63 69 81 97 120 124 138 142 145 147 149 150 155 179 182 185 187 188 189 199 
14 35 42 60 76 91 97 140 158 170 185 187 195 196 
2 5 9 19 36 46 48 51 54 56 63 67 70 80 87 106 113 114 132 147 150 151 174 179 180 186 188 190 
30 32 37 44 93 94 116 143 184 
3 6 26 28 38 45 84 86 93 94 103 117 119 137 162 168 173 175 
1 17 18 31 39 50 53 59 71 79 96 99 101 107 115 135 156 160 161 167 176 181 198 
0 7 12 40 52 55 64 66 77 80 85 88 89 92 98 102 106 126 129 133 136 153 159 164 172 194 
2 8 15 19 23 24 28 33 41 48 69 81 83 90 95 108 132 138 142 145 174 188 199 
14 35 42 60 76 91 97 140 158 170 185 187 195 196 
4 21 29 43 72 78 90 109 134 163 189 191 193 
30 32 37 44 93 116 143 184 
26 30 38 45 84 86 93 94 103 117 162 168 175 184 
9 11 13 16 36 46 47 51 54 56 63 67 74 87 100 106 114 122 131 147 150 151 166 170 178 179 180 186 187 190 
10 11 13 16 46 47 58 60 68 73 74 75 100 122 128 130 131 144 166 169 170 178 196 
2 5 8 9 15 19 23 28 33 36 41 48 56 69 81 83 95 108 113 132 138 142 145 147 150 151 174 188 199 
0 5 7 12 19 49 52 70 85 88 102 112 113 132 165 172 173 177 183 194 197 
17 18 39 50 53 96 99 107 110 115 139 141 156 161 167 176 192 
5 12 13 36 46 51 56 70 74 77 80 87 89 100 106 113 114 126 133 151 166 172 178 180 186 
0 5 7 12 40 49 52 55 70 77 80 85 88 89 92 102 106 112 113 121 129 133 153 159 165 172 194 
1 17 18 31 39 50 53 59 66 71 79 96 98 99 101 107 110 111 115 136 139 141 154 156 160 161 164 167 176 181 192 198 
9 11 15 23 33 34 36 46 54 57 61 63 67 74 100 120 140 147 149 150 151 166 179 180 182 185 187 188 190 
12 22 40 52 55 64 66 77 85 89 92 98 111 123 129 136 141 153 154 157 159 164 172 192 
5 9 19 36 46 48 51 56 63 70 80 87 106 112 113 114 132 147 150 151 174 180 186 188 190 
2 8 9 15 23 24 33 34 54 57 61 63 69 81 97 120 124 138 142 145 147 149 150 155 174 179 182 185 187 188 189 199 
10 11 13 16 47 58 60 68 73 75 100 122 128 130 131 144 169 170 196 
1 18 25 27 31 39 53 59 62 66 71 77 79 89 98 99 101 115 129 133 135 136 160 164 171 176 181 198 
11 14 16 35 42 47 58 60 67 68 73 74 75 76 91 100 122 130 131 140 146 148 158 166 169 170 196 
2 8 9 15 23 24 33 34 54 57 61 63 67 69 81 97 120 124 138 142 145 147 149 150 151 174 179 180 182 185 187 188 190 199 
1 25 27 31 59 62 71 79 101 135 160 171 181 198 
2 8 9 15 19 23 24 33 34 36 46 54 56 57 61 63 67 120 138 142 145 147 149 150 151 166 174 179 180 182 187 188 190 
22 40 55 64 66 92 98 111 121 123 125 129 136 141 153 154 157 159 164 192 
20 22 65 82 102 121 125 152 157 
1 12 18 31 40 53 55 59 64 66 77 85 89 92 98 99 110 111 123 129 133 136 139 141 153 154 157 159 164 172 176 192 
9 11 23 33 36 46 54 60 61 63 67 74 100 114 120 147 150 151 166 170 179 180 182 187 188 190 
11 16 47 58 60 68 73 75 104 105 122 127 130 131 146 148 158 169 170 196 
2 8 15 21 23 24 29 33 34 41 48 57 61 69 72 81 83 90 109 120 124 138 142 145 149 150 155 163 174 182 188 189 191 199 
0 5 7 12 19 36 49 51 52 56 70 80 85 88 106 112 113 114 132 151 172 174 186 194 
1 25 27 31 39 53 59 62 71 79 101 115 135 144 160 171 176 181 198 
4 21 24 29 43 69 72 78 90 109 124 134 155 163 189 191 193 199 
10 11 16 47 58 60 68 73 74 75 100 122 127 130 131 146 148 158 166 169 170 196 
9 11 13 16 46 47 51 54 60 67 73 74 87 100 114 122 131 147 151 166 170 178 179 180 186 187 190 
11 16 47 58 60 68 73 75 100 104 105 122 127 130 131 146 148 158 169 170 196 
14 35 42 60 76 91 97 140 158 170 185 187 195 196 
12 27 40 51 52 55 59 66 77 80 85 87 89 92 98 106 126 129 133 136 153 159 164 171 172 
21 29 43 72 78 83 90 108 109 134 163 189 191 193 199 
1 17 18 31 39 53 59 62 71 79 96 99 101 115 135 156 160 167 176 181 198 
5 7 12 19 36 40 51 52 56 70 77 80 85 87 88 89 92 106 112 113 114 126 129 132 133 151 159 172 178 186 194 
2 8 15 19 23 24 28 33 34 41 48 57 61 69 81 83 90 95 108 120 132 138 142 145 147 150 174 188 199 
20 65 82 102 118 121 125 152 177 
2 8 15 23 24 28 33 41 48 69 78 81 83 90 95 108 132 138 142 145 174 188 199 
3 26 38 45 84 86 93 94 103 117 137 162 168 175 
0 5 7 12 40 49 52 55 66 70 77 80 85 88 89 92 102 106 112 113 121 126 129 133 136 153 159 172 186 194 
3 26 28 38 45 84 86 93 95 103 117 119 137 162 168 173 175 183 197 
13 25 36 46 51 56 74 77 80 87 89 100 106 114 126 133 151 166 171 178 180 186 
0 5 7 12 40 49 52 70 80 85 88 92 102 112 113 121 132 153 159 165 172 177 194 197 
12 27 40 51 52 55 59 66 77 80 85 87 89 92 98 106 126 129 133 136 153 159 164 171 172 186 
8 15 21 24 29 41 43 69 72 78 81 83 90 109 124 134 138 142 145 155 163 189 191 193 199 
14 35 42 60 76 91 140 146 158 170 185 195 196 
0 7 12 40 52 55 64 66 77 80 85 88 89 92 98 102 106 126 129 133 136 153 159 164 172 194 
26 30 32 37 38 44 45 84 86 93 94 116 117 118 143 173 175 177 183 184 197 
26 30 32 37 38 45 84 93 94 116 117 168 175 184 
2 3 19 28 41 48 81 83 86 95 108 119 132 137 145 174 199 
1 17 18 31 39 50 53 79 96 99 107 110 115 139 141 156 161 167 176 181 
23 34 35 42 57 61 76 97 120 124 140 149 155 182 185 187 195 
1 17 18 31 40 53 55 59 64 66 77 89 92 98 99 110 111 123 129 136 139 141 153 154 159 161 164 167 176 192 
1 17 18 31 39 50 53 59 66 79 96 98 99 101 107 110 111 115 136 139 141 156 160 161 164 167 176 181 192 198 
9 10 11 13 16 46 47 51 54 58 60 67 73 74 75 87 100 114 122 131 151 166 170 178 179 180 187 190 
1 25 27 31 39 53 59 62 71 79 99 101 115 135 160 171 176 181 198 
0 7 12 20 40 49 52 65 82 85 88 92 102 112 118 121 125 152 153 159 165 172 173 177 183 194 197 
3 6 26 28 38 45 84 86 103 117 119 137 162 168 175 
68 75 104 105 127 130 146 148 158 169 
68 75 104 105 127 146 148 158 196 
5 12 36 40 46 51 52 56 70 77 80 85 87 89 92 106 113 114 126 129 133 151 159 172 178 186 
17 18 39 50 53 96 99 107 110 115 139 141 156 161 167 176 
2 3 6 28 41 48 78 81 83 95 108 119 137 142 145 162 174 199 
4 8 21 24 29 43 69 72 78 90 109 124 134 155 163 189 191 193 199 
1 17 18 50 53 66 96 98 99 107 110 111 123 139 141 154 156 161 164 167 176 192 
18 22 53 55 64 66 98 99 110 111 123 136 139 141 154 157 161 164 167 192 
0 5 7 12 19 49 52 56 70 80 85 88 102 112 113 132 165 172 173 177 194 197 
5 7 9 12 19 36 48 49 51 52 56 70 80 85 88 106 112 113 114 132 151 174 186 188 194 
5 9 19 36 46 51 56 67 70 74 80 87 100 106 113 114 126 133 147 151 166 178 179 180 186 190 
1 17 18 31 39 50 53 59 71 79 96 99 101 107 115 135 156 160 161 167 176 181 198 
30 32 37 44 93 94 116 143 184 
3 26 30 38 45 84 86 93 94 103 117 137 162 168 173 175 183 
0 7 20 26 30 82 93 102 118 121 152 165 173 177 183 194 197 
3 6 28 38 86 95 103 108 119 137 162 168 
2 8 9 15 23 24 33 34 54 57 61 63 67 69 81 97 120 124 138 142 145 147 149 150 155 174 179 180 182 185 187 188 189 190 199 
0 7 20 22 52 64 65 82 85 88 102 118 121 125 152 153 165 177 183 194 197 
10 11 16 46 47 58 60 68 73 74 75 100 122 130 131 146 148 158 166 169 170 196 
22 55 64 66 98 110 111 123 129 136 139 141 153 154 157 159 164 192 
8 15 23 24 29 33 34 57 61 69 72 90 97 109 120 124 138 142 149 155 163 185 189 191 
20 22 64 65 82 102 121 125 152 157 
12 25 27 40 51 77 80 85 87 89 92 106 114 126 129 133 136 159 171 172 178 186 
68 73 75 104 105 127 130 146 148 158 169 196 
10 13 16 25 27 47 58 128 130 135 144 169 171 178 
12 40 52 55 59 64 66 77 80 85 89 92 98 106 123 126 129 133 136 153 154 159 164 172 
10 11 16 47 58 60 68 73 75 104 122 127 128 130 131 146 148 158 169 170 196 
10 11 16 46 47 58 60 68 73 74 75 100 122 130 131 146 148 158 166 169 170 196 
2 5 7 9 19 28 36 41 48 49 56 70 80 81 83 88 95 112 113 132 145 151 174 188 194 
12 27 40 51 52 59 66 77 80 85 87 89 92 106 114 126 129 133 136 153 159 171 172 178 186 
4 21 29 43 72 78 90 109 134 163 191 193 
1 25 27 31 39 59 62 71 79 101 115 128 135 144 160 171 176 181 198 
1 12 18 31 40 53 55 59 64 66 77 85 89 92 98 99 111 123 126 129 133 136 153 154 159 164 172 176 
3 26 28 38 84 86 95 103 108 117 119 137 162 168 173 175 183 197 
2 8 9 15 23 24 29 33 34 41 48 57 61 63 69 81 83 90 120 124 138 142 145 147 149 150 174 182 187 188 189 199 
1 17 18 31 50 53 66 96 98 99 107 110 111 123 139 141 154 156 161 164 167 176 192 
14 35 42 54 60 76 91 97 140 149 179 182 185 187 195 
17 18 50 53 55 64 66 96 98 99 107 110 111 123 139 141 154 156 157 161 164 167 176 192 
2 8 15 23 24 29 33 34 41 48 57 61 63 69 81 83 90 108 120 124 138 142 145 147 149 150 174 182 188 189 199 
30 32 37 44 93 116 143 184 
10 13 16 25 27 47 58 71 128 135 144 171 178 
2 8 9 15 19 23 24 33 34 41 48 57 61 63 69 81 83 90 95 108 120 132 138 142 145 147 150 174 182 188 199 
60 68 73 75 91 104 105 122 127 130 131 146 148 158 169 170 196 
2 8 9 15 19 23 33 34 36 46 48 54 56 57 61 63 67 74 81 114 120 138 142 145 147 149 150 151 166 174 179 180 182 187 188 190 
60 68 73 75 104 105 122 127 130 131 146 148 158 169 170 196 
8 15 23 24 33 34 54 57 61 63 69 97 120 124 138 140 142 147 149 150 155 179 182 185 187 195 
2 8 9 15 19 23 24 33 34 36 46 48 54 56 57 61 63 67 69 81 120 138 142 145 147 149 150 151 166 174 179 180 182 187 188 190 
2 5 9 15 19 23 33 36 46 48 51 54 56 61 63 67 70 74 80 87 100 106 113 114 132 147 150 151 166 174 179 180 182 186 187 188 190 
0 20 22 65 82 102 118 121 125 152 165 177 183 197 
0 7 12 40 52 55 64 66 77 85 88 89 92 98 102 121 123 129 133 136 153 154 159 164 172 194 
18 22 53 55 64 66 98 110 111 123 129 136 139 141 153 154 157 164 192 
8 24 29 34 57 69 72 90 97 109 120 124 149 155 163 189 191 
1 17 18 31 39 50 53 79 96 99 107 110 115 139 141 156 160 161 167 176 181 
22 55 64 65 66 111 123 125 141 154 157 164 192 
14 35 42 60 68 73 75 76 91 104 105 122 127 130 131 146 148 158 169 170 196 
0 7 12 40 52 55 64 66 77 80 85 88 89 92 98 102 106 123 126 129 133 136 153 159 164 172 194 
