100
50
10

0 10 73 96 97 
1 31 
2 23 30 55 58 99 
3 34 57 71 82 89 90 
4 76 
5 36 
6 22 29 88 94 
7 61 68 92 
8 61 
9 39 76 
0 10 96 
11 29 78 95 
12 15 38 78 
13 64 77 
14 28 46 67 75 82 
12 15 40 68 84 
16 26 41 56 63 67 89 
17 
18 33 48 
19 21 27 49 60 70 79 80 
20 
19 21 27 49 74 
6 22 29 81 
2 23 30 47 54 58 
24 69 86 
25 91 
16 26 41 56 67 
19 21 27 49 74 
14 28 46 50 67 75 
6 11 22 29 
2 23 30 44 47 54 58 
1 31 
32 
18 33 48 83 
3 34 57 71 82 89 
35 42 98 
5 36 62 
37 59 93 
12 38 
9 39 76 
15 40 61 68 78 84 
16 26 41 45 56 87 
35 42 52 66 72 98 
43 
30 44 85 
41 45 56 87 
14 28 46 67 71 82 
23 30 47 54 58 65 
18 33 48 51 53 
19 21 27 49 79 
