150
120
24

0 3 102 114 
1 35 53 66 78 117 124 125 
2 70 112 121 123 
0 3 45 49 74 102 142 
4 15 19 80 94 131 
5 14 64 122 
6 53 57 86 88 90 117 127 
7 10 30 61 83 110 
8 36 47 68 79 
9 59 62 84 87 138 
7 10 30 110 
11 42 
12 67 101 143 
13 93 98 141 
5 14 33 38 82 107 119 122 
4 15 17 81 94 115 121 131 
16 18 32 44 50 63 71 92 118 146 
15 17 81 94 96 121 
16 18 32 44 71 106 118 120 146 149 
4 19 80 94 131 
20 77 80 
21 31 99 128 
22 23 76 104 105 147 
22 23 76 99 104 105 128 
24 37 48 138 139 
25 38 82 89 107 119 139 
26 34 129 134 
27 85 111 
28 58 85 100 
29 59 62 84 109 138 
7 10 30 59 62 84 110 
21 31 60 75 99 128 
16 18 32 71 106 120 149 
14 33 67 82 89 107 119 122 
26 34 
1 35 78 83 
8 36 47 60 68 79 
24 37 48 49 74 87 108 
14 25 38 89 107 109 122 
39 45 49 127 133 142 
40 
41 69 
11 42 
43 101 130 
16 18 44 71 92 103 118 140 146 
3 39 45 49 74 133 142 
46 78 127 133 
8 36 47 68 79 
24 37 48 74 108 139 
3 37 39 45 49 74 87 133 142 
16 50 63 
51 60 91 
52 72 114 136 
1 6 53 56 57 88 90 117 124 125 127 
54 
55 95 97 113 
53 56 66 88 117 124 125 
6 53 57 90 127 
28 58 85 100 
9 29 30 59 62 84 138 
31 36 51 60 91 99 
7 61 83 110 
9 29 30 59 62 84 109 138 
16 50 63 
5 64 122 
65 
1 56 66 88 117 124 125 
12 33 67 101 143 
8 36 47 68 79 
41 69 
2 70 112 123 144 
16 18 32 44 71 106 118 120 146 149 
52 72 114 136 
73 75 126 132 148 
3 37 45 48 49 74 102 108 142 
31 73 75 
22 23 76 104 105 
20 77 80 
1 35 46 78 124 
8 36 47 68 79 
4 19 20 77 80 81 94 
15 17 80 81 94 96 121 
14 25 33 82 89 107 119 122 
7 35 61 83 
9 29 30 59 62 84 138 
27 28 58 85 100 
6 86 144 
9 37 49 87 133 138 142 
6 53 56 66 88 90 117 125 
25 33 38 82 89 107 119 139 
6 53 57 88 90 117 127 
51 60 91 
16 44 92 118 140 146 
13 93 141 
4 15 17 19 80 81 94 121 131 
55 95 97 113 
17 81 96 121 
55 95 97 113 
13 98 135 137 
21 23 31 60 99 128 
28 58 85 100 
12 43 67 101 130 143 145 
0 3 74 102 108 
44 103 118 140 
22 23 76 104 105 147 
22 23 76 104 105 128 
18 32 71 106 120 149 
14 25 33 38 82 89 107 119 139 
37 48 74 102 108 
29 38 62 109 
7 10 30 61 110 
27 111 
2 70 112 
55 95 97 113 
0 52 72 114 136 
15 115 131 
116 129 148 
1 6 53 56 66 88 90 117 124 125 
16 18 44 71 92 103 118 140 146 
14 25 33 82 89 107 119 
