150
75
8

0 5 37 39 47 52 53 57 58 64 72 100 103 124 125 131 137 141 143 149 
1 2 3 10 38 42 55 62 101 114 147 
1 2 3 10 19 28 38 42 55 62 101 114 147 
1 2 3 19 38 42 62 67 80 101 114 116 140 148 
4 7 8 12 16 30 34 49 66 73 77 82 96 102 112 121 123 128 
0 5 25 37 39 52 53 57 58 68 71 72 83 84 100 103 124 125 131 137 141 142 
6 13 27 29 31 32 44 50 51 56 65 86 105 109 122 136 
4 7 17 33 35 45 49 61 73 78 95 96 97 106 111 112 123 134 135 144 
4 8 12 15 16 24 25 68 71 75 77 82 83 84 94 102 108 121 123 128 146 
9 14 22 30 34 43 60 66 70 89 90 91 98 104 117 118 119 126 127 132 145 
1 2 10 28 40 55 62 63 81 101 113 114 120 122 147 
11 48 69 80 
4 8 12 14 16 30 34 66 68 71 73 77 82 84 90 96 102 121 123 124 
6 13 17 23 29 31 32 35 51 56 63 76 81 92 105 109 113 122 129 136 
9 12 14 16 30 34 39 66 68 72 82 84 89 90 91 98 121 124 126 141 
8 15 24 26 49 75 77 94 102 106 108 115 123 128 146 
4 8 12 14 16 30 34 66 68 71 73 75 77 82 84 96 102 121 123 124 
7 13 17 18 23 32 35 45 63 76 78 85 92 93 95 96 105 109 111 112 113 129 134 135 136 144 
17 18 23 35 40 63 66 76 85 95 96 104 109 111 113 129 134 145 
2 3 19 38 40 41 42 43 60 67 101 107 114 116 117 118 119 140 145 148 
20 36 45 46 54 61 74 78 87 92 93 95 97 135 144 
21 69 88 99 138 139 
9 22 30 34 43 60 66 85 89 90 91 98 104 117 118 119 126 127 132 145 
13 17 18 23 28 29 31 32 35 40 51 63 76 81 85 92 95 105 109 111 113 129 134 136 
8 15 24 25 71 75 77 83 84 94 102 108 115 123 128 146 
5 8 24 25 37 53 58 68 71 72 83 84 94 103 124 137 142 
15 26 33 49 61 106 108 115 123 128 146 
6 27 29 31 44 50 51 56 65 79 86 122 
2 10 23 28 40 55 63 81 85 101 113 114 120 145 147 
6 13 23 27 29 31 32 44 50 51 56 63 65 76 81 86 105 109 113 122 129 136 
4 9 12 14 16 22 30 34 39 66 68 72 82 89 90 91 98 121 124 126 
6 13 23 27 29 31 32 44 50 51 56 63 65 76 81 86 105 109 113 122 129 136 
6 13 17 23 29 31 32 35 36 46 51 76 92 93 105 109 129 136 
7 26 33 49 54 61 74 78 97 106 108 115 128 135 
4 9 12 14 16 22 30 34 66 73 82 90 91 96 98 104 111 121 132 
7 13 17 18 23 32 35 36 45 76 78 92 93 95 96 105 109 111 112 129 134 135 136 144 
20 32 35 36 46 78 87 92 93 95 97 105 129 144 
0 5 25 37 39 52 53 57 58 68 71 72 83 84 94 100 103 124 131 137 141 142 
1 2 3 19 38 42 80 101 114 116 140 148 
0 5 14 30 37 39 47 57 58 68 72 98 100 103 124 126 131 141 149 
10 18 19 23 28 40 55 60 63 81 85 104 113 114 118 119 145 147 
19 41 43 67 69 70 80 99 107 116 117 127 140 148 
1 2 3 19 38 42 62 67 101 114 116 140 148 
9 19 22 41 43 60 67 70 89 91 98 104 107 117 118 119 127 132 140 145 148 
6 27 29 31 44 50 51 56 65 79 86 120 122 133 
7 17 20 35 45 49 61 73 78 92 93 95 96 97 106 111 112 134 135 144 
20 32 36 46 54 61 74 78 87 92 93 95 97 144 
0 39 47 57 64 72 99 110 126 130 131 141 149 
11 48 69 80 116 
4 7 15 26 33 45 49 61 73 77 78 96 102 106 108 112 115 121 123 128 135 144 146 
6 27 29 31 44 50 51 56 65 86 122 
6 13 23 27 29 31 32 44 50 51 56 63 65 76 81 105 109 113 122 129 136 
0 5 37 52 53 57 58 64 100 103 125 131 137 142 143 
0 5 25 37 52 53 57 58 83 100 103 124 125 131 137 142 143 
20 33 46 54 61 74 78 87 97 106 135 144 
1 2 10 28 40 55 62 63 81 101 113 114 120 122 147 
6 13 27 29 31 44 50 51 56 63 65 79 81 86 105 109 113 120 122 133 136 
0 5 37 39 47 52 53 57 58 64 72 100 103 125 130 131 137 141 149 
0 5 25 37 39 52 53 57 58 64 68 72 100 103 124 125 131 137 141 142 143 
59 
9 19 22 40 43 60 67 85 89 91 104 117 118 119 132 140 145 148 
7 20 26 33 45 46 49 54 61 74 78 87 97 106 112 135 144 
1 2 3 10 42 55 62 101 114 120 147 
10 13 17 18 23 28 29 31 40 51 55 56 63 76 81 85 105 109 113 120 122 129 136 
0 47 52 57 58 64 100 103 110 125 130 131 137 141 149 
6 27 29 31 44 50 51 56 65 79 81 86 122 133 
4 9 12 14 16 18 22 30 34 66 73 82 85 89 90 91 96 98 104 111 121 132 
3 19 41 42 43 60 67 70 80 101 107 116 117 118 119 127 140 145 148 
5 8 12 14 16 25 30 37 39 58 68 71 72 82 83 84 121 124 141 
11 21 41 48 69 80 88 107 138 139 
9 41 43 67 70 88 89 91 98 99 107 117 119 126 127 139 140 148 
5 8 12 16 24 25 37 68 71 75 77 82 83 84 94 102 124 142 
0 5 14 25 30 37 39 47 57 58 68 72 100 103 124 126 131 141 149 
4 7 12 16 34 45 49 66 73 78 82 95 96 111 112 121 123 134 135 144 
20 33 46 54 61 74 78 87 97 106 135 
