200
160
16

0 5 6 12 15 26 48 51 79 83 92 102 112 116 119 123 139 143 165 172 173 175 178 188 190 193 
1 8 11 68 71 72 74 75 76 77 86 92 100 119 122 130 139 143 154 156 172 177 181 
2 4 13 20 31 34 41 49 53 54 60 67 73 98 103 111 124 125 126 140 146 152 164 180 186 195 
3 4 13 22 25 34 44 49 50 53 64 84 87 95 99 114 120 126 137 140 146 153 171 189 199 
2 3 4 13 20 30 34 44 49 53 54 63 73 99 120 124 126 137 140 146 152 164 171 180 186 199 
0 5 9 12 15 26 43 45 51 61 78 79 97 102 116 117 123 127 147 151 155 160 165 168 175 178 179 183 185 188 
0 6 12 15 26 48 51 72 79 83 92 100 102 116 119 139 143 154 161 170 172 173 175 179 181 190 193 
7 10 33 35 39 128 133 184 
1 8 11 16 28 55 66 68 74 76 77 122 135 142 156 157 169 181 192 197 
5 9 12 15 43 45 61 78 102 107 116 117 123 127 147 155 160 165 168 178 183 185 188 196 
7 10 33 35 39 128 133 184 
1 8 11 28 29 40 58 68 71 74 76 77 86 91 156 177 181 192 194 
0 5 6 9 12 15 26 51 61 79 83 102 112 116 123 147 160 165 173 175 178 179 183 188 190 193 
2 3 4 13 20 30 34 44 49 50 53 54 73 95 99 103 120 124 126 137 140 146 152 164 171 180 186 189 199 
14 19 32 36 37 38 42 46 52 81 93 108 132 148 167 
0 5 6 9 12 15 26 32 43 45 51 61 78 79 83 102 107 108 116 123 127 147 161 165 173 175 179 183 188 193 
8 16 48 68 84 92 122 135 138 139 143 145 157 169 181 197 
17 23 62 69 71 72 75 85 100 130 131 141 149 150 154 161 170 177 
18 21 27 55 57 59 66 88 89 94 101 106 110 113 135 136 142 158 159 162 166 176 
14 19 36 37 38 42 46 52 81 93 108 132 148 167 
2 4 13 20 21 30 31 34 41 44 49 53 54 56 60 63 73 89 90 94 98 99 110 113 124 125 126 136 140 152 164 180 186 191 
18 20 21 27 30 54 55 57 63 66 73 88 89 94 106 110 113 122 135 136 138 142 157 162 176 186 191 197 
3 22 25 44 48 84 87 95 99 112 114 120 137 145 153 171 187 190 199 
17 23 42 52 62 69 75 85 130 131 132 141 148 149 150 170 177 
24 29 65 80 82 104 105 109 134 144 174 182 
3 22 25 34 44 50 64 84 87 95 99 112 114 120 137 140 145 146 153 171 187 189 199 
0 5 6 12 15 26 32 51 61 79 83 100 102 108 116 119 123 147 161 165 172 173 175 179 183 188 190 193 
18 21 27 55 57 59 66 88 94 101 104 106 113 122 135 138 142 144 158 159 162 166 176 192 197 
8 11 28 29 40 55 58 59 65 74 76 80 82 86 91 104 105 134 142 144 156 159 166 174 182 192 194 
11 24 28 29 40 58 59 65 76 80 82 91 104 105 109 134 142 144 156 159 166 174 182 192 
4 13 20 21 30 34 41 44 49 54 63 73 84 89 94 99 113 120 124 126 136 138 140 145 157 164 176 180 186 191 199 
2 20 31 41 54 56 60 63 73 90 98 110 124 125 126 152 164 180 186 
14 15 26 32 36 38 43 45 46 61 78 79 102 107 108 116 127 131 132 147 161 179 183 196 
7 10 33 35 39 96 118 128 133 163 184 
2 3 4 13 20 25 30 34 44 49 50 53 54 73 84 95 99 114 120 124 126 137 140 145 146 152 164 171 180 186 189 199 
7 10 33 35 39 70 128 133 
14 19 32 36 37 38 43 45 46 61 78 81 93 107 108 127 132 147 183 196 
14 19 36 37 38 42 46 52 81 93 108 132 148 167 
14 19 32 36 37 38 42 46 52 62 81 93 108 131 132 148 167 
7 10 33 35 39 70 128 133 185 
11 28 29 40 58 74 76 77 80 82 86 91 104 105 129 156 174 182 192 194 
2 20 30 31 41 54 56 60 63 73 89 90 98 110 113 124 125 126 136 164 180 186 191 
14 19 23 37 38 42 46 52 62 81 93 108 131 132 148 150 167 
5 9 15 32 36 43 45 61 78 107 108 116 117 127 147 179 183 188 196 
3 4 13 20 22 25 30 34 44 49 50 53 54 84 95 99 114 120 126 137 140 145 146 164 171 180 186 189 199 
5 9 15 32 36 43 45 61 78 107 108 117 127 147 179 183 188 196 
14 19 32 36 37 38 42 46 52 81 93 108 131 132 148 167 
47 87 96 97 112 115 118 121 128 151 153 163 178 184 185 187 
0 6 16 22 48 51 83 84 92 112 114 119 139 143 145 153 165 169 173 175 190 193 
2 3 4 13 20 30 34 44 49 53 54 60 73 99 103 120 124 126 140 146 152 164 171 180 186 189 199 
3 13 25 34 44 50 53 64 87 95 99 114 120 137 140 146 171 187 189 198 
0 5 6 12 15 26 48 51 79 83 97 102 112 116 121 123 139 151 165 175 178 188 190 193 
14 19 23 37 38 42 46 52 62 81 93 108 131 132 148 150 167 
2 3 4 13 20 34 44 49 50 53 54 60 67 99 103 111 124 125 126 140 146 152 164 180 189 195 
2 4 13 20 21 30 31 34 41 44 49 53 54 56 60 63 73 89 90 94 98 99 113 124 125 126 136 140 152 164 180 186 191 
8 18 21 27 28 55 59 66 68 76 88 94 101 106 113 122 135 138 142 144 156 157 158 159 162 166 176 191 192 197 
20 31 41 54 56 60 63 73 89 90 98 110 113 124 125 136 164 180 186 
18 21 27 57 63 66 88 89 90 94 101 106 110 113 136 158 162 176 191 
11 28 29 40 58 74 76 77 80 82 86 91 105 129 156 174 182 192 194 
18 27 28 29 55 59 65 66 76 82 88 101 104 105 106 122 134 135 142 144 156 158 159 162 166 174 176 182 192 197 
2 20 31 41 49 53 54 56 60 67 73 98 103 111 124 125 126 152 164 180 186 
5 9 12 15 26 32 36 43 45 61 78 79 83 102 107 108 116 117 123 127 147 161 165 175 179 183 188 196 
17 23 38 42 52 62 69 75 85 130 131 132 141 148 149 150 167 170 
4 20 21 30 31 41 54 56 57 63 73 89 90 94 98 106 110 113 124 126 136 138 164 176 180 186 191 
3 25 50 64 87 95 120 137 140 146 171 189 198 
24 28 29 59 65 82 104 105 109 134 144 158 159 166 174 182 192 
8 18 21 27 55 57 59 66 88 89 94 101 106 113 122 135 136 138 142 144 158 159 162 166 176 191 192 197 
2 53 60 67 103 111 125 152 195 
1 8 11 16 55 68 76 92 122 135 138 139 143 157 169 181 197 
17 23 62 69 71 72 74 75 77 85 86 129 130 141 149 150 154 170 177 194 
35 39 70 115 121 128 133 151 155 160 168 185 
1 11 17 69 71 72 74 75 76 77 85 86 92 100 119 130 141 143 149 154 170 172 173 177 
1 6 17 69 71 72 75 77 92 100 119 130 141 143 149 154 161 170 172 173 177 193 
2 4 13 20 21 30 31 34 41 49 54 56 60 63 73 89 90 94 98 110 113 124 125 126 136 140 152 164 180 186 191 
1 8 11 28 40 58 69 71 74 75 76 77 80 85 86 91 129 130 156 177 192 194 
1 17 23 62 69 71 72 74 75 77 85 86 92 100 119 130 131 141 149 150 154 161 170 172 173 177 
1 8 11 28 29 40 55 58 59 68 71 74 76 77 82 86 91 122 142 156 174 181 192 
1 8 11 40 58 69 71 72 74 75 76 77 85 86 91 129 130 141 149 154 156 177 194 
5 9 15 32 36 43 45 61 78 107 108 116 117 127 147 160 179 183 188 196 
0 5 6 12 15 26 32 51 61 79 83 92 100 102 116 119 123 139 143 147 154 161 165 170 172 173 175 179 183 188 190 193 
24 28 29 40 58 74 80 82 86 91 104 105 129 156 174 182 192 194 
14 19 36 37 38 42 46 52 81 93 132 148 167 
24 28 29 40 58 59 65 76 80 82 91 104 105 109 134 142 144 156 159 166 174 182 192 
0 6 12 15 26 48 51 61 79 83 92 100 102 116 119 123 139 143 154 161 165 172 173 175 179 190 193 
3 16 22 25 30 34 44 48 84 99 114 120 137 145 157 169 171 199 
17 23 62 69 71 74 75 77 85 86 129 130 141 149 150 177 194 
1 11 28 40 58 69 71 74 75 76 77 80 85 86 91 129 130 149 156 177 194 
3 22 25 47 50 64 87 95 96 114 118 137 153 163 171 187 189 
18 21 27 55 57 59 66 88 94 101 104 106 113 122 135 138 142 144 158 159 162 166 176 192 197 
18 20 21 30 41 54 56 57 63 66 73 89 90 94 106 110 113 124 135 136 138 157 162 164 176 186 191 197 
20 31 41 54 56 57 63 73 89 90 94 98 106 110 113 124 125 136 164 186 
11 28 29 40 58 74 76 77 80 82 86 91 104 105 129 156 174 182 192 194 
0 1 6 16 48 68 71 72 75 79 83 92 100 119 139 143 154 161 170 172 173 175 177 181 190 193 
14 19 36 37 38 42 46 52 81 93 132 148 167 
18 20 21 27 30 54 55 57 63 66 73 88 89 90 94 106 110 113 122 135 136 138 157 162 176 186 191 197 
3 13 22 25 34 44 50 64 87 95 99 114 120 137 140 146 153 171 187 189 199 
33 47 87 96 118 128 163 184 187 198 
5 47 51 97 112 115 121 123 128 151 153 160 163 165 168 178 185 187 188 
2 20 31 41 54 56 60 63 73 90 98 110 124 125 126 152 164 180 186 
3 4 13 20 22 25 30 34 44 49 50 53 54 84 95 99 114 120 126 137 140 145 146 164 171 180 189 199 
1 6 17 26 71 72 75 79 83 92 100 119 130 139 141 143 154 161 170 172 173 177 181 193 
18 27 55 57 59 66 88 101 106 113 135 136 142 144 158 159 162 166 
0 5 6 9 12 15 26 32 51 61 79 83 102 116 119 123 127 147 161 165 173 175 178 179 183 188 190 193 
2 13 49 53 60 67 103 111 140 146 152 180 195 
24 27 28 29 40 59 65 80 82 88 91 104 105 109 134 142 144 156 158 159 166 174 182 192 
24 28 29 40 58 59 65 80 82 91 104 105 109 134 144 156 159 166 174 182 192 
18 21 27 55 57 59 63 66 88 89 90 94 101 106 110 113 135 136 138 142 158 162 176 191 197 
9 15 32 36 43 45 61 78 107 108 117 127 147 179 183 196 
14 15 19 26 32 36 37 38 42 43 45 46 52 61 78 107 108 131 132 147 161 179 183 196 
24 29 65 82 104 105 109 134 144 159 166 174 182 
18 20 21 31 41 56 57 63 73 89 90 94 98 106 110 113 136 162 176 186 191 
2 53 60 67 103 111 125 152 180 195 
0 12 22 25 47 48 51 97 112 114 115 121 123 151 153 165 175 178 187 190 
18 20 21 27 30 41 54 55 56 57 63 66 73 88 89 90 94 101 106 110 113 135 136 138 162 176 186 191 197 
3 22 25 34 44 48 50 84 87 95 99 112 114 120 137 145 153 171 187 189 199 
47 70 97 112 115 121 123 128 151 155 160 163 165 168 178 185 187 
0 5 6 9 12 15 26 32 43 51 61 78 79 83 102 116 123 127 147 160 161 165 173 175 178 179 183 188 190 193 
5 9 43 45 61 78 107 117 127 147 155 160 168 183 185 188 196 
33 47 87 96 118 128 163 184 187 198 
0 1 6 26 48 71 72 75 79 83 92 100 102 119 139 141 143 154 161 170 172 173 175 177 181 190 193 
3 4 13 22 25 30 34 44 49 50 64 84 95 99 114 120 126 137 140 145 146 153 171 189 199 
47 51 70 97 112 115 121 123 128 151 153 160 163 165 168 178 185 187 
1 8 16 21 27 55 59 66 68 76 88 94 122 135 138 142 157 169 176 181 191 192 197 
0 5 9 12 15 26 51 61 79 83 97 102 112 115 116 121 123 151 160 165 168 175 178 179 183 185 188 190 
2 4 13 20 30 31 34 41 49 53 54 56 60 63 73 89 90 98 124 125 126 140 152 164 180 186 191 
2 20 31 41 53 54 56 60 67 73 90 98 111 124 125 126 152 164 180 186 
2 3 4 13 20 30 31 34 41 44 49 53 54 60 63 73 98 99 120 124 125 126 140 146 152 164 180 186 191 199 
5 9 15 32 36 43 45 61 78 102 107 116 117 127 147 160 179 183 188 196 
7 10 33 35 39 47 70 96 97 115 118 121 128 133 151 163 184 185 
40 58 69 74 77 80 85 86 91 129 194 
1 17 23 62 69 71 72 74 75 77 85 86 100 130 141 149 154 170 172 177 
17 23 32 38 42 46 52 62 75 108 131 132 141 148 150 161 167 170 
14 19 23 32 36 37 38 42 46 52 62 81 93 108 131 132 148 150 167 
7 10 33 35 39 70 128 133 184 
24 28 29 59 65 82 104 105 109 134 144 159 166 174 182 192 
8 16 18 21 27 55 59 66 68 88 89 94 101 106 113 122 135 138 142 157 158 162 166 176 191 192 197 
18 20 21 30 41 54 56 57 63 66 73 89 90 94 101 106 110 113 136 138 162 176 186 191 
3 4 13 22 25 34 44 50 64 84 87 95 99 114 120 137 140 145 146 153 171 187 189 199 
16 21 27 30 55 63 66 68 88 89 94 106 113 122 135 136 138 142 157 169 176 186 191 197 
0 1 6 16 48 51 68 79 83 92 100 119 139 143 154 169 172 173 175 181 190 193 
2 3 4 13 20 25 30 34 44 49 50 53 54 64 73 95 99 103 120 124 126 137 140 146 152 164 171 180 186 189 195 199 
17 23 62 69 71 72 75 77 85 100 119 130 131 141 149 150 154 161 170 172 173 177 
8 18 21 27 28 29 55 59 66 76 82 88 101 104 106 122 135 138 142 144 156 158 159 162 166 174 176 192 197 
0 1 6 16 48 68 71 72 79 83 92 100 119 139 143 154 161 169 170 172 173 175 177 181 190 193 
24 27 28 29 55 59 65 66 82 88 101 104 105 109 134 142 144 156 158 159 166 174 182 192 
16 22 25 30 34 44 48 84 99 114 120 137 145 157 169 171 199 
2 3 4 13 25 34 44 49 50 53 64 95 99 103 120 126 137 140 146 152 171 180 189 195 198 199 
5 9 12 15 26 32 36 43 45 61 78 79 102 107 108 116 117 127 147 179 183 188 196 
14 19 23 37 38 42 46 52 62 81 93 131 132 148 150 167 
17 23 62 69 71 72 75 77 85 86 130 141 149 150 154 170 177 
17 23 42 52 62 69 75 85 131 132 141 148 149 150 167 
5 47 51 70 97 112 115 121 123 128 151 155 160 163 165 168 178 185 188 
2 4 13 20 31 34 49 53 54 60 67 73 98 103 111 124 125 126 140 146 152 164 180 195 
3 22 25 47 48 87 95 97 112 114 120 121 137 153 163 171 187 190 199 
1 6 17 69 71 72 75 77 79 83 92 100 119 130 139 141 143 149 154 161 170 172 173 177 181 193 
5 9 70 115 117 151 155 160 168 185 188 
1 8 11 28 29 40 55 58 59 74 76 77 80 82 86 91 104 105 142 144 156 159 166 174 182 192 194 
8 16 21 30 55 68 84 89 94 122 135 138 145 157 169 176 181 191 197 
18 27 55 57 59 65 66 88 101 104 106 135 142 144 158 159 162 166 
18 27 28 29 55 59 65 66 82 88 101 104 105 109 134 142 144 156 158 159 166 174 182 192 
