150
75
8

0 23 38 41 80 87 139 
1 31 49 94 119 134 
2 6 
3 40 47 48 109 122 126 128 135 144 
4 75 89 105 111 116 
5 18 45 56 70 89 
2 6 51 123 125 142 
7 13 67 104 121 130 
8 16 22 54 62 96 107 120 131 
9 52 64 90 103 
10 50 132 
11 36 42 77 78 118 
12 69 71 141 
7 13 67 104 106 121 130 
14 26 55 76 84 99 101 
15 48 122 127 128 135 
8 16 22 54 62 68 96 131 
17 39 86 99 133 148 
5 18 45 93 110 
19 42 80 87 118 121 
20 
21 25 66 72 88 137 
8 16 22 54 62 96 131 
0 23 33 41 85 98 121 
24 28 83 88 95 100 138 
21 25 28 75 83 88 
14 26 27 55 76 84 101 
26 27 59 63 
24 25 28 75 83 88 95 100 
29 101 104 106 130 
30 145 146 
1 31 49 92 
32 140 
23 33 41 65 85 98 129 148 
34 52 57 103 117 
35 74 143 
11 36 42 77 78 
37 70 105 113 115 149 
0 38 41 65 85 98 139 
17 39 86 133 
3 40 47 96 122 126 131 135 144 
0 23 33 38 41 65 85 98 129 139 148 
11 19 36 42 77 118 
43 91 
44 71 114 
5 18 45 56 82 97 136 
46 71 140 147 
3 40 47 53 96 126 131 144 
3 15 48 122 126 128 135 
1 31 49 92 
10 50 58 
6 51 123 125 142 
9 34 52 64 90 103 117 
47 53 96 
8 16 22 54 58 62 68 131 
14 26 55 76 84 99 101 106 
5 45 56 70 97 113 115 
34 57 72 112 
50 54 58 68 
27 59 63 79 
60 81 92 
61 108 
8 16 22 54 62 102 107 120 
27 59 63 79 101 
9 52 64 90 103 
33 38 41 65 85 98 129 139 
21 66 72 137 
7 13 67 104 112 121 130 
16 54 58 68 
12 69 71 109 
5 37 56 70 89 113 
12 44 46 69 71 
21 57 66 72 90 137 
73 124 
35 74 
