150
75
15

0 2 6 11 16 18 44 63 95 102 105 124 142 148 
1 15 17 21 22 29 47 51 53 62 82 88 90 92 108 120 130 131 137 138 
0 2 7 9 11 14 16 26 33 44 63 95 98 106 124 128 142 148 
3 4 31 41 45 68 119 122 127 134 136 
3 4 28 31 34 43 48 50 61 68 72 73 75 81 85 100 111 114 119 123 134 136 144 146 
5 46 48 50 52 53 66 72 78 100 107 112 135 137 140 144 
0 6 11 18 57 60 63 102 105 145 
2 7 9 26 33 44 56 58 87 89 98 106 118 124 128 
8 39 46 71 76 80 86 91 94 97 135 140 
2 7 9 16 26 33 44 56 58 87 89 95 98 106 118 124 128 148 
10 40 41 45 77 80 97 122 127 
0 2 6 11 16 18 26 44 63 95 102 105 124 133 145 148 
12 23 64 69 70 74 96 99 104 116 117 139 
13 30 32 67 79 110 126 143 
2 14 16 26 33 34 43 61 63 73 82 85 111 123 124 128 133 146 148 
1 15 17 21 22 29 47 51 53 62 82 88 92 120 130 131 133 138 145 
0 2 9 11 14 16 26 33 43 44 63 73 95 124 128 133 148 
1 15 17 21 22 29 47 51 53 55 62 88 90 92 108 113 120 130 131 138 149 
0 6 11 18 57 60 102 105 
19 24 27 44 59 87 98 106 142 
20 32 51 55 57 60 65 93 103 126 131 145 
1 15 17 21 22 29 36 37 47 53 62 82 88 90 92 101 108 120 130 138 149 
1 15 17 21 22 29 47 51 53 55 62 82 88 90 92 120 130 131 133 138 145 
12 23 35 64 74 96 104 116 139 147 
19 24 27 44 59 87 98 106 118 142 
25 49 54 55 65 83 103 109 113 115 121 125 132 149 
2 7 9 11 14 16 26 33 43 44 58 63 73 89 95 98 106 118 123 124 128 148 
19 24 27 44 59 95 106 142 
4 28 31 34 43 48 50 61 68 72 73 81 85 100 111 114 123 134 136 137 144 146 
1 15 17 21 22 29 47 51 53 55 62 82 88 90 92 108 120 130 131 137 138 
13 30 32 67 79 110 126 129 143 
3 4 28 31 34 39 45 46 48 50 61 68 72 81 100 111 114 119 123 134 136 144 146 
13 20 30 32 55 60 65 67 79 93 103 110 121 126 129 143 
2 7 9 14 16 26 33 43 44 56 58 73 87 89 95 98 106 118 123 124 128 148 
4 14 28 31 34 43 50 61 68 73 81 82 85 100 111 114 123 128 133 137 146 
23 35 36 38 42 54 64 70 84 96 99 104 116 141 147 
21 35 36 37 38 42 54 70 84 88 90 96 99 101 108 109 113 130 132 141 149 
21 36 37 52 53 66 69 70 78 88 90 99 101 107 108 112 117 130 
35 36 38 42 54 84 96 116 132 141 147 
8 31 39 40 41 45 46 48 71 72 77 80 86 91 94 97 114 122 127 135 136 144 
10 39 40 41 45 71 77 80 86 91 97 122 127 135 
3 10 39 40 41 45 77 97 122 127 134 
35 36 38 42 49 54 70 84 96 132 141 147 149 
4 14 16 26 28 33 34 43 50 56 61 68 73 75 81 85 111 123 124 128 133 146 
0 2 7 9 11 16 19 24 26 27 33 44 59 87 95 98 106 118 124 142 148 
3 10 31 39 40 41 45 68 77 97 122 127 134 136 
5 8 31 39 46 48 71 72 78 80 86 91 94 97 114 135 136 140 144 
1 15 17 21 22 29 47 51 55 62 88 90 92 108 109 113 120 130 131 138 149 
4 5 28 31 39 46 48 50 71 72 78 81 100 107 111 114 135 136 137 140 144 146 
25 42 49 54 83 84 109 113 115 121 125 132 149 
4 5 28 31 34 43 48 50 61 68 72 73 81 82 85 100 111 114 123 136 137 144 146 
1 15 17 20 22 29 47 51 55 57 88 92 93 120 131 138 145 
5 37 52 53 66 69 70 76 78 99 101 107 112 117 140 
1 5 15 17 21 22 29 37 52 53 61 62 66 78 82 85 88 90 92 100 101 107 120 130 137 138 
25 35 36 38 42 49 54 84 109 113 115 132 141 147 149 
17 20 22 25 29 32 47 51 55 65 88 93 103 109 113 120 131 
7 9 33 43 56 58 73 75 89 119 123 128 
6 18 20 51 57 60 93 105 126 131 145 
7 9 26 33 56 58 75 89 118 119 123 128 
19 24 27 44 59 87 95 98 106 142 
6 18 20 32 57 60 93 126 145 
4 14 28 31 34 43 50 53 61 62 73 81 82 85 100 111 114 123 133 137 144 146 
1 15 17 21 22 29 47 53 61 62 66 82 85 88 90 92 100 107 120 130 133 137 138 
0 2 6 11 14 16 26 63 95 102 105 124 133 145 148 
12 23 35 64 69 70 74 96 99 104 116 117 139 141 
20 25 32 55 65 79 83 93 103 109 110 113 115 121 125 129 143 
5 37 52 53 62 66 69 78 100 101 107 112 117 130 137 140 144 
13 30 32 67 79 110 126 129 143 
3 4 28 31 34 43 45 50 68 73 75 81 111 114 119 123 134 136 146 
12 37 52 64 66 69 70 96 99 101 112 117 141 
12 35 36 37 42 52 64 69 70 84 96 99 101 108 112 116 117 141 
8 39 40 46 48 71 72 80 86 91 94 97 135 136 140 144 
4 5 28 31 39 46 48 50 71 72 78 94 100 107 114 135 136 140 144 
4 14 16 26 28 33 34 43 50 56 61 68 73 75 81 85 111 114 123 128 146 
12 23 64 74 96 104 116 139 
