150
75
8

0 14 143 
1 94 
2 23 33 35 51 71 101 109 
3 62 89 94 134 
4 37 60 83 87 88 
5 31 38 111 
6 41 
7 84 93 119 
8 101 138 
9 40 102 
10 21 46 55 62 99 
11 
12 16 61 
13 14 50 85 146 
0 13 14 143 145 146 
15 104 117 
12 16 61 
17 39 148 
18 43 
19 72 84 93 
20 69 70 73 141 
10 21 46 55 99 144 
22 
2 23 33 35 51 63 71 
24 43 72 79 84 136 
25 47 48 66 132 147 
26 79 80 86 90 92 96 116 
27 32 48 66 
28 77 108 123 131 
29 139 141 
30 74 104 110 118 
5 31 61 111 
27 32 48 66 
2 23 33 35 63 101 
34 47 57 58 59 132 147 
2 23 33 35 51 71 106 109 121 
36 52 54 87 88 
4 37 83 
5 38 49 113 114 122 
17 39 148 
9 40 64 81 102 119 149 
6 41 127 
42 117 135 142 
18 24 43 72 84 
44 91 99 134 
45 75 95 97 120 129 135 
10 21 46 55 62 
25 34 47 57 58 59 132 147 
25 27 32 48 66 132 
38 49 113 114 115 
13 50 85 146 
2 23 35 51 71 109 121 
36 52 54 87 
53 82 91 99 144 
36 52 54 60 78 87 88 
10 21 46 55 62 99 
56 64 81 105 112 
34 47 57 58 59 98 132 147 
34 47 57 58 59 98 132 147 
34 47 57 58 59 148 
4 54 60 83 87 88 
12 16 31 61 
3 10 46 55 62 89 134 
23 33 63 
40 56 64 81 105 112 149 
65 122 126 133 137 140 
25 27 32 48 66 132 
67 124 133 140 
68 76 100 103 107 128 130 
20 69 70 73 103 
20 69 70 73 76 103 
2 23 35 51 71 109 121 
19 24 43 72 84 136 
20 69 70 73 141 
30 74 104 117 118 125 
