200
100
10

0 57 62 173 186 
1 23 44 45 95 100 120 192 
2 14 94 109 141 176 
3 14 20 33 55 80 85 99 111 136 138 167 
4 43 51 96 118 151 163 
5 8 24 26 39 140 149 194 
6 41 50 64 65 71 107 155 
7 53 110 156 159 
5 8 41 76 128 140 149 178 189 194 
9 30 55 198 
10 60 115 125 127 129 162 177 
11 17 29 199 
12 63 95 112 119 147 179 
13 66 68 98 113 
2 3 14 20 30 33 85 109 111 141 
15 32 37 103 157 193 
16 42 108 113 
11 17 29 199 
18 58 77 93 102 160 180 185 
19 146 196 
3 14 20 30 33 55 80 85 99 111 136 138 141 167 
21 50 65 70 
22 35 43 151 188 
1 23 44 82 100 106 120 192 
5 24 26 39 76 101 186 194 
25 38 72 
5 24 26 39 101 142 186 
27 31 50 65 81 124 174 187 190 
28 114 
11 17 29 35 199 
9 14 20 30 55 99 111 138 141 
27 31 65 105 158 174 183 187 
15 32 37 104 157 
3 14 20 33 80 85 109 111 167 
34 142 170 
22 29 35 151 188 199 
36 122 164 168 
15 32 37 83 103 157 193 195 
25 38 72 73 83 134 145 152 195 
5 24 26 39 52 101 186 194 
40 69 88 121 137 158 181 
6 8 41 64 78 140 153 155 175 189 
16 42 
4 22 43 51 96 151 188 
1 23 44 95 106 120 192 
1 45 74 100 120 192 
46 48 102 172 
47 92 126 143 161 197 
46 48 53 77 156 159 172 
49 63 108 
6 21 27 50 65 
4 43 51 96 118 
39 52 133 194 
7 48 53 77 156 159 
54 61 67 71 91 131 154 183 
3 9 20 30 55 80 99 111 136 138 167 182 191 
56 59 106 139 166 
0 57 173 
18 58 93 160 180 185 
56 59 106 139 148 166 175 
10 60 115 125 127 129 162 177 
54 61 67 91 105 117 146 154 196 
0 62 87 101 173 186 
12 49 63 119 147 165 169 
6 41 64 71 78 107 131 148 153 155 175 
6 21 27 31 50 65 
13 66 68 98 113 
54 61 67 91 117 131 146 154 196 
13 66 68 98 113 
40 69 105 122 158 168 181 
21 70 178 
6 54 64 71 107 131 
25 38 72 83 145 152 195 
38 73 134 145 195 
45 74 123 147 
75 84 86 116 150 171 
8 24 76 78 89 97 153 194 
18 48 53 77 102 180 185 
41 64 76 78 89 97 140 153 155 175 
79 92 132 135 161 184 
3 20 33 55 80 99 111 136 138 167 182 191 
27 81 122 124 164 168 187 190 
23 82 100 106 146 192 
37 38 72 83 103 134 145 152 193 195 
75 84 86 144 171 
3 14 20 33 85 109 111 141 176 
75 84 86 116 150 171 
62 87 101 
40 88 137 
76 78 89 97 153 175 
90 188 
54 61 67 91 105 117 146 154 183 196 
47 79 92 143 161 197 
18 58 93 160 185 
2 94 109 176 
1 12 44 95 130 179 
4 43 51 96 151 188 
76 78 89 97 153 175 
13 66 68 98 129 
3 20 30 55 80 99 111 136 138 167 182 191 
