150
75
8

0 2 4 11 12 20 21 27 28 31 34 37 41 45 53 63 64 67 77 90 91 97 100 107 111 125 133 140 
1 5 6 10 31 35 40 52 58 69 72 75 82 84 86 112 119 139 
0 2 11 12 20 27 28 34 37 41 45 47 48 67 89 97 99 100 111 121 125 143 
3 13 23 24 39 51 56 57 74 78 122 130 137 148 149 
0 4 5 7 21 25 28 31 45 53 54 63 64 67 68 77 90 91 95 100 101 104 108 112 126 133 
1 4 5 7 10 18 21 31 35 53 58 63 64 72 75 77 84 90 91 95 104 108 112 133 139 
1 6 9 18 30 35 40 58 61 69 72 73 75 82 102 
4 5 7 10 18 21 31 35 53 63 64 68 75 77 90 91 95 104 108 112 133 139 
8 26 52 59 79 81 98 120 138 
6 9 30 36 40 61 69 73 76 102 106 117 
1 5 7 10 18 21 31 35 40 52 53 58 63 72 75 82 84 86 90 95 107 112 133 139 140 
0 2 11 12 20 27 28 34 37 41 45 47 48 67 89 97 99 100 111 121 125 143 
0 2 11 12 20 27 28 34 41 45 47 48 63 64 67 77 100 101 111 121 125 
3 13 17 23 24 37 39 51 57 74 78 92 97 122 130 137 148 
14 20 46 55 60 101 142 145 
15 17 51 52 65 86 92 97 107 120 125 138 140 148 
16 19 38 49 62 80 83 85 87 103 105 109 116 123 132 147 
13 15 17 51 52 65 86 92 97 120 130 138 140 148 
5 6 7 10 18 21 30 31 35 53 58 63 72 75 77 90 91 95 104 105 108 109 112 133 139 
16 19 29 33 49 62 66 71 80 85 103 104 105 108 109 123 126 132 147 
0 2 11 12 14 20 27 28 34 45 47 48 55 60 99 100 101 111 121 142 145 
0 4 5 7 10 18 21 28 31 45 53 63 64 67 75 77 84 90 91 95 100 107 112 125 133 139 140 
22 32 39 43 56 74 149 
3 13 23 24 39 56 57 74 78 122 130 137 
3 13 23 24 37 39 41 51 57 78 97 122 130 137 143 
4 25 28 29 33 46 54 55 64 66 68 77 90 91 95 101 104 108 126 133 142 
8 26 79 81 98 120 138 
0 2 11 12 20 27 28 34 41 45 47 48 67 89 99 100 111 121 143 
0 2 4 11 12 20 21 25 27 28 34 45 53 55 63 64 67 77 90 91 100 101 111 121 133 
19 25 29 33 54 62 66 68 71 80 85 103 104 105 108 109 123 126 132 
6 9 18 30 35 40 58 61 69 72 73 75 82 102 112 
0 1 4 5 7 10 18 21 31 35 53 58 63 64 67 72 75 77 84 90 91 95 104 107 108 112 133 139 140 
22 32 94 149 
19 25 29 33 54 62 66 68 71 85 103 104 126 
0 2 11 12 20 27 28 34 37 41 45 47 48 67 89 97 99 100 111 121 125 143 
1 5 6 7 10 18 30 31 35 40 58 69 72 75 82 84 102 112 119 139 
9 36 76 88 96 106 113 117 141 
0 2 11 13 24 34 37 41 45 51 57 67 97 100 107 125 137 140 143 
16 38 49 61 80 83 87 116 123 129 132 135 136 147 
3 13 22 23 24 39 56 57 74 78 122 130 137 148 149 
1 6 9 10 30 35 40 58 69 72 75 76 82 84 102 119 
0 2 11 12 24 27 34 37 41 45 47 57 67 89 97 99 100 111 121 125 137 143 
42 44 50 70 88 93 96 110 113 118 134 144 146 
22 43 56 74 149 
42 44 59 70 76 81 88 93 96 106 110 113 114 115 118 127 128 131 134 141 144 146 
0 2 4 11 12 20 21 27 28 34 37 41 45 47 53 63 64 67 77 90 97 100 107 111 121 125 133 
14 25 46 54 55 60 68 101 142 
2 11 12 20 27 34 41 45 47 48 89 99 100 111 121 143 
2 11 12 20 27 34 47 48 89 99 111 121 124 143 145 
16 19 38 49 61 62 73 80 87 103 105 109 123 129 132 135 136 147 
42 50 70 88 93 96 110 113 118 134 144 146 
3 13 15 17 24 37 51 57 65 92 97 122 125 130 137 140 148 
1 8 10 15 17 52 58 65 79 82 84 86 98 119 138 139 140 
0 4 5 7 10 18 21 28 31 45 53 63 64 67 75 77 84 90 91 95 100 104 107 108 112 133 139 
4 25 29 33 46 54 66 68 91 101 104 108 126 
14 20 25 28 46 55 60 101 142 145 
3 22 23 39 43 56 74 78 122 149 
3 13 23 24 37 39 41 51 57 78 97 122 130 137 148 
1 5 6 10 18 30 31 35 40 52 58 69 72 75 82 84 86 112 119 139 
8 44 59 76 79 81 98 114 115 118 119 127 128 131 138 141 146 
14 20 46 55 60 101 142 145 
6 9 30 38 49 61 69 73 102 117 129 135 136 
16 19 29 33 49 62 66 71 80 85 103 104 105 108 109 123 126 132 
0 4 5 7 10 12 18 21 28 31 45 53 63 64 67 75 77 90 91 95 100 104 107 108 112 125 133 139 140 
0 4 5 7 12 21 25 28 31 45 53 63 64 67 68 77 90 91 95 100 101 104 107 108 112 133 139 
15 17 51 52 65 86 92 97 107 120 125 130 138 140 148 
19 25 29 33 54 62 66 68 71 103 104 108 126 
0 2 4 11 12 21 27 28 31 34 37 41 45 53 63 64 67 77 90 97 100 107 111 125 133 140 
4 7 25 29 33 46 54 64 66 68 77 90 91 95 101 104 108 126 133 
1 6 9 30 35 40 58 61 69 72 73 75 76 82 102 106 119 
42 44 50 70 81 88 93 110 114 115 118 127 128 131 134 144 146 
19 29 33 62 66 71 80 85 103 105 109 123 126 132 
1 5 6 10 18 30 31 35 40 58 69 72 75 82 84 102 112 119 139 
6 9 30 49 61 69 73 102 117 129 135 136 
3 13 22 23 39 43 56 74 78 122 130 149 
