100
80
8

0 10 19 21 33 36 40 45 58 72 89 92 93 98 99 
1 4 44 48 52 53 63 66 71 78 95 
2 8 22 25 30 32 38 57 76 
3 5 6 20 35 41 47 49 59 85 97 
1 4 46 47 53 63 66 71 77 78 95 
3 5 20 35 41 47 49 59 77 85 97 
3 6 20 35 41 49 59 67 74 80 85 86 94 97 
7 9 11 13 18 29 43 50 68 84 90 
2 8 17 22 25 30 32 34 38 57 76 
7 9 11 13 18 23 29 42 43 50 84 87 90 
0 10 19 55 79 92 93 
7 9 11 13 18 23 50 68 84 90 
12 24 37 61 62 69 70 81 82 96 
7 9 11 13 29 34 43 50 68 84 90 
14 15 16 21 27 28 33 36 40 44 56 58 64 89 91 99 
14 15 16 27 28 31 51 56 65 83 88 91 
14 15 16 27 28 56 64 65 88 91 
8 17 22 32 34 38 68 76 
7 9 11 18 23 90 
0 10 19 55 69 79 92 93 
3 5 6 20 35 41 47 49 59 85 88 94 97 
0 14 21 27 28 33 36 40 45 58 60 72 89 91 92 98 99 
2 8 17 22 25 30 32 38 57 76 
9 11 18 23 42 73 74 80 86 87 90 94 
12 24 36 37 60 61 69 83 96 
2 8 22 25 30 32 38 57 76 
26 31 39 42 51 54 59 87 
14 15 16 21 27 28 33 36 40 58 60 83 89 91 99 
14 15 16 21 27 28 33 36 40 56 58 65 83 88 89 91 99 
7 9 13 29 34 43 50 68 84 
2 8 22 25 30 32 38 57 75 76 82 
15 26 31 39 51 54 83 87 
2 8 17 22 25 30 32 38 57 76 
0 14 21 27 28 33 36 40 45 58 60 72 89 91 92 98 99 
8 13 17 29 34 38 68 76 84 
3 5 6 20 35 41 47 49 59 85 88 97 
0 14 21 24 27 28 33 36 40 58 60 83 89 91 92 99 
12 24 37 51 62 81 83 96 
2 8 17 22 25 30 32 34 38 57 76 
26 31 39 42 43 51 54 87 
0 14 21 27 28 33 36 40 45 58 60 72 89 91 92 93 98 99 
3 5 6 20 35 41 49 59 67 74 85 86 94 97 
9 23 26 39 42 43 54 74 86 87 94 
7 9 13 29 39 42 43 50 54 87 
1 14 44 48 52 56 64 71 89 
0 21 33 40 45 58 72 89 92 93 98 99 
4 46 47 53 63 66 77 78 95 
3 4 5 20 35 46 47 49 53 66 77 78 
1 44 48 52 53 56 63 64 66 71 78 
3 5 6 20 35 41 47 49 59 85 94 97 
7 9 11 13 29 43 50 68 84 87 90 
15 26 31 37 39 51 54 83 91 
1 44 48 52 71 
1 4 46 47 48 53 56 63 64 65 66 77 78 88 
26 31 39 42 43 51 54 59 86 87 
10 19 55 61 69 
14 15 16 28 44 48 53 56 64 65 66 88 
2 8 22 25 30 32 38 57 76 
0 14 21 27 28 33 36 40 45 58 60 72 89 91 92 98 99 
3 5 6 20 26 35 41 49 54 59 65 85 86 88 94 97 
21 24 27 33 36 40 58 60 61 83 91 92 96 99 
12 24 55 60 61 69 96 
12 37 62 81 82 96 
1 4 46 48 53 63 66 71 77 78 95 
14 16 44 48 53 56 64 65 66 78 88 
15 16 28 53 56 59 64 65 66 88 
1 4 46 47 48 53 56 63 64 65 66 71 77 78 
6 41 67 73 74 80 85 86 94 
7 11 13 17 29 34 50 68 84 
12 19 24 55 61 69 96 
12 70 75 81 82 
1 4 44 48 52 63 66 71 78 95 
0 21 33 40 45 58 72 89 93 98 99 
23 67 73 74 80 86 94 
6 23 41 42 67 73 74 80 85 86 94 
30 70 75 81 82 
2 8 17 22 25 30 32 34 38 57 76 
4 5 46 47 53 63 66 77 78 95 
1 4 46 47 48 53 63 64 66 71 77 78 95 
10 19 79 93 
