150
75
8

0 3 23 34 71 104 148 
1 20 37 39 49 62 63 74 140 145 
2 61 86 100 124 128 133 
0 3 23 112 148 
4 126 132 
5 59 72 80 116 
6 12 22 95 141 
7 13 44 97 
8 30 42 
9 26 105 109 142 
10 42 
11 64 76 120 125 
6 12 22 53 88 95 
7 13 44 97 107 113 
14 22 53 78 81 108 110 120 129 139 
15 43 84 86 94 103 137 
16 66 127 
17 61 91 93 130 
18 131 
19 32 77 119 
1 20 27 37 39 49 62 63 74 140 
21 89 146 
6 12 14 22 38 53 81 108 110 129 
0 3 23 34 148 
24 56 67 69 102 115 
25 46 58 96 108 110 129 144 147 
9 26 68 105 
20 27 32 109 140 142 
28 51 82 101 122 
29 55 90 118 
8 30 42 142 
31 90 111 
19 27 32 77 109 119 140 
33 48 52 99 132 141 
0 23 34 41 54 104 148 
35 67 69 70 71 102 
36 59 80 126 132 134 
1 20 37 39 62 63 74 
22 38 53 81 
1 20 37 39 62 63 74 140 
40 112 117 
34 41 54 79 98 
8 10 30 42 
15 43 86 94 100 103 
7 13 44 85 97 
45 60 83 87 
25 46 58 96 144 147 
47 66 127 
33 48 52 92 99 132 
1 20 49 68 105 135 136 
50 56 75 
28 51 82 101 121 122 145 
33 48 52 92 99 114 132 
12 14 22 38 53 81 
34 41 54 79 
29 55 
24 50 56 75 102 115 
57 112 
25 46 58 96 110 144 147 
5 36 59 72 80 116 
45 60 79 
2 17 61 91 93 130 138 
1 20 37 39 62 63 74 
1 20 37 39 62 63 74 101 121 145 
11 64 76 78 120 125 139 
65 143 
16 47 66 127 
24 35 67 69 70 102 
26 49 68 105 135 136 
24 35 67 69 102 
35 67 70 71 102 104 
0 35 70 71 104 
5 59 72 106 116 134 
73 82 101 121 123 135 136 145 149 
1 20 37 39 62 63 74 140 145 
