150
75
15

0 2 8 12 22 30 42 49 57 60 62 66 67 79 88 89 91 92 95 108 110 112 144 145 148 
1 43 69 71 76 82 105 113 137 139 
0 2 8 11 12 25 30 31 35 49 57 60 62 66 67 72 79 89 93 95 99 109 110 112 116 131 143 145 
3 29 37 48 68 80 81 84 98 100 121 124 128 133 
4 7 13 23 34 46 47 77 97 103 117 
5 6 24 37 48 52 64 68 80 81 96 111 124 133 
5 6 24 52 64 90 96 111 130 
4 7 13 15 23 34 44 46 47 77 86 97 103 117 135 
0 2 8 30 31 49 57 60 62 66 67 79 89 91 93 95 99 110 112 143 144 145 148 
9 14 19 21 32 39 40 45 50 53 54 75 78 104 109 110 141 147 
10 33 55 69 84 87 98 101 102 118 119 120 125 127 132 137 139 
2 11 19 20 25 28 32 35 39 56 59 72 93 99 101 102 109 116 119 131 138 143 
0 2 12 14 22 30 36 40 49 53 54 62 66 73 74 89 91 92 95 99 104 108 110 112 144 145 147 
4 7 13 23 34 46 47 77 103 117 
9 12 14 19 21 36 38 40 45 50 53 54 58 63 65 73 74 75 104 107 110 141 146 147 
7 15 45 46 78 114 117 122 129 134 135 141 
16 18 24 29 46 48 51 61 68 90 96 100 106 114 121 122 128 129 130 134 135 140 149 
17 27 38 44 58 63 65 75 86 97 107 115 146 
16 18 24 29 46 48 61 68 90 96 100 106 114 129 130 134 135 140 149 
9 11 14 19 20 21 32 39 40 45 50 53 54 78 101 104 109 114 116 119 122 
11 19 20 25 32 35 39 56 59 72 99 101 102 109 116 119 125 131 138 
9 14 19 21 39 40 44 45 50 53 54 58 63 75 78 86 104 107 141 146 147 
0 12 22 30 36 49 53 62 66 73 74 89 91 92 95 104 108 110 112 144 145 147 
4 7 13 23 34 46 47 77 103 117 
5 6 16 18 24 37 48 61 64 68 80 81 90 96 100 106 111 121 124 128 129 130 133 134 140 149 
2 11 20 25 28 31 35 56 57 59 72 83 85 93 94 99 102 109 116 126 131 136 138 142 143 145 
26 33 55 70 87 105 120 132 139 
17 27 38 44 58 63 65 74 86 107 115 146 
11 25 28 31 35 41 56 59 71 72 83 85 93 94 116 126 127 131 136 138 142 143 
3 16 18 29 32 48 51 61 68 84 98 100 114 119 121 122 123 128 129 134 149 
0 2 8 12 22 30 49 57 60 62 66 67 79 89 91 92 95 108 110 112 143 144 145 148 
2 8 25 28 31 35 57 59 60 67 79 83 93 94 99 112 126 136 138 142 143 145 
9 11 19 20 29 32 39 51 78 101 102 109 114 116 119 122 123 
10 26 33 55 69 84 87 105 118 120 125 127 132 137 139 
4 7 13 23 34 47 77 97 103 
2 11 20 25 28 31 35 41 56 57 59 72 83 85 93 94 99 116 126 127 131 136 138 142 143 
12 14 22 36 53 65 73 74 92 95 108 144 147 
3 5 24 37 48 64 68 80 81 98 111 121 124 128 133 
14 17 27 38 44 45 53 54 58 63 65 73 74 75 86 107 115 141 146 147 
9 11 19 20 21 32 39 40 50 78 101 104 109 114 116 119 122 123 131 
9 12 14 19 21 39 40 45 50 53 54 58 73 74 75 78 104 107 109 110 141 147 
28 35 41 71 82 83 85 94 126 127 136 137 142 
0 42 88 91 92 108 144 148 
1 43 69 71 76 82 105 113 137 139 
7 17 21 27 38 44 45 58 63 75 77 86 97 107 115 117 141 146 
9 14 15 19 21 38 40 44 45 50 53 54 58 63 75 78 86 104 107 141 146 147 
4 7 13 15 16 18 23 46 47 103 106 114 117 134 135 140 
4 7 13 23 34 46 47 77 103 117 
3 5 16 18 24 29 37 48 61 64 68 80 81 90 96 98 100 106 111 121 124 128 129 130 133 134 149 
0 2 8 12 22 30 49 57 62 66 73 79 89 91 92 95 99 108 110 112 143 144 145 
9 14 19 21 39 40 45 50 53 54 58 63 75 78 86 104 107 141 147 
16 29 32 51 61 84 98 100 101 114 119 121 122 123 128 129 134 
5 6 52 64 80 111 
9 12 14 19 21 22 36 38 40 45 50 53 54 58 63 65 73 74 75 95 104 107 110 141 146 147 
9 12 14 19 21 38 40 45 50 53 54 58 63 65 73 74 75 78 104 107 141 146 147 
10 26 33 55 69 84 85 87 105 118 120 125 127 132 137 139 
11 20 25 28 35 56 59 72 85 93 94 99 101 102 109 116 118 125 127 131 136 138 142 143 
0 2 8 25 30 31 35 49 57 60 62 66 67 79 89 93 95 99 112 136 143 145 
14 17 21 27 38 40 44 45 50 53 54 58 63 65 74 75 86 97 104 107 115 141 146 147 
11 20 25 28 31 35 56 59 72 83 85 93 94 99 101 102 109 116 118 125 126 127 131 136 138 142 143 
0 2 8 30 31 57 60 62 67 79 93 112 143 145 
16 18 24 29 48 51 61 68 96 100 106 114 121 122 123 128 129 134 135 149 
0 2 8 12 22 30 49 57 60 62 66 67 79 89 91 92 93 95 99 108 110 112 143 144 145 148 
14 17 21 27 38 44 45 50 53 54 58 63 65 74 75 86 97 104 107 115 141 146 147 
5 6 24 37 48 52 64 68 80 81 96 111 124 133 
14 17 27 36 38 53 54 58 63 65 73 74 104 107 146 147 
0 2 8 12 22 30 49 57 62 66 67 79 89 91 92 95 99 108 110 112 144 145 148 
0 2 8 30 31 57 60 62 66 67 79 89 93 112 145 148 
3 5 16 18 24 29 37 48 61 64 68 80 81 96 98 100 106 111 121 124 128 129 133 149 
1 10 33 43 55 69 71 82 87 105 118 120 125 127 132 137 139 
26 70 
1 28 41 43 69 71 82 83 85 94 118 120 125 127 137 142 
2 11 20 25 28 35 56 59 72 85 93 99 101 102 109 116 131 136 138 142 143 
12 14 22 36 38 40 49 53 54 65 73 74 92 95 104 107 108 110 144 146 147 
12 14 22 27 36 38 40 53 54 58 63 65 73 74 92 104 107 146 147 
