150
75
15

0 12 82 
1 7 11 137 
2 62 65 129 
3 7 126 144 
4 6 23 38 132 
5 19 25 136 146 
4 6 23 26 73 85 105 109 132 
1 3 7 94 99 137 
8 13 53 74 77 108 
9 93 103 145 
10 28 36 54 58 65 107 127 129 134 
1 11 72 
0 12 37 66 76 82 139 
8 13 53 74 108 
14 92 
15 104 119 
16 48 56 70 71 83 84 123 135 
17 88 101 147 
18 86 90 92 97 125 130 
5 19 45 78 87 146 
20 110 143 149 
21 43 47 80 91 114 115 
22 95 110 141 
4 6 23 38 73 85 105 132 
24 25 61 75 81 102 138 
5 24 25 46 81 102 124 
6 26 88 105 109 
27 41 42 55 67 96 142 
10 28 54 127 134 140 
29 32 40 
30 64 98 148 
31 68 
29 32 40 122 
33 44 76 82 120 128 139 
34 62 65 140 
35 59 100 
10 36 54 58 79 149 
12 37 48 66 76 117 123 133 139 
4 23 38 132 
39 57 69 
29 32 40 
27 41 42 55 67 142 
27 41 42 55 67 142 
21 43 91 115 
33 44 76 117 120 128 139 
19 45 78 87 96 120 
25 46 81 98 102 124 
21 47 114 118 
16 37 48 66 83 123 133 
49 131 
50 52 67 
51 84 93 106 118 
50 52 89 
8 13 53 111 116 
10 28 36 54 127 134 
27 41 42 55 67 142 
16 56 69 70 71 83 112 121 135 
39 57 69 
10 36 58 62 65 107 127 129 143 149 
35 59 
60 113 133 
24 61 75 81 104 119 137 138 
2 34 58 62 65 107 129 
63 
30 64 148 
2 10 34 58 62 65 107 127 129 140 
12 37 48 66 76 117 123 139 
27 41 42 50 55 67 142 
31 68 
39 56 57 69 112 121 
16 56 70 71 83 135 
16 56 70 71 83 84 135 
11 72 126 
6 23 73 85 105 132 
8 13 74 108 
