100
80
8

0 46 50 54 82 83 92 95 98 
1 5 6 26 32 55 90 91 96 
2 21 45 
3 4 38 58 89 
3 4 38 58 89 
1 5 6 19 20 25 26 29 30 55 67 68 81 84 90 93 
1 5 6 13 17 25 26 39 52 65 80 81 90 96 
7 23 36 39 40 41 44 47 48 59 61 64 72 75 88 99 
8 12 14 15 35 45 50 68 78 79 83 93 95 98 
9 19 20 30 32 55 66 68 
10 22 28 31 34 38 42 51 56 58 62 69 70 71 74 87 
11 17 23 39 40 47 48 57 61 96 
8 12 14 15 21 35 45 50 63 78 79 83 95 98 
6 13 22 25 26 29 33 46 52 62 65 67 71 81 84 86 92 
8 12 14 15 19 20 30 35 50 68 78 93 98 
8 12 14 15 20 35 50 68 78 83 93 95 98 
16 32 49 76 85 91 
6 11 17 23 26 39 40 44 47 48 52 57 61 64 65 80 90 96 
18 24 45 63 95 
5 9 14 19 20 30 32 55 67 68 81 93 
5 9 14 15 19 20 30 55 67 68 81 93 
2 12 21 24 45 78 79 
10 13 22 29 33 34 42 46 51 62 69 71 84 86 87 92 
7 11 17 23 36 39 40 44 47 48 59 61 64 72 75 80 
18 21 24 45 63 
5 6 13 25 26 29 30 33 52 55 65 67 81 84 90 96 
1 5 6 13 17 25 26 29 30 52 55 65 67 81 84 90 96 
27 28 43 51 60 74 
10 27 28 31 34 38 43 51 56 69 70 74 87 
5 13 22 25 26 29 30 33 46 52 62 67 71 81 84 92 
5 9 14 19 20 25 26 29 30 55 67 68 81 84 93 
10 28 31 38 51 56 58 70 74 87 
1 9 16 19 32 49 55 66 76 85 91 
13 22 25 29 33 46 52 62 71 81 84 86 92 
10 22 28 34 42 51 56 62 69 71 74 86 87 
8 12 14 15 35 45 50 78 79 82 83 93 95 98 
7 23 36 39 41 44 53 59 64 65 72 73 75 77 80 88 
37 41 53 73 99 
3 4 10 28 31 38 42 56 58 69 70 74 87 94 
6 7 11 17 23 36 39 40 44 47 48 52 59 61 64 65 72 75 80 88 96 
7 11 17 23 39 40 44 47 48 57 59 61 72 
7 36 37 41 44 53 59 64 72 73 75 77 88 99 
10 22 34 38 42 51 56 62 69 71 87 92 97 
27 28 43 51 60 74 
7 17 23 36 39 40 41 44 47 48 59 61 64 72 75 80 88 
2 8 12 18 21 24 35 45 63 78 79 95 
0 13 22 29 33 46 54 62 71 82 84 92 98 
7 11 17 23 39 40 44 47 48 57 59 61 64 72 75 96 
7 11 17 23 39 40 44 47 48 57 59 61 
16 32 49 76 85 91 
0 8 12 14 15 35 50 54 78 82 83 93 95 98 
10 22 27 28 31 34 42 43 51 56 62 69 70 74 87 
6 13 17 25 26 29 33 39 52 64 65 77 80 84 86 88 90 
36 37 41 53 60 64 73 75 77 88 
0 46 50 54 82 83 92 95 97 98 
1 5 9 19 20 25 26 30 32 55 67 68 81 93 
10 28 31 34 38 42 51 56 58 69 70 74 87 
11 17 40 47 48 57 61 90 96 
3 4 10 31 38 56 58 70 87 89 94 
7 23 36 39 40 41 44 47 48 59 61 64 72 75 99 
27 43 53 60 73 
7 11 17 23 39 40 44 47 48 57 59 61 72 96 
10 13 22 29 33 34 42 46 51 62 69 71 84 86 87 92 
12 18 24 45 63 83 95 
7 17 23 36 39 41 44 47 52 53 59 64 65 72 73 75 77 80 86 88 
6 13 17 25 26 36 39 52 64 65 77 80 86 88 90 
9 32 66 76 85 
5 13 19 20 25 26 29 30 55 67 68 81 84 93 98 
5 8 9 14 15 19 20 30 55 67 68 93 
10 22 28 34 38 42 51 56 62 69 71 87 92 97 
10 28 31 38 51 56 58 70 74 87 
10 13 22 29 33 34 42 46 62 69 71 84 86 87 92 
7 23 36 39 40 41 44 47 59 61 64 72 75 88 99 
36 37 41 53 60 64 73 75 77 88 
10 27 28 31 34 38 43 51 56 70 74 87 
7 23 36 39 41 44 47 53 59 64 72 73 75 77 80 88 
16 32 49 66 76 85 91 
36 41 52 53 64 65 73 75 77 80 86 88 
8 12 14 15 21 35 45 50 78 79 95 
8 12 21 35 45 78 79 
