100
50
5

0 3 12 47 48 
1 16 26 58 62 
2 27 
0 3 48 54 
4 47 
5 18 29 
6 19 66 89 
7 17 
8 11 13 71 
9 38 
10 20 39 46 87 
8 11 13 71 83 
0 12 48 54 
8 11 13 71 
14 15 40 46 82 88 
14 15 40 46 50 82 88 
1 16 58 78 
7 17 
5 18 
6 19 66 89 
10 20 39 51 64 
21 32 85 
22 25 29 
23 24 59 60 72 75 92 
23 24 42 60 92 
22 25 29 
1 26 73 93 
2 27 85 
28 86 95 
5 22 25 29 81 
30 53 78 
31 68 
21 32 41 57 98 
33 63 99 
34 67 79 
35 61 65 69 94 
36 
37 44 86 95 
9 38 45 
10 20 39 46 64 77 87 
14 15 40 46 77 82 87 
32 41 
24 42 56 60 84 90 97 
43 70 74 76 77 80 87 91 
37 44 86 95 
38 45 
10 14 15 39 40 46 82 87 
0 4 47 
0 3 12 48 52 54 55 
49 81 96 
