200
100
20

0 12 91 151 155 
1 112 128 183 187 189 
2 14 45 64 70 85 
3 10 130 181 184 188 
4 19 101 124 125 126 149 153 164 
5 10 83 130 158 181 188 
6 19 31 62 101 149 
7 16 27 56 73 184 191 
8 54 92 154 173 
9 62 89 106 
3 5 10 130 181 184 188 
11 13 53 72 78 100 134 159 176 
0 12 117 133 155 
11 13 78 120 134 
2 14 87 95 
15 40 81 141 154 180 
7 16 43 56 73 191 
17 65 
18 21 24 32 61 84 86 138 148 169 
4 6 19 26 31 62 101 126 149 153 
20 30 77 160 
18 21 24 84 138 148 185 
22 30 37 100 105 127 143 159 170 176 
23 37 79 105 132 170 198 
18 21 24 32 61 84 86 138 148 
25 32 47 50 102 129 138 179 182 185 
19 26 31 121 126 158 
7 27 56 117 155 184 191 
28 63 99 108 116 178 190 199 
29 107 113 152 
20 22 30 105 127 143 170 186 198 
6 19 26 31 121 126 158 
18 24 25 32 50 61 129 138 169 182 
33 137 195 
34 66 67 147 157 
35 70 87 142 167 
36 74 75 147 177 192 
22 23 37 79 100 105 170 176 198 
38 49 82 88 109 168 174 
39 48 95 135 163 
15 40 81 107 171 
41 44 111 118 136 
42 46 57 122 140 144 146 156 165 170 198 
16 43 56 191 
41 44 111 118 136 
2 45 64 70 85 175 
42 46 57 75 139 140 
25 47 50 71 102 114 129 182 
39 48 131 135 
38 49 80 82 88 109 168 174 
25 32 47 50 102 114 129 182 
51 90 103 104 110 112 132 183 197 
52 54 76 98 
11 53 71 72 100 114 127 159 176 
8 52 54 92 98 154 173 
55 63 93 116 141 180 
7 16 27 43 56 155 191 
42 46 57 79 122 140 144 146 156 165 170 198 
58 166 171 
59 68 69 119 161 172 179 193 
60 69 94 119 194 
18 24 32 61 86 129 138 148 169 182 
6 9 19 62 101 149 
28 55 63 93 99 108 116 141 180 
2 45 64 85 150 152 
17 65 
34 66 67 157 
34 66 67 157 
59 68 69 119 161 193 
59 60 68 69 94 119 161 172 193 
2 35 45 70 85 175 
47 53 71 72 102 114 
11 53 71 72 100 114 127 159 176 
7 16 73 
36 74 75 123 144 146 
36 46 74 75 139 144 192 
52 76 98 
20 77 115 
11 13 78 100 132 134 159 176 
23 37 57 79 105 156 170 198 
49 80 109 174 
15 40 81 
38 49 82 88 109 145 168 174 
5 83 158 
18 21 24 84 148 
2 45 64 70 85 152 
18 24 61 86 148 169 
14 35 87 95 142 167 
38 49 82 88 168 
9 89 106 
51 90 110 132 196 197 
0 91 151 155 181 
8 54 92 98 154 173 
55 63 93 99 108 116 141 180 
60 69 94 119 162 172 
14 39 87 95 
96 97 128 187 
96 97 
52 54 76 92 98 154 173 
28 63 93 99 108 116 141 180 190 199 
