150
120
12

0 4 25 28 50 60 62 74 89 105 107 120 123 130 147 
1 35 40 42 80 87 91 101 103 108 109 110 112 113 136 140 
2 38 41 43 46 48 53 56 58 61 63 69 72 102 117 
3 26 27 39 67 73 90 122 124 126 132 138 139 142 
0 4 25 28 39 62 74 85 89 107 115 120 123 130 
5 17 19 20 44 55 57 65 70 81 84 94 95 100 114 124 125 126 127 132 133 141 144 148 149 
6 7 15 18 33 42 75 78 87 111 
6 7 15 18 33 42 49 75 78 86 87 108 112 
8 9 35 45 55 57 60 62 64 70 81 83 84 85 97 98 114 118 126 127 130 145 149 
8 9 10 12 30 45 60 76 83 91 92 97 98 103 109 113 114 118 121 129 
9 10 12 29 30 45 46 56 58 72 76 80 82 83 91 92 101 103 109 113 118 121 129 134 136 140 
11 13 16 22 32 34 36 47 49 52 54 59 66 68 77 86 93 131 
9 10 12 29 30 45 46 56 58 61 72 76 82 83 91 92 101 103 109 113 118 121 129 134 140 
11 13 19 32 34 36 37 52 66 68 106 141 
14 23 28 31 50 96 104 105 107 146 147 
6 7 15 18 33 42 49 75 78 86 87 108 111 112 
11 16 22 32 36 47 49 52 54 59 66 68 77 86 93 131 
5 17 20 26 65 94 100 132 138 142 
6 7 15 18 33 42 75 78 87 111 
5 13 19 32 34 37 44 65 66 94 95 106 125 127 133 141 144 148 149 
5 17 20 26 65 94 100 132 138 142 
21 29 38 43 48 51 71 116 119 128 135 143 
11 16 22 32 36 49 52 54 59 66 68 77 86 93 131 
14 23 31 50 79 96 104 105 146 147 
24 29 38 82 99 101 103 109 116 119 128 134 135 136 137 140 143 
0 4 25 28 39 62 74 89 107 115 120 123 
3 17 20 26 67 73 100 122 132 138 139 142 
3 27 39 55 57 67 73 74 81 84 85 89 90 122 124 126 132 139 145 
0 4 14 25 28 50 105 107 120 123 147 
10 12 21 24 29 38 43 56 58 72 82 99 101 103 109 116 119 128 134 135 140 
9 10 12 30 45 46 60 76 83 91 92 97 98 103 118 121 129 130 
14 23 31 79 96 104 146 
11 13 16 19 22 32 34 36 37 47 52 54 66 68 77 86 93 106 141 
6 7 15 18 33 49 75 78 87 
11 13 19 32 34 36 37 40 44 47 66 68 77 86 106 125 133 141 144 148 
1 8 35 40 44 57 64 70 80 81 91 95 97 98 110 113 114 118 125 127 133 144 149 
11 13 16 22 32 34 36 37 47 49 54 66 68 77 86 87 106 141 
13 19 32 34 36 37 40 44 47 66 68 77 86 106 112 125 133 141 144 148 
2 21 24 29 38 41 43 48 56 58 72 102 116 128 134 135 
3 4 25 27 39 62 73 74 84 85 89 90 115 122 126 139 145 
1 34 35 37 40 44 47 64 70 80 87 95 106 108 110 112 125 127 133 144 148 149 
2 38 41 43 46 48 53 56 58 61 63 69 72 76 102 117 129 
1 6 7 15 18 42 80 87 101 108 109 110 112 113 136 140 
2 21 29 38 41 43 46 48 56 58 61 72 102 116 128 134 135 
5 19 34 35 37 40 44 64 65 70 81 94 95 106 114 125 127 133 141 144 148 149 
8 9 10 12 30 45 60 76 83 91 92 97 98 103 114 118 121 129 130 
2 10 12 30 41 43 46 53 56 58 61 63 69 72 76 92 102 117 121 129 134 
11 16 32 34 36 37 40 47 49 54 66 68 77 86 87 106 108 112 144 
2 21 38 41 43 48 56 58 61 63 72 102 116 134 135 
7 11 15 16 22 33 36 47 49 54 59 66 68 77 86 87 131 
0 14 23 28 50 96 105 107 120 123 147 
21 51 71 88 99 116 119 128 135 137 143 
11 13 16 22 32 52 66 68 93 131 
2 41 46 53 56 58 61 63 69 72 76 79 102 104 117 129 
11 16 22 32 36 47 49 54 59 66 68 77 86 87 131 
5 8 27 55 57 70 73 81 84 85 90 94 95 100 114 124 126 127 132 133 145 149 
2 10 12 29 38 41 43 46 48 53 56 58 61 63 69 72 76 102 116 117 129 134 
5 8 27 35 55 57 60 62 64 70 81 84 85 90 97 98 114 124 126 127 145 149 
2 10 12 29 38 41 43 46 48 53 56 58 61 63 69 72 76 82 102 116 117 129 134 
11 16 22 49 54 59 68 77 86 131 
0 8 9 30 45 57 60 62 83 92 97 98 107 114 118 121 123 130 
2 12 41 43 46 48 53 56 58 61 63 69 72 76 102 117 121 129 
0 4 8 25 39 57 60 62 74 84 85 89 90 98 107 115 120 123 126 130 145 
2 41 46 48 53 56 58 61 63 69 72 76 79 102 104 117 129 
8 35 40 44 57 64 70 80 81 91 95 97 98 114 118 125 127 133 144 149 
5 17 19 20 44 65 94 95 100 106 127 133 141 148 149 
11 13 16 19 22 32 34 36 37 47 49 52 54 66 68 77 86 106 141 
3 26 27 67 73 90 122 132 138 139 142 
11 13 16 22 32 34 36 37 47 49 52 54 59 66 68 77 86 93 106 131 
2 41 46 53 56 58 61 63 69 72 76 79 102 104 117 121 129 
5 8 35 40 44 55 57 64 70 80 81 95 97 98 114 118 125 127 133 144 149 
21 51 71 128 143 
2 10 12 29 38 41 43 46 48 53 56 58 61 63 69 72 76 82 102 116 117 129 134 
3 26 27 39 55 67 73 74 84 85 90 122 124 126 132 139 142 145 
0 4 25 27 39 62 73 74 85 89 90 115 120 123 126 145 
6 7 15 18 33 75 78 88 99 111 119 137 
9 10 12 30 41 45 46 53 56 58 61 63 69 72 76 83 92 102 103 117 121 129 134 
11 16 22 32 34 36 37 47 49 54 59 66 68 77 86 87 106 
6 7 15 18 33 75 78 111 
23 31 53 63 69 79 96 104 117 146 
1 10 35 40 42 64 70 80 91 101 103 108 109 110 112 113 118 136 140 
5 8 27 35 44 55 57 64 70 81 84 85 90 94 95 97 98 114 124 125 126 127 132 133 144 145 149 
10 12 24 29 58 72 82 99 101 103 109 113 116 119 128 134 135 136 140 
8 9 10 12 30 45 60 76 83 92 97 98 118 121 129 130 
5 8 27 39 55 57 62 73 81 84 85 90 98 114 124 126 127 132 145 149 
4 8 27 39 55 57 62 73 74 81 84 85 89 90 115 123 124 126 132 145 
7 11 15 16 22 32 34 36 37 47 49 54 59 66 68 77 86 87 108 112 
1 6 7 15 18 33 36 40 42 47 49 54 77 86 87 108 110 112 
51 75 88 99 111 119 137 143 
0 4 25 27 39 62 74 85 89 90 107 115 120 123 126 130 145 
3 27 39 55 57 62 67 73 74 81 84 85 89 90 115 122 124 126 132 139 145 
1 9 10 12 30 35 45 64 80 91 97 101 103 109 110 113 118 136 140 
9 10 12 30 45 46 60 76 83 92 97 98 103 118 121 129 130 
11 16 22 32 52 68 93 131 
5 17 19 20 44 55 65 81 94 95 100 124 125 127 132 133 141 144 148 149 
5 19 35 40 44 55 64 65 70 81 94 95 100 106 114 124 125 127 133 141 144 148 149 
14 23 31 50 79 96 104 105 146 147 
8 9 30 35 45 57 60 64 70 81 83 91 92 97 98 114 118 130 145 
8 9 30 35 45 57 60 62 64 70 81 83 84 92 97 98 114 118 123 130 145 
24 29 51 75 82 88 99 111 116 119 128 135 137 140 143 
5 17 20 26 55 65 94 95 100 124 132 133 138 142 148 149 
1 10 12 24 29 42 80 82 91 101 103 109 110 113 134 136 140 
2 38 41 43 46 48 53 56 58 61 63 69 72 76 102 117 129 134 
1 9 10 12 24 29 30 45 76 80 82 91 92 101 103 109 110 113 118 134 136 140 
14 23 31 53 63 69 79 96 104 146 
0 14 23 28 50 96 105 107 123 130 146 147 
13 19 32 34 36 37 40 44 47 65 66 68 77 95 106 125 133 141 144 148 
0 4 14 25 28 50 60 62 89 105 107 120 123 130 147 
1 7 15 40 42 47 80 86 87 108 110 112 113 136 
1 9 10 12 24 29 42 80 82 91 101 103 109 110 113 118 136 140 
1 35 40 42 80 87 91 101 103 108 109 110 112 113 136 140 
6 15 18 75 78 88 99 111 119 137 143 
1 7 15 37 40 42 47 80 86 87 108 110 112 113 136 
1 9 10 12 35 42 80 82 91 101 103 108 109 110 112 113 118 136 140 
5 8 9 35 44 45 55 57 60 64 70 81 84 95 97 98 114 118 124 125 126 127 133 144 145 149 
4 25 39 62 74 85 89 90 115 120 122 
21 24 29 38 43 48 51 56 58 72 82 99 116 119 128 134 135 143 
2 41 46 53 56 58 61 63 69 72 76 79 102 117 121 129 
8 9 10 12 30 35 45 60 64 70 80 83 91 92 97 98 103 109 113 114 118 121 
21 24 29 51 75 82 88 99 111 116 119 128 135 137 140 143 
