100
50
10

0 3 6 16 27 32 33 34 42 47 63 67 69 74 76 88 91 93 
1 14 24 29 70 86 90 96 
2 12 22 28 37 62 68 79 94 97 99 
0 3 6 8 13 16 25 33 34 42 47 58 63 67 69 72 74 76 88 91 93 95 
4 6 9 17 41 55 58 59 69 77 78 83 84 
5 8 10 13 14 18 33 38 47 54 63 70 72 74 85 90 91 92 93 95 96 
0 3 4 6 8 9 25 30 33 44 58 59 69 74 77 78 88 
7 20 26 40 46 51 60 65 80 
3 5 6 8 13 25 30 33 47 54 57 63 72 74 75 85 88 91 93 95 
4 6 9 20 41 44 55 58 59 69 73 77 78 83 
5 10 14 18 35 38 43 54 90 92 
11 22 27 31 36 37 48 49 53 94 98 
2 12 37 48 94 97 98 99 
3 5 8 13 14 33 38 42 47 54 63 70 72 74 85 88 90 91 92 93 95 96 
1 5 10 13 14 42 47 63 70 72 74 86 90 91 92 93 96 
15 18 38 54 57 75 85 
0 3 16 27 29 32 33 34 42 47 63 67 69 74 76 91 93 
4 17 19 41 55 61 83 
5 10 15 18 38 43 54 57 85 
17 19 41 61 
7 9 20 26 40 44 46 51 55 58 59 60 73 83 
21 62 66 68 71 79 82 
2 11 22 27 28 32 34 37 67 68 76 94 
23 24 29 45 50 56 66 68 82 
1 23 24 29 42 45 50 56 86 
3 6 8 25 30 33 44 58 59 73 75 88 95 
7 20 26 40 46 51 60 65 73 80 
0 11 16 22 27 28 32 34 53 67 69 76 84 
2 22 27 28 32 37 62 68 76 94 
1 16 23 24 29 42 45 50 56 67 70 86 93 96 
6 8 25 30 33 44 57 58 60 73 75 88 
11 31 36 49 52 53 64 84 87 
0 16 22 27 28 32 34 67 69 76 
0 3 5 6 8 13 16 25 30 33 47 58 63 72 74 85 88 91 93 95 
0 3 16 22 27 32 34 67 69 76 
10 35 38 43 90 92 
11 31 36 48 49 53 64 84 98 
2 11 12 22 28 37 94 98 
5 10 13 15 18 35 38 43 54 57 72 85 92 95 
39 48 81 89 
7 20 26 40 46 51 55 60 65 73 80 83 
4 9 17 19 41 55 59 61 77 78 83 84 
0 3 13 14 16 24 29 42 47 50 56 63 67 70 72 74 86 90 91 93 96 
10 18 35 38 43 92 
6 9 20 25 30 44 46 55 58 59 60 73 77 88 
23 24 29 45 50 56 62 66 68 82 
7 20 26 40 44 46 51 60 65 73 80 
0 3 5 8 13 14 16 33 42 47 63 70 72 74 85 88 91 93 95 96 
11 12 36 39 48 49 98 
11 31 36 48 49 53 64 84 98 
