200
160
32

0 2 14 18 32 33 35 38 46 48 53 97 119 133 157 160 172 180 191 
1 4 7 16 73 83 86 106 108 125 131 143 177 178 183 
0 2 14 20 32 33 35 38 46 48 53 66 97 119 133 157 160 172 180 191 199 
3 11 27 31 34 36 43 59 72 75 76 82 95 96 121 126 135 139 141 145 151 164 168 176 193 196 
1 4 7 68 86 106 108 125 131 174 175 177 178 183 184 
5 10 15 18 19 20 23 31 33 35 38 47 50 53 80 100 116 147 148 157 159 160 169 171 185 
6 9 13 17 24 26 52 65 92 102 103 104 108 114 138 156 174 175 181 187 190 192 
1 4 7 73 86 106 108 125 177 178 
8 28 42 44 58 62 67 71 98 109 123 136 162 186 188 195 
6 9 24 26 39 60 68 70 79 102 103 104 108 110 114 144 156 175 181 
5 10 18 19 29 31 35 47 49 50 53 78 80 81 116 130 132 147 149 151 159 171 176 185 197 
3 11 27 34 36 43 57 59 72 75 82 95 96 107 121 126 135 139 141 145 146 152 153 164 168 196 
12 37 45 57 88 89 96 107 111 118 146 150 152 154 198 
6 13 17 24 26 52 61 69 87 91 92 108 114 115 127 138 156 161 174 175 183 184 189 192 
0 2 14 20 23 25 33 38 41 46 53 64 66 90 97 100 133 148 155 157 160 165 180 191 199 
5 15 19 20 23 33 38 52 53 54 80 100 124 127 137 138 148 157 160 169 171 173 180 185 190 
1 16 21 30 55 69 83 86 91 112 125 128 131 142 143 167 177 183 184 
6 13 17 24 26 52 54 65 84 92 94 103 114 124 127 137 138 156 173 174 175 181 187 190 192 
0 5 10 18 29 35 38 40 48 50 53 78 80 81 113 129 130 132 149 157 159 185 194 197 
5 10 15 19 20 23 31 38 47 50 52 53 80 100 116 127 138 147 148 157 159 160 169 171 185 189 
2 5 14 15 19 20 23 33 38 52 53 54 66 80 100 124 127 137 148 157 160 169 171 173 180 185 190 
16 21 30 51 55 61 69 76 87 91 93 112 115 128 131 135 142 161 163 179 183 184 193 
22 49 56 72 75 77 85 95 134 140 151 198 
5 14 15 19 20 23 25 33 38 41 52 53 54 66 80 100 124 127 137 148 155 157 160 169 171 173 180 190 
6 9 13 17 24 26 52 60 65 68 70 84 94 102 103 104 108 110 114 144 156 174 175 181 187 190 192 
14 23 25 33 41 54 64 66 74 90 97 123 124 137 148 155 160 165 180 199 
6 9 13 17 24 26 39 60 65 68 70 79 84 94 102 103 104 108 110 114 117 144 156 174 175 181 187 192 
3 11 27 31 34 43 47 49 59 72 75 81 82 85 95 96 116 121 126 130 139 141 145 147 151 159 164 168 176 196 
8 28 42 44 58 62 67 71 79 98 101 105 109 117 123 162 170 186 188 195 
10 18 29 40 56 63 77 78 81 113 120 129 130 132 149 182 194 197 
16 21 30 51 55 61 69 76 87 91 92 112 115 128 135 142 161 163 164 168 179 183 184 189 193 196 
3 5 10 19 27 31 34 47 49 50 59 80 81 82 116 121 126 130 147 159 164 168 169 171 176 185 
0 2 32 46 48 97 99 119 122 133 172 191 
0 2 5 14 15 20 23 25 33 38 41 53 54 64 66 80 100 124 133 137 148 155 157 160 171 173 180 
3 11 27 31 34 43 47 49 59 72 75 81 82 85 95 96 121 126 130 139 140 141 145 147 151 159 164 168 176 196 
0 2 5 10 18 35 38 40 46 48 50 53 78 113 119 129 132 149 157 185 194 197 
3 11 36 43 51 57 59 93 126 135 139 141 145 152 153 163 164 168 193 196 
12 37 45 57 88 89 96 107 111 118 146 150 152 153 154 
0 2 5 14 15 18 19 20 23 33 35 38 53 80 100 116 133 148 157 160 169 171 180 185 
9 26 39 60 68 70 79 101 102 103 104 105 110 117 144 170 181 
18 29 35 40 48 63 78 113 119 120 129 132 149 182 194 197 
14 23 25 33 41 54 64 66 74 90 123 124 136 137 148 155 165 180 186 199 
8 28 42 54 58 65 67 79 84 94 101 105 110 117 123 124 144 162 170 186 187 195 
3 11 27 34 36 43 57 59 72 75 82 95 96 107 121 126 139 141 145 146 151 152 168 196 198 
8 28 44 58 62 67 71 74 98 109 123 136 162 186 188 195 
12 37 45 57 89 111 118 146 150 152 153 154 
0 2 14 32 35 46 48 53 97 99 119 133 172 191 199 
5 10 19 27 31 34 47 49 50 80 81 82 116 121 126 130 147 159 164 169 171 176 185 
0 2 18 32 35 40 46 48 53 99 113 119 122 133 172 191 194 
10 22 27 31 34 47 49 50 56 59 72 75 77 78 81 82 85 95 116 120 121 130 132 134 140 147 149 151 159 176 185 197 
5 10 18 19 31 35 47 49 50 53 78 80 81 85 116 130 132 147 149 151 159 176 185 197 
21 30 36 51 55 87 91 93 112 135 139 142 145 153 163 179 193 196 
6 13 15 17 19 20 23 24 52 54 65 92 94 100 114 124 127 137 138 148 156 169 171 173 187 189 190 192 
0 2 5 10 14 15 18 19 20 23 33 35 38 46 48 50 53 80 100 133 148 157 160 171 180 185 
15 17 20 23 25 33 41 42 52 54 65 66 84 94 100 124 127 137 148 155 156 160 173 180 187 190 
16 21 30 51 55 83 91 93 112 128 131 142 163 167 184 
22 29 49 56 77 78 81 85 120 130 132 134 140 149 151 197 
11 12 36 37 43 45 57 96 111 139 141 145 146 150 152 153 154 196 
8 28 42 44 58 62 67 71 79 84 98 101 105 109 117 123 144 162 170 186 188 195 
3 11 27 31 34 36 43 49 59 72 75 82 95 96 121 126 135 139 141 145 147 151 164 168 176 196 
9 24 26 39 60 68 70 79 101 102 103 104 105 110 144 181 
13 21 30 61 69 76 87 91 92 115 135 138 142 161 163 164 168 174 179 183 184 189 192 193 
8 28 44 58 62 67 71 98 109 123 136 162 186 188 195 
29 40 63 99 113 119 122 129 132 158 166 182 194 
14 25 33 41 64 66 74 90 97 123 124 136 137 148 155 165 180 199 
6 17 24 26 42 52 54 65 79 84 94 101 103 105 110 114 117 124 137 144 156 173 181 186 187 190 
2 14 20 23 25 33 41 54 64 66 74 90 97 100 124 133 137 148 155 160 165 180 199 
8 28 42 44 58 62 67 71 84 98 101 105 109 117 123 136 162 170 186 188 195 
4 9 24 26 39 60 68 70 102 103 104 108 110 175 181 
13 16 21 30 61 69 76 87 91 92 112 115 135 138 142 161 163 174 179 183 184 189 192 193 
9 24 26 39 60 68 70 79 101 102 103 104 105 110 144 181 
8 28 44 58 62 67 71 98 109 123 136 162 186 188 195 
3 11 22 27 34 43 49 59 72 75 82 85 95 96 107 121 126 130 134 139 140 141 147 151 176 198 
1 7 73 83 143 167 177 178 
25 41 44 64 66 74 90 123 136 155 165 186 199 
3 11 22 27 34 43 49 59 72 75 81 82 85 95 96 107 121 126 130 134 139 140 141 147 151 159 176 198 
3 21 30 61 69 76 82 87 91 92 115 126 135 138 139 141 142 145 161 163 164 168 179 189 193 196 
22 29 49 56 77 78 81 85 120 130 132 134 140 149 151 197 
10 18 29 35 40 49 50 56 77 78 81 120 129 130 132 147 149 159 176 194 197 
9 26 28 39 42 58 60 65 70 79 84 94 101 102 103 104 105 110 117 144 162 170 181 186 187 
5 10 15 18 19 20 23 31 33 38 47 50 53 80 100 116 127 147 148 157 159 160 169 171 176 185 
10 18 27 29 31 34 47 49 50 56 75 77 78 81 85 95 116 120 121 130 132 140 147 149 151 159 176 185 197 
3 11 27 31 34 43 47 49 59 72 75 76 82 95 96 116 121 126 130 135 139 141 145 147 151 164 168 176 193 196 
1 16 55 73 83 86 106 125 128 131 143 167 177 178 
17 24 26 42 54 58 65 67 79 84 94 101 103 105 110 117 124 137 144 156 170 173 186 187 190 
22 27 34 49 50 56 72 75 77 81 85 95 120 121 130 134 140 147 149 151 159 176 198 
1 4 7 16 83 86 91 106 108 125 128 131 142 143 167 175 177 178 183 184 
13 21 30 51 61 69 76 87 91 92 112 115 135 138 142 161 163 164 168 179 183 184 189 192 193 196 
12 37 88 89 96 107 111 118 146 150 154 198 
12 37 45 88 89 96 107 111 118 146 150 152 154 198 
14 25 41 64 66 74 90 97 133 136 155 165 180 199 
13 16 21 30 51 55 61 69 76 86 87 91 92 112 115 128 131 135 142 161 163 174 179 183 184 189 192 193 
6 13 17 30 52 61 69 76 87 91 92 114 115 127 138 156 161 169 174 175 179 183 184 189 192 193 
21 36 51 55 93 112 153 163 
17 24 26 42 52 54 65 79 84 94 103 117 124 127 137 144 155 156 173 186 187 190 
3 11 22 27 34 43 49 59 72 75 81 82 85 95 96 107 121 130 134 140 141 151 176 198 
3 11 12 27 34 37 43 57 59 72 75 82 88 89 95 96 107 111 118 121 139 141 146 150 152 198 
0 2 14 25 32 46 64 66 90 97 133 165 172 180 191 199 
8 28 44 58 62 67 71 98 109 123 162 170 186 188 195 
32 46 48 63 99 113 119 122 158 166 172 182 191 194 
5 14 15 19 20 23 33 38 52 53 54 66 80 100 124 127 137 148 157 160 169 171 173 180 185 190 
28 39 42 58 60 65 67 70 79 84 101 105 110 117 144 162 170 181 
6 9 24 26 39 60 68 70 79 102 103 104 105 108 110 144 175 181 
6 9 17 24 26 39 60 65 68 70 79 84 94 102 103 104 105 110 114 117 144 156 174 175 181 187 190 
6 9 24 26 39 60 68 70 79 102 103 104 105 108 110 144 175 181 
28 39 42 58 60 65 67 70 79 84 101 102 103 104 105 110 117 144 162 170 181 186 
1 4 7 83 86 106 108 125 131 175 177 178 183 
11 12 37 43 72 75 88 89 95 96 107 111 118 140 146 150 152 154 198 
1 4 6 7 9 13 24 26 68 86 102 104 106 108 114 125 174 175 181 183 192 
8 28 44 58 62 67 71 98 109 123 136 162 188 195 
9 24 26 39 42 60 65 68 70 79 84 101 102 103 104 105 110 117 144 170 181 
12 37 45 57 88 89 96 107 111 118 146 150 152 154 
16 21 30 51 55 69 87 91 93 112 128 131 135 142 163 179 184 
18 29 35 40 48 63 99 113 119 122 129 132 158 166 182 194 
6 9 13 17 24 26 52 65 92 103 108 114 127 138 156 173 174 175 181 187 189 190 192 
13 21 30 61 69 76 87 91 92 115 126 135 138 142 161 163 164 168 174 179 183 184 189 192 193 196 
5 10 19 27 31 38 47 49 50 80 81 82 116 121 130 147 157 159 169 171 176 185 
26 28 39 42 58 65 67 79 84 94 101 103 105 110 117 144 162 170 181 186 187 
12 37 45 88 89 96 107 111 118 146 150 152 154 198 
0 2 32 35 40 46 48 63 99 113 119 122 133 172 191 194 
29 40 49 56 77 78 81 85 120 129 130 132 134 149 197 
3 11 27 31 34 43 47 49 59 72 75 81 82 85 95 96 116 121 126 130 139 141 145 147 151 159 164 168 176 196 
32 48 63 99 113 119 122 158 166 172 182 194 
8 25 28 41 42 44 58 62 64 67 71 74 98 109 123 136 155 162 186 188 195 
15 17 20 23 25 33 41 42 52 54 64 65 66 84 94 100 124 127 137 148 155 156 173 180 186 187 190 
1 4 7 16 83 86 106 108 125 128 131 142 143 167 177 178 183 184 
3 11 27 31 34 36 43 47 59 72 75 76 82 115 121 126 135 139 141 145 161 164 168 179 193 196 
13 15 17 19 20 23 52 54 80 92 94 100 114 124 127 137 138 148 156 169 171 173 187 189 190 192 
16 21 30 55 83 86 91 112 125 128 131 142 143 167 177 183 184 
18 29 35 40 63 78 113 120 129 132 149 158 166 182 194 197 
10 18 27 29 31 34 47 49 50 56 72 75 77 78 81 82 85 95 116 120 121 130 132 140 147 149 151 159 176 185 197 
1 4 16 21 55 83 86 91 106 112 125 128 131 142 143 167 177 178 183 184 
10 18 29 35 40 49 50 56 63 77 78 81 113 120 129 130 132 149 159 182 194 197 
0 2 14 32 33 38 46 48 53 66 90 97 119 133 157 160 165 172 180 191 199 
22 49 56 72 75 77 85 95 120 134 140 151 198 
3 11 21 30 36 51 59 61 69 76 82 87 91 112 115 126 135 139 141 142 145 161 163 164 168 179 189 193 196 
8 41 44 62 64 67 71 74 90 109 123 136 165 186 188 195 
15 17 20 23 25 33 41 52 54 64 65 66 84 94 100 124 127 137 148 155 160 173 180 187 190 
6 13 15 17 19 52 61 69 76 87 92 114 115 127 138 156 161 169 173 174 189 190 192 
3 11 27 34 36 43 51 57 59 72 75 76 82 96 121 126 135 139 141 145 152 153 163 164 168 193 196 
22 34 49 56 72 75 77 81 85 95 107 130 134 140 151 176 198 
3 11 27 34 36 43 57 59 72 75 76 82 95 96 121 126 135 139 141 145 152 153 164 168 193 196 
16 21 30 51 55 61 69 76 86 87 91 112 115 125 128 131 135 142 161 163 179 183 184 193 
1 16 73 83 86 125 128 131 143 167 177 178 
9 24 26 39 42 58 60 65 70 79 84 94 101 102 103 104 105 110 117 144 156 170 181 186 187 
3 11 27 34 36 43 51 57 59 76 82 121 126 135 139 141 145 152 153 163 164 168 179 193 196 
11 12 37 43 45 57 88 89 96 107 111 118 146 150 152 154 198 
5 10 19 27 31 34 47 49 50 59 72 75 78 80 81 82 85 116 121 130 147 149 151 159 176 185 197 
5 14 15 19 20 23 25 33 38 41 52 53 54 64 66 80 100 124 127 137 148 155 157 160 169 171 173 180 190 
10 18 29 35 40 49 50 56 77 78 81 85 120 129 130 132 147 149 151 159 176 185 197 
12 37 45 57 88 89 96 107 111 118 146 150 152 153 154 
3 10 22 27 34 43 49 50 56 59 72 75 77 81 82 85 95 121 130 134 140 147 149 151 159 176 198 
11 12 36 37 43 45 57 89 96 107 111 118 139 141 145 146 150 152 153 154 
11 36 37 45 51 57 93 139 141 145 150 152 153 163 196 
12 37 45 57 88 89 107 111 118 146 150 152 154 
14 23 25 33 41 54 64 66 74 90 94 123 124 137 148 155 160 165 180 186 199 
6 9 13 17 24 26 52 54 65 84 92 94 103 114 124 127 138 144 156 173 174 175 181 187 190 192 
0 2 5 14 15 18 19 20 23 33 35 38 53 80 100 116 133 148 157 160 169 171 180 185 
63 99 113 122 129 158 166 182 194 
5 10 18 19 27 31 34 47 49 50 75 78 80 81 85 116 121 130 132 147 149 151 159 176 185 197 
