200
100
20

0 8 125 183 
1 56 125 161 181 184 186 
2 6 55 66 94 99 105 
3 28 53 83 103 106 121 126 133 147 149 167 
4 5 18 69 78 120 127 151 
4 5 69 75 78 120 127 151 
2 6 55 58 61 66 87 94 105 189 
7 160 185 
0 8 125 161 187 191 
9 19 64 68 74 87 189 
10 32 60 109 112 116 122 130 145 
11 38 62 93 139 199 
12 35 41 42 43 51 80 81 101 104 158 
13 44 140 156 
14 71 96 123 131 134 172 197 
15 65 72 83 152 167 176 180 194 
16 17 59 86 117 144 162 164 
16 17 29 57 59 86 124 
4 18 34 52 97 120 127 151 
9 19 20 68 110 
19 20 88 110 
21 89 142 157 160 185 188 
22 174 
23 82 178 
24 33 36 141 171 
25 27 30 33 36 64 189 
26 98 155 175 
25 27 30 36 50 64 111 
3 28 53 103 106 114 121 126 133 135 147 149 193 
17 29 57 100 116 124 145 
25 27 30 36 64 74 111 
31 48 76 115 141 
10 32 60 100 109 116 122 130 145 
24 25 33 36 58 64 87 189 
18 34 52 97 
12 35 41 42 51 80 104 129 195 
24 25 27 30 33 36 64 
37 77 136 
11 38 50 62 93 139 199 
39 45 166 
40 146 
12 35 41 51 80 81 101 104 107 158 
12 35 42 43 51 129 182 195 
12 42 43 104 148 182 
13 44 101 107 140 156 
39 45 
46 54 73 102 159 
47 67 154 168 174 
31 48 50 63 76 111 115 169 
49 156 158 179 
27 38 48 50 62 63 76 111 
12 35 41 42 51 80 101 104 107 195 
18 34 52 69 97 120 127 151 165 173 
3 28 53 91 103 106 121 126 133 147 167 193 
46 54 99 102 105 148 159 
2 6 55 66 94 99 105 
1 56 119 125 161 163 171 181 184 186 
17 29 57 92 100 116 124 145 
6 33 58 61 84 87 94 189 
16 17 59 86 117 124 162 
10 32 60 116 145 
6 58 61 66 84 
11 38 50 62 63 93 177 196 
48 50 62 63 76 111 115 169 177 196 
9 25 27 30 33 36 64 74 
15 65 73 81 104 159 176 180 
2 6 55 61 66 94 99 105 
47 67 75 168 174 
9 19 68 70 74 110 
4 5 52 69 97 120 127 165 173 
68 70 110 
14 71 96 123 128 134 197 
15 72 83 106 149 152 194 
46 65 73 102 159 176 180 
9 30 64 68 74 
5 67 75 120 146 165 
31 48 50 63 76 111 115 169 177 
37 77 136 
4 5 78 178 
79 85 117 137 138 143 144 150 162 164 190 
12 35 41 51 80 101 107 195 
12 41 65 81 104 158 179 180 
23 82 178 
3 15 72 83 106 149 152 167 176 194 
58 61 84 118 
79 85 117 137 138 143 144 150 164 170 190 
16 17 59 86 124 
6 9 33 58 87 94 189 
20 88 
21 89 115 157 188 
90 
53 91 102 103 121 132 133 147 167 193 
57 92 100 109 113 145 153 198 
11 38 62 93 139 177 196 199 
2 6 55 58 66 87 94 105 189 
95 108 192 
14 71 96 131 134 172 
18 34 52 69 97 120 127 151 173 
26 98 132 175 193 
2 54 55 66 99 105 
