100
80
16

0 35 
1 45 81 
2 42 92 
3 12 67 
4 10 13 29 79 82 
5 18 
6 51 95 
7 9 24 92 
8 14 16 57 77 
7 9 24 92 
4 10 13 25 29 79 82 96 
11 19 61 65 78 93 
3 12 27 67 
4 10 13 25 29 82 96 
8 14 16 55 57 72 77 90 
15 34 
8 14 16 57 72 77 
17 76 
5 18 34 
11 19 33 61 65 78 
20 54 68 
21 
22 60 74 
23 
7 9 24 89 
10 13 25 29 96 97 
26 58 83 
12 27 67 
28 41 43 70 88 
4 10 13 25 29 79 82 96 97 
30 52 90 
31 
32 69 
19 33 78 
15 18 34 63 
0 35 43 
36 
37 39 76 
38 86 93 
37 39 49 76 
40 46 71 
28 41 43 
2 42 92 
28 35 41 43 88 
44 60 83 
1 45 81 
40 46 75 
47 89 
48 50 74 
39 49 
48 50 
6 51 54 70 
30 52 
53 
20 51 54 68 
14 55 57 61 77 
56 85 87 
8 14 16 55 57 77 
26 58 
59 86 
22 44 60 74 83 
11 19 55 61 65 
62 98 99 
34 63 
64 
11 19 61 65 93 
66 84 91 
3 12 27 67 
20 54 68 80 94 
32 69 
28 51 70 88 
40 71 
14 16 72 90 
73 81 
22 48 60 74 
46 75 
17 37 39 76 
8 14 16 55 57 77 
11 19 33 78 
4 10 29 79 82 96 
