100
80
16

0 32 59 67 79 93 
1 5 7 24 39 66 
2 27 
3 4 6 58 63 86 
3 4 6 58 63 82 86 
1 5 7 24 39 66 
3 4 6 10 28 58 63 
1 5 7 24 39 54 66 89 
8 33 37 
9 20 30 76 84 
6 10 35 58 63 
11 31 53 74 
12 48 49 50 78 
13 55 
14 52 
15 25 39 87 
16 36 72 96 
17 
18 
19 38 65 
9 20 76 
21 70 
22 45 57 
23 65 
1 5 7 24 39 54 66 
15 25 30 87 
26 51 71 
2 27 
6 28 42 58 63 90 
29 62 92 98 
9 25 30 40 84 99 
11 31 62 74 
0 32 34 49 67 79 93 
8 33 37 
32 34 79 
10 35 
16 36 41 64 72 96 
8 33 37 52 
19 38 
1 5 7 15 24 39 54 66 87 
30 40 85 99 
36 41 57 74 96 
28 42 81 90 
43 77 81 91 
44 94 
22 45 57 88 
46 
47 56 
12 48 49 50 78 
12 32 48 49 67 79 
12 48 50 52 78 
26 51 71 
14 37 50 52 
11 53 68 
7 24 39 54 87 89 
13 55 
47 56 69 
22 41 45 57 
3 4 6 10 28 58 63 
0 59 93 
60 
61 
29 31 62 74 98 
3 4 6 10 28 58 63 
36 64 96 
19 23 65 
1 5 7 24 39 66 
0 32 49 67 93 94 
53 68 88 
56 69 
21 70 
26 51 71 
16 36 72 96 
73 80 95 
11 31 41 62 74 
75 83 97 
9 20 76 
43 77 
12 48 50 78 
0 32 34 49 79 93 
