200
100
20

0 40 48 92 93 101 106 127 164 172 187 192 
1 23 33 45 50 104 105 136 157 160 166 169 198 199 
2 16 17 28 64 66 72 77 95 97 102 103 121 122 128 131 144 149 151 156 195 
3 13 41 53 67 75 76 78 85 120 132 139 141 142 146 159 174 180 194 
4 17 52 63 64 67 68 72 78 82 90 97 102 124 135 142 148 174 183 189 
5 9 11 15 18 19 24 27 32 33 36 44 46 49 58 83 98 105 112 133 134 166 167 169 199 
6 35 40 47 48 54 80 81 86 88 93 94 99 100 108 109 113 114 118 119 143 150 163 170 175 191 197 
7 12 34 38 47 48 62 71 80 110 113 118 119 129 140 152 155 176 177 180 184 185 188 192 
8 9 19 29 44 54 99 108 111 112 137 138 141 143 145 150 163 165 167 170 175 181 
5 8 9 15 19 29 44 46 105 111 112 133 137 138 141 165 166 170 175 181 
10 14 20 21 22 26 39 42 43 55 57 69 74 84 115 125 158 171 179 
5 11 18 19 24 32 36 46 49 58 73 83 98 133 134 147 161 162 167 181 
7 12 38 47 62 71 80 110 118 119 120 145 146 155 177 180 184 185 188 194 
3 13 31 41 67 70 75 76 85 110 120 132 142 146 159 168 174 180 185 188 190 194 
10 14 20 21 22 25 31 37 39 42 43 55 57 70 74 84 91 115 125 158 168 171 196 
5 9 15 29 33 44 45 46 49 50 104 105 112 133 141 154 157 160 166 169 199 
2 16 28 51 60 66 77 89 95 102 103 117 123 128 139 149 151 153 156 186 193 
2 4 17 28 52 63 64 67 72 77 78 82 97 102 122 131 135 144 148 149 151 156 174 183 189 
5 11 18 24 27 32 33 36 46 49 58 83 98 105 133 134 162 166 169 199 
5 8 9 11 19 24 36 44 46 54 99 108 111 112 137 138 147 161 163 165 167 173 175 181 
10 14 20 21 22 25 31 37 39 42 43 55 57 70 74 84 91 115 125 158 168 171 196 
10 14 20 21 39 42 43 55 56 57 65 70 74 84 87 107 115 116 125 126 168 196 
10 14 20 22 26 39 42 55 57 59 68 69 91 115 125 158 171 179 
1 23 33 45 50 104 105 136 157 160 169 198 199 
5 11 18 19 24 27 32 36 46 49 58 73 83 96 98 133 134 147 161 162 167 
14 20 25 31 37 39 43 57 59 68 70 82 91 115 124 125 158 168 190 
10 22 26 39 42 55 57 59 69 91 115 158 171 179 
5 18 24 27 32 33 36 46 49 58 83 98 105 133 134 166 169 199 
2 16 17 28 51 64 66 72 77 78 95 97 102 103 121 122 128 131 144 149 151 153 156 195 
8 9 15 29 44 53 76 111 112 120 137 138 141 145 154 165 170 
30 38 65 79 107 126 129 152 176 178 187 
13 14 20 25 31 37 39 43 57 67 68 70 82 91 115 124 125 158 168 190 
5 11 18 24 27 32 33 36 46 49 58 73 83 96 98 133 134 162 166 169 
1 5 15 18 23 27 32 33 36 45 46 49 50 83 98 104 105 112 133 134 157 166 169 199 
7 34 38 47 48 62 71 79 80 93 113 118 119 129 140 152 176 178 184 187 192 
6 35 40 48 54 81 86 88 93 94 100 106 108 109 113 114 143 150 163 172 175 191 197 
5 11 18 19 24 27 32 33 36 44 46 49 58 73 83 98 133 134 147 161 162 166 167 169 
14 20 25 31 37 39 43 57 59 68 70 82 91 115 124 125 158 168 171 
7 12 30 34 38 56 62 65 71 79 107 110 116 126 129 140 152 176 177 178 184 185 188 
10 14 20 21 22 25 26 31 37 39 42 43 55 57 59 68 69 70 74 91 115 125 158 168 171 179 
0 6 35 40 48 86 88 93 100 106 109 113 114 150 172 191 192 197 
3 13 41 53 67 75 76 78 85 120 132 142 146 159 168 174 180 190 194 
10 14 20 21 22 26 39 42 55 57 59 69 91 115 125 158 171 179 
10 14 20 21 25 31 37 39 43 55 56 57 70 74 84 115 125 158 168 190 196 
5 8 9 15 19 29 36 44 46 49 105 111 112 133 137 138 141 165 166 167 181 199 
1 15 23 33 45 50 104 105 123 136 154 157 160 166 169 198 199 
5 9 11 15 18 19 24 27 32 33 36 44 46 49 58 83 98 105 112 133 134 162 166 167 169 199 
6 7 12 34 47 48 62 71 80 86 113 118 119 129 140 143 145 150 155 163 170 177 180 184 185 188 192 197 
0 6 7 34 35 40 47 48 71 86 92 93 106 109 113 118 119 140 150 172 176 187 191 192 197 
5 11 15 18 24 27 32 33 36 44 46 49 58 83 98 105 112 133 134 166 169 199 
1 15 23 33 45 50 104 105 136 157 160 166 169 198 199 
16 28 51 77 78 85 95 102 103 123 132 139 151 153 154 
4 17 52 63 64 67 72 75 77 78 82 85 90 102 124 135 142 148 149 151 174 183 189 
3 29 41 53 75 76 85 120 132 137 138 139 141 142 145 146 154 159 180 
6 8 19 35 54 81 86 88 94 99 100 108 111 114 143 150 163 165 167 170 173 175 181 191 197 
10 14 20 21 22 26 39 42 43 55 57 69 74 84 115 125 158 171 179 
21 38 43 56 62 65 74 84 87 107 110 116 126 129 152 168 177 185 188 190 196 
10 14 20 21 22 25 26 31 37 39 42 43 55 57 59 68 69 70 91 115 125 158 171 179 
5 11 18 24 27 32 36 46 49 58 73 83 96 98 133 134 147 161 162 167 
22 25 26 37 39 42 57 59 68 69 90 91 115 124 125 158 171 179 
16 60 61 66 89 95 103 117 121 123 128 182 186 193 
60 61 66 89 103 117 121 128 130 182 186 193 195 
7 12 34 38 47 56 62 71 79 80 107 110 119 126 129 140 152 155 176 177 180 184 185 188 
4 17 52 63 64 67 68 72 78 82 90 124 135 148 174 183 189 
2 4 17 28 52 63 64 67 72 77 78 82 97 102 122 131 135 144 148 149 151 156 174 183 189 
21 30 38 56 65 74 79 84 87 107 116 126 152 196 
2 16 28 60 61 66 89 95 103 117 121 122 128 130 131 144 182 186 193 195 
3 4 13 17 31 41 52 63 64 67 72 75 78 82 85 102 132 135 142 148 159 174 183 189 
4 22 25 31 37 39 57 59 63 68 70 82 90 91 115 124 125 135 148 158 171 183 
10 22 26 39 42 55 57 59 69 91 115 158 171 179 
13 14 20 21 25 31 37 39 43 57 68 70 91 115 125 158 168 190 
7 12 34 38 47 48 62 71 80 93 110 113 118 119 129 140 152 155 176 177 184 185 188 192 
2 4 17 28 52 63 64 67 72 77 78 82 90 97 102 124 135 148 149 151 156 174 183 189 
11 24 32 36 58 73 83 96 98 134 147 161 162 
10 14 20 21 39 43 55 56 65 74 84 87 107 115 116 125 126 168 190 196 
3 13 41 52 53 67 75 76 78 85 120 132 142 146 159 168 174 180 190 194 
3 13 29 41 53 75 76 85 120 132 139 141 142 145 146 159 180 194 
2 16 17 28 51 52 64 72 77 78 85 95 102 103 122 123 132 139 149 151 153 156 174 
3 4 17 28 41 51 52 63 64 67 72 75 77 78 82 85 102 132 135 139 142 149 151 153 159 174 189 
30 34 38 62 65 79 107 116 126 129 140 152 176 178 187 
6 7 12 34 47 62 71 80 86 108 113 118 119 137 140 143 145 150 155 163 170 175 180 184 185 197 
6 35 54 81 86 88 94 99 100 108 109 114 143 150 163 173 175 181 191 197 
4 17 25 31 37 52 63 64 67 68 72 78 82 90 124 135 148 174 183 189 
5 11 18 24 27 32 33 36 46 49 58 73 83 96 98 133 134 162 166 
10 14 20 21 43 55 56 65 74 84 87 107 115 116 126 196 
3 13 41 51 52 53 67 75 76 77 78 85 102 132 139 142 153 159 174 
6 35 40 47 48 54 80 81 86 88 93 94 99 100 108 109 111 113 114 118 119 143 150 155 163 165 170 175 191 197 
21 56 65 74 84 87 107 116 126 152 196 
6 35 40 54 81 86 88 93 94 99 100 108 109 113 114 118 119 143 150 163 170 173 175 191 197 
16 60 61 66 89 95 103 117 136 182 186 193 
4 52 59 63 68 72 82 90 91 124 135 148 183 189 
14 20 22 25 26 31 37 39 42 57 59 68 69 70 90 91 115 124 125 158 171 179 
0 48 92 93 101 106 127 164 172 187 192 
0 6 34 35 40 48 71 86 88 92 93 106 109 113 119 140 150 172 176 187 191 192 197 
6 35 54 81 86 88 94 99 100 108 109 114 143 150 163 173 175 181 191 197 
2 16 28 51 60 66 77 89 95 102 103 117 123 128 139 149 151 153 182 186 193 
24 32 58 73 83 96 98 134 162 
2 4 17 28 64 72 97 102 121 122 128 131 135 144 149 151 156 189 195 
5 11 18 24 27 32 33 36 46 49 58 73 83 96 98 133 134 147 161 162 166 167 
6 8 19 54 81 86 88 94 99 100 108 111 114 143 150 161 163 165 167 170 173 175 181 191 197 
