100
80
16

0 5 6 13 23 41 44 56 58 60 68 72 80 94 95 
1 16 46 63 65 77 
2 13 32 58 68 
3 5 8 38 40 42 72 79 82 92 
4 12 15 30 36 49 61 62 78 87 
0 3 5 8 23 38 44 58 60 68 72 80 92 95 
0 6 13 23 41 56 58 94 
7 9 11 19 26 33 47 52 53 55 59 67 75 93 98 
3 5 8 38 42 72 80 82 92 
7 9 11 14 18 19 24 26 55 67 74 88 93 98 
10 63 69 97 
7 9 11 14 18 24 26 47 52 53 55 67 74 88 93 98 
4 12 15 30 61 62 78 87 
0 2 6 13 23 41 56 58 94 
9 11 14 18 24 44 50 55 60 74 79 95 
4 12 15 30 36 49 61 62 78 87 
1 16 46 63 65 77 
17 34 40 57 70 71 79 82 83 96 99 
9 11 14 18 24 25 39 44 48 50 55 60 73 74 76 90 95 
7 9 19 22 26 29 37 52 55 59 64 67 84 85 86 88 91 93 98 
20 27 28 29 33 37 43 51 59 66 75 81 84 
21 64 86 
19 22 29 36 37 49 59 64 84 85 86 88 91 98 
0 5 6 13 23 41 44 56 58 60 68 80 94 95 
9 11 14 18 24 39 44 50 55 60 74 95 
18 25 31 35 39 41 48 50 73 76 89 90 
7 9 11 19 26 47 52 53 55 59 67 75 85 88 93 98 
20 27 28 33 43 47 51 52 53 59 67 75 81 
20 27 28 33 51 75 81 
19 20 22 29 36 37 43 49 59 61 62 66 78 84 85 91 98 
4 12 15 30 36 61 62 78 87 
25 31 35 39 41 48 56 89 90 94 97 
2 32 68 
7 20 27 28 33 47 51 52 53 67 75 81 
17 34 40 45 57 70 71 79 82 83 99 
25 31 35 41 56 89 97 
4 15 22 29 30 36 49 61 62 64 78 85 91 
19 20 22 29 37 43 52 59 66 67 75 84 85 91 98 
3 5 8 38 42 58 60 68 72 80 92 
18 24 25 31 39 46 48 50 73 76 89 90 95 
3 17 34 40 45 57 70 71 79 82 83 99 
0 6 13 23 25 31 35 41 44 48 56 58 94 
3 8 38 42 82 92 
20 27 29 37 43 51 59 66 75 81 84 91 
0 5 14 18 23 24 41 44 50 58 60 72 74 80 95 
34 40 45 57 70 71 82 
1 16 39 46 63 65 73 76 77 89 90 
7 11 26 27 33 47 52 53 59 67 75 83 93 98 
18 25 31 39 41 48 50 73 76 89 90 95 
4 15 22 29 36 49 61 62 64 78 84 85 86 91 
14 18 24 25 39 44 48 50 60 73 74 76 90 95 
20 27 28 33 43 51 75 81 
7 11 19 26 27 33 37 47 52 53 55 59 67 75 93 98 
7 11 26 27 33 47 52 53 59 67 75 93 98 
54 96 
7 9 11 14 18 19 24 26 52 55 67 74 88 93 98 
0 6 13 23 31 35 41 56 94 
17 34 40 45 57 70 71 82 83 96 99 
0 2 5 6 13 23 38 41 44 58 60 68 72 80 94 
7 19 20 22 26 27 29 37 43 47 52 53 59 66 67 75 84 85 91 93 98 
0 5 14 18 23 24 38 44 50 58 60 72 74 80 92 95 
4 12 15 29 30 36 49 61 62 78 84 87 91 
4 12 15 29 30 36 49 61 62 66 78 87 91 
1 10 16 46 63 65 69 76 77 89 90 97 
19 21 22 36 49 64 85 86 88 91 
1 16 46 63 65 69 73 76 77 89 
20 29 37 43 59 62 66 78 84 91 
7 9 11 19 26 27 33 37 47 52 53 55 59 67 75 84 93 98 
0 2 5 23 32 38 58 68 72 80 
10 63 65 69 97 
17 34 40 45 57 70 71 79 82 83 99 
17 34 40 45 57 70 71 82 96 
0 3 5 8 38 44 58 60 68 72 80 92 95 
18 25 39 46 48 50 65 73 76 77 88 89 90 
9 11 14 18 24 44 50 55 60 74 79 95 
7 20 26 27 28 33 37 43 47 51 52 53 59 67 75 81 98 
18 25 39 46 48 50 63 65 73 76 77 89 90 
1 16 46 63 65 73 76 77 89 90 
4 12 15 29 30 36 49 61 62 66 78 84 87 91 
3 14 17 34 40 70 74 79 82 92 99 
