100
80
16

0 2 6 16 20 37 45 54 58 60 68 77 81 83 84 88 99 
1 2 4 15 16 19 23 29 35 36 54 60 75 85 89 91 92 94 97 
0 1 2 6 16 19 38 45 54 58 60 68 76 77 81 84 89 
3 21 52 59 86 87 
1 4 17 19 35 41 57 66 75 76 89 92 94 
5 11 47 68 70 72 73 80 82 
0 2 6 20 27 30 31 37 54 58 60 62 77 81 83 88 99 
7 10 21 32 39 59 87 96 
8 13 22 25 26 43 44 49 53 55 71 93 
9 11 34 42 46 47 74 79 83 98 
7 10 32 39 59 87 96 
5 9 11 14 34 46 47 70 74 79 82 83 98 
12 24 33 40 
8 13 25 48 49 55 61 80 
11 14 46 47 73 74 79 98 
1 15 20 23 29 30 36 40 54 58 60 62 75 85 90 91 92 97 
0 1 2 16 19 38 41 45 50 63 68 76 77 84 89 
4 17 35 39 57 66 75 92 94 96 
18 20 27 30 31 37 58 62 81 88 90 99 
1 2 4 16 19 38 41 45 54 60 68 75 76 77 84 89 92 
0 6 15 18 20 23 27 29 30 36 37 54 58 60 62 77 81 85 88 90 91 
3 7 21 52 59 86 87 96 
8 22 25 26 43 44 53 55 64 71 93 
1 15 20 23 29 36 54 60 75 85 91 92 97 
12 24 33 40 95 
8 13 22 25 26 43 44 49 53 55 64 65 71 93 
8 22 25 26 43 44 53 64 71 93 
6 18 20 27 30 31 37 58 62 81 88 90 99 
28 41 51 56 69 
1 15 20 23 29 30 36 40 54 58 60 75 85 90 91 92 97 
6 15 18 20 27 29 30 36 37 40 54 58 60 62 81 85 88 90 91 
6 18 27 31 37 58 62 81 88 99 
7 10 32 39 59 87 96 
12 24 33 36 40 85 95 97 
9 11 34 42 46 74 79 83 98 
1 4 17 35 39 57 66 75 92 94 96 
1 15 20 23 29 30 33 36 40 54 58 60 62 85 90 91 97 
0 6 18 20 27 30 31 37 58 62 81 88 99 
2 16 19 38 41 45 50 51 56 63 68 76 80 82 84 89 
7 10 17 32 35 39 59 66 87 94 96 
12 15 24 29 30 33 36 40 62 85 90 91 95 97 
4 16 19 28 38 41 45 50 51 56 57 63 69 76 84 89 
9 34 42 46 67 74 79 98 
8 22 25 26 43 44 53 69 93 
8 22 25 26 43 44 53 71 93 
0 2 16 19 38 41 45 50 56 63 68 76 77 80 82 84 89 
9 11 14 34 42 46 47 73 74 79 98 
5 9 11 14 46 47 70 72 73 74 79 82 98 
13 48 49 55 61 65 70 72 78 80 
8 13 25 48 49 50 51 56 61 63 69 80 
16 38 41 45 49 50 51 56 63 68 76 80 82 84 
28 38 41 49 50 51 56 63 69 76 80 
3 21 52 86 87 
8 22 25 26 43 44 53 71 93 
0 1 2 6 15 19 20 23 29 30 36 54 58 60 62 75 77 81 85 88 90 91 97 
8 13 22 25 48 55 61 64 65 
28 38 41 45 49 50 51 56 63 69 76 80 84 
4 17 35 41 57 59 66 87 94 96 
0 2 6 15 18 20 27 29 30 31 36 37 54 58 60 62 77 81 85 88 90 91 99 
3 7 10 21 32 39 57 59 66 86 87 96 
0 1 2 6 15 19 20 23 29 30 36 54 58 60 62 75 77 81 85 88 89 90 91 97 
13 48 49 55 61 65 70 72 78 80 
6 15 18 20 27 30 31 36 37 40 54 58 60 62 81 85 88 90 91 
16 38 41 45 49 50 51 56 63 69 76 80 84 89 
22 25 26 55 64 71 
25 48 55 61 65 78 
4 17 35 39 57 59 66 87 94 96 
42 67 79 98 
0 2 5 16 19 38 45 50 68 76 77 80 82 83 84 89 
28 41 43 49 51 56 63 69 
5 11 47 48 61 70 72 73 78 80 82 
8 22 25 26 44 53 64 71 93 
5 47 48 61 70 72 73 78 80 82 
5 14 46 47 70 72 73 78 
9 11 14 34 42 46 47 74 79 83 98 
1 4 15 17 19 23 29 35 54 60 75 85 89 91 92 94 97 
2 4 16 19 38 41 45 50 51 56 63 68 76 84 89 
0 2 6 16 19 20 45 54 58 60 68 77 81 83 84 88 89 
48 61 65 70 72 73 78 
9 11 14 34 42 46 47 67 74 79 98 
