150
75
8

0 20 40 69 71 85 90 91 96 107 118 123 138 148 
1 16 17 18 19 22 27 30 39 52 62 94 99 109 127 136 142 145 146 
2 12 22 27 50 52 62 77 95 98 109 127 128 
3 23 24 29 55 61 
4 13 38 44 84 87 90 97 113 125 129 131 
5 7 10 15 18 25 32 33 39 51 53 58 59 67 75 92 101 102 110 120 122 136 140 141 146 149 
6 10 14 20 33 43 49 56 58 72 75 78 85 92 101 105 107 111 115 121 139 143 
5 7 18 25 27 39 42 46 51 54 59 64 67 83 120 122 127 141 149 
8 9 16 41 48 61 66 68 74 86 112 117 126 130 
8 9 19 24 30 48 61 63 66 68 74 80 86 89 104 105 112 124 126 135 143 
5 6 10 15 32 33 43 49 53 58 59 67 75 78 92 101 102 110 120 122 141 143 146 149 
11 16 17 19 28 41 65 66 82 94 99 117 130 133 142 144 
2 12 17 22 36 52 62 77 95 99 106 109 133 142 144 
4 13 38 40 44 53 69 84 87 90 91 97 102 113 118 125 129 131 132 
6 14 20 33 43 56 72 78 80 85 93 101 104 105 111 115 121 124 139 143 
5 10 15 25 51 53 58 59 67 75 87 102 110 119 120 122 132 140 141 149 
1 8 11 16 17 19 28 30 41 48 66 68 74 82 86 89 94 99 112 117 126 130 142 144 145 
1 11 12 16 17 19 22 28 41 65 66 82 94 99 109 133 142 144 145 
1 5 7 18 25 27 32 39 42 51 52 59 67 110 120 122 127 136 141 145 146 149 
1 9 11 16 17 19 22 30 48 63 66 68 74 89 94 99 112 126 136 142 145 146 
0 6 14 20 43 49 56 58 69 78 85 96 107 111 115 138 139 148 
21 36 
1 2 12 17 19 22 27 52 62 82 94 95 99 109 127 136 142 144 145 
3 23 24 29 55 124 
3 9 23 24 29 55 63 68 72 74 80 104 105 112 124 135 143 
5 7 15 18 25 27 32 39 42 51 59 67 110 120 122 127 136 141 145 146 149 
26 34 46 54 60 64 70 73 81 84 87 100 108 119 132 137 
1 2 7 18 22 25 27 39 42 51 52 62 120 122 127 136 145 
11 16 17 28 41 65 66 82 94 99 117 130 133 142 144 
3 23 24 29 55 
1 9 16 19 30 33 48 63 66 68 74 80 86 89 94 101 112 126 135 136 143 145 146 
31 34 35 45 46 47 57 60 73 76 79 83 100 103 108 114 147 
5 10 18 25 32 33 39 43 51 59 67 75 89 92 101 110 120 122 136 141 143 145 146 149 
5 6 10 14 30 32 33 43 59 63 72 75 80 89 92 101 105 110 120 136 141 143 146 
26 31 34 35 45 46 54 57 60 64 73 76 79 83 100 103 108 114 137 
31 34 35 45 47 57 76 79 103 114 116 147 
12 21 36 133 
37 45 47 50 88 98 103 116 128 134 
4 13 38 44 53 81 84 87 90 97 113 118 119 125 129 131 132 
1 5 7 18 25 27 32 39 51 59 92 110 120 122 127 136 141 145 146 149 
0 13 40 69 71 90 91 96 97 118 123 148 
8 11 16 17 28 41 48 65 66 82 86 94 117 130 144 
7 18 25 27 42 45 46 51 54 57 64 73 79 83 122 127 134 149 
6 10 14 20 32 33 43 49 58 72 75 78 85 92 101 105 107 110 111 115 143 
4 13 38 44 49 53 58 69 87 90 91 97 102 107 113 118 125 129 131 132 140 
31 34 35 37 42 45 46 47 50 54 57 64 73 76 79 83 88 98 103 116 128 134 
7 26 31 34 42 45 46 54 57 60 64 73 76 79 83 88 103 108 134 137 
31 35 37 45 47 76 103 114 116 147 
8 9 16 19 30 41 48 61 66 68 74 86 112 117 126 130 135 
6 10 20 43 44 49 53 58 69 75 78 85 102 107 118 138 148 
2 37 45 50 52 77 88 95 98 116 128 134 
5 7 15 18 25 27 32 39 42 51 59 67 75 110 120 122 127 136 141 146 149 
1 2 12 18 22 27 50 52 62 95 98 109 127 142 
5 10 13 15 38 44 49 53 58 67 75 87 102 107 118 119 125 129 132 140 149 
7 26 34 42 45 46 54 57 60 64 67 73 76 79 83 108 119 137 
3 23 24 29 55 104 124 
6 14 20 56 78 85 93 111 115 121 138 139 
31 34 35 42 45 46 54 57 60 64 73 76 79 83 88 103 116 134 
5 6 10 15 20 43 44 49 53 58 59 67 69 75 78 102 107 110 140 
5 7 10 15 18 25 32 33 39 51 58 59 67 75 92 101 110 120 122 136 140 141 146 149 
26 31 34 46 54 57 60 64 70 73 76 79 81 83 100 108 137 
3 8 9 48 61 68 74 86 112 117 126 130 135 
1 2 12 22 27 52 62 77 95 99 109 127 142 
9 19 24 30 33 63 68 72 74 80 89 92 101 104 105 112 126 135 143 146 
7 26 34 42 45 46 54 57 60 64 73 76 79 83 88 103 108 134 
11 17 28 41 65 82 94 99 133 144 
8 9 11 16 17 19 28 30 41 48 66 68 74 82 86 89 94 99 112 117 126 130 142 144 145 
5 7 10 15 18 25 32 51 53 54 58 59 67 75 87 102 110 119 120 122 132 140 141 149 
8 9 16 19 24 30 48 61 63 66 68 74 80 86 89 112 117 126 130 135 
0 13 20 40 44 49 58 69 78 85 90 91 96 107 118 123 138 148 
26 60 70 81 84 87 100 108 119 129 131 132 137 
0 40 71 90 91 96 97 118 123 
6 14 24 33 43 63 72 80 92 93 101 104 105 111 115 121 124 135 143 
26 31 34 42 45 46 54 57 60 64 73 76 79 83 100 103 108 134 137 
8 9 16 19 24 30 48 61 63 66 68 74 80 86 89 112 126 130 135 
