150
120
12

0 8 31 45 49 65 72 104 108 113 
1 99 103 137 
2 21 60 84 116 
3 44 59 73 110 148 
4 17 65 104 105 108 136 
5 50 74 76 133 
6 14 29 35 41 52 85 
7 90 144 146 
0 8 31 49 72 108 113 
9 45 124 
10 15 32 76 86 130 133 
11 33 40 42 91 93 
12 15 58 89 102 130 133 140 
13 38 115 137 138 
6 14 16 26 41 126 127 
10 12 15 58 89 102 130 133 140 
14 16 26 126 127 
4 17 105 
18 42 91 121 134 149 
19 56 69 94 100 118 139 146 
20 51 96 
2 21 60 84 116 
22 35 41 50 52 85 
23 97 112 122 
24 100 135 139 142 143 
25 76 87 
14 16 26 126 127 
27 110 
28 89 140 
6 29 41 
30 35 48 50 52 74 79 
0 8 31 49 65 72 108 113 
10 32 57 86 128 
11 33 40 42 46 91 93 
34 64 
6 22 30 35 41 48 50 52 85 
36 37 82 134 
36 37 81 134 149 
13 38 115 138 
39 77 
11 33 40 42 91 93 
6 14 22 29 35 41 52 85 
11 18 33 40 42 46 91 121 
43 55 70 131 145 
3 44 59 73 143 148 
0 9 45 75 113 124 
33 42 46 91 114 120 
47 67 101 109 122 
30 35 48 52 74 79 
0 8 31 49 65 72 104 108 113 
5 22 30 35 50 85 
20 51 107 111 
6 22 30 35 41 48 52 85 
53 71 123 124 141 
54 62 83 147 
43 55 63 70 131 145 
19 56 69 94 118 139 146 
32 57 68 128 
12 15 58 89 102 130 133 140 
3 44 59 73 79 129 148 
2 21 60 84 138 
61 106 136 
54 62 88 114 120 147 
55 63 70 131 145 
34 64 
0 4 31 49 65 72 104 105 108 136 
66 82 90 
47 67 101 109 122 
57 68 128 
19 56 69 100 118 146 
43 55 63 70 77 131 
53 71 92 123 141 
0 8 31 49 65 72 108 113 
3 44 59 73 79 129 148 
5 30 48 74 79 
45 75 
5 10 25 76 86 87 
39 70 77 117 
78 
30 48 59 73 74 79 129 
80 99 103 
37 81 88 134 149 
36 66 82 119 144 
54 83 106 147 
2 21 60 84 116 
6 22 35 41 50 52 85 
10 32 76 86 130 133 
25 76 87 115 
62 81 88 
12 15 28 58 89 102 130 132 133 140 
7 66 90 144 146 
11 18 33 40 42 46 91 121 
71 92 141 
11 33 40 93 
19 56 94 139 142 146 
95 125 
20 96 
23 97 101 112 122 
98 132 140 
1 80 99 103 137 
19 24 69 100 118 135 
47 67 97 101 122 
12 15 58 89 102 130 133 
1 80 99 103 
0 4 49 65 104 108 136 
4 17 65 105 
61 83 106 
51 107 
0 4 8 31 49 65 72 104 108 113 136 
47 67 109 
3 27 110 
51 111 
23 97 112 
0 8 31 45 49 72 108 113 
46 62 114 120 
13 38 87 115 138 
2 21 84 116 
77 117 
19 56 69 100 118 146 
82 119 
