100
80
8

0 6 11 18 66 79 
1 53 56 
2 63 72 75 
3 60 
4 40 48 
5 22 30 36 71 
0 6 11 18 79 
7 16 46 92 
8 69 
9 17 34 98 
10 49 62 95 
0 6 11 66 79 95 
12 37 
13 29 51 54 65 78 
14 25 67 91 
15 45 61 83 
7 16 86 
9 17 93 
0 6 18 
19 32 
20 85 
21 35 42 55 62 
5 22 36 71 74 
23 99 
24 33 45 50 
14 25 27 31 67 91 
26 45 83 
25 27 31 91 
28 64 90 
13 29 51 99 
5 30 36 46 71 92 
25 27 31 91 
19 32 97 
24 33 50 60 62 
9 34 52 82 96 
21 35 42 49 55 62 
5 22 30 36 46 71 92 
12 37 88 
38 
39 48 64 70 73 
4 40 59 80 89 
41 94 
21 35 42 55 62 
43 57 
44 47 
15 24 26 45 50 61 83 
7 30 36 46 71 92 
44 47 
4 39 48 70 
10 35 49 60 62 
24 33 45 50 61 
13 29 51 77 
34 52 82 96 
1 53 56 
13 54 65 78 
21 35 42 55 91 
1 53 56 
43 57 
58 87 90 
40 59 80 89 
3 33 49 60 62 
15 45 50 61 83 
10 21 33 35 42 49 60 62 
2 63 72 
28 39 64 70 73 
13 54 65 78 
0 11 66 95 
14 25 67 91 
68 74 
8 69 
39 48 64 70 73 
5 22 30 36 46 71 92 
2 63 72 75 
39 64 70 73 
22 68 74 
2 72 75 
76 84 
51 77 81 
13 54 65 78 
0 6 11 79 
