200
100
20

0 19 39 41 44 46 50 58 65 75 77 78 96 122 124 146 147 158 162 170 174 176 179 185 186 189 
1 3 7 10 16 18 20 25 33 49 57 64 67 68 85 88 92 110 111 112 116 120 126 129 135 138 169 177 178 
2 6 9 17 20 36 47 48 80 83 95 105 107 112 121 136 144 149 153 161 166 184 
1 3 10 16 18 22 33 35 49 57 67 68 85 88 92 110 116 120 126 129 135 138 169 177 178 182 
4 5 19 22 27 30 35 59 63 76 82 89 98 100 102 108 114 156 163 168 180 181 187 190 
4 5 19 22 27 30 44 59 63 76 79 82 89 90 94 100 102 108 109 114 123 156 163 168 180 187 190 194 
2 6 7 16 17 18 20 25 47 48 49 67 80 83 105 107 111 112 126 136 142 144 157 161 169 177 178 184 192 
1 6 7 16 17 18 20 25 29 47 49 67 105 112 117 126 135 136 142 144 157 161 177 178 192 
8 27 28 30 35 54 63 82 89 92 98 100 102 125 128 138 141 143 148 173 
2 9 21 37 61 73 74 83 86 99 105 111 112 121 131 149 153 176 184 191 193 196 
1 3 10 18 19 22 33 57 64 67 68 88 89 110 116 120 129 165 169 178 
11 13 23 26 39 70 71 91 101 113 122 139 140 151 152 160 
12 23 39 41 50 71 72 75 78 93 103 113 122 151 154 155 162 167 174 179 186 
11 13 23 26 39 44 46 65 70 71 77 78 91 101 109 122 123 139 140 146 147 151 152 158 160 162 174 180 186 189 
14 31 32 40 51 53 56 62 104 125 141 148 150 159 173 188 197 
15 30 34 42 52 54 84 98 115 133 134 137 168 181 195 
1 3 6 7 16 17 18 20 25 33 47 49 57 64 67 68 73 83 105 110 111 112 116 120 126 129 135 144 165 169 177 178 184 
2 6 7 16 17 18 20 25 29 47 48 49 67 80 83 105 107 111 112 126 136 142 144 157 161 169 177 178 184 192 
1 3 6 7 10 16 17 18 20 25 33 47 49 57 64 67 68 73 83 88 105 110 111 112 116 120 126 129 135 144 165 169 177 178 
0 4 5 10 19 22 26 44 46 63 65 77 89 108 109 120 123 146 152 158 163 180 189 190 
1 2 6 7 16 17 18 20 25 33 47 49 67 73 83 105 107 110 111 112 116 126 144 161 169 177 178 184 
9 21 37 43 58 61 66 73 74 86 99 124 131 165 170 176 184 185 191 193 196 
3 4 5 10 19 22 27 35 63 68 82 88 89 100 102 108 110 116 120 129 180 
11 12 13 23 39 50 70 71 72 75 78 91 113 122 139 140 151 152 158 162 167 174 186 
24 31 45 53 56 60 81 97 119 127 132 150 175 188 197 198 
1 6 7 16 17 18 20 25 29 45 49 117 119 126 127 132 135 136 144 157 161 177 178 192 
11 13 19 26 39 44 46 70 79 90 101 109 114 123 130 139 140 151 152 158 160 163 172 180 190 194 
4 5 8 22 27 28 30 35 59 63 76 82 89 92 98 100 102 108 128 141 143 156 168 
8 27 28 30 35 82 89 92 100 102 125 128 138 141 143 148 173 
7 17 25 29 45 117 119 127 135 136 142 144 157 161 177 192 
4 5 8 15 27 28 30 35 42 54 59 63 76 82 84 89 98 100 102 108 128 143 156 168 181 187 
14 24 31 45 51 53 56 60 62 81 97 119 127 132 148 150 175 182 188 197 198 
14 32 40 51 56 62 104 125 141 150 159 173 
1 3 10 16 18 20 33 49 57 61 64 67 68 73 74 88 110 111 112 116 120 126 129 131 165 169 176 178 185 
15 34 42 54 84 98 115 133 134 137 181 195 
3 4 8 22 27 28 30 35 57 63 68 82 85 88 89 92 100 102 128 129 138 141 143 148 182 
2 36 95 121 149 153 166 
9 21 37 43 61 73 74 86 99 124 131 165 170 176 184 185 191 193 196 
38 52 69 106 115 118 171 195 
0 11 12 13 23 26 39 41 44 46 50 58 65 70 71 75 77 78 91 101 113 122 123 139 140 146 147 151 152 158 162 167 174 186 189 
14 32 40 51 62 104 125 150 159 173 
0 12 39 41 50 58 65 66 75 77 78 96 122 124 146 147 154 158 162 167 170 174 179 186 189 
15 30 34 42 52 54 55 59 76 82 84 94 98 106 115 118 133 134 137 156 164 168 181 187 195 
21 37 43 58 61 66 74 86 96 99 124 131 170 176 185 191 193 196 
0 5 13 19 26 39 44 46 65 77 78 101 109 123 146 147 151 152 158 162 163 180 189 
24 25 29 31 45 60 81 97 117 119 127 132 135 175 198 
0 13 19 26 39 44 46 50 65 70 71 77 78 101 109 122 123 140 146 147 151 152 158 162 174 180 186 189 
2 6 7 16 17 18 20 47 48 67 80 83 105 107 111 112 126 136 142 144 157 161 169 177 184 192 
2 6 17 47 48 80 107 136 142 144 153 157 161 166 192 
1 3 6 7 16 17 18 20 25 33 49 57 67 68 85 88 110 111 112 116 117 120 126 129 135 138 144 169 177 178 
0 12 23 39 41 46 50 58 65 66 71 72 75 77 78 93 96 113 122 146 147 151 154 155 158 162 167 170 174 179 186 189 
14 31 32 40 51 53 56 60 62 104 125 150 159 188 197 
15 38 42 52 54 55 69 84 87 94 106 115 118 133 164 171 181 183 195 
14 24 31 51 53 56 60 62 81 97 119 132 148 150 159 175 182 188 197 198 
8 15 30 34 42 52 54 59 76 82 84 98 115 133 134 137 156 168 181 187 195 
42 52 55 59 69 76 79 84 87 90 94 106 109 114 118 130 133 145 156 163 164 168 172 181 183 187 190 194 199 
14 24 31 32 51 53 56 60 62 81 97 119 132 141 148 150 159 175 182 188 197 198 
1 3 10 16 18 33 35 49 57 67 68 85 88 92 100 102 110 116 120 126 129 135 138 148 177 178 182 
0 21 39 41 43 50 58 65 66 74 75 77 78 96 124 131 146 147 158 162 170 174 176 179 185 186 189 193 196 
4 5 27 30 42 54 55 59 63 76 79 82 84 89 90 94 98 100 102 108 114 133 156 163 168 180 181 187 190 194 
24 31 45 51 53 56 60 62 81 97 119 127 132 148 150 175 182 188 197 198 
9 21 33 37 43 61 64 73 74 83 86 99 111 112 124 131 165 169 170 176 184 185 191 193 196 
14 31 32 40 51 53 56 60 62 104 125 141 148 150 159 173 182 188 197 
4 5 8 19 22 27 30 35 59 63 76 82 84 89 94 98 100 102 108 114 156 163 168 180 181 187 190 
1 10 16 18 33 61 64 67 68 73 74 88 110 111 112 116 120 124 131 165 169 176 178 185 193 196 
0 13 19 39 41 44 46 50 58 65 75 77 78 122 123 124 146 147 151 152 158 162 170 174 179 185 186 189 
21 41 43 50 58 66 75 96 124 154 170 179 186 196 
1 3 6 7 10 16 17 18 20 33 47 49 57 64 67 68 73 74 83 88 105 110 111 112 116 120 126 129 131 165 169 177 178 184 
1 3 10 16 18 22 33 35 49 57 64 67 68 85 88 92 110 116 120 126 129 135 138 169 177 178 
38 52 55 69 87 106 115 118 133 145 164 171 183 195 199 
11 13 23 26 39 46 70 71 91 101 109 113 122 123 139 140 151 152 158 160 
11 12 13 23 39 46 50 70 71 72 75 78 91 101 113 122 139 140 151 152 158 160 167 174 
12 23 50 71 72 75 78 93 103 113 122 151 155 167 174 179 
9 16 18 20 21 33 37 61 64 67 73 74 83 86 99 105 110 111 112 116 124 126 131 165 169 176 178 184 185 193 196 
9 21 33 37 43 58 61 64 67 73 74 83 86 99 111 112 116 124 131 165 169 170 176 184 185 191 193 196 
0 12 23 39 41 50 58 65 66 71 72 75 77 78 93 96 103 113 122 147 151 154 155 158 162 167 174 179 186 
4 5 27 30 42 54 55 59 63 76 79 82 84 89 90 94 98 108 109 114 133 145 156 163 168 180 181 187 190 194 
0 13 19 39 41 44 46 50 58 65 75 77 78 122 123 146 147 151 152 158 162 170 174 179 186 189 
0 12 13 23 39 41 44 46 50 58 65 71 72 75 77 78 96 113 122 140 146 147 151 152 158 162 167 174 179 186 189 
5 26 55 59 76 79 87 90 94 101 109 114 123 130 145 156 160 163 164 172 180 183 187 190 194 199 
2 6 17 47 48 80 105 107 136 142 144 157 161 192 
24 31 45 53 56 60 81 97 117 119 127 132 175 188 197 198 
4 5 8 22 27 28 30 35 42 54 59 63 76 82 84 89 94 98 100 102 108 114 128 133 156 163 168 180 181 187 190 
2 6 9 16 17 18 20 47 61 67 73 74 83 105 107 111 112 126 144 153 161 169 178 184 
15 30 34 42 52 54 55 59 63 76 82 84 94 98 106 115 133 134 137 156 164 168 181 187 195 
1 3 35 49 57 68 85 88 92 97 100 102 110 129 132 135 138 141 148 177 182 188 197 
9 21 37 43 61 73 74 86 99 124 131 170 176 184 185 191 193 196 
52 55 69 79 87 90 94 106 118 130 133 145 164 171 172 181 183 187 194 199 
1 3 10 18 22 33 35 49 57 64 67 68 85 88 89 92 100 102 110 116 120 126 129 138 169 178 
4 5 8 10 19 22 27 28 30 35 59 63 76 82 88 89 92 100 102 108 128 156 168 180 
5 26 55 59 76 79 87 90 94 101 106 109 114 130 145 156 160 163 164 168 172 180 183 187 190 194 199 
11 13 23 39 70 71 91 101 113 122 139 140 151 160 167 
1 3 8 27 28 35 57 68 85 88 89 92 97 100 102 128 129 138 141 143 148 182 
12 50 72 75 93 103 113 154 155 167 179 
5 42 52 55 59 63 76 79 82 84 87 90 94 98 106 108 109 114 130 133 145 156 163 164 168 172 180 181 183 187 190 194 199 
2 36 95 121 149 153 166 
0 41 43 50 58 66 75 78 96 124 147 154 162 170 174 179 186 196 
24 31 45 53 56 60 81 85 92 97 117 119 127 132 135 138 148 150 175 182 188 197 198 
4 8 15 27 30 34 42 54 59 63 76 82 84 94 98 108 115 133 134 137 156 168 181 187 195 
9 21 37 43 61 73 74 86 99 121 124 149 176 184 191 193 196 
