100
80
16

0 44 54 
1 5 7 11 19 23 27 37 44 54 56 61 
2 10 13 21 29 32 38 60 73 78 89 95 99 
3 6 50 64 66 79 
4 15 20 25 36 39 46 51 63 67 68 75 76 84 86 88 96 
1 5 7 11 22 23 24 26 41 42 45 55 58 61 
3 6 16 66 79 97 98 
1 5 7 11 22 23 27 30 34 44 45 54 61 83 93 
8 16 31 53 64 66 70 72 79 90 94 
9 12 18 26 40 47 55 58 63 69 76 92 
2 10 29 32 52 60 73 74 78 89 95 
1 5 7 11 19 22 23 27 34 37 44 54 56 61 
9 12 18 19 37 43 47 55 56 58 
2 13 20 21 29 32 36 38 68 71 73 75 86 99 
14 17 28 33 35 49 57 62 77 80 85 91 97 
4 15 25 36 39 46 51 88 
6 8 16 66 79 
14 17 28 35 59 62 77 80 85 91 
9 12 18 24 26 40 41 47 55 58 63 65 69 92 
1 11 12 19 37 43 56 
4 13 20 25 36 39 47 63 67 68 75 76 84 86 88 96 
2 13 21 29 32 36 38 68 71 73 75 86 99 
5 7 11 22 23 27 30 34 45 61 81 83 87 93 
1 5 7 11 22 23 27 34 44 45 54 61 83 93 
5 18 24 26 40 41 42 55 58 61 65 69 92 
4 15 20 25 36 39 46 51 68 71 75 86 88 96 
5 9 18 24 26 40 41 42 47 55 58 61 65 69 92 
1 7 11 22 23 27 30 34 44 54 61 83 93 
14 17 28 33 35 48 49 57 59 62 77 80 82 91 
2 10 13 21 29 32 71 73 89 95 99 
7 22 27 30 34 45 81 82 83 87 93 
8 31 53 64 66 70 72 90 94 
2 10 13 21 29 32 38 60 68 73 75 86 99 
14 28 33 42 49 50 57 62 97 
7 11 22 23 27 30 34 44 54 83 93 
14 17 28 35 62 80 85 91 97 98 
4 13 15 20 21 25 36 39 46 51 68 71 75 86 99 
1 11 12 19 37 43 55 56 
2 13 21 32 38 40 47 60 63 69 92 
4 15 20 25 36 39 46 51 67 68 75 86 88 96 
9 18 24 26 38 40 41 47 55 58 65 69 92 
5 18 24 26 40 41 42 45 55 58 61 65 69 
5 24 26 33 41 42 45 49 50 57 
12 19 37 43 56 
0 1 7 11 23 27 34 44 54 
5 7 22 23 30 41 42 45 61 81 83 87 
4 15 25 36 39 46 51 86 88 
9 12 18 20 26 38 40 47 55 58 63 69 76 92 
28 48 59 62 77 81 82 87 
14 28 33 42 49 50 57 62 82 97 
3 33 42 49 50 57 97 
4 15 25 36 39 46 51 86 88 96 
10 52 72 74 78 89 95 
8 31 53 70 72 90 94 
0 1 7 11 23 27 34 44 54 93 
5 9 12 18 24 26 37 40 41 47 55 56 58 61 69 92 
1 11 12 19 37 43 55 56 58 61 
14 28 33 42 49 50 57 62 82 97 
5 9 12 18 24 26 40 41 47 55 56 58 61 65 69 92 
17 28 48 59 62 77 82 91 
2 10 32 38 60 78 89 
1 5 7 11 22 23 24 26 27 41 45 55 56 58 61 
14 17 28 33 35 48 49 57 59 62 77 82 91 
4 9 18 20 38 47 63 67 68 75 76 84 86 92 96 
3 8 31 64 66 70 72 78 79 
18 24 26 40 41 58 65 69 92 
3 6 8 16 31 64 66 70 79 90 94 
4 20 39 63 67 76 84 88 96 
4 13 20 21 25 32 36 39 63 68 71 75 86 99 
9 18 24 26 38 40 41 47 55 58 65 69 92 
8 31 53 64 66 70 72 90 94 
13 21 25 29 36 68 71 73 75 86 99 
8 31 52 53 64 70 72 74 90 94 
2 10 13 21 29 32 71 73 89 99 
10 52 72 74 78 89 95 
4 13 20 21 25 32 36 39 63 68 71 75 86 99 
4 9 20 47 63 67 76 84 88 96 
14 17 28 48 59 62 77 80 91 
2 10 52 60 64 74 78 89 95 
3 6 8 16 64 66 79 
