100
50
10

0 28 58 
1 27 84 93 
2 
3 7 17 58 
4 7 15 35 55 
5 31 89 99 
6 
3 4 7 15 55 
8 56 
9 37 80 
10 
11 23 70 90 92 98 
12 14 63 
13 19 20 52 60 73 79 
12 14 42 48 63 
4 7 15 
16 70 73 90 
3 17 35 55 58 80 
18 26 64 88 
13 19 20 52 73 79 82 85 
13 19 20 52 73 79 82 85 
21 24 33 97 
22 67 95 
11 23 70 82 85 94 98 
21 24 33 97 
25 46 
18 26 88 
1 27 93 
0 28 58 
29 98 
30 45 53 79 96 
5 31 69 78 89 
32 74 
21 24 33 97 
34 50 54 57 68 83 
4 17 35 49 55 71 
36 39 46 66 71 80 86 
9 37 
38 51 62 
36 39 46 71 80 86 
40 75 76 
41 61 
14 42 48 67 72 81 87 
43 74 77 
44 47 65 
30 45 53 96 
25 36 39 46 66 86 
44 47 59 65 
14 42 48 63 67 
35 49 91 
