150
120
12

0 1 10 11 27 28 39 59 74 86 87 88 94 114 115 128 133 
0 1 5 10 11 27 28 32 39 41 43 51 59 74 86 87 88 94 103 114 115 128 134 
2 4 19 26 34 35 49 50 57 67 82 83 106 110 142 147 148 
3 6 18 20 39 41 45 53 61 66 76 80 93 98 133 138 
2 4 19 26 34 35 49 50 57 67 83 106 110 142 147 148 
1 5 6 22 27 32 39 41 71 76 93 115 120 125 133 134 143 145 
3 5 6 18 20 27 32 39 41 53 61 66 71 76 80 93 98 115 125 133 138 143 145 
7 9 14 19 26 31 34 48 57 68 77 82 84 106 116 142 146 147 148 
8 15 22 32 38 47 71 97 101 105 109 120 125 127 136 141 143 145 
7 9 14 19 26 34 48 52 57 68 77 82 84 100 106 116 140 142 146 147 
0 1 10 11 27 28 39 43 59 74 86 87 88 94 103 114 115 128 
0 1 10 11 28 29 43 51 74 94 103 114 128 134 
12 25 36 42 63 64 69 72 73 78 79 91 104 107 108 122 129 130 139 
13 17 37 46 60 75 102 113 119 126 144 
7 9 14 23 37 38 48 52 54 68 84 89 101 105 116 118 135 136 141 149 
8 15 30 33 47 61 91 97 101 105 107 122 131 136 137 141 143 
16 17 92 99 102 119 123 126 132 
13 16 17 60 75 92 99 102 113 119 123 126 132 
3 6 18 20 45 53 61 64 66 76 78 80 91 98 107 108 129 138 139 
2 4 7 9 19 26 34 48 50 57 68 77 82 84 106 140 142 146 147 148 
3 6 18 20 45 53 61 64 66 76 78 80 98 108 129 138 139 
21 25 33 40 42 44 85 90 95 96 104 112 117 121 124 131 135 137 
5 8 22 24 27 32 41 47 62 71 97 109 111 120 125 127 134 141 143 145 
14 23 37 46 48 52 54 60 75 85 89 96 113 116 118 135 144 149 
22 24 28 31 43 51 55 56 58 62 109 111 120 127 134 
12 21 25 36 40 42 44 63 69 72 73 79 104 112 121 124 130 
2 4 7 9 19 26 34 35 48 57 68 77 82 84 106 140 142 146 147 148 
0 1 5 6 10 22 27 32 39 41 71 76 88 93 114 115 120 125 133 134 145 
0 1 10 11 24 28 29 43 51 55 74 94 103 114 128 134 
11 28 29 43 51 55 58 74 94 103 114 
15 30 33 42 47 61 63 91 95 97 101 107 122 131 136 137 
7 24 31 34 56 57 62 68 77 82 109 111 120 127 148 
1 5 6 8 22 27 32 39 41 71 76 93 109 120 125 127 134 143 145 
15 21 30 33 38 47 85 89 95 96 97 101 105 118 131 135 136 137 141 149 
2 4 7 9 19 26 31 34 35 49 56 57 65 67 68 70 77 82 106 147 148 
2 4 26 34 35 49 56 57 65 67 70 81 106 110 148 
12 25 36 40 42 63 69 72 73 79 104 124 130 
13 14 23 37 46 48 52 54 60 75 84 100 116 118 144 146 
8 14 33 38 47 54 68 89 97 101 105 116 118 127 135 136 141 149 
0 1 3 5 6 10 27 32 39 41 71 76 80 86 87 88 93 98 115 128 133 
21 25 36 40 42 44 90 104 112 117 121 124 130 
1 3 5 6 22 27 32 39 41 66 71 76 93 115 125 133 134 145 
12 21 25 30 36 40 42 44 63 72 95 104 112 117 121 122 124 130 131 137 
1 10 11 24 28 29 43 51 55 74 94 103 109 111 114 134 
21 25 40 42 44 90 104 112 117 121 123 124 
3 18 20 45 53 61 64 66 76 78 91 107 108 122 129 138 139 
13 23 37 46 52 54 60 75 100 102 113 144 
8 15 22 30 33 38 47 71 97 101 105 120 125 127 136 141 143 145 
7 9 14 19 23 26 37 48 52 82 84 100 106 116 140 142 144 146 147 
2 4 34 35 49 56 57 58 65 67 70 81 110 148 
2 4 19 50 83 110 140 142 
1 11 24 28 29 43 51 55 58 62 74 103 109 111 114 120 134 
9 14 23 37 46 48 52 54 60 84 100 116 118 144 146 
3 6 18 20 45 53 61 64 66 76 78 91 107 108 122 129 138 139 
14 23 37 38 46 52 54 60 75 85 89 96 105 113 116 118 135 144 149 
24 28 29 43 51 55 56 58 62 65 70 74 109 111 134 
24 31 34 35 49 55 56 57 58 62 65 67 70 77 81 111 148 
2 4 7 9 19 26 31 34 35 49 56 57 67 68 77 82 84 106 110 142 146 147 148 
24 29 49 51 55 56 58 65 70 81 
0 1 10 59 86 87 88 94 103 128 
13 17 23 37 46 52 54 60 75 85 92 102 113 119 126 144 
3 6 15 18 20 30 45 53 61 64 66 76 78 91 107 108 122 129 138 139 143 145 
22 24 31 51 55 56 62 68 77 109 111 120 127 134 
12 25 30 36 42 63 64 69 72 73 78 79 91 104 107 108 122 129 130 139 
12 18 20 45 53 61 63 64 72 73 78 91 107 108 122 129 138 139 
34 35 49 55 56 58 65 67 70 81 148 
3 6 18 20 41 45 53 61 66 71 76 80 91 93 98 138 145 
2 4 34 35 49 56 57 65 67 70 81 110 148 
7 9 14 19 26 31 34 38 57 62 68 77 82 84 106 116 146 147 
12 25 36 63 69 72 73 79 104 129 130 
34 35 49 55 56 58 65 67 70 81 148 
5 6 8 22 27 32 39 41 47 66 71 76 93 109 120 125 127 134 143 145 
12 25 36 42 63 64 69 72 73 78 79 91 104 107 108 122 129 130 139 
12 25 36 63 64 69 72 73 78 79 108 122 129 130 139 
0 1 10 11 28 29 43 51 55 74 94 103 114 128 134 
13 17 23 37 46 54 60 75 85 92 102 113 119 126 144 
3 5 6 18 20 27 32 39 41 45 53 61 66 71 76 80 93 98 138 143 145 
7 9 19 26 31 34 56 57 62 68 77 82 106 111 147 148 
12 18 20 45 53 61 63 64 72 73 78 91 107 108 122 129 138 139 
12 25 36 63 69 72 73 79 104 130 
3 6 18 20 39 66 76 80 93 98 115 133 
35 49 56 58 65 67 70 81 148 
2 7 9 19 26 31 34 48 57 68 77 82 84 106 142 146 147 148 
2 4 50 83 110 142 
7 9 14 19 26 37 48 52 57 68 82 84 100 106 116 140 142 146 147 
21 23 33 54 60 75 85 89 90 92 95 96 102 113 117 118 121 126 131 135 149 
0 1 10 39 59 86 87 88 115 128 133 
0 1 10 39 59 86 87 88 94 114 115 128 133 
0 1 10 27 39 59 86 87 88 93 115 128 133 
14 23 33 38 54 85 89 95 96 101 105 113 116 118 126 131 135 136 149 
21 40 44 85 90 92 95 96 112 117 121 123 124 126 
12 15 18 30 45 53 61 63 64 66 72 78 91 107 108 122 129 137 138 139 
16 17 60 75 85 90 92 96 99 102 113 117 121 123 126 
3 5 6 27 32 39 41 66 71 76 80 88 93 98 115 125 133 145 
0 1 10 11 28 29 43 59 74 87 94 103 114 128 
21 30 33 42 85 89 90 95 96 101 104 117 121 131 135 136 137 149 
21 23 33 54 85 89 90 92 95 96 101 113 117 118 121 126 131 135 137 149 
8 15 22 30 33 38 47 97 101 105 120 125 127 136 141 143 149 
3 6 18 20 39 66 76 80 93 98 115 133 
16 17 92 99 102 119 123 132 
9 37 46 48 52 84 100 140 144 146 
8 14 15 30 33 38 47 89 95 96 97 101 105 118 131 135 136 137 141 143 149 
13 16 17 46 60 75 85 92 99 102 113 119 123 126 132 
1 10 11 28 29 43 51 59 74 94 103 114 128 134 
12 21 25 36 40 42 44 63 69 72 79 95 104 112 117 121 124 130 131 137 
8 14 15 33 38 47 54 89 97 101 105 116 118 131 135 136 141 149 
2 4 7 9 19 26 34 35 48 57 68 77 82 84 106 110 140 142 146 147 148 
12 15 18 30 45 53 61 63 64 72 78 91 107 108 122 129 137 138 139 
12 18 20 45 53 61 63 64 72 73 78 91 107 108 122 129 138 139 
8 22 24 31 32 43 51 55 62 71 109 111 120 125 127 134 141 143 
2 4 35 49 50 57 67 83 106 110 142 148 
22 24 31 43 51 55 56 62 77 109 111 120 125 127 134 
21 25 40 42 44 90 104 112 117 121 123 124 
13 17 23 46 54 60 75 85 89 92 96 102 113 126 
0 1 10 11 27 28 29 43 51 74 87 94 103 114 128 134 
0 1 5 6 10 27 39 41 80 86 87 88 93 98 115 128 133 
7 9 14 23 37 38 48 52 54 68 84 89 105 116 118 144 146 149 
21 40 42 44 85 90 92 95 96 104 112 117 121 123 124 126 
14 23 33 37 38 52 54 85 89 96 101 105 116 118 135 136 141 149 
13 16 17 60 75 99 102 119 132 
