150
75
8

0 4 42 61 65 88 91 119 
1 30 127 132 
2 46 149 
3 29 56 134 139 141 
0 4 42 65 88 
5 9 21 48 73 107 113 144 
6 26 66 76 
7 14 22 77 80 92 115 
8 32 38 111 139 
5 9 20 48 73 93 104 
10 31 75 114 
11 34 63 85 101 106 
12 90 110 135 
13 24 133 
7 14 22 77 80 92 115 
15 60 61 91 100 112 131 143 
16 20 69 74 104 
17 23 39 91 112 117 
18 23 96 98 
19 51 78 82 123 137 
9 16 20 69 74 86 93 99 104 
5 21 107 113 118 126 144 
7 14 22 50 77 80 92 115 
17 18 23 96 98 117 
13 24 102 108 109 133 
25 105 121 136 
6 26 66 89 141 145 
27 49 52 62 79 103 115 
28 54 56 81 89 
3 29 56 66 134 141 145 
1 30 132 
10 31 
8 32 38 139 
33 64 87 116 129 147 
11 34 63 83 85 101 
35 47 72 94 122 148 
36 37 59 75 128 
36 37 43 59 
8 32 38 111 
17 39 95 120 130 
40 70 71 100 140 143 
41 111 149 
0 4 42 65 88 119 
37 43 
44 55 78 82 124 138 
45 58 73 86 99 
2 46 149 
35 47 72 122 
5 9 48 73 113 144 
27 49 52 62 79 103 142 
22 50 77 80 92 
19 51 67 82 123 137 
27 49 52 62 84 103 142 
53 70 71 100 131 143 
28 54 57 81 89 
44 55 124 138 
3 28 29 56 134 141 
54 57 87 146 
45 58 86 99 
36 37 59 75 
15 60 61 91 112 117 131 143 
0 15 60 61 91 112 117 
27 49 52 62 79 103 115 
11 34 63 83 101 
33 64 116 125 129 
0 4 42 65 88 119 
6 26 29 66 89 141 145 
51 67 106 123 137 
68 
16 20 69 93 97 104 
40 53 70 71 100 
40 53 70 71 100 
35 47 72 122 148 
5 9 45 48 73 144 
16 20 74 86 93 99 104 
