150
75
8

0 1 3 35 40 47 50 58 60 64 69 81 96 102 107 110 130 135 144 145 146 
0 1 3 31 35 40 47 50 58 60 77 81 93 94 96 102 107 110 125 135 144 145 146 
2 4 11 12 17 23 30 65 74 77 100 111 112 113 115 117 125 136 142 
0 1 3 24 31 40 45 47 50 54 58 60 81 93 94 96 102 110 118 125 126 127 140 144 146 
2 4 11 23 65 67 74 77 100 112 113 115 117 125 134 136 142 
5 7 14 35 36 41 57 63 64 69 75 101 103 108 130 143 145 
6 20 28 33 41 42 52 55 57 85 103 120 132 141 
5 7 14 35 36 64 68 69 75 101 108 130 143 145 
8 15 26 27 34 43 70 76 82 84 92 106 115 119 129 134 138 
9 10 21 26 66 78 79 87 91 97 104 131 133 149 
9 10 12 21 37 59 66 78 87 88 89 90 91 97 111 131 133 149 
2 4 11 17 23 30 38 51 65 74 77 83 99 112 113 116 117 121 135 142 
2 10 12 17 26 34 37 59 65 66 78 79 84 87 88 90 111 113 116 133 134 142 
13 22 28 29 46 48 49 53 56 61 95 98 109 122 123 128 148 
5 7 14 36 41 57 63 64 69 75 101 103 107 108 145 
8 15 27 34 43 70 76 115 119 129 134 138 
16 19 44 114 124 139 
2 11 12 17 23 30 37 59 62 65 74 83 87 88 90 99 111 112 113 116 117 121 133 142 
18 22 32 44 46 48 49 56 80 95 122 123 137 139 
16 19 32 44 114 124 137 139 
6 20 33 42 52 55 85 103 120 132 141 
9 10 21 66 86 87 91 97 131 133 149 
13 18 22 28 29 46 48 49 53 56 61 95 98 109 122 123 128 148 
2 4 11 17 23 30 38 51 65 74 77 83 99 112 113 117 121 125 135 142 
3 24 45 47 50 72 81 93 94 102 110 118 126 127 144 146 147 
25 28 29 38 39 41 51 57 63 71 98 99 109 128 
8 9 12 26 27 34 66 76 78 79 84 87 88 104 106 119 134 138 
8 15 26 27 34 43 70 76 78 79 82 84 88 92 106 119 129 134 138 
6 13 22 25 28 29 39 41 52 53 55 57 63 71 103 109 128 148 
13 22 25 28 29 39 41 53 57 63 71 98 109 122 128 148 
2 11 17 23 30 37 38 39 51 59 62 73 74 83 90 99 111 112 113 116 117 121 142 
1 3 31 40 45 47 54 58 60 67 77 81 94 96 100 102 125 136 140 146 
18 19 32 44 46 48 49 56 80 95 105 114 122 124 137 139 
6 20 33 42 52 53 55 85 120 141 
8 12 15 26 27 34 70 76 78 79 84 88 106 115 119 129 134 138 
0 1 5 7 35 50 60 64 68 69 75 93 107 108 110 130 143 144 145 
5 7 14 36 41 42 57 64 69 75 101 103 108 132 
10 12 17 30 37 59 62 73 83 87 90 111 112 113 116 121 133 142 
11 23 25 30 38 39 51 63 74 77 83 99 107 112 113 117 121 135 
25 28 29 30 38 39 51 62 63 71 73 83 98 99 116 121 122 
0 1 3 31 40 45 47 54 58 60 67 77 81 94 96 100 102 125 140 146 
5 6 14 25 28 29 36 41 42 55 57 63 71 103 108 109 128 
6 20 33 36 41 42 52 55 57 85 103 120 132 141 
8 15 27 43 76 82 84 92 106 119 138 
16 18 19 32 44 46 48 49 80 95 114 123 124 137 139 
3 24 31 40 45 47 54 58 60 67 81 94 96 100 102 118 125 126 140 146 
13 18 22 32 44 46 48 49 56 73 80 95 98 122 123 148 
0 1 3 24 31 40 45 47 50 54 58 60 81 93 94 96 102 110 118 125 126 127 140 144 146 
13 18 22 32 44 46 48 49 56 95 123 137 148 
13 18 22 32 44 46 48 49 56 80 95 98 109 122 123 137 148 
0 1 3 24 35 47 50 58 60 64 68 69 81 93 96 102 107 110 118 127 130 143 144 145 146 
11 23 25 30 38 39 51 63 74 77 83 99 107 112 113 121 135 
6 20 28 33 42 52 53 55 61 85 120 128 141 
13 22 28 29 33 52 53 61 109 120 128 148 
3 31 40 45 47 54 67 72 94 118 126 140 
6 20 28 33 41 42 52 55 57 85 103 120 132 141 
13 18 22 32 46 48 49 56 73 80 95 98 109 122 
5 6 14 25 28 29 36 41 42 55 57 63 71 75 103 108 
0 1 3 31 40 45 47 50 58 60 67 77 81 93 94 96 100 102 107 110 125 140 144 145 146 
10 12 17 30 37 59 62 66 87 88 90 111 113 116 121 133 142 
0 1 3 31 35 40 45 47 50 58 60 64 81 93 94 96 102 107 110 127 135 144 145 146 
13 22 52 53 61 109 123 128 148 
17 30 37 39 59 62 73 83 89 90 98 111 113 116 121 133 142 
5 14 25 28 29 38 39 41 51 57 63 71 103 109 128 
0 5 7 14 35 36 50 60 64 68 69 75 101 107 108 130 143 144 145 
2 4 11 12 17 23 65 74 77 88 111 112 113 115 117 134 136 142 
9 10 12 21 26 59 66 78 79 87 88 91 97 104 111 131 133 149 
4 31 40 45 54 58 67 94 100 125 136 140 
7 35 50 64 68 69 108 110 130 143 144 145 
0 5 7 14 35 36 50 64 68 69 75 101 107 108 130 143 145 
8 15 27 34 70 76 115 129 134 136 
25 28 29 39 41 57 63 71 98 103 109 128 
24 54 72 93 118 126 127 147 
30 37 39 46 56 62 73 80 83 89 90 98 105 116 121 122 
2 4 11 17 23 30 38 51 65 74 77 83 99 112 113 116 117 121 125 135 142 
