200
160
32

0 57 63 135 146 
1 77 107 151 
2 48 52 67 
3 9 21 72 85 88 158 183 197 198 
4 5 22 33 46 62 120 150 162 165 182 189 
4 5 22 33 46 104 120 150 162 165 182 189 
6 80 94 124 145 156 
7 101 144 172 
8 59 149 154 187 
3 9 21 72 183 197 198 
10 110 124 131 138 168 187 
11 61 
12 14 32 39 65 75 126 139 161 171 
13 34 37 50 54 69 73 133 176 190 192 
12 14 32 65 75 161 171 179 
15 80 
16 27 42 48 78 81 193 
17 68 95 122 152 
18 34 38 43 86 127 135 141 176 
19 32 60 89 171 177 
20 100 173 
3 9 21 72 183 197 198 
4 5 22 33 87 104 117 120 162 165 189 
23 66 118 195 
24 42 67 81 99 160 
25 37 54 69 139 160 186 
26 115 155 
16 27 78 98 159 166 
28 114 119 136 157 180 181 
29 41 90 96 103 
30 48 98 116 159 188 
31 98 113 159 188 
12 14 19 32 65 75 161 171 179 
4 5 22 33 46 62 93 120 146 150 162 165 182 189 
13 18 34 43 73 105 127 141 176 190 
35 102 106 107 114 119 180 
36 53 143 
13 25 37 54 69 160 186 192 
18 38 43 73 86 97 169 
12 39 75 126 137 139 161 164 186 
40 41 90 105 127 137 164 
29 40 41 90 164 
16 24 42 67 81 99 160 193 
18 34 38 43 86 135 141 176 
44 76 125 147 167 
45 56 104 129 174 
4 5 33 46 62 93 146 150 162 165 168 182 189 
47 71 83 91 108 163 
2 16 30 48 81 116 
49 66 112 118 177 
13 50 54 69 73 83 133 134 184 190 192 
51 57 63 64 124 
2 52 67 99 140 
36 53 143 
13 25 37 50 54 69 73 133 190 192 
55 132 136 157 170 172 181 
45 56 86 104 120 129 174 
0 51 57 63 93 146 182 
58 74 153 179 191 
8 59 131 138 149 187 
19 60 89 177 
11 61 82 117 
4 33 46 62 93 131 146 150 162 165 168 182 189 
0 51 57 63 64 124 
51 63 64 96 103 145 156 
12 14 32 65 75 171 179 
23 49 66 112 118 194 
2 24 42 52 67 81 99 
17 68 95 122 152 
13 25 37 50 54 69 133 160 186 192 
70 109 123 128 194 195 
47 71 83 91 108 134 163 184 
3 9 21 72 142 197 198 
13 34 38 50 54 73 97 133 134 176 190 192 
58 74 179 191 
12 14 32 39 65 75 126 139 161 171 179 
44 76 117 125 
1 77 151 
16 27 78 108 193 
79 163 166 
6 15 80 
16 24 42 48 67 81 193 
61 82 87 117 
47 50 71 83 97 134 184 
84 148 167 
3 85 88 130 158 198 
18 38 43 56 86 135 141 169 
22 82 87 104 117 
3 85 88 111 130 158 183 
19 60 89 
29 40 41 90 103 105 
47 71 91 108 163 
92 128 155 185 194 198 
33 46 57 62 93 146 150 165 168 182 189 
6 94 145 156 175 
17 68 95 122 152 
29 64 96 103 
38 73 83 97 133 134 169 184 190 
27 30 31 98 113 159 166 188 
24 42 52 67 99 
20 100 154 173 
7 101 144 172 
35 102 119 
29 64 90 96 103 
5 22 45 56 87 104 120 165 174 
34 40 90 105 127 141 164 176 
35 106 107 199 
1 35 106 107 151 
47 71 78 91 108 163 
70 109 123 128 155 194 195 
10 110 124 138 168 187 
88 111 
49 66 112 118 177 
31 98 113 159 166 
28 35 114 119 136 157 180 181 
26 115 155 185 196 
30 48 116 159 188 
22 61 76 82 87 117 125 
23 49 66 112 118 
28 35 102 114 119 175 180 
4 5 22 33 56 104 120 162 165 189 
121 
17 68 95 122 147 152 
70 109 123 195 
6 10 51 63 110 124 168 
44 76 117 125 
12 39 75 126 137 139 161 164 
18 34 40 105 127 137 141 164 176 
70 92 109 128 155 185 194 195 
45 56 129 169 174 
85 88 130 158 
10 59 62 131 138 149 168 187 
55 132 157 170 
13 50 54 69 73 97 133 134 184 190 192 
50 71 73 83 97 133 134 184 190 192 
0 18 43 86 135 141 146 
28 55 114 136 157 170 181 
39 40 126 127 137 139 164 
10 59 110 131 138 168 187 
12 25 39 75 126 137 139 161 164 186 
52 140 191 
18 34 43 86 105 127 135 141 176 
72 142 178 196 197 
36 53 143 
7 101 144 172 
6 64 94 145 156 
0 33 46 57 62 93 135 146 150 165 182 189 
44 122 147 152 
84 148 167 
8 59 131 149 187 
4 5 33 46 62 93 146 150 162 165 182 189 
1 77 107 151 
17 68 95 122 147 152 
58 153 191 
8 100 154 
26 92 109 115 128 155 185 194 
6 64 94 145 156 
28 55 114 132 136 157 170 
3 85 88 130 158 198 
27 30 31 98 113 116 159 188 
