150
120
24

0 22 95 109 138 
1 49 75 86 147 149 
2 8 33 77 
3 14 31 47 55 58 68 
4 119 
5 50 59 71 85 102 117 122 139 
6 8 19 52 108 134 136 145 
7 30 33 49 67 75 82 146 149 
2 6 8 52 134 145 
9 34 44 78 94 
10 62 94 125 
11 28 69 127 
12 24 
13 
3 14 40 58 68 111 133 
15 69 87 103 107 123 135 
16 65 114 126 128 148 
17 41 53 60 99 124 
18 42 81 
6 19 108 136 145 
20 45 46 88 91 118 
21 79 131 148 
0 22 50 59 83 98 109 117 122 138 140 
23 84 
12 24 87 135 
25 29 57 
26 120 130 142 
27 106 
11 28 29 57 69 72 93 
25 28 29 46 57 
7 30 67 82 
3 31 37 55 58 111 144 
32 34 56 90 
2 7 33 75 77 82 146 
9 32 34 44 56 
35 48 70 101 
36 74 100 125 148 
31 37 144 
38 53 60 137 
39 45 88 105 122 130 140 
14 40 65 68 108 
17 41 53 60 99 137 
18 42 110 
43 53 63 124 
9 34 44 62 78 94 
20 39 45 88 105 118 
20 29 46 57 71 88 91 102 118 
3 47 55 84 
35 48 70 101 129 
1 7 49 67 75 149 
5 22 50 59 71 98 105 109 117 122 140 
51 127 
6 8 52 134 145 
17 38 41 43 53 60 63 124 
54 61 113 147 
3 31 47 55 58 
32 34 56 90 
25 28 29 46 57 
3 14 31 55 58 111 133 
5 22 50 59 98 109 117 122 139 140 
17 38 41 53 60 99 137 
54 61 77 147 
10 44 62 78 94 125 
43 53 63 
64 101 129 132 143 
16 40 65 114 126 128 
66 97 104 
7 30 49 67 75 
3 14 40 68 108 
11 15 28 69 96 103 116 
35 48 70 80 129 
5 46 50 71 91 102 122 
28 72 93 96 106 116 
73 90 
36 74 80 121 
1 7 33 49 67 75 82 146 149 
76 
2 33 61 77 82 146 147 
9 44 62 78 94 
21 79 131 141 
70 74 80 121 129 
18 81 
7 30 33 75 77 82 146 
22 83 98 109 117 
23 47 84 
5 85 98 117 139 
1 86 149 
15 24 87 103 107 123 135 
20 39 45 46 88 91 102 105 118 122 
89 143 
32 56 73 90 
20 46 71 88 91 102 118 
92 111 144 
28 72 93 
9 10 44 62 78 94 
0 95 138 142 
69 72 96 106 116 
66 97 104 
22 50 59 83 85 98 109 117 139 
17 41 60 99 
36 100 112 
35 48 64 101 115 
5 46 71 88 91 102 118 122 
15 69 87 103 107 116 123 135 
66 97 104 
39 45 50 88 105 122 140 
27 72 96 106 116 
15 87 103 107 123 135 
6 19 40 68 108 136 145 
0 22 50 59 83 98 109 117 122 138 140 
42 110 131 
14 31 58 92 111 133 
100 112 127 
54 113 
16 65 114 126 128 148 
101 115 
69 72 96 103 106 116 
5 22 50 59 83 85 98 109 117 139 
20 45 46 88 91 102 118 
4 119 
