150
75
15

0 82 86 92 119 127 137 
1 43 56 97 129 145 
2 16 25 38 84 103 106 120 132 
3 83 111 
4 48 49 53 142 
5 18 37 49 62 67 73 123 
6 79 96 144 
7 90 113 
8 10 58 101 
9 83 107 121 
8 10 15 55 98 101 
11 53 142 
12 45 69 85 109 125 126 
13 114 119 
14 42 75 104 
10 15 51 55 98 
2 16 31 40 
17 34 60 95 133 
5 18 49 58 62 67 73 123 
19 25 26 38 47 78 83 103 111 120 
20 34 60 68 138 
21 95 102 133 138 
22 33 37 148 
23 39 44 50 57 59 81 93 134 
24 71 112 124 
2 19 25 26 38 47 78 103 111 120 
19 25 26 47 78 103 111 
27 
28 118 147 
29 80 105 139 
30 88 136 
16 31 40 
32 54 55 91 100 141 
22 33 37 85 148 
17 20 34 50 57 59 60 138 
35 61 66 74 84 130 
36 146 
5 22 33 37 85 148 
2 19 25 38 78 89 103 106 120 129 132 
23 39 59 93 115 
16 31 40 
41 72 
14 42 
1 43 56 89 97 129 145 
23 44 50 57 59 134 
12 45 69 125 
46 70 76 108 135 
19 25 26 47 78 103 111 
4 48 49 53 142 
4 5 18 48 49 53 58 142 
23 34 44 50 57 59 60 134 
15 51 55 100 
52 72 119 
4 11 48 49 53 68 142 
32 54 68 141 
10 15 32 51 55 91 100 122 
1 43 56 77 97 145 
23 34 44 50 57 59 60 134 
8 18 49 58 73 
23 34 39 44 50 57 59 60 93 134 
17 20 34 50 57 59 60 138 
35 61 74 130 
5 18 62 67 73 123 124 128 
63 81 99 117 
64 75 87 104 131 140 143 
65 93 115 149 
35 66 113 
5 18 62 67 73 123 124 128 
20 53 54 68 141 
12 45 69 85 125 126 
46 70 76 135 
24 71 94 110 116 
41 52 72 
5 18 58 62 67 73 123 124 128 
35 61 74 84 106 130 132 
