100
80
16

0 69 
1 35 77 
2 36 
3 7 18 23 
4 57 72 
5 11 32 38 44 73 
6 17 51 55 76 
3 7 23 
8 9 
8 9 27 
10 52 85 90 
5 11 32 38 73 
12 53 92 
13 29 30 
14 15 97 
14 15 
16 42 51 70 82 
6 17 55 65 94 
3 18 61 
19 31 81 90 
20 41 45 53 
21 82 96 
22 27 
3 7 23 
24 59 89 
25 
26 
9 22 27 
28 39 48 62 77 
13 29 30 
13 29 30 
19 31 81 90 
5 11 32 38 44 73 83 
33 
34 57 72 
1 35 77 
2 36 
37 46 
5 11 32 38 73 83 91 
28 39 47 75 
40 42 
20 41 45 53 
16 40 42 51 82 
43 63 86 
5 32 44 71 88 
20 41 45 53 
37 46 
39 47 75 
28 48 62 
49 
50 66 67 68 71 93 
6 16 42 51 55 76 
10 52 90 
12 20 41 45 53 
54 80 
6 17 51 55 94 96 
56 78 79 
4 34 57 72 99 
58 74 84 95 98 
24 59 
60 84 95 98 
18 61 
28 48 62 92 
43 63 86 87 
64 78 
17 65 94 
50 66 67 68 88 93 
50 66 67 68 93 
50 66 67 68 
0 69 
16 70 82 99 
44 50 71 88 
4 34 57 72 
5 11 32 38 73 
58 74 95 98 
39 47 75 97 
6 51 76 
1 28 35 77 
56 64 78 79 
56 78 79 
