200
100
20

0 17 28 57 187 
1 13 115 142 158 
2 33 126 153 159 
3 45 104 
4 12 23 73 94 111 129 163 
5 57 60 102 125 135 140 145 176 
6 60 61 96 105 145 162 
7 26 37 59 92 108 144 
8 34 128 165 175 185 
9 78 118 
10 24 61 63 68 71 90 107 162 
11 44 49 62 67 117 122 143 
4 12 23 34 66 80 94 111 
1 13 114 115 142 158 
14 33 39 65 121 157 
15 36 49 55 62 
16 41 73 183 
0 17 187 199 
18 28 57 95 125 176 184 
19 127 161 189 191 
20 52 69 138 146 
21 43 69 78 91 
22 47 98 99 155 
4 12 23 34 94 
10 24 53 88 89 90 107 147 169 197 
25 29 112 123 130 136 194 
7 26 47 56 59 64 98 108 131 155 
27 53 88 119 147 152 197 
0 18 28 57 125 176 187 
25 29 112 130 136 194 
30 43 65 116 133 
31 100 151 154 160 180 193 
32 66 75 80 97 111 163 179 
2 14 33 39 121 126 153 159 
8 12 23 34 94 185 
35 46 77 103 166 172 
15 36 49 55 62 161 189 
7 37 59 86 144 
38 83 101 171 173 190 
14 33 39 74 121 126 153 157 159 
40 50 63 105 171 
16 41 73 
42 128 165 168 174 177 182 185 190 
21 30 43 69 91 133 
11 44 67 95 
3 45 104 192 
35 46 77 103 166 172 
22 26 47 56 64 98 99 108 155 
48 70 93 120 132 139 
11 15 36 49 55 62 117 122 127 134 161 
40 50 63 89 169 
51 
20 52 65 116 121 146 157 
24 27 53 88 90 119 147 197 199 
54 70 93 106 120 
15 36 49 55 62 106 170 
26 47 56 59 98 108 131 155 
0 5 18 28 57 125 176 187 
58 149 172 186 
7 26 37 56 59 64 92 98 108 155 
5 6 60 61 68 71 135 162 
6 10 60 61 68 71 135 162 
11 15 36 49 55 62 117 161 
10 40 50 63 71 89 169 
26 47 59 64 92 98 108 155 
14 30 52 65 100 116 121 157 180 
12 32 66 80 111 163 179 
11 44 67 95 117 122 143 
10 60 61 68 71 107 135 162 
20 21 43 69 78 133 146 
48 54 70 93 120 131 132 
10 60 61 63 68 71 107 135 162 
72 77 79 152 166 
4 16 41 73 129 
39 74 124 126 153 159 
32 75 85 97 110 148 179 
76 122 134 141 167 195 
35 46 72 77 103 166 172 
9 21 69 78 91 109 
72 79 81 152 166 188 
12 32 66 80 111 163 179 
79 81 152 188 
82 110 137 
38 83 101 103 171 172 173 
84 110 118 148 164 181 
75 85 118 148 
37 86 144 
87 184 
24 27 53 88 119 147 197 
24 50 63 89 90 147 169 197 
10 24 53 89 90 107 169 197 
21 43 78 91 
7 59 64 92 108 155 
48 54 70 93 120 132 150 156 178 196 198 
4 12 23 34 94 
18 44 67 95 
6 96 105 113 
32 75 97 110 174 177 179 
22 26 47 56 59 64 98 108 131 155 
22 47 99 
