150
120
24

0 10 13 33 59 71 81 82 90 100 137 138 
1 3 21 30 31 36 54 57 62 69 91 95 108 130 
2 3 6 7 8 11 26 63 68 73 74 79 104 115 145 
1 2 3 6 8 21 26 30 36 40 54 74 83 91 108 
4 14 27 35 52 58 61 72 76 84 114 118 121 129 140 143 
5 23 41 49 51 53 70 87 88 94 96 98 106 107 110 124 131 132 142 
2 3 6 8 26 36 54 68 74 91 108 
2 7 8 11 18 43 63 68 73 79 93 97 104 115 144 145 
2 3 6 7 8 11 26 63 68 73 74 79 104 115 145 
9 19 22 42 44 45 48 50 65 66 78 92 99 102 117 125 126 148 
0 10 13 18 33 43 59 67 71 81 90 100 144 
2 7 8 11 18 39 63 68 73 79 93 97 115 144 145 
12 16 20 47 55 56 60 75 80 103 135 
0 10 13 43 59 71 81 82 90 100 127 137 138 
4 14 15 27 52 58 61 72 76 84 114 118 121 129 140 141 143 
14 15 27 52 58 61 72 76 84 114 118 121 129 140 141 
12 16 20 47 55 56 60 75 80 103 120 135 
17 21 24 25 32 38 46 57 62 64 83 89 95 105 109 111 113 116 119 123 139 149 
7 10 11 18 43 67 68 79 93 104 115 144 
9 19 22 42 44 45 50 56 78 85 99 102 120 125 126 148 
12 16 20 47 55 56 60 75 103 135 
1 3 17 21 25 30 31 32 36 38 40 46 54 57 62 69 83 91 95 108 109 113 116 119 130 
9 19 22 42 44 45 48 50 57 65 66 69 78 92 113 117 119 125 126 148 
5 23 39 41 49 51 53 63 70 73 87 88 97 98 106 124 131 142 145 
17 24 25 28 32 34 38 46 83 89 116 123 133 139 149 
17 21 24 25 30 31 32 38 46 57 62 64 69 83 89 95 105 109 111 113 116 117 119 123 130 139 149 
2 3 6 8 26 36 54 58 74 91 129 140 
4 14 15 27 35 52 58 61 72 76 80 84 112 114 118 121 122 129 134 140 141 143 146 
24 28 32 34 46 83 89 116 127 128 133 137 138 149 
29 37 77 86 101 136 147 
1 3 21 25 30 31 36 38 46 54 57 62 69 91 95 108 109 113 117 119 130 
1 21 25 30 31 38 45 57 62 65 69 91 92 95 99 109 113 117 119 126 130 
17 21 24 25 28 32 34 38 40 46 62 64 83 89 95 105 109 113 116 119 123 139 149 
0 10 33 59 67 71 81 90 100 
24 28 32 34 40 46 83 89 116 127 128 133 137 138 149 
4 27 35 52 58 61 80 84 85 99 102 120 129 143 146 
1 3 6 21 26 30 36 54 58 74 91 95 108 129 130 
29 37 48 64 65 66 77 86 101 105 111 136 147 
17 21 24 25 30 31 32 38 40 46 57 62 64 69 83 95 105 108 109 113 116 119 130 139 149 
11 23 39 49 51 53 63 73 79 87 88 93 97 98 106 131 145 
3 21 32 34 38 40 46 54 62 83 108 149 
5 23 41 49 51 53 70 87 88 94 98 106 107 110 124 131 132 142 
9 19 22 42 44 45 50 65 66 78 85 92 99 102 117 120 125 126 148 
7 10 13 18 43 59 68 81 82 104 115 127 144 
9 19 22 42 44 45 50 56 65 78 85 92 99 102 117 120 125 126 148 
9 19 22 31 42 44 45 50 57 65 66 69 78 85 92 99 102 109 113 117 119 125 126 148 
17 21 24 25 28 30 32 34 38 40 46 62 64 83 89 95 105 108 109 113 116 119 130 139 149 
12 16 20 47 55 56 60 75 80 103 135 
9 22 37 48 65 66 86 111 125 136 
5 23 39 41 49 51 53 70 87 88 98 106 107 124 131 142 
9 19 22 42 44 45 50 56 65 78 85 92 99 102 117 120 125 126 148 
5 23 39 41 49 51 53 63 70 87 88 97 98 106 124 131 142 
4 14 15 27 35 52 58 61 72 76 84 114 118 121 129 140 141 143 
5 23 39 41 49 51 53 63 70 73 87 88 97 98 106 124 131 142 145 
1 3 6 21 26 30 36 40 54 62 83 91 95 108 130 
12 16 20 47 55 56 60 75 80 103 135 
12 16 19 20 44 47 50 55 56 78 85 99 102 120 135 148 
1 17 21 22 25 30 31 38 45 57 62 64 65 66 69 92 95 105 109 111 113 116 117 119 126 130 
4 14 15 26 27 35 36 52 58 61 72 76 91 114 118 121 129 140 143 
0 10 13 33 43 59 67 71 81 82 90 100 
12 16 20 47 55 60 75 103 135 
4 14 15 27 35 52 58 61 72 76 84 114 118 121 129 140 141 143 
1 17 21 25 30 31 32 38 40 46 54 57 62 64 69 83 95 105 108 109 113 116 117 119 130 139 
2 7 8 11 23 39 51 53 63 68 73 79 87 93 97 98 106 145 
17 25 32 37 38 46 57 62 64 65 66 69 86 105 109 111 113 116 117 119 123 136 139 
9 22 31 37 42 44 45 48 50 57 64 65 66 69 92 105 109 111 113 117 119 125 126 
9 22 37 42 45 48 57 64 65 66 86 92 105 109 111 113 117 119 125 126 136 
10 18 33 59 67 71 90 144 
2 6 7 8 11 18 43 63 68 73 79 93 104 115 144 145 
1 21 22 25 30 31 38 45 57 62 64 65 69 92 95 99 105 109 113 117 119 126 130 
5 23 41 49 51 53 70 87 88 98 106 124 131 132 142 
0 10 13 33 59 67 71 81 90 100 
4 14 15 27 52 58 61 72 76 84 114 118 121 129 140 141 143 
2 7 8 11 23 39 53 63 68 73 79 87 93 97 98 106 145 
2 3 6 8 26 36 74 91 
12 16 20 47 55 60 75 103 135 
4 14 15 27 52 58 61 72 76 84 114 118 121 129 140 141 143 
29 37 77 86 101 111 123 136 147 
9 19 22 42 44 45 50 56 78 85 99 102 120 125 126 148 
2 7 8 11 18 39 63 68 73 79 93 97 115 144 145 
12 16 27 35 47 55 80 84 103 112 122 134 135 146 
0 10 13 33 43 59 71 81 82 90 100 127 137 138 
0 13 43 59 81 82 90 100 127 128 137 138 
3 17 21 24 25 28 32 34 38 40 46 54 62 83 89 108 116 127 133 149 
4 14 15 27 35 52 61 72 76 80 84 112 114 118 121 122 129 134 141 143 146 
19 35 42 44 45 50 56 78 85 99 102 120 125 126 148 
29 37 48 64 66 77 86 101 105 111 136 147 
5 23 39 41 49 51 53 63 70 73 87 88 97 98 106 124 131 142 
5 23 39 41 49 51 53 70 87 88 98 106 124 131 132 142 
17 24 25 28 32 34 46 83 89 116 123 128 133 139 149 
0 10 13 33 59 67 71 81 82 90 100 137 138 
1 3 6 21 26 30 31 36 54 58 74 91 95 108 130 
9 22 31 42 44 45 50 57 65 66 69 92 99 109 113 117 119 125 126 130 148 
7 11 18 39 63 68 73 79 93 97 115 144 145 
5 41 94 96 107 110 124 132 142 
1 17 21 25 30 31 32 36 38 46 54 57 62 69 91 95 105 108 109 113 117 119 130 
5 94 96 107 110 132 
7 11 23 39 51 53 63 73 79 87 93 97 98 106 145 
5 23 39 41 49 51 53 63 70 73 87 88 97 98 106 124 131 142 145 
9 19 31 35 42 44 45 50 56 69 78 85 92 99 102 117 120 125 126 148 
0 10 13 33 59 71 81 82 90 100 
29 37 77 86 101 136 147 
9 19 35 42 44 45 50 56 78 85 99 102 120 125 126 148 
12 16 20 47 55 60 75 80 103 112 122 134 135 146 
2 7 8 18 43 68 104 115 127 144 
17 25 32 37 38 46 57 62 64 65 66 69 86 95 105 109 111 113 116 117 119 123 130 136 139 
5 23 39 41 49 51 53 63 70 73 87 88 97 98 106 124 131 142 145 
5 41 49 94 96 107 110 124 132 142 
1 3 6 21 30 36 38 40 46 54 62 83 91 95 108 130 
17 21 25 30 31 32 38 45 46 57 62 64 65 66 69 92 95 105 109 111 113 116 117 119 126 130 139 
5 41 94 96 107 110 124 132 142 
17 25 37 48 57 64 65 66 77 86 105 109 111 113 116 117 119 123 136 139 
27 80 84 103 112 118 122 134 141 146 
17 21 22 25 30 31 32 38 45 46 57 62 64 65 66 69 92 95 105 109 111 113 116 117 119 126 130 139 
4 14 15 27 52 58 61 72 76 84 114 118 121 129 140 141 143 
2 7 8 11 18 43 68 79 93 104 115 144 
17 21 24 25 28 32 34 38 46 57 62 64 83 89 105 109 111 113 116 119 123 139 149 
9 22 25 30 31 42 44 45 50 57 62 64 65 66 69 92 95 99 105 109 111 113 117 119 125 126 130 
4 14 15 27 52 58 61 72 76 84 112 114 118 121 129 140 141 143 
17 21 22 25 30 31 32 38 45 46 57 62 64 65 66 69 92 95 105 109 111 113 116 117 119 126 130 139 
