200
160
16

0 24 26 39 52 57 62 76 87 101 133 142 173 186 194 
1 12 23 44 45 56 59 63 74 82 95 100 106 119 120 123 139 147 165 166 169 179 192 
2 3 14 18 19 20 30 33 45 58 74 77 85 93 94 99 100 109 111 141 160 176 192 
2 3 4 9 14 20 30 33 55 80 85 94 99 109 111 136 138 141 151 163 167 176 182 191 
3 4 7 22 33 35 43 51 80 90 96 110 118 136 138 151 163 167 182 188 191 
5 8 24 26 34 39 41 52 62 76 78 89 97 101 128 140 142 149 153 155 170 175 178 186 189 194 
6 8 21 27 31 41 50 54 64 65 70 71 76 78 89 97 107 128 131 140 148 149 153 155 174 175 178 183 189 
4 7 46 48 51 53 77 110 118 156 159 163 
5 6 8 24 26 39 41 52 64 70 76 78 89 97 101 107 128 140 149 153 155 170 175 178 186 189 194 
3 9 14 20 30 33 55 74 75 80 84 85 99 111 123 136 138 141 167 169 182 191 198 
10 57 60 68 98 112 115 125 127 129 130 162 177 
11 17 22 28 29 35 55 136 138 182 191 199 
1 12 23 44 45 49 56 63 74 95 106 108 112 119 120 130 139 147 165 169 179 192 
13 15 16 32 37 49 60 66 68 83 98 103 104 108 113 115 125 129 152 157 162 193 
2 3 9 14 20 30 33 55 74 80 85 94 99 109 111 136 138 141 163 167 176 182 191 198 
13 15 16 32 37 38 66 68 72 73 83 103 104 113 134 145 152 157 193 195 
13 15 16 25 38 42 49 66 68 72 83 86 108 113 144 152 157 193 
11 17 22 28 29 35 55 136 138 182 191 199 
2 18 19 46 48 53 58 77 93 94 102 109 121 132 135 137 156 159 160 172 176 180 184 185 
2 18 19 23 54 58 61 67 82 91 93 94 100 106 117 121 137 146 154 160 185 192 196 
2 3 9 14 20 30 33 55 80 85 94 99 109 111 136 138 141 151 163 167 176 182 191 198 
6 21 27 31 50 65 70 71 81 107 124 128 140 155 174 178 187 189 190 
4 11 17 22 29 35 43 51 80 90 96 136 138 151 167 182 188 191 199 
1 12 19 23 44 45 56 59 67 74 82 95 100 106 119 120 139 146 147 148 166 179 192 
0 5 8 24 26 34 39 41 52 62 76 78 87 89 97 101 128 140 142 149 153 170 173 178 186 189 194 
16 25 38 42 72 73 83 134 145 152 193 195 
0 5 8 24 26 34 39 52 62 76 87 101 128 140 142 149 170 173 178 186 189 194 
6 21 27 31 36 50 54 65 69 70 71 81 105 107 117 122 124 131 154 158 164 168 174 181 183 187 190 
11 17 28 75 84 114 116 150 171 199 
11 17 22 29 35 90 151 182 188 191 199 
2 3 9 14 20 30 33 55 74 80 85 94 99 109 111 123 136 138 141 167 176 182 191 198 
6 21 27 31 40 50 54 61 64 65 67 69 71 81 91 105 107 117 122 124 131 154 158 164 168 174 181 183 187 190 196 
13 15 32 37 60 66 68 83 98 103 104 113 115 152 157 193 195 
2 3 4 9 14 20 30 33 55 80 85 94 99 109 110 111 136 138 141 163 167 176 182 191 
5 24 26 34 39 62 87 101 142 149 170 186 
4 11 17 22 29 35 43 51 80 90 96 136 138 151 167 182 188 191 199 
27 36 40 47 69 81 88 122 124 126 143 158 164 168 174 181 187 190 197 
13 15 32 37 38 66 68 72 73 83 103 104 113 134 145 152 157 193 195 
15 16 25 37 38 42 72 73 83 103 134 145 152 157 193 195 
0 5 8 24 26 34 39 41 52 57 62 76 78 87 89 97 101 128 133 140 142 149 153 170 173 186 189 194 
31 36 40 47 61 67 69 88 91 92 105 117 121 122 126 132 137 143 154 158 161 164 168 174 181 183 187 196 197 
5 6 8 24 39 41 50 56 59 64 65 70 71 76 78 89 97 107 128 131 140 148 149 153 155 166 175 178 189 194 
16 25 38 42 72 75 83 84 86 108 113 116 144 150 152 171 
4 22 35 43 51 80 90 96 110 118 136 151 163 182 188 191 199 
1 12 23 44 45 56 59 63 74 82 95 100 106 112 119 120 139 147 148 166 179 192 
1 2 12 23 44 45 63 74 82 95 100 106 119 120 123 141 147 165 169 192 198 
7 18 46 48 53 77 79 102 132 135 156 159 160 172 180 184 185 
36 40 47 69 79 88 92 122 126 132 135 137 143 161 168 181 184 197 
7 18 46 48 53 77 102 132 135 156 159 160 172 180 184 185 
12 13 16 49 63 66 68 95 98 108 112 113 119 130 144 147 165 169 179 
6 21 27 31 41 50 54 64 65 70 71 78 81 107 124 128 131 140 155 174 178 183 187 189 190 
4 7 22 35 43 51 80 90 96 110 118 151 163 188 
0 5 8 24 26 39 52 57 62 76 78 87 89 97 101 133 139 153 173 175 186 194 
7 18 46 48 53 77 102 110 156 159 172 176 180 185 
6 19 27 31 50 54 59 61 64 65 67 69 71 82 91 105 106 107 117 131 146 148 154 155 158 166 174 175 181 183 187 196 
3 9 11 14 17 20 30 33 55 80 85 99 109 111 136 138 141 151 163 167 182 191 198 
1 12 23 41 44 56 59 64 76 78 82 89 95 97 106 120 130 133 139 148 153 166 175 179 192 
0 10 39 52 57 62 87 101 115 125 127 129 130 133 162 173 177 186 
2 18 19 58 77 93 94 102 109 117 121 132 137 146 160 172 176 180 185 196 
1 23 41 44 54 56 59 64 67 71 76 78 82 89 95 97 106 107 131 133 139 146 148 153 155 166 175 192 
10 13 32 60 66 68 98 104 115 125 127 129 162 177 
19 31 40 54 61 64 67 69 71 82 91 105 106 107 117 121 131 137 146 148 154 158 166 174 181 183 196 
0 5 24 26 34 39 52 57 62 87 101 142 173 186 194 
1 12 44 45 49 63 66 74 95 108 112 113 119 120 123 130 144 147 165 169 179 
6 8 31 41 50 54 56 59 61 64 65 67 70 71 76 78 89 91 97 106 107 128 131 139 140 148 153 154 155 166 175 189 194 
6 21 27 31 41 50 54 64 65 70 71 78 81 105 107 124 131 154 155 158 174 183 187 189 190 
13 15 16 32 37 49 60 63 66 68 98 103 104 108 112 113 125 129 152 157 193 
19 23 31 40 54 59 61 64 67 71 82 91 105 106 107 117 121 131 146 148 154 158 166 174 181 183 196 
10 13 15 16 32 37 49 60 66 68 98 103 104 108 112 113 115 125 127 129 152 157 162 193 
27 31 36 40 47 54 61 69 81 88 91 105 117 121 122 124 126 137 143 154 158 164 168 174 181 183 187 190 197 
6 8 21 27 41 50 64 65 70 71 78 107 128 140 149 155 178 189 
6 21 27 31 41 50 54 59 61 64 65 67 70 71 78 91 105 107 117 124 131 140 146 148 153 154 155 158 166 174 175 183 187 189 
15 16 25 37 38 42 72 73 83 103 113 134 145 152 157 193 195 
15 25 37 38 72 73 83 103 134 145 152 193 195 
1 2 9 12 14 23 30 44 45 63 74 95 100 119 120 123 141 147 165 169 192 198 
9 28 42 75 84 86 108 114 116 123 144 150 165 171 198 
0 5 6 8 24 26 39 41 52 56 59 64 76 78 89 97 101 128 133 139 140 148 149 153 155 175 178 186 189 194 
2 7 18 46 48 53 58 77 93 94 102 109 132 156 159 160 172 176 180 184 185 
5 6 8 24 39 41 50 52 56 59 64 65 70 71 76 78 89 97 107 128 131 139 140 148 149 153 155 166 175 178 189 194 
46 47 79 88 92 102 126 132 135 137 143 161 172 180 184 197 
3 4 9 14 20 22 30 33 35 43 51 55 80 85 99 109 111 136 138 141 151 163 167 176 182 188 191 199 
21 27 31 36 50 65 69 81 105 122 124 158 164 168 174 181 183 187 190 
1 19 23 44 45 54 56 59 61 67 82 91 95 100 106 120 139 146 148 154 166 192 196 
13 15 16 25 32 37 38 42 72 73 83 103 104 113 134 145 152 157 193 195 
9 28 42 75 84 86 108 114 116 123 144 150 165 169 171 198 
2 3 9 14 20 30 33 55 80 85 94 99 109 111 136 138 141 163 167 176 182 191 
16 42 75 84 86 108 114 116 123 144 150 165 169 171 198 
0 24 26 34 39 52 57 62 87 101 142 173 186 
36 40 47 69 79 88 92 102 105 117 121 122 126 132 135 137 143 158 161 168 172 180 181 184 196 197 
5 6 8 24 39 41 52 56 59 64 76 78 89 97 107 128 133 139 140 148 153 155 166 175 186 189 194 
4 22 29 35 43 51 90 96 151 188 
19 31 40 54 61 64 67 69 71 82 91 105 106 107 117 121 131 137 146 148 154 158 166 174 181 183 196 
40 47 79 88 92 126 132 135 143 161 184 197 
2 18 19 58 77 93 94 102 109 121 132 137 146 160 172 176 180 185 196 
2 3 14 18 19 20 30 33 58 77 85 93 94 100 109 111 141 160 176 185 
1 12 23 44 45 49 56 59 63 74 82 95 100 106 112 119 120 130 133 139 147 166 169 179 192 
4 22 35 43 51 90 96 110 118 151 163 188 191 
5 6 8 24 39 41 52 56 59 64 76 78 89 97 106 107 128 133 139 140 148 153 155 166 175 189 194 
10 13 32 49 60 66 68 98 104 112 113 115 125 127 129 130 157 162 177 
2 3 9 14 20 30 33 55 80 85 99 109 111 136 138 141 151 163 167 182 191 198 
1 2 19 23 44 45 74 82 94 95 100 106 119 120 141 146 147 166 192 
0 5 8 24 26 34 39 52 57 62 76 87 101 142 149 170 173 186 194 
18 46 48 53 58 77 79 88 93 102 121 132 135 137 156 159 160 172 180 184 185 
13 15 32 37 38 66 68 72 73 83 103 104 134 145 152 157 193 195 
13 15 32 37 60 66 68 83 98 103 104 113 115 127 129 152 157 177 193 
27 31 40 54 61 65 67 69 71 81 88 91 105 107 117 121 122 124 131 137 146 154 158 164 168 174 181 183 187 190 196 
1 12 19 23 44 45 54 56 59 61 64 67 82 91 95 97 100 106 120 131 139 146 148 166 175 179 192 
6 8 21 27 31 41 50 54 59 61 64 65 67 70 71 78 89 91 97 105 107 128 131 140 148 153 154 155 166 174 175 183 189 
12 13 16 42 49 63 66 68 75 84 86 108 113 119 123 144 147 165 169 
2 3 14 18 20 30 33 55 58 77 80 85 93 94 99 109 111 138 141 160 163 167 176 
4 7 33 43 51 53 96 110 118 156 159 163 
2 3 9 14 20 30 33 55 80 85 94 99 109 111 136 138 141 151 163 167 176 182 191 198 
10 12 44 49 63 66 68 95 98 112 119 125 127 129 130 133 139 147 162 179 
13 15 16 32 37 42 49 63 66 68 72 83 98 104 108 113 144 152 157 193 
28 75 84 86 114 116 150 171 
10 13 32 57 60 68 98 104 115 125 127 129 130 162 177 
28 42 75 84 86 114 116 144 150 171 
19 27 31 40 54 58 61 67 69 71 88 91 105 117 121 131 137 146 154 158 174 181 183 187 196 
4 7 43 51 96 110 118 151 156 159 163 
1 12 23 44 45 49 63 74 95 100 108 112 119 120 123 130 144 147 165 169 179 192 198 
1 12 23 44 45 56 63 74 82 95 100 106 119 120 123 139 147 165 166 169 179 192 
18 19 40 58 61 67 69 88 91 93 102 105 117 121 132 137 146 154 158 160 172 180 181 183 185 196 
27 31 36 40 47 69 81 88 105 122 124 126 143 158 164 168 174 181 183 187 190 197 
1 9 30 45 63 74 75 84 86 108 119 120 123 141 144 147 165 169 198 
21 27 31 36 50 65 69 71 81 105 122 124 158 164 168 174 181 183 187 190 
10 13 57 60 66 68 98 112 115 125 127 129 130 162 177 
36 40 47 69 79 88 92 122 126 143 158 161 164 168 181 197 
10 57 60 68 98 104 112 115 125 127 129 130 162 177 
5 6 8 21 24 26 39 41 50 64 70 76 78 89 97 107 128 140 149 153 155 170 175 178 189 194 
10 13 57 60 66 68 98 104 112 115 125 127 129 130 162 177 
10 12 49 56 57 63 95 98 112 115 119 125 127 129 130 133 139 162 179 
6 27 31 41 50 54 59 61 64 65 67 71 78 91 105 106 107 117 131 146 148 153 154 155 158 166 174 175 183 187 196 
18 40 46 47 48 58 77 79 88 92 93 102 121 132 135 137 143 160 161 172 180 184 185 
0 39 52 56 57 59 76 89 95 97 112 130 133 139 148 153 173 175 179 194 
15 25 37 38 72 73 83 103 134 145 152 157 193 195 
18 46 47 48 79 88 92 102 132 135 137 143 161 172 180 184 185 
3 4 9 11 14 17 20 22 30 33 35 43 55 80 85 99 111 136 138 141 151 163 167 182 188 191 199 
18 19 40 47 58 61 69 79 88 91 93 102 105 117 121 132 135 137 143 146 154 158 160 161 172 180 181 184 185 196 
3 4 9 11 14 17 20 22 30 33 35 55 80 85 99 109 111 136 138 141 151 163 167 182 191 199 
1 12 23 44 52 56 59 64 76 78 82 89 95 97 106 112 120 130 133 139 148 153 166 175 179 192 
5 6 8 21 24 26 39 41 50 64 70 71 76 78 89 97 107 128 140 149 153 155 175 178 189 194 
2 3 9 14 20 30 33 45 55 74 80 85 94 99 100 109 111 123 136 138 141 167 176 198 
0 5 24 26 34 39 62 87 101 142 149 170 186 194 
36 40 47 69 79 88 92 122 126 132 135 137 143 161 168 181 184 197 
16 42 49 63 75 84 86 108 113 116 119 123 144 147 150 165 169 171 198 
15 25 37 38 72 73 83 103 134 145 152 157 193 195 
19 23 54 58 59 61 67 71 82 91 93 100 105 106 117 121 131 137 146 148 154 160 166 183 192 196 
1 12 23 44 45 49 63 74 95 100 108 112 119 120 123 144 147 165 169 179 192 198 
6 23 41 44 54 56 59 61 64 67 71 76 78 82 89 91 97 106 107 131 133 139 146 148 153 154 155 166 175 
5 6 8 24 26 34 39 41 70 76 78 101 128 140 142 149 153 155 170 178 186 189 194 
28 42 75 84 86 114 116 144 150 171 
3 4 20 22 29 35 43 51 55 80 90 96 99 111 118 136 138 151 163 167 182 188 191 199 
13 15 16 25 32 37 38 42 66 68 72 73 83 103 104 113 134 145 152 157 193 195 
5 6 8 24 39 41 52 56 59 64 71 76 78 89 97 107 128 131 133 139 140 148 149 153 155 166 175 178 189 194 
19 27 31 40 54 61 64 65 67 69 71 82 91 105 107 117 121 131 137 146 148 154 158 166 174 181 183 187 196 
5 6 8 21 41 50 54 59 64 65 70 71 76 78 89 97 107 128 131 140 148 149 153 155 166 175 178 189 194 
7 18 46 48 53 77 102 110 118 156 159 163 172 176 185 
13 15 16 32 37 38 66 68 72 83 98 103 104 113 134 145 152 157 193 195 
27 31 36 40 54 61 65 67 69 71 81 88 91 105 117 121 122 124 126 131 137 154 158 164 168 174 181 183 187 190 196 
7 18 46 48 53 77 102 110 118 156 159 172 185 
