200
100
10

0 8 12 13 16 17 18 52 53 69 87 126 137 143 168 175 176 177 187 196 197 
1 20 23 24 31 36 38 62 77 84 91 92 93 99 100 108 119 121 131 134 139 148 155 164 167 186 
2 78 82 88 89 90 95 103 116 140 170 172 198 
3 21 22 26 28 43 44 46 49 54 58 64 67 86 106 110 111 112 122 129 136 161 165 166 174 192 195 
4 15 22 43 46 49 55 61 64 86 89 95 103 115 120 129 140 142 147 159 160 166 172 174 184 189 198 
5 7 12 17 18 29 48 53 59 97 105 135 137 158 173 176 179 190 194 
6 10 25 27 30 45 51 52 98 109 117 125 127 149 153 187 
5 7 31 33 48 59 105 132 135 145 148 155 173 179 186 190 194 
0 8 13 16 18 53 69 87 97 126 137 143 158 175 177 196 197 
9 23 31 33 36 66 75 76 84 91 92 93 119 121 134 145 148 178 180 186 
6 10 11 15 25 27 30 32 43 45 51 58 63 70 86 98 109 115 122 125 127 129 147 149 153 159 185 189 
10 11 17 26 27 29 30 32 45 48 58 59 63 70 73 77 109 110 111 113 117 122 127 128 147 151 156 176 185 193 
0 5 12 16 17 18 29 48 52 53 59 69 73 87 105 117 128 135 137 143 156 168 175 176 177 179 185 187 196 197 
0 8 13 16 18 53 69 87 97 126 137 143 158 175 177 196 197 
14 34 41 47 57 60 71 72 79 81 83 138 150 152 157 162 163 183 199 
4 10 15 22 25 30 32 43 45 55 61 78 86 88 89 90 95 109 115 125 127 129 147 149 159 172 184 188 189 198 
0 8 12 13 16 17 18 29 52 53 69 87 117 126 128 137 143 168 175 176 177 187 196 197 
0 5 11 12 16 17 18 29 48 52 53 59 69 73 87 105 117 128 135 137 156 168 175 176 177 179 185 197 
0 5 8 12 13 16 17 18 29 48 53 59 69 87 97 105 126 135 137 143 158 173 176 177 179 196 197 
19 28 42 65 68 74 101 107 133 142 144 154 160 166 181 191 
1 20 21 24 26 38 44 54 62 63 67 73 77 99 106 110 111 113 122 136 139 151 155 164 165 192 193 
3 20 21 24 26 38 44 50 54 67 71 77 81 99 106 108 110 111 112 131 136 161 164 165 167 192 193 195 
3 4 15 22 32 43 44 46 49 55 58 61 64 67 86 95 106 112 115 122 129 136 147 160 166 174 184 189 195 
1 9 23 31 36 38 62 66 84 91 92 93 99 119 121 134 139 145 148 155 164 167 178 186 194 
1 20 21 24 26 38 54 62 67 77 99 108 110 111 113 119 121 131 136 139 151 155 164 165 167 192 193 
6 10 15 25 30 32 43 61 78 88 89 90 98 109 115 125 127 147 149 159 170 172 188 189 198 
3 11 20 21 24 26 27 32 44 45 54 58 63 64 67 70 73 77 86 106 110 111 112 113 122 129 136 147 151 164 165 174 185 192 193 195 
6 10 11 26 27 29 30 32 45 51 52 58 63 70 73 86 109 110 113 117 122 127 128 147 149 151 153 156 185 193 
3 19 28 46 49 64 65 74 80 101 107 112 133 144 154 160 161 166 181 195 
5 11 12 16 17 18 27 29 48 52 59 63 70 73 113 117 128 135 137 151 156 176 179 185 
6 10 11 15 25 27 30 32 43 44 45 51 58 61 63 70 86 109 115 122 125 127 129 147 149 153 159 174 189 198 
1 7 9 23 31 36 38 62 66 77 84 91 92 93 99 119 121 134 139 145 148 155 164 167 178 186 194 
10 11 15 22 25 26 27 30 32 43 44 45 49 58 61 63 70 86 106 109 110 115 122 125 127 129 147 149 159 174 189 
7 9 33 66 75 76 84 92 132 134 145 148 178 186 190 194 
14 34 37 40 47 57 71 72 79 80 81 83 85 96 101 138 152 154 162 163 181 183 
35 36 39 102 104 114 123 141 150 169 180 182 
1 9 23 31 35 36 38 62 66 84 91 92 93 100 102 119 121 123 134 148 167 178 180 186 
34 37 40 72 79 80 83 94 96 124 138 146 162 171 
1 20 21 23 24 31 36 38 62 77 84 91 93 99 100 108 119 121 131 139 148 155 164 167 192 
35 39 56 102 104 114 118 123 130 141 169 180 182 
34 37 40 47 65 71 72 79 80 81 83 85 96 101 138 146 152 154 162 163 181 191 
14 41 47 57 60 72 79 83 96 138 150 152 157 162 163 183 199 
19 42 65 68 74 85 107 133 144 146 154 160 181 191 
3 4 10 15 22 25 30 32 43 44 46 49 55 61 64 86 89 95 103 115 122 125 129 147 149 159 166 172 174 184 189 198 
3 20 21 22 26 30 32 43 44 45 46 49 54 58 63 64 67 70 86 106 110 111 112 122 129 136 147 151 161 165 166 174 192 193 195 
6 10 11 15 26 27 30 32 44 45 51 58 63 70 73 86 109 110 115 117 122 125 127 128 129 147 149 151 153 156 159 174 185 189 
3 4 22 28 43 44 46 49 64 65 67 74 86 101 106 107 112 122 129 133 136 144 160 161 166 174 184 195 
14 34 40 41 47 57 60 71 72 79 80 81 83 96 138 152 157 162 163 183 199 
5 7 11 12 17 18 29 48 59 73 77 105 113 128 135 139 151 155 156 176 179 185 190 194 
3 4 22 28 32 43 44 46 49 55 58 64 67 86 106 110 112 115 122 129 136 144 147 160 161 166 174 184 195 
21 50 57 62 71 81 99 100 108 121 123 131 150 157 167 192 199 
6 10 27 30 45 51 52 98 109 117 127 128 149 153 168 187 
0 6 12 16 17 27 29 51 52 69 117 128 137 153 156 168 175 176 177 185 187 
0 5 8 12 13 16 17 18 53 69 87 97 126 137 143 158 173 175 177 196 197 
3 20 21 24 26 44 54 64 67 71 81 99 106 108 110 111 112 131 136 161 164 165 192 193 195 
4 15 22 43 49 55 61 78 88 89 90 95 103 115 116 120 125 129 140 142 159 172 184 189 198 
39 56 104 118 130 169 180 182 
14 34 41 47 50 57 60 71 72 79 81 83 138 150 152 157 162 163 183 199 
3 10 11 22 26 27 30 32 44 45 49 58 63 64 67 70 73 86 106 109 110 111 112 113 122 127 129 136 147 149 151 165 174 185 193 195 
5 7 11 12 17 18 29 48 59 70 73 105 113 117 128 135 137 155 156 176 179 185 194 
14 41 47 57 60 72 79 114 150 152 157 163 183 199 
4 15 22 25 30 32 43 55 61 78 86 88 89 90 95 103 115 116 120 125 129 140 147 149 159 170 172 184 188 189 198 
1 20 23 24 31 36 38 50 62 84 91 92 93 99 100 108 119 121 131 139 148 164 167 
10 11 20 26 27 29 30 32 44 45 58 63 67 70 73 77 86 106 109 110 111 113 122 127 128 136 147 151 156 164 165 174 185 193 
3 4 22 26 28 43 44 46 49 54 58 64 67 86 106 110 111 112 122 129 136 161 165 166 174 184 195 
19 28 40 42 46 65 68 74 80 85 101 107 133 144 146 154 160 161 166 181 191 
9 23 31 33 36 66 75 76 84 91 92 93 119 121 134 148 178 180 182 186 
3 20 21 22 24 26 44 46 49 54 58 63 64 67 77 86 99 106 110 111 112 113 122 129 136 151 161 164 165 174 192 193 195 
19 42 65 68 74 107 120 133 142 144 160 166 
0 8 12 13 16 17 18 52 53 69 87 97 126 137 143 168 175 176 177 196 197 
10 11 26 27 29 30 32 44 45 58 59 63 70 73 77 86 109 110 111 113 117 122 127 128 147 151 156 165 185 193 
14 21 34 40 47 50 54 57 71 72 79 80 81 83 108 131 138 152 157 162 163 183 199 
14 34 37 40 41 47 57 60 71 72 79 80 81 83 96 138 152 157 162 163 171 183 199 
11 12 17 20 26 27 29 45 48 58 59 63 70 73 77 110 111 113 117 128 135 151 155 156 176 179 185 193 
19 28 42 46 65 68 74 85 101 107 133 144 146 154 160 161 166 181 191 
9 33 66 75 76 84 92 134 178 180 182 186 
9 33 66 75 76 84 92 132 134 145 148 178 186 
1 11 20 21 24 26 31 38 48 63 67 70 73 77 99 110 111 113 136 139 151 155 164 165 185 192 193 
2 15 25 55 61 78 82 88 89 90 95 103 115 116 125 159 170 172 188 189 198 
14 34 37 40 41 47 57 60 71 72 79 80 81 83 96 138 152 157 162 163 183 199 
28 34 37 40 47 65 71 72 79 80 81 83 85 101 133 138 146 152 154 162 163 181 191 
14 21 34 40 47 50 54 57 71 72 79 80 81 83 101 131 138 152 161 162 163 183 199 
2 78 82 88 89 90 103 116 140 170 
14 34 37 40 41 47 57 71 72 79 80 81 83 96 138 152 157 162 163 183 199 
1 9 23 31 33 36 38 62 66 75 76 84 91 92 93 119 121 134 145 148 178 186 
34 40 42 65 74 80 85 94 101 124 133 146 154 181 191 
3 4 10 15 22 26 27 30 32 43 44 45 46 49 58 61 63 64 67 70 86 106 109 110 111 112 115 122 125 127 129 136 147 149 151 159 174 184 189 195 
0 8 12 13 16 17 18 53 69 87 126 137 143 168 175 177 196 197 
2 15 25 55 61 78 82 88 89 90 95 103 115 116 125 140 159 170 172 188 189 198 
2 4 15 25 43 55 61 78 82 88 89 90 95 103 115 116 125 140 159 170 172 184 188 189 198 
2 15 25 55 61 78 82 88 89 90 95 103 115 125 149 159 170 172 188 189 198 
1 9 23 31 36 38 62 66 84 91 92 93 99 119 121 134 139 145 148 155 164 167 178 186 
1 9 23 31 33 36 62 66 75 76 84 91 92 93 119 121 134 145 148 178 180 186 
1 9 23 31 36 38 62 66 84 91 92 93 99 108 119 121 134 139 145 148 155 164 167 178 186 
37 85 94 96 124 146 171 191 
2 4 15 22 43 55 61 78 88 89 90 95 103 115 116 120 125 140 142 159 172 184 189 198 
34 37 40 41 47 72 79 83 94 96 138 152 162 163 171 
5 8 13 18 53 69 97 105 126 137 143 158 173 179 190 196 197 
6 10 25 51 98 109 125 127 149 153 159 187 188 
1 20 21 23 24 31 38 50 54 62 67 77 91 93 99 108 110 111 113 119 121 131 136 139 155 164 165 167 192 193 
