200
160
16

0 18 33 72 78 87 91 95 112 120 124 140 146 160 
1 22 41 
2 4 9 19 35 98 102 122 135 
3 24 45 76 84 121 129 196 
2 4 9 19 35 98 101 102 122 131 135 
5 6 17 20 39 197 
5 6 13 14 17 20 103 106 197 
7 26 57 127 164 173 191 
8 15 62 108 
2 4 9 35 98 101 102 122 135 
10 59 
11 109 128 152 
12 30 53 56 65 81 107 125 153 
6 13 14 39 97 103 106 
6 13 14 103 106 
8 15 23 62 63 110 152 
16 40 115 141 178 
5 6 17 20 89 162 197 
0 18 33 53 72 78 87 91 95 112 124 140 146 168 
2 4 19 98 102 131 135 161 
5 6 17 20 39 89 197 
21 58 66 130 138 142 171 179 
1 22 41 
15 23 43 63 88 110 152 
3 24 45 79 84 118 137 181 196 
25 36 73 136 157 186 
7 26 127 164 173 
27 44 80 85 111 123 192 
28 90 97 103 143 
29 34 36 139 163 191 199 
12 30 53 65 78 87 95 153 168 175 
31 37 66 77 117 138 167 190 
32 56 125 186 194 
0 18 33 72 87 91 95 120 124 140 146 160 
29 34 54 76 121 129 139 199 
2 4 9 35 98 101 102 122 131 135 
25 29 36 139 191 199 
31 37 167 172 190 
38 99 142 147 194 198 
5 13 20 39 97 103 197 
16 40 77 115 117 130 138 142 178 179 
1 22 41 50 
42 71 78 112 154 168 175 
23 43 88 
27 44 80 85 111 123 192 
3 24 45 79 84 94 118 137 148 155 
46 93 141 166 
47 57 92 134 159 170 176 182 
48 94 148 150 155 184 
49 149 183 193 
41 50 69 169 180 187 
51 60 71 154 
52 75 82 86 91 114 124 160 
12 18 30 53 65 78 87 95 153 168 175 
34 54 76 121 129 163 
55 60 
12 32 56 81 107 125 
7 47 57 105 127 159 164 173 182 
21 58 59 130 171 179 
10 58 59 70 167 171 
51 55 60 71 154 165 185 
61 67 151 156 188 
8 15 62 110 
15 23 63 116 152 
64 74 75 126 
12 30 53 65 78 107 153 168 175 
21 31 66 77 115 117 130 138 142 167 179 190 
61 67 151 156 
68 92 133 134 159 164 170 
50 69 104 113 119 169 180 187 
59 70 72 87 95 120 140 160 171 
42 51 60 71 154 165 
0 18 33 70 72 87 91 95 120 140 171 
25 73 136 157 158 186 
64 74 75 96 126 
52 64 74 75 82 114 
3 34 54 76 84 121 129 
31 40 66 77 115 117 130 138 178 179 
0 18 30 42 53 65 78 87 95 112 146 153 168 175 
24 45 79 118 181 196 
27 44 80 
12 56 81 194 
52 75 82 86 114 160 162 
83 174 184 
3 24 45 76 84 121 129 196 
27 44 85 111 123 192 
52 82 86 114 160 162 
0 18 30 33 53 70 72 78 87 91 95 120 140 153 171 
23 43 88 110 177 
17 20 89 96 
28 90 132 143 144 
0 18 33 52 72 87 91 114 120 124 140 146 160 
47 68 92 134 159 170 
46 93 104 141 166 169 187 
45 48 94 118 137 148 155 174 184 
0 18 30 33 53 70 72 78 87 95 120 140 153 171 
74 89 96 126 151 
13 28 39 97 103 
2 4 9 19 35 98 101 102 122 135 
38 99 100 147 189 198 
99 100 145 147 189 198 
4 9 35 98 101 102 122 135 
2 4 9 19 35 98 101 102 122 131 135 
6 13 14 28 39 97 103 106 
69 93 104 108 113 169 180 187 
57 105 127 173 191 
6 13 14 103 106 
12 56 65 107 125 133 
8 104 108 113 180 
11 109 119 128 
15 23 62 88 110 177 
27 44 85 111 123 192 
0 18 42 78 112 124 146 168 
69 104 108 113 180 187 
52 75 82 86 91 114 124 160 162 
16 40 66 77 115 117 130 138 178 179 
63 116 
31 40 66 77 115 117 130 138 178 179 
24 45 79 94 118 137 148 155 
69 109 119 180 
0 33 70 72 87 91 95 120 140 160 
3 34 54 76 84 121 129 163 
2 4 9 35 98 101 102 122 135 
27 44 85 111 123 192 
0 18 33 52 91 112 114 124 146 
12 32 56 107 125 133 186 
64 74 96 126 
7 26 57 105 127 164 173 
11 109 128 152 
3 34 54 76 84 121 129 
21 40 58 66 77 115 117 130 138 142 179 
4 19 35 102 131 
90 132 143 144 172 195 
68 107 125 133 
47 68 92 134 159 170 
2 4 9 19 35 98 101 102 122 135 
25 73 136 157 158 186 
24 45 94 118 137 148 155 174 
21 31 40 66 77 115 117 130 138 142 178 179 
29 34 36 139 191 199 
0 18 33 70 72 87 91 95 120 140 146 160 
16 46 93 141 166 
21 38 40 66 130 138 142 179 
28 90 132 143 
90 132 144 
100 145 147 177 189 
0 18 33 78 91 112 124 140 146 168 
38 99 100 145 147 189 198 
45 48 94 118 137 148 155 174 184 
49 149 183 185 193 
48 150 
61 67 96 151 156 188 
11 15 23 63 128 152 
12 30 53 65 78 87 95 153 168 
42 51 60 71 154 165 
45 48 94 118 137 148 155 
61 67 151 156 188 
25 73 136 157 158 186 
73 136 157 158 194 
47 57 68 92 134 159 164 170 
