200
160
16

0 55 136 177 180 
1 32 48 69 115 130 158 166 
2 10 15 17 100 104 109 140 
3 27 85 112 117 139 170 
4 39 43 49 81 87 128 152 
5 16 90 149 155 162 185 198 
6 27 80 117 127 
7 9 24 54 68 83 176 197 
8 10 17 25 101 113 144 
7 9 19 24 54 68 83 131 165 197 
2 8 10 17 25 100 104 144 
11 20 66 82 98 
12 149 162 181 185 
13 84 172 183 
14 28 44 58 59 127 137 
2 15 64 100 109 140 186 
5 16 90 149 155 162 185 198 
2 8 10 17 25 104 113 144 
18 55 136 
9 19 24 54 68 197 
11 20 70 80 
21 157 160 
22 29 42 66 67 107 111 125 146 174 199 
23 26 72 91 171 178 
7 9 19 24 54 68 131 138 197 
8 10 17 25 101 104 144 
23 26 79 91 95 119 134 171 178 
3 6 27 62 85 117 139 
14 28 58 59 127 137 
22 29 67 81 107 111 125 146 
30 31 63 75 88 106 121 
30 31 63 75 88 106 191 193 
1 32 48 76 115 130 158 166 187 193 
33 64 83 186 
34 53 61 73 159 184 195 
35 37 57 71 79 90 91 95 103 119 129 155 198 
36 122 148 182 194 
35 37 57 71 79 95 103 119 129 188 
38 41 42 61 73 93 110 118 159 174 
4 39 43 128 152 
40 164 191 
38 41 61 93 110 159 182 
22 38 42 107 110 111 125 159 174 
4 39 43 49 81 87 128 152 
14 44 58 59 80 127 
45 50 74 92 97 99 126 142 163 173 
46 153 168 
47 101 132 151 172 177 180 183 
1 32 48 69 76 115 130 158 166 
4 43 49 87 122 128 148 182 
45 50 74 97 99 142 163 
51 77 
52 135 
34 53 73 184 195 
7 9 19 24 54 68 138 197 
0 18 55 136 177 180 
56 78 89 135 
35 37 57 71 90 129 155 198 
14 28 44 58 59 80 127 
14 28 44 58 59 60 127 137 
59 60 102 127 137 161 
34 38 41 61 73 93 110 118 159 174 
27 62 98 124 138 
30 31 63 74 75 88 92 99 106 121 
15 33 64 83 94 186 192 
65 108 113 154 
11 22 66 82 98 107 199 
22 29 67 107 111 125 146 199 
7 9 19 24 54 68 143 176 197 
1 48 69 115 158 166 
20 70 80 
35 37 57 71 103 129 198 
23 72 160 171 178 
34 38 53 61 73 93 110 159 174 184 
45 50 63 74 92 97 99 121 163 
30 31 63 75 88 92 99 106 115 121 166 
32 48 76 120 130 158 166 187 193 
51 77 143 
56 78 89 135 145 
26 35 37 79 91 95 103 119 170 188 
6 20 44 58 70 80 
4 29 43 81 146 
11 66 82 98 184 
7 9 33 64 83 197 
13 84 
3 27 85 112 117 134 139 
86 123 168 189 190 
4 43 49 87 128 148 
30 31 63 75 88 92 99 106 115 166 193 
56 78 89 135 145 
5 16 35 57 90 155 162 185 198 
23 26 35 79 91 95 119 155 171 178 198 
45 63 74 75 88 92 99 106 115 121 163 
38 41 61 73 93 110 118 159 196 
64 94 192 
26 35 37 79 91 95 103 112 119 170 188 
96 131 138 
45 50 74 97 142 163 
11 62 66 82 98 
45 50 63 74 75 88 92 99 106 121 163 
2 10 15 100 109 126 140 
8 25 47 101 113 132 
60 102 116 137 
35 37 71 79 95 103 119 141 188 
2 10 17 25 104 144 
105 131 157 165 
30 31 63 75 88 92 99 106 121 
22 29 42 66 67 107 111 125 174 199 
65 108 167 179 181 
2 15 100 109 140 
38 41 42 61 73 93 110 159 174 182 
22 29 42 67 107 111 125 159 174 
3 85 95 112 117 139 161 170 188 
8 17 65 101 113 144 154 160 
114 118 150 196 
1 32 48 69 75 88 92 115 158 166 
102 116 137 
3 6 27 85 112 117 139 161 
38 61 93 114 118 150 196 
26 35 37 79 91 95 103 119 170 188 
76 120 133 147 169 187 
30 63 74 75 92 99 106 121 
36 49 122 148 182 194 
86 123 130 133 169 
62 124 138 
22 29 42 67 107 111 125 174 
45 100 126 140 142 173 175 
6 14 28 44 58 59 60 127 137 
4 39 43 49 87 128 148 152 
35 37 57 71 129 198 
1 32 48 76 123 130 133 158 169 187 
9 24 96 105 131 138 165 
47 101 132 151 183 
120 123 130 133 147 169 187 
26 85 134 171 
52 56 78 89 135 
0 18 55 136 177 180 
14 28 59 60 102 116 127 137 
24 54 62 96 124 131 138 
3 27 85 112 117 139 170 
2 15 100 109 126 140 173 
103 141 188 
45 50 97 126 142 173 175 
68 77 143 176 
8 10 17 25 104 113 144 
78 89 145 
22 29 67 81 146 
120 133 147 169 187 
36 49 87 122 128 148 182 
5 12 16 149 162 181 185 
114 118 150 
47 132 151 172 177 180 183 
4 39 43 128 152 
46 153 
65 113 154 
5 16 35 57 90 91 155 198 
156 167 179 
21 105 157 160 165 
1 32 48 69 76 115 130 158 166 187 193 
34 38 41 42 61 73 93 110 111 159 174 184 
