200
160
32

0 41 73 80 161 
1 2 61 68 79 136 151 152 166 187 
1 2 61 68 79 136 151 152 166 187 
3 17 27 46 77 91 157 173 
4 35 126 
5 10 95 137 172 183 
6 67 75 123 125 153 167 168 
7 65 87 
8 40 94 131 156 
9 62 74 78 110 176 
5 10 95 120 137 172 183 
11 25 36 89 96 160 163 
12 33 56 103 104 113 178 
13 94 100 139 159 165 191 
14 18 60 72 105 146 
15 34 55 56 65 83 87 138 178 186 
16 29 97 114 118 
3 17 27 53 77 91 157 173 
14 18 72 105 146 169 
19 164 
20 27 36 66 77 91 107 112 179 
21 37 41 49 73 140 181 195 
22 63 126 133 189 
23 36 54 64 97 112 114 130 160 163 
24 30 45 70 86 99 101 170 175 
11 25 80 89 96 161 
26 43 60 72 146 158 171 
3 17 20 27 46 77 91 112 157 173 
28 40 93 119 128 177 180 
16 29 64 76 97 193 
24 30 70 101 198 
31 166 187 
32 43 47 158 184 
12 33 103 104 113 120 
15 34 55 62 90 109 110 138 154 186 
4 35 84 124 126 149 162 
11 20 23 36 96 112 114 130 160 163 
21 37 41 49 181 195 
38 57 128 156 174 177 180 
39 44 69 
8 28 40 93 119 128 131 132 156 177 
0 21 37 41 52 73 140 195 
42 74 78 116 185 
26 32 43 47 158 
39 44 69 
24 45 71 99 121 175 
3 27 46 77 118 157 
32 43 47 158 184 
48 88 134 143 194 
21 37 49 181 195 
50 76 102 142 182 192 197 
51 86 137 170 181 
41 52 73 154 
17 53 108 173 
23 54 64 76 160 192 
15 34 55 62 87 90 109 110 138 176 
12 15 56 83 104 178 186 
38 57 174 180 199 
58 82 117 127 133 150 194 
59 67 85 147 188 190 196 
14 26 60 72 105 146 158 171 
1 2 61 68 79 151 187 
9 34 55 62 78 110 138 176 
22 63 155 188 189 
23 29 54 64 76 97 114 160 192 
7 15 65 83 87 
20 66 84 91 107 145 179 
6 59 67 153 155 188 190 196 
1 2 61 68 136 151 187 
39 44 69 
24 30 70 99 101 142 197 
45 71 99 121 
14 18 26 60 72 105 146 169 
0 21 41 52 73 140 195 
9 42 74 78 116 176 
6 75 106 111 123 125 167 168 
29 50 54 64 76 102 192 
3 17 20 27 46 77 91 112 157 173 
9 42 62 74 78 110 116 176 
1 2 61 79 118 122 136 151 
0 25 80 140 161 
81 129 148 
58 82 117 127 133 135 
15 56 65 83 87 138 178 186 
35 66 84 107 145 149 162 179 
59 85 98 147 
24 51 86 137 170 181 
7 15 55 65 83 87 138 
48 88 134 143 
11 25 89 96 161 163 
34 55 90 109 138 154 186 
3 17 20 27 66 77 91 107 173 179 
92 115 141 
28 40 93 119 128 156 177 180 199 
8 13 94 100 131 139 159 165 191 
5 10 95 120 172 183 
11 25 36 89 96 160 163 
16 23 29 64 97 114 130 
85 98 147 
24 45 70 71 99 101 121 175 
13 94 100 139 159 165 182 191 
24 30 70 99 101 142 197 
50 76 102 142 182 192 
12 33 103 104 113 120 
12 33 56 103 104 120 
14 18 60 72 105 146 169 
75 106 111 123 
20 66 84 91 107 145 179 
53 108 144 
34 55 90 109 138 154 186 
9 34 55 62 78 110 138 176 
75 106 111 123 167 168 185 
20 23 27 36 77 112 114 130 
12 33 103 113 129 
16 23 36 64 97 112 114 130 160 
92 115 141 
42 74 78 116 185 
58 82 117 127 133 135 
16 46 79 118 122 
28 40 93 119 177 180 
10 33 95 103 104 120 172 183 
45 71 99 121 142 192 
79 118 122 151 
6 75 106 111 123 125 167 168 
35 124 126 133 135 149 
6 75 123 125 153 167 168 
4 22 35 124 126 133 149 
58 82 117 127 150 194 
28 38 40 93 128 156 174 177 180 199 
81 113 129 178 
23 36 97 112 114 130 160 163 
8 40 94 131 132 
40 131 132 
22 58 82 117 124 126 133 
48 88 134 143 194 
82 117 124 135 145 149 
1 2 68 79 136 151 152 166 187 
5 10 51 86 137 170 172 183 
15 34 55 62 83 87 90 109 110 138 186 
13 94 100 139 159 165 182 191 
21 41 73 80 140 
92 115 141 
50 70 101 102 121 142 192 197 
48 88 134 143 
108 144 
66 84 107 135 145 149 179 
14 18 26 60 72 105 146 169 
59 85 98 147 
81 148 
35 84 124 126 135 145 149 
58 127 150 
1 2 61 68 79 122 136 151 152 166 187 
1 2 136 151 152 166 187 193 
6 67 125 153 155 190 196 
34 52 90 109 154 
63 67 153 155 188 189 190 196 
8 38 40 93 128 156 174 177 180 
3 17 27 46 77 157 173 
26 32 43 47 60 158 171 
13 94 100 139 159 165 182 191 
