100
50
10

0 48 49 52 54 
1 13 18 19 26 
2 16 
3 66 67 92 98 99 
4 5 
4 5 25 78 97 
6 11 26 40 59 
7 36 42 69 72 
8 14 41 64 76 82 89 
9 48 83 88 
10 20 33 44 86 
6 11 40 46 63 77 
12 27 45 81 
1 13 18 26 59 93 
8 14 41 89 
15 67 92 98 
2 16 24 
17 43 
1 13 18 19 26 59 93 
1 18 19 
10 20 49 
21 39 
22 23 25 80 
22 23 25 80 
16 24 
5 22 23 25 78 80 
1 6 13 18 26 40 59 
12 27 35 45 81 
28 43 50 53 58 85 96 
29 44 51 74 
30 69 79 
31 57 91 94 
32 56 60 61 68 73 75 87 90 
10 33 71 86 
34 70 
27 35 75 
7 36 55 62 
37 39 84 
38 
21 37 39 84 95 
6 11 26 40 59 63 77 
8 14 41 64 69 89 
7 42 72 
17 28 43 
10 29 44 86 
12 27 45 72 81 
11 46 63 65 
47 
0 9 48 52 88 
0 20 49 
