200
160
32

0 1 11 13 27 33 35 37 54 78 87 97 117 137 151 169 183 
0 1 11 13 27 33 35 37 52 54 62 78 87 104 110 117 119 120 122 128 137 145 151 156 182 183 
2 6 30 40 48 72 104 110 114 119 120 122 147 156 162 164 165 179 187 189 
3 7 10 22 25 29 42 49 60 67 76 80 83 85 86 135 139 140 141 148 161 168 181 188 190 193 195 199 
4 14 19 20 21 36 46 50 55 82 90 100 108 112 124 133 142 149 153 155 173 180 191 194 197 
5 18 24 31 44 51 61 63 68 71 77 101 127 129 132 150 152 154 158 178 186 
2 6 12 13 21 36 50 52 59 81 84 87 96 104 105 110 119 125 128 145 156 160 170 175 185 187 
3 7 8 16 22 26 28 29 42 47 49 64 65 67 80 83 85 86 98 107 116 130 135 140 141 143 148 161 171 176 181 188 
7 8 16 20 22 26 28 42 47 57 64 65 79 82 83 85 93 107 108 116 130 135 146 161 167 171 188 191 197 
9 29 34 49 60 67 76 80 86 139 141 143 148 176 181 188 190 
3 10 25 73 83 86 92 94 135 136 140 168 174 177 193 195 199 
0 1 11 13 33 35 37 52 54 62 78 87 104 110 117 119 120 122 128 145 151 156 182 183 
6 12 17 21 36 41 43 45 46 59 70 81 84 90 96 100 105 113 118 124 125 128 133 142 144 145 155 159 160 175 180 185 
0 1 6 11 13 33 35 37 52 54 56 59 78 81 87 96 97 104 105 110 115 119 120 122 128 145 156 169 175 183 185 
4 14 19 20 46 55 69 82 103 108 112 123 131 133 149 153 166 173 180 191 194 197 
15 53 89 91 126 163 196 
7 8 16 20 22 26 28 42 47 49 64 65 79 83 85 98 107 108 116 130 135 141 143 148 161 171 181 188 191 
12 17 41 43 45 56 59 70 90 100 105 113 115 118 128 144 159 160 185 
5 18 24 30 31 39 40 61 63 68 71 77 129 138 152 154 165 189 198 
4 14 19 23 41 46 55 89 90 91 100 124 133 142 149 153 155 173 194 
4 8 14 16 20 21 26 36 46 47 50 55 64 65 79 82 108 111 112 116 130 133 149 166 170 180 191 194 197 
4 6 12 20 21 36 46 50 55 59 79 81 82 84 90 96 100 111 112 124 125 133 142 149 160 170 175 180 185 191 197 
3 7 8 16 22 25 26 28 32 42 47 49 57 64 65 83 85 86 107 116 130 135 140 146 148 161 167 171 181 188 193 195 199 
19 23 41 43 45 53 89 91 118 124 126 142 155 159 163 196 
5 18 24 30 31 39 40 48 51 61 63 68 71 74 77 127 129 134 138 152 154 165 186 189 198 
3 10 22 25 42 83 85 86 92 94 135 136 140 161 168 174 193 195 199 
7 8 16 20 22 26 28 32 47 57 64 65 79 82 93 107 111 116 130 146 161 167 191 197 
0 1 27 35 54 58 62 78 102 117 137 151 182 183 
7 8 16 22 26 28 32 42 47 57 64 65 79 83 85 93 107 116 130 135 146 161 167 172 191 195 
3 7 9 29 34 42 49 60 67 76 80 85 86 139 140 141 143 148 176 181 188 190 
2 18 24 30 31 39 40 48 51 61 63 71 72 74 77 106 114 127 129 134 138 147 152 154 162 164 165 189 198 
5 18 24 30 31 39 40 51 61 63 68 71 74 77 127 129 134 138 152 154 165 186 189 198 
22 26 28 32 57 83 88 93 94 99 106 107 109 121 134 146 157 167 172 174 195 
0 1 11 13 33 35 37 52 54 56 70 78 87 97 105 113 115 119 128 145 169 
9 29 34 49 60 67 76 80 86 139 141 143 148 176 181 190 
0 1 11 13 27 33 35 37 54 62 78 87 117 119 120 122 137 151 169 182 183 
4 6 12 20 21 36 46 50 55 59 79 81 82 84 90 93 96 100 111 112 124 125 133 142 149 160 170 175 180 185 187 191 197 
0 1 11 13 33 35 37 52 54 56 70 78 87 97 105 113 115 119 128 145 156 169 183 
38 66 75 95 101 109 132 150 158 178 184 186 192 
18 24 30 31 39 40 61 63 68 71 77 129 138 152 154 164 165 189 198 
2 18 24 30 31 39 40 48 61 63 71 72 77 114 120 129 138 152 154 162 164 165 189 198 
12 17 19 23 41 43 45 55 89 90 91 100 118 124 126 133 142 144 155 159 196 
3 7 8 16 22 25 28 29 42 47 49 64 65 67 80 83 85 86 107 116 130 135 139 140 141 143 146 148 161 171 181 188 193 195 199 
12 17 23 41 43 45 70 89 90 91 113 118 126 144 155 159 196 
5 44 75 132 150 158 186 192 
12 17 23 41 43 45 56 70 90 105 113 115 118 128 144 159 160 
4 12 14 19 20 21 36 46 50 55 59 81 82 84 90 100 112 124 125 133 142 149 160 170 175 180 185 191 194 197 
7 8 16 20 22 26 28 42 47 57 64 65 79 82 83 85 93 107 116 130 135 146 161 167 171 188 191 195 197 
2 24 30 40 48 51 61 72 74 77 88 104 110 114 120 129 147 162 164 165 179 187 189 198 
3 7 9 16 22 29 34 42 49 65 67 76 80 85 86 98 116 130 135 139 140 141 143 148 161 171 176 181 188 190 
4 6 20 21 36 46 50 55 59 79 81 82 84 93 96 100 111 112 125 160 170 175 179 180 185 187 191 197 
5 24 30 31 48 51 61 63 74 77 88 106 109 121 127 129 134 147 157 165 172 186 
1 6 11 13 33 37 52 59 81 84 87 96 104 105 110 115 119 120 122 125 128 145 156 160 169 175 183 185 
15 23 53 89 91 126 155 163 196 
0 1 11 13 27 33 35 37 54 62 78 87 117 119 122 137 151 182 183 
4 14 19 20 21 36 41 46 50 55 82 90 91 100 108 112 124 133 142 149 153 155 173 180 194 197 
13 17 33 37 45 56 70 87 97 105 113 115 128 144 169 
8 22 26 28 32 47 57 65 83 92 93 94 99 107 121 135 146 157 161 167 172 174 195 199 
27 58 62 78 102 117 137 151 182 183 
6 12 13 17 21 36 46 50 52 59 81 84 90 96 100 105 110 115 125 128 144 145 156 160 175 180 185 
3 9 29 34 60 67 76 80 86 139 140 141 148 190 
5 18 24 30 31 39 40 48 51 61 63 68 71 72 74 77 114 127 129 134 138 147 152 154 162 164 165 189 198 
1 11 27 35 54 58 62 78 102 117 122 137 151 182 183 
5 18 24 30 31 39 40 51 61 63 68 71 77 127 129 138 152 154 165 186 189 198 
7 8 16 20 22 26 28 42 47 64 65 79 82 85 107 108 116 130 135 146 161 171 181 188 191 197 
7 8 16 20 22 26 28 42 47 49 57 64 65 79 82 83 85 107 116 130 135 146 161 167 171 181 188 191 195 
38 66 75 95 101 109 132 150 158 178 184 186 
3 7 9 29 34 42 49 60 67 76 80 85 86 139 140 141 143 148 171 176 181 188 190 
5 18 24 31 39 61 63 68 71 77 127 129 138 152 154 186 198 
14 69 98 103 108 123 131 149 153 166 173 194 
12 17 33 37 43 45 56 70 97 105 113 115 118 128 144 159 160 169 
5 18 24 30 31 39 40 61 63 68 71 77 127 129 138 152 154 165 186 189 198 
2 30 40 48 61 72 104 110 114 119 120 122 129 147 156 162 164 165 179 187 189 198 
10 73 92 94 95 99 136 168 174 177 184 199 
24 30 31 48 51 61 74 77 88 106 109 121 127 129 134 147 157 172 179 
38 44 66 75 132 150 158 178 186 192 
3 9 29 34 49 60 67 76 80 86 139 140 141 143 148 181 190 193 
5 18 24 30 31 39 40 48 51 61 63 68 71 74 77 106 114 127 129 134 138 147 152 154 164 165 186 189 198 
0 1 11 13 27 33 35 37 54 58 62 78 87 117 119 122 137 151 182 183 
8 16 20 21 26 28 36 47 50 64 65 79 82 93 107 111 112 116 130 146 167 170 180 187 191 197 
3 7 9 29 34 42 49 60 67 76 80 85 86 135 139 140 141 143 148 176 181 188 190 193 
6 12 13 21 36 46 50 52 59 81 84 90 96 100 105 110 125 128 142 144 145 156 160 175 180 185 
4 8 14 20 21 26 36 46 47 50 55 64 65 79 82 93 108 111 112 116 133 149 170 180 191 194 197 
3 7 8 10 16 22 25 28 32 42 47 57 65 83 85 86 92 94 107 116 130 135 136 140 146 148 161 167 168 174 181 188 193 195 199 
6 12 21 36 46 50 52 59 81 84 90 96 100 104 105 110 111 112 125 145 156 160 170 175 179 180 185 187 
3 7 8 16 22 25 28 29 42 47 49 64 65 67 80 83 85 86 107 116 130 135 139 140 141 143 148 161 171 181 188 193 195 199 
3 7 9 10 22 25 29 34 42 49 60 67 76 80 83 85 86 135 139 140 141 143 148 161 181 188 190 193 195 199 
0 1 6 11 13 33 35 37 52 54 56 78 87 96 97 104 105 110 115 119 120 122 128 145 156 169 183 
32 48 51 74 88 93 106 111 114 121 134 147 157 167 170 172 179 187 
15 19 23 41 43 53 89 91 118 126 155 159 163 196 
4 12 17 19 21 36 41 43 45 46 55 59 81 84 90 91 96 100 105 112 118 124 125 133 142 144 149 155 159 160 175 180 185 
15 19 23 41 43 53 55 89 90 91 118 124 126 133 142 149 153 155 159 163 173 196 
10 25 57 73 83 92 94 99 136 157 168 174 177 195 199 
8 26 28 32 36 47 50 57 79 82 88 93 106 107 111 121 146 147 167 170 172 179 187 191 197 
10 25 32 57 73 83 92 94 99 109 121 136 146 157 167 168 172 174 177 195 199 
38 66 73 95 99 101 109 177 178 184 
6 12 13 21 36 50 52 59 81 84 87 90 96 100 104 105 110 119 125 128 145 156 160 175 185 
0 13 33 37 56 70 87 97 105 113 115 128 169 
7 16 49 69 98 103 108 123 131 143 166 171 176 188 
32 57 73 92 94 95 99 101 109 121 136 146 157 167 168 172 174 177 195 199 
4 12 17 19 21 36 41 46 50 55 59 81 84 90 96 100 105 112 118 124 125 133 142 144 149 155 160 175 180 185 
5 38 66 95 99 101 109 127 132 150 157 158 178 184 186 
27 58 62 102 117 137 151 182 183 
14 69 98 103 108 123 131 166 171 194 
1 2 6 11 13 48 52 72 84 87 96 104 110 114 119 120 122 145 156 162 164 183 
6 12 13 17 33 37 45 52 56 59 70 81 84 87 90 96 97 100 105 113 115 119 125 128 144 145 156 160 169 175 185 
30 32 51 74 77 88 93 106 109 121 127 134 147 157 167 172 179 187 
7 8 16 22 26 28 32 42 47 57 64 65 79 83 85 93 107 116 130 135 146 161 167 172 191 195 
4 8 14 16 20 55 64 69 82 98 103 108 112 116 123 131 133 149 153 166 171 173 191 194 197 
32 38 51 66 74 94 95 99 101 106 109 121 127 134 157 172 174 177 178 184 
1 2 6 11 13 48 52 59 72 81 84 87 96 104 110 114 119 120 122 145 156 162 164 175 183 185 
20 21 26 36 50 79 82 84 88 93 111 112 125 147 167 170 172 179 180 187 191 197 
4 14 20 21 36 46 50 55 79 82 84 90 100 108 111 112 124 125 133 142 149 170 180 191 194 197 
12 17 33 37 43 45 56 70 97 105 113 115 118 128 144 159 169 
2 30 40 48 61 72 77 88 104 110 114 120 129 147 156 162 164 165 179 187 189 198 
13 17 33 37 45 52 56 59 70 87 97 105 113 115 128 144 145 169 
7 8 16 20 22 26 28 42 47 49 64 65 79 82 83 85 107 108 116 130 135 146 161 171 181 188 191 197 
0 1 11 27 35 54 58 62 78 102 117 137 151 182 183 
12 17 23 41 43 45 70 89 90 91 100 113 118 124 126 133 142 144 155 159 160 196 
1 2 6 11 13 33 35 37 52 54 72 78 87 96 104 105 110 119 120 122 128 145 156 162 183 
1 2 11 13 35 40 48 52 72 87 104 110 114 119 120 122 156 162 164 165 183 189 
32 51 57 74 88 93 94 99 106 109 121 134 146 157 167 172 174 
1 2 11 13 35 52 54 62 72 78 87 104 110 119 120 122 145 156 162 164 183 
14 69 98 103 108 123 131 153 166 173 194 
4 12 19 21 23 36 41 46 55 90 91 100 112 118 124 133 142 149 153 155 160 173 180 194 
6 12 21 36 46 50 52 59 81 84 90 96 100 105 111 112 125 142 145 156 160 170 175 180 185 187 
15 23 41 43 53 89 91 118 126 155 159 163 196 
5 24 30 31 51 61 63 68 71 74 77 101 106 109 127 129 132 134 147 150 154 186 
1 6 11 12 13 17 33 37 45 52 56 59 70 81 87 96 97 105 113 115 119 128 144 145 156 160 169 175 185 
5 18 24 30 31 39 40 48 51 61 63 68 71 72 74 77 114 127 129 134 138 147 152 154 162 164 165 189 198 
7 8 16 20 22 26 28 42 47 49 64 65 79 83 85 107 116 130 135 143 146 148 161 171 181 188 191 
14 69 98 103 108 123 131 153 166 173 194 
5 38 44 66 75 101 127 132 150 158 178 186 192 
4 12 14 19 20 21 36 41 46 55 82 90 91 100 108 112 118 124 133 142 149 153 155 173 180 194 197 
24 30 31 32 51 61 74 77 88 106 109 121 127 129 134 147 157 172 179 
3 7 8 10 16 22 25 28 42 47 49 57 64 65 80 83 85 86 107 116 130 135 140 141 143 146 148 161 168 181 188 193 195 199 
10 25 73 83 92 94 99 136 168 174 177 195 199 
0 1 27 35 54 58 62 78 102 117 137 151 182 183 
18 24 30 31 39 40 61 63 68 71 77 129 138 152 154 164 165 189 198 
3 9 29 34 42 49 60 67 76 80 85 86 139 140 141 143 148 176 181 188 190 193 
3 7 10 22 25 29 42 49 60 67 76 80 83 85 86 135 139 140 141 143 148 161 168 181 188 190 193 195 199 
3 7 9 16 29 34 42 49 60 67 76 80 85 86 135 139 140 141 143 148 161 171 176 181 188 190 
4 12 19 21 23 36 41 46 55 81 90 91 100 112 118 124 125 133 142 149 153 155 160 173 180 185 
7 9 16 29 34 42 49 67 76 80 85 86 98 130 135 139 140 141 143 148 161 171 176 181 188 190 
12 17 41 43 45 56 59 70 81 90 100 105 113 115 118 128 144 159 160 175 185 
1 6 11 12 13 33 37 52 59 81 84 87 96 104 105 110 115 119 122 125 128 145 156 160 169 175 185 
8 22 26 28 32 42 47 57 64 65 79 83 93 94 99 107 116 121 130 135 146 157 161 167 172 174 191 195 199 
2 30 48 51 61 72 74 77 88 93 106 111 114 127 129 134 147 162 165 172 179 187 
3 7 9 16 22 29 34 42 49 60 67 76 80 83 85 86 130 135 139 140 141 143 148 161 171 176 181 188 190 193 
4 14 19 20 21 36 46 55 69 82 90 91 100 108 112 124 133 142 149 153 155 166 173 180 194 197 
5 38 44 66 75 101 127 132 150 158 178 184 186 192 
0 1 11 27 35 54 58 62 78 102 117 137 151 182 183 
5 18 24 30 31 39 40 61 63 68 71 77 129 138 152 154 189 198 
4 14 19 55 69 91 108 123 124 131 133 142 149 153 155 166 173 194 
5 18 24 30 31 39 40 61 63 68 71 77 127 129 138 152 154 164 165 189 198 
4 12 19 23 41 43 53 55 89 90 91 100 118 124 126 133 142 149 153 155 159 173 196 
1 2 6 11 13 37 52 59 72 81 84 87 96 104 105 110 114 119 120 122 125 128 145 156 162 164 175 183 185 
32 51 57 74 88 92 94 99 101 106 109 121 134 146 157 167 172 174 177 
5 38 44 66 75 101 132 150 158 178 184 186 192 
12 17 23 41 43 45 70 89 90 91 113 118 126 144 155 159 196 
