100
80
8

0 18 32 41 73 78 79 93 
1 9 12 19 23 35 39 52 97 99 
2 8 10 13 22 30 34 36 38 43 46 47 56 61 87 96 98 
3 10 16 20 22 30 31 33 36 38 42 43 44 56 58 59 61 64 66 67 77 89 92 98 
4 7 10 13 43 71 74 83 88 94 
5 20 24 25 30 33 49 50 55 56 58 62 67 68 81 82 85 89 
6 26 48 51 54 57 75 80 83 
4 7 13 29 48 51 57 71 74 75 83 88 94 
2 8 34 40 46 47 76 87 96 
1 9 11 12 19 23 35 39 40 52 76 97 99 
2 3 4 10 13 22 30 34 36 38 42 43 47 56 59 61 64 71 74 92 98 
9 11 19 23 40 52 76 97 99 
1 9 12 19 29 39 40 52 76 94 
2 4 7 10 13 34 36 40 43 47 71 74 94 
14 15 32 44 60 69 90 91 
14 15 27 28 31 44 66 69 70 72 77 85 86 91 
3 16 22 31 42 44 59 64 71 74 92 
17 24 37 45 55 65 84 
0 18 32 41 73 78 79 90 93 
1 9 11 12 19 23 35 40 52 76 97 99 
3 5 20 30 33 56 58 61 62 67 70 72 77 81 85 89 98 
21 25 49 53 62 68 72 81 95 
2 3 10 16 22 30 33 36 38 42 43 47 56 59 61 64 71 74 89 92 98 
1 9 11 19 23 35 52 76 97 99 
5 17 24 25 37 50 55 56 62 82 84 87 
5 21 24 25 49 50 55 62 68 81 82 95 
6 26 41 48 51 54 57 75 79 80 83 
15 27 28 31 33 44 58 66 67 69 70 72 77 85 89 91 
15 27 28 31 44 58 66 67 69 70 72 77 85 89 91 
7 12 29 39 48 57 75 88 94 
2 3 5 10 20 22 30 33 36 38 42 47 56 58 59 61 64 67 89 92 98 
3 15 16 27 28 31 33 42 44 59 64 66 67 69 77 89 91 92 
0 14 18 32 60 78 90 
3 5 20 22 27 30 31 33 38 42 44 56 58 59 61 64 66 67 70 77 81 85 89 92 98 
2 8 10 13 34 36 38 40 43 46 47 87 96 98 
1 9 19 23 35 39 52 76 97 99 
2 3 10 13 22 30 34 36 38 42 43 47 56 59 61 64 71 74 92 98 
17 24 37 45 50 55 65 84 
2 3 10 22 30 33 34 36 38 42 43 47 56 59 61 64 87 92 96 98 
1 9 12 29 35 39 97 
8 9 11 12 13 19 34 40 46 47 76 96 
0 18 26 41 73 78 79 80 93 
3 10 16 22 30 31 33 36 38 42 43 44 59 61 64 71 74 89 92 
2 3 4 10 13 22 34 36 38 42 43 47 59 61 64 71 74 92 98 
3 14 15 16 27 28 31 33 42 44 58 59 64 66 67 69 70 77 85 89 91 92 
17 37 45 
2 8 34 40 46 47 84 87 96 
2 8 10 13 22 30 34 36 38 40 43 46 47 56 61 87 96 98 
6 7 26 29 48 51 54 57 75 83 88 
5 21 25 49 53 62 68 81 82 95 
5 24 25 37 50 55 62 68 82 95 
6 7 26 48 51 54 57 75 83 88 
1 9 11 12 19 23 35 52 76 97 99 
21 49 53 62 68 70 72 81 85 
6 26 48 51 54 57 75 79 80 83 
5 17 24 25 37 50 55 62 68 82 84 95 
2 3 5 10 20 22 24 30 33 36 38 47 56 58 61 64 67 87 89 92 98 
6 7 26 29 48 51 54 57 75 83 88 
3 5 20 27 28 30 33 44 56 58 61 62 64 66 67 70 72 77 81 85 89 92 
3 10 16 22 30 31 33 36 38 42 43 44 59 61 64 74 89 91 92 
14 32 60 69 90 91 
2 3 10 20 22 30 33 36 38 42 43 47 56 58 59 61 64 67 89 92 98 
5 20 21 24 25 49 50 53 55 58 62 67 68 81 82 95 
63 86 
3 10 16 22 30 31 33 36 38 42 43 44 56 58 59 61 64 67 89 92 98 
17 37 65 84 
3 15 27 28 31 33 44 58 66 67 69 70 72 77 85 89 91 
3 5 20 27 28 30 31 33 44 56 58 61 62 64 66 67 70 72 77 81 85 89 92 
5 21 25 49 50 53 55 62 68 81 82 95 
14 15 27 28 31 44 60 66 69 70 77 90 91 
15 20 27 28 33 44 53 58 66 67 69 70 72 77 81 85 89 91 
4 7 10 13 16 22 36 42 43 71 74 83 
15 20 21 27 28 53 58 66 67 70 72 77 81 85 89 
0 18 41 73 78 79 80 93 
4 7 10 13 16 22 36 42 43 59 71 74 83 92 
6 7 26 29 48 51 54 57 75 83 88 
8 9 11 12 19 23 35 40 52 76 97 99 
3 15 20 27 28 31 33 44 58 66 67 69 70 72 77 81 85 89 91 
0 18 32 41 73 78 79 93 
0 18 26 41 54 73 78 79 80 93 
