100
80
16

0 14 47 52 56 
1 39 51 58 93 
2 
3 49 77 92 
4 47 52 
5 58 
6 53 64 
7 9 10 35 
8 23 30 38 69 71 97 
7 9 10 35 48 82 83 89 
7 9 10 35 48 82 
11 
12 33 37 76 
13 29 61 65 
0 14 52 56 
15 
16 98 
17 
18 24 63 
19 66 99 
20 21 36 46 54 76 
20 21 54 76 
22 28 62 96 
8 23 30 38 69 71 97 
18 24 63 
25 26 43 59 85 
25 26 34 59 
27 50 72 
22 28 62 83 89 96 
13 29 65 
8 23 30 38 69 71 
31 88 92 
32 33 45 46 
12 32 33 91 
26 34 59 
7 9 10 35 48 82 
20 36 45 46 
12 37 54 76 
8 23 30 38 69 71 97 
1 39 51 93 
40 67 
41 68 80 84 94 
42 77 
25 43 50 59 85 
44 87 92 
32 36 45 46 83 95 
20 32 36 45 46 
0 4 47 
9 10 35 48 62 82 83 89 
3 49 68 88 92 
27 43 50 72 79 
1 39 51 93 
0 4 14 52 55 56 
6 53 64 
20 21 37 54 76 
52 55 56 
0 14 52 55 56 
57 58 73 
1 5 57 58 73 
25 26 34 43 59 72 
60 
13 61 65 86 
22 28 48 62 83 89 96 
18 24 63 
6 53 64 
13 29 61 65 86 
19 66 99 
40 67 
41 49 68 
8 23 30 38 69 71 
70 90 
8 23 30 38 69 71 97 
27 50 59 72 
57 58 73 
74 78 
75 81 
12 20 21 37 54 76 
3 42 77 
74 78 
50 79 
