200
100
10

0 3 8 12 47 57 59 69 87 95 106 109 118 119 123 125 130 145 146 162 169 172 180 183 190 
1 6 10 23 25 28 32 39 43 45 52 67 77 84 91 122 133 141 142 148 176 193 198 
2 11 13 24 40 51 62 65 73 80 85 93 101 110 120 140 147 149 154 163 173 175 179 187 196 199 
0 3 12 15 47 68 87 106 130 146 156 172 
4 25 29 44 49 52 58 66 74 75 99 107 111 132 135 136 141 150 166 184 192 
5 6 23 27 45 56 61 76 77 94 128 133 148 155 161 170 176 194 195 
1 5 6 10 23 27 28 32 37 43 45 56 61 77 84 91 92 103 122 126 128 133 142 155 170 176 182 198 
7 16 21 29 32 37 49 78 84 86 90 92 102 105 108 122 124 126 129 144 159 168 182 189 198 
0 8 12 47 57 59 69 87 95 119 123 125 137 145 146 162 169 172 180 183 
9 33 34 46 72 79 88 98 113 114 120 127 151 153 197 
1 6 10 23 25 28 32 37 43 52 67 77 84 91 92 122 126 128 133 141 142 176 182 198 
2 11 21 51 54 62 65 71 73 85 86 101 102 105 127 147 185 186 191 196 
0 3 8 12 47 59 69 87 95 106 109 118 119 123 125 130 146 162 169 172 180 183 190 
2 13 24 31 50 62 65 70 97 110 121 140 143 149 154 163 171 173 179 187 188 199 
14 26 35 36 53 55 82 83 104 117 121 152 157 160 164 171 
3 15 53 68 82 83 104 106 109 117 130 156 164 172 
7 16 21 25 29 49 52 74 75 78 86 92 99 102 105 122 129 132 136 150 168 
17 19 24 31 48 50 65 81 86 90 105 108 115 124 144 167 171 178 181 188 189 191 196 
18 22 30 36 41 97 100 110 112 139 143 160 
17 19 31 48 50 64 65 81 82 86 89 90 105 108 115 124 144 167 178 181 188 189 191 
20 37 42 57 59 60 61 95 103 116 123 126 131 138 145 155 161 162 165 180 183 
7 11 16 21 29 49 54 74 75 78 86 99 101 102 105 127 129 132 136 150 153 185 186 
18 22 30 36 41 97 100 110 112 139 140 143 187 
1 5 6 10 23 28 32 43 45 67 76 84 91 133 142 148 170 176 177 193 194 195 
2 13 17 24 31 50 62 65 70 73 97 110 121 140 149 154 163 171 173 179 187 188 191 196 199 
1 4 10 16 25 28 29 32 39 43 49 52 78 84 91 92 99 111 122 129 136 141 142 150 192 
14 26 35 53 55 68 82 83 104 117 121 152 157 164 171 
5 6 27 45 56 61 76 77 94 128 133 155 161 170 176 194 195 
1 6 10 23 25 28 32 39 43 52 77 84 91 92 122 141 142 182 192 198 
4 7 16 21 25 29 32 49 52 74 75 78 92 99 102 107 111 122 129 132 135 136 141 150 184 192 
18 22 30 36 41 70 97 100 110 112 139 140 143 160 187 199 
13 17 19 24 31 48 50 62 65 82 90 115 121 124 149 154 163 167 171 178 181 188 189 191 196 
1 6 7 10 23 25 28 29 32 39 43 52 77 84 91 92 122 141 142 182 192 198 
9 33 34 46 54 58 66 71 72 74 75 79 98 113 114 127 132 151 153 158 184 185 186 197 
9 33 34 38 46 58 66 71 72 74 75 79 96 98 113 114 127 132 151 153 158 185 186 197 
14 26 35 53 55 68 82 83 89 104 117 121 152 157 164 171 
14 18 22 30 36 41 55 70 97 110 112 121 139 143 152 157 160 
6 7 10 20 37 60 61 63 64 77 92 103 108 116 126 128 131 134 138 144 155 159 165 168 182 198 
34 38 72 79 113 114 151 158 197 
1 25 28 32 39 43 52 91 111 122 141 174 192 
2 40 51 62 73 80 85 88 93 110 120 140 147 149 173 175 179 187 199 
18 22 30 36 41 97 100 112 139 143 160 
20 42 57 59 60 61 94 95 103 116 131 145 155 161 162 180 183 
1 6 10 23 25 28 32 39 43 45 52 67 84 91 122 141 142 148 174 176 192 193 198 
4 44 58 66 74 75 96 98 99 107 111 132 135 136 150 166 184 
1 5 6 23 27 43 45 56 67 76 91 94 133 142 148 170 176 177 193 194 195 
9 33 34 46 51 54 71 73 85 88 113 114 120 127 147 153 185 186 
0 3 8 12 47 69 87 106 119 125 137 146 169 172 
17 19 31 48 50 63 64 68 81 82 89 90 108 109 115 118 124 134 138 144 159 165 167 178 181 188 189 190 
4 7 16 21 25 29 49 52 74 75 78 99 102 105 111 122 129 132 136 150 184 186 
13 17 19 24 31 48 50 62 65 82 90 115 124 149 154 163 167 171 178 181 188 189 191 196 
2 11 40 46 51 54 62 65 71 73 85 86 93 101 120 127 147 149 175 179 185 186 196 
1 4 10 16 25 28 29 32 39 43 49 52 84 91 92 99 107 111 122 135 136 141 142 150 174 192 
14 15 26 35 53 55 68 82 83 89 104 109 117 130 152 156 164 
11 21 33 46 51 54 71 75 86 101 120 127 132 147 153 185 186 196 
14 26 35 36 53 55 83 104 121 152 157 160 164 171 
5 6 27 45 56 61 76 77 94 128 133 148 155 161 170 176 194 195 
0 8 20 42 57 59 60 69 95 103 116 123 131 138 145 155 161 162 169 180 183 
4 33 34 44 58 66 72 74 75 79 96 98 99 107 132 135 136 150 151 153 158 166 184 
0 8 12 20 42 57 59 69 95 119 123 125 131 137 145 162 169 180 183 
20 37 42 57 60 61 63 64 77 95 103 108 116 126 128 131 134 138 145 155 159 161 162 165 182 183 190 
5 6 20 27 37 42 56 60 61 77 94 103 116 126 128 131 138 155 159 161 170 182 198 
2 11 13 24 31 40 50 51 62 65 70 73 80 85 86 93 101 140 147 149 154 163 173 175 179 187 188 191 196 199 
37 48 60 63 64 81 89 103 108 109 115 116 118 124 126 134 138 144 159 162 165 167 178 181 189 190 
19 37 48 60 63 64 81 89 103 108 109 115 116 118 124 126 134 138 144 159 165 167 178 181 189 190 
2 11 13 17 19 24 31 50 51 62 65 70 73 86 90 101 140 147 149 154 163 171 173 179 188 191 196 199 
4 33 34 44 58 66 72 74 75 79 96 98 132 135 136 150 151 153 158 166 184 
1 10 23 43 45 67 76 91 133 142 148 176 177 193 195 
3 15 26 35 48 53 68 81 82 83 87 89 104 106 109 115 117 118 130 156 164 167 172 181 190 
0 8 12 47 57 59 69 87 95 119 123 125 137 145 146 162 169 172 180 183 
13 24 30 36 62 65 70 97 110 121 139 140 143 149 154 163 171 173 179 187 199 
11 33 34 46 51 54 71 73 75 85 86 88 101 120 127 132 147 153 185 186 196 
9 33 34 38 58 66 72 74 75 79 96 98 113 114 127 132 151 153 158 185 197 
2 11 24 40 46 51 62 65 71 73 80 85 88 93 101 120 140 147 149 154 163 173 175 179 187 196 199 
4 16 21 29 33 34 44 49 58 66 72 74 75 96 98 99 107 127 132 135 136 150 153 166 184 185 186 
4 16 21 29 33 34 44 49 54 58 66 71 72 74 75 78 98 99 127 132 136 150 153 184 185 186 
5 23 27 45 56 67 76 91 133 148 170 176 177 193 194 195 
1 5 6 10 27 28 32 37 56 60 61 77 84 91 92 103 116 126 128 133 142 155 159 168 170 182 198 
7 16 21 25 29 49 75 78 86 92 99 102 105 122 129 132 136 144 150 168 186 
9 33 34 38 58 66 72 79 96 98 113 114 151 158 166 197 
2 40 62 73 80 85 93 100 110 140 147 149 173 175 179 187 199 
17 19 48 63 64 68 81 82 89 90 108 109 115 116 118 124 130 134 138 144 159 165 167 178 181 189 190 
14 15 19 26 31 35 48 50 53 68 81 82 83 89 104 109 115 117 118 130 164 167 171 181 188 
14 15 26 35 53 55 68 82 83 89 104 117 121 152 156 157 164 171 
1 6 7 10 23 25 28 32 43 52 77 84 91 92 122 128 129 141 142 168 182 192 198 
2 11 40 46 51 62 71 73 80 85 88 93 101 120 140 147 175 179 196 
7 11 16 17 19 21 51 54 62 65 71 78 86 90 101 102 105 124 129 186 189 191 196 
0 3 8 12 47 68 69 87 95 106 109 118 119 123 130 146 156 162 169 172 190 
9 40 46 71 73 85 88 93 114 120 147 175 
19 35 48 53 63 64 68 81 82 83 89 104 106 108 109 115 117 118 130 134 164 165 167 178 181 190 
7 17 19 31 48 50 65 81 86 90 102 105 108 115 124 129 144 167 168 178 181 188 189 191 196 
1 6 10 23 25 28 32 39 43 45 52 67 76 77 84 91 122 133 141 142 148 176 193 198 
6 7 10 16 25 28 29 32 37 52 77 78 84 92 102 122 126 128 129 142 144 159 168 182 198 
2 40 51 62 73 80 85 88 93 110 120 140 147 149 173 175 179 187 199 
5 27 42 45 56 61 94 128 133 155 161 170 194 
0 8 12 20 42 57 59 60 69 87 95 116 119 123 125 131 145 161 162 169 180 183 
34 44 58 66 72 74 79 96 98 135 151 158 166 184 
13 18 22 24 30 36 41 70 97 100 110 112 121 139 140 143 149 154 160 163 171 173 179 187 199 
9 33 34 44 58 66 72 74 75 79 96 98 113 114 127 132 151 153 158 166 184 185 197 
4 16 21 25 29 44 49 52 58 74 75 78 99 107 111 122 129 132 135 136 141 150 166 184 192 
