200
160
32

0 85 89 111 129 174 178 191 
1 93 98 136 181 
2 25 131 
3 12 40 45 83 142 167 189 193 
4 15 26 27 71 134 190 
5 33 146 151 153 160 
6 52 146 164 
7 54 62 64 128 145 159 
8 38 63 163 
9 80 94 101 185 186 
10 117 194 
11 47 96 134 
3 12 40 45 83 127 142 152 167 189 193 
13 50 72 105 
14 48 69 78 86 126 149 195 
4 15 26 27 71 134 
16 73 123 162 179 
17 50 105 131 
18 28 39 58 107 186 
19 44 67 88 112 124 138 148 171 
20 32 35 43 67 125 156 
21 42 61 65 98 127 152 166 
22 68 115 144 157 187 
23 33 75 123 151 160 162 179 
24 47 53 57 66 103 178 191 
2 25 131 
4 15 26 27 57 71 
4 15 26 27 57 71 134 
18 28 39 58 107 186 
29 100 161 184 
30 56 140 154 155 197 
31 77 92 99 170 173 
20 32 
5 23 33 75 151 153 160 162 
34 87 109 128 141 
20 35 36 147 156 
35 36 42 70 156 192 
37 48 79 86 96 106 138 195 
8 38 58 63 107 122 130 163 168 198 
18 28 39 58 94 101 161 185 
3 12 40 142 152 167 193 
41 94 101 149 161 
21 36 42 60 61 65 70 116 166 175 192 199 
20 43 67 100 114 125 
19 44 79 88 106 112 124 138 148 165 171 
3 12 45 83 167 182 193 
46 49 55 84 102 132 172 
11 24 47 53 66 96 103 
14 37 48 69 78 79 86 106 112 126 138 195 
46 49 55 60 84 102 116 172 
13 17 50 105 177 
51 71 180 
6 52 84 102 110 144 164 183 
24 47 53 66 103 191 
7 54 62 64 128 145 196 
46 49 55 84 102 172 
30 56 140 154 155 197 
24 26 27 57 71 191 
18 28 38 39 58 107 186 
59 76 117 133 176 
42 49 60 81 116 166 172 175 199 
21 42 61 65 70 93 98 127 166 192 199 
7 54 62 64 128 145 153 159 
8 38 63 163 
7 54 62 64 128 145 153 159 
21 42 61 65 70 98 127 166 175 192 199 
24 47 53 66 103 191 
19 20 43 67 114 125 171 
22 68 119 144 157 187 
14 48 69 78 86 126 149 195 
36 42 61 65 70 93 166 192 199 
4 15 26 27 51 57 71 
13 72 177 
16 73 87 
74 85 89 129 174 178 188 
23 33 75 121 151 160 162 
59 76 117 133 176 
31 77 92 99 155 170 173 
14 48 69 78 86 126 149 195 
37 44 48 79 86 106 112 124 138 195 
9 80 94 101 107 122 185 186 
60 81 172 175 
82 113 118 120 135 158 184 
3 12 45 83 143 182 189 193 
46 49 52 55 84 95 102 164 183 
0 74 85 89 111 129 174 178 188 191 
14 37 48 69 78 79 86 106 112 126 138 195 
34 73 87 141 
19 44 88 106 112 124 138 148 171 
0 74 85 89 103 129 174 178 188 191 
90 121 137 
91 130 168 198 
31 77 92 155 170 173 
1 61 70 93 98 181 
9 39 41 80 94 101 149 185 186 
84 95 102 183 
11 37 47 96 134 
97 115 120 157 
1 21 61 65 93 98 127 152 
31 77 99 170 
29 43 100 114 
9 39 41 80 94 101 149 185 186 
46 49 52 55 84 95 102 164 183 
24 47 53 66 89 103 178 191 
104 196 
13 17 50 105 177 
37 44 48 79 86 88 106 112 124 138 148 195 
18 28 38 58 80 107 122 130 163 168 186 
108 181 
34 109 128 141 
52 110 144 164 183 
0 85 111 174 178 
19 44 48 79 86 88 106 112 124 138 148 171 195 
82 113 118 135 139 158 184 
43 67 100 114 125 
22 97 115 120 157 
42 49 60 116 166 175 192 199 
10 59 76 117 133 194 
82 113 118 120 135 139 158 184 
68 119 157 187 
82 97 115 118 120 135 158 184 
75 90 121 137 160 
38 80 107 122 130 168 186 198 
16 23 123 162 179 
19 44 79 88 106 112 124 134 138 148 165 171 
20 43 67 114 125 171 
14 48 69 78 86 126 149 195 
12 21 61 65 98 127 152 
7 34 54 62 64 109 128 145 153 159 
0 74 85 89 129 174 178 188 191 
38 91 107 122 130 163 168 198 
2 17 25 131 
46 132 
59 76 117 133 176 
4 11 15 27 96 124 134 165 
82 113 118 120 135 158 184 
1 136 140 154 197 
90 121 137 146 160 
19 37 44 48 79 86 88 106 112 124 138 148 195 
113 118 139 
30 56 136 140 154 197 
34 87 109 141 
3 12 40 142 167 176 193 
83 143 182 
22 52 68 110 144 
7 54 62 64 128 145 177 
5 6 137 146 160 
35 147 156 190 
19 44 88 106 112 124 138 148 165 171 
14 41 69 78 94 101 126 149 
150 169 
5 23 33 75 151 153 160 162 
12 21 40 98 127 152 189 193 
5 33 62 64 128 151 153 159 
30 56 136 140 154 155 197 
30 56 77 92 154 155 173 
20 35 36 147 156 
22 68 97 115 119 157 187 
82 113 118 120 135 158 184 
7 62 64 128 153 159 
