100
80
8

0 5 7 14 22 34 40 56 59 74 81 88 92 
1 31 32 39 57 
2 8 9 10 13 18 28 51 52 53 54 66 67 75 76 78 82 
3 12 16 21 37 41 44 61 98 
4 25 36 45 47 83 87 95 97 
0 5 7 22 27 29 34 46 56 59 70 74 81 84 88 92 
6 19 20 38 43 58 77 80 
0 5 7 14 59 74 81 
2 8 9 10 13 28 47 49 51 52 53 63 66 71 82 89 91 95 
2 8 9 13 23 28 49 51 52 53 63 66 71 89 91 
2 8 10 13 18 24 28 51 52 53 54 66 67 72 75 76 78 82 
11 27 29 32 33 34 35 46 54 56 70 72 75 78 84 99 
3 12 16 21 41 44 55 61 62 98 
2 8 9 10 13 18 28 47 49 51 52 53 54 66 67 75 78 82 89 
0 7 14 59 74 81 
15 26 60 65 69 79 
3 12 16 21 37 41 44 61 98 
17 21 37 38 41 42 44 68 85 93 98 
2 10 13 18 35 36 47 52 58 75 78 80 82 87 
6 19 20 35 38 58 80 
6 19 20 38 58 68 80 93 
3 12 16 17 21 37 41 42 44 61 98 
0 5 22 34 40 50 56 59 74 88 92 
9 23 63 71 89 91 
10 24 54 67 72 75 76 90 
4 25 45 47 83 87 95 97 
15 26 30 60 65 69 79 94 
5 11 27 29 31 32 34 46 56 57 70 84 99 
2 8 9 10 13 28 49 51 52 53 54 66 67 71 75 76 82 89 
5 11 27 29 32 33 34 35 46 56 70 84 92 99 
26 30 48 60 64 65 79 85 86 94 96 
1 27 31 32 39 46 57 73 84 
1 11 27 29 31 32 39 46 57 70 73 84 
11 29 33 34 35 46 56 70 78 92 99 
0 5 11 22 27 29 33 34 35 46 56 70 84 92 99 
11 18 19 29 33 34 35 58 75 78 80 99 
4 18 36 45 47 52 58 77 80 87 95 97 
3 16 17 21 37 41 42 44 98 
6 17 19 20 38 50 68 93 96 
1 31 32 39 57 73 90 
0 22 40 50 59 64 65 68 88 92 94 96 
3 12 16 17 21 37 41 42 44 61 98 
17 21 37 41 42 44 85 86 98 
6 43 55 62 77 87 97 
3 12 16 17 21 37 41 42 44 61 98 
4 25 36 45 47 83 87 95 97 
5 11 27 29 31 32 33 34 46 56 57 70 84 99 
4 8 13 18 25 36 45 47 51 52 63 87 91 95 
30 48 64 68 85 86 93 94 96 
8 9 13 28 49 51 52 53 63 66 67 71 89 
22 38 40 50 64 68 88 92 93 96 
2 8 9 10 13 28 47 49 51 52 53 63 66 71 82 89 95 
2 8 9 10 13 18 28 36 47 49 51 52 53 63 66 71 82 89 95 
2 8 9 10 13 28 49 51 52 53 54 66 67 71 75 76 82 89 
2 10 11 13 24 28 53 54 67 72 75 76 78 82 
12 43 55 62 77 83 97 
0 5 11 22 27 29 33 34 46 56 70 88 92 99 
1 27 31 32 39 46 57 70 73 84 90 
6 18 19 20 35 36 58 80 
0 5 7 14 22 40 59 65 74 81 88 92 
15 26 30 60 65 69 79 94 
3 12 16 21 41 44 61 98 
12 43 55 62 77 83 97 
8 9 23 47 49 51 52 63 66 71 89 91 95 
30 40 48 50 64 65 68 79 85 86 88 93 94 96 
15 26 30 40 59 60 64 65 69 79 94 
2 8 9 10 13 28 49 51 52 53 63 66 67 71 76 82 89 
2 10 13 24 28 49 53 54 66 67 72 75 76 78 82 
17 20 38 40 48 50 64 68 85 93 96 
15 26 60 65 69 79 
5 11 27 29 32 33 34 46 56 57 70 84 99 
8 9 23 28 49 51 52 53 63 66 71 89 91 
10 11 24 54 67 72 75 76 78 90 99 
31 32 39 57 73 90 
0 5 7 14 22 59 74 81 
2 10 11 13 18 24 28 35 53 54 67 72 75 76 78 82 99 
2 10 24 28 53 54 66 67 72 75 76 82 
6 36 43 55 62 77 80 87 97 
2 10 11 13 18 33 35 54 67 72 75 78 82 99 
15 26 30 60 64 65 69 79 94 
