100
50
5

0 9 20 34 37 43 47 64 73 75 79 80 96 99 
1 9 10 12 17 20 31 37 43 46 76 82 89 97 
2 15 39 57 60 69 70 72 93 
3 16 21 25 35 38 40 42 62 65 88 95 
4 11 13 26 55 58 86 
5 28 48 50 56 91 
6 8 14 33 63 77 81 90 
7 13 14 26 27 30 44 55 58 66 68 74 81 86 98 
6 8 33 39 51 63 66 77 81 90 
0 1 9 10 12 31 37 43 47 59 64 73 75 79 80 87 89 96 97 99 
1 9 10 12 19 31 37 46 49 53 59 67 76 83 89 
4 11 13 26 44 55 58 86 
1 9 10 12 19 31 37 43 46 47 49 53 59 67 76 80 82 83 87 89 97 
4 7 11 13 14 26 44 55 58 86 
6 7 13 14 26 27 30 55 58 66 68 74 77 81 86 98 
2 15 18 23 24 39 57 60 69 70 71 72 92 93 
3 16 35 42 56 62 65 85 88 95 
1 17 20 43 46 78 82 89 97 
15 18 23 24 50 57 60 69 71 84 91 92 
10 12 19 31 37 46 49 53 59 67 76 83 89 
0 1 17 20 43 64 66 74 75 78 94 96 97 98 
3 21 25 38 42 
22 36 51 52 85 
15 18 23 24 50 57 60 69 71 72 84 91 92 
15 18 23 24 45 50 57 60 69 71 72 84 91 
3 21 25 38 42 48 61 88 95 
4 7 11 13 14 26 55 58 77 86 
7 14 27 30 44 55 68 74 78 94 98 
5 28 36 45 48 52 56 95 
29 37 41 47 54 59 67 73 80 87 
7 14 27 30 55 66 68 74 78 81 94 98 
1 9 10 12 19 31 37 46 47 49 53 59 67 76 82 83 89 97 
32 40 41 54 
6 8 33 63 77 90 
0 34 35 47 62 64 73 75 79 80 85 96 99 
3 16 34 35 40 41 62 65 79 85 99 
22 28 36 39 45 51 52 56 72 
0 1 9 10 12 19 29 31 37 43 47 49 59 67 73 76 80 83 87 89 
3 21 25 38 42 61 88 95 
2 8 15 36 39 51 70 72 93 
3 32 35 40 41 54 73 
29 32 35 40 41 54 73 79 80 87 
3 16 21 25 38 42 48 61 65 88 95 
0 1 9 12 17 20 37 43 47 64 75 79 80 82 89 96 97 99 
7 11 13 27 44 55 58 
24 28 36 45 50 52 56 71 72 91 
1 10 12 17 19 31 46 49 53 76 82 83 89 97 
0 9 12 29 31 34 37 43 47 59 64 73 75 79 80 87 96 99 
5 25 28 42 48 56 61 88 95 
10 12 19 31 37 46 49 53 59 67 76 83 89 
