100
50
10

0 3 61 
1 61 88 
2 16 19 40 
0 3 67 85 
4 55 
5 36 46 64 76 82 
6 26 44 50 63 
7 12 51 67 93 99 
8 86 87 
9 38 70 
10 19 61 74 78 86 88 
11 60 72 
7 12 93 
13 62 
14 90 
15 24 27 59 
2 16 22 34 40 
17 45 95 97 
18 20 
2 10 19 40 74 86 
18 20 
21 25 48 77 84 91 
16 22 34 
23 42 63 85 
15 24 
21 25 37 48 66 
6 26 44 50 63 69 73 79 
15 27 52 59 66 98 
28 35 53 62 
29 41 58 65 81 89 
30 57 83 
31 68 71 96 
32 37 48 
33 60 72 80 
16 22 34 
28 35 44 69 73 
5 36 46 64 76 
25 32 37 48 75 
9 38 70 
39 56 64 82 
2 16 19 40 
29 41 
23 42 85 
43 
6 26 35 44 50 53 69 73 
17 45 
5 36 46 
47 80 92 
21 25 32 37 48 
49 54 68 92 94 96 
