100
80
16

0 1 10 25 30 35 39 58 65 77 81 86 
0 1 10 20 32 35 39 53 58 59 65 72 92 
2 4 7 16 21 26 31 55 60 73 82 93 95 98 
3 9 23 37 40 46 47 48 50 51 66 80 84 90 97 99 
2 4 7 11 14 21 31 55 60 64 69 73 82 
5 19 40 51 52 54 57 82 
6 12 61 77 91 
2 4 7 11 14 21 31 55 60 64 69 73 82 
8 11 15 17 40 48 51 53 57 72 82 92 
3 9 23 34 37 40 41 46 47 50 51 66 80 84 90 97 99 
0 1 10 15 17 22 30 39 43 53 72 81 86 92 
4 7 8 11 14 17 31 57 69 73 82 
6 12 61 77 91 96 
13 18 23 28 34 36 37 41 44 49 50 78 83 84 85 94 
4 7 11 14 17 22 31 55 60 64 69 82 
8 10 15 17 39 40 47 48 53 72 92 
2 16 21 26 31 55 73 93 95 98 
8 10 11 14 15 17 22 39 43 53 69 72 86 92 
13 18 24 27 28 49 68 83 94 
5 19 51 52 54 95 
1 20 32 35 58 59 63 65 70 74 
2 4 7 16 21 55 60 64 93 98 
10 14 17 22 30 43 69 72 79 81 86 
3 9 13 23 34 36 37 41 46 47 50 66 75 76 78 80 83 84 87 89 90 97 99 
18 24 27 29 45 49 62 68 70 71 85 94 
0 25 63 65 67 74 77 
2 16 26 31 55 73 82 95 98 
18 24 27 29 45 49 62 68 71 94 
13 18 28 34 36 41 49 68 75 78 83 89 94 
24 27 29 38 42 45 62 71 
0 10 22 30 43 56 77 81 86 91 96 
2 4 7 11 14 16 26 31 55 57 60 73 82 95 98 
1 20 32 35 44 48 58 59 70 85 92 
33 63 74 
9 13 23 28 34 36 37 41 46 50 75 76 78 80 83 84 87 89 90 97 99 
0 1 20 32 35 39 53 58 59 65 72 92 
13 23 28 34 36 37 41 46 50 75 76 78 80 83 84 87 89 90 97 99 
3 9 13 23 34 36 37 41 44 46 47 50 66 78 80 83 84 87 90 97 99 
29 38 42 45 62 71 
0 1 10 15 17 35 39 53 58 59 65 72 86 92 
3 5 8 9 15 40 47 48 51 53 66 90 99 
9 13 23 28 34 36 37 41 44 46 50 75 76 78 80 83 84 87 89 90 97 99 
29 38 42 45 62 70 71 
10 17 22 30 43 69 79 81 86 
13 32 37 41 44 47 48 50 78 83 84 85 
24 27 29 38 42 45 62 70 71 
3 9 23 34 36 37 41 46 47 50 66 76 78 80 84 87 90 97 99 
3 9 15 23 37 40 44 46 47 48 50 51 66 80 84 90 97 99 
3 8 15 32 40 44 47 48 53 72 84 92 
13 18 24 27 28 49 68 83 94 
3 9 13 23 34 36 37 41 44 46 47 50 66 76 78 80 83 84 87 90 97 99 
3 5 8 9 19 40 47 51 54 57 66 
5 19 52 54 
1 8 10 15 17 35 39 40 48 53 72 92 
5 19 51 52 54 66 
2 4 7 14 16 21 26 31 55 60 64 73 93 98 
30 56 61 77 79 81 86 91 96 
5 8 11 31 51 57 73 82 95 
0 1 20 32 35 39 58 59 65 92 
1 20 32 35 39 58 59 65 74 
2 4 7 14 21 31 55 60 64 93 
6 12 56 61 77 81 91 96 
24 27 29 38 42 45 62 70 71 85 
20 25 33 63 65 74 
4 7 14 21 55 60 64 69 
0 1 20 25 35 39 58 59 63 65 74 
3 9 23 37 40 46 47 50 51 54 66 80 84 90 97 99 
25 67 77 
18 24 27 28 49 68 94 
4 7 11 14 17 22 43 64 69 79 
20 24 32 42 45 62 70 85 
24 27 29 38 42 45 62 71 
1 8 10 15 17 22 35 39 48 53 72 92 
2 4 7 11 16 26 31 55 57 73 82 95 98 
20 25 33 59 63 65 74 
23 28 34 36 41 75 76 80 87 88 89 97 
23 34 36 41 46 50 75 76 80 87 88 89 90 97 
0 6 12 25 30 56 61 67 77 81 91 96 
13 23 28 34 36 37 41 44 46 50 78 80 83 84 90 97 99 
22 43 56 69 79 
