200
100
10

0 43 60 83 145 160 186 
1 5 35 78 84 103 150 
2 19 57 133 
3 24 69 106 148 162 
4 17 47 105 110 114 131 161 176 182 
1 5 30 35 84 103 150 
6 75 76 85 116 126 187 
7 146 153 
8 25 95 
9 61 166 184 
10 11 67 119 149 
10 11 21 54 55 67 149 199 
12 91 130 155 179 
13 43 83 89 112 118 175 186 196 
14 27 37 51 64 100 156 169 170 195 
15 115 127 151 190 
16 30 39 125 173 181 
4 17 26 47 105 110 114 131 176 
18 68 137 155 
2 19 
20 27 31 51 64 86 87 140 159 170 191 198 
11 21 54 55 67 199 
22 53 124 164 165 167 197 
23 76 82 189 
3 24 69 106 148 162 
8 25 52 168 172 
17 26 36 105 110 
14 20 27 31 37 51 64 140 156 159 169 170 
28 32 48 66 71 102 134 174 
29 33 62 119 199 
5 16 30 125 150 
20 27 31 51 64 86 87 140 159 170 191 198 
28 32 69 137 
29 33 62 119 
34 63 81 90 122 129 135 154 177 
1 5 35 78 84 103 143 
26 36 131 
14 27 37 51 64 156 169 170 172 195 
38 67 148 
16 39 97 125 171 173 180 181 
40 54 55 73 74 
41 59 76 108 113 192 
42 45 73 
0 13 43 50 60 83 145 175 186 196 
44 57 133 
42 45 142 144 
46 96 120 132 144 171 
4 17 47 107 131 161 176 182 
28 48 66 71 102 123 153 174 
49 98 101 109 136 138 141 152 
43 50 72 83 175 196 
14 20 27 31 37 51 64 140 156 159 169 170 195 
25 52 168 172 183 
22 53 65 117 164 165 167 
11 21 40 54 55 74 
11 21 40 54 55 67 
56 85 126 187 
2 44 57 133 
58 94 139 147 157 160 
41 59 85 92 113 192 
0 43 60 83 119 145 160 186 
9 61 166 184 185 
29 33 62 199 
34 63 81 104 122 135 177 
14 20 27 31 37 51 64 140 156 159 169 170 
53 65 73 165 
28 48 66 71 102 121 123 153 174 
10 11 21 38 55 67 149 
18 68 137 155 
3 24 32 69 106 137 162 
70 121 159 
28 48 66 71 102 123 153 174 
50 72 175 196 
40 42 65 73 74 
40 54 73 74 
6 75 76 85 126 158 187 
6 23 41 75 76 85 187 189 
77 82 114 152 188 
1 35 78 84 103 143 
79 93 100 146 195 
80 111 120 128 
34 63 81 104 117 122 124 135 167 177 
23 77 82 188 189 
0 13 43 50 60 83 145 160 186 196 
1 5 35 78 84 103 143 
6 56 59 75 76 85 126 187 
20 31 86 87 140 166 191 198 
20 31 86 87 140 191 198 
88 130 141 155 
13 89 118 127 178 
34 90 129 154 163 
12 91 130 155 179 
59 92 113 143 
79 93 100 183 194 195 
58 94 139 147 157 
8 95 
46 96 120 132 144 171 180 
39 97 113 173 180 181 192 
49 98 101 130 138 155 193 
99 168 
