200
160
16

0 15 21 25 37 42 58 60 66 78 83 87 90 91 109 139 141 142 147 151 156 157 168 174 183 
1 4 35 123 125 133 140 162 170 175 
2 5 6 13 14 36 44 51 60 83 84 85 86 87 109 111 128 143 166 169 173 
3 7 17 33 36 54 68 70 88 92 102 105 110 111 121 131 137 149 150 158 182 191 194 198 199 
1 4 55 123 125 140 162 170 
2 5 6 13 14 44 55 60 83 84 85 86 109 128 143 157 166 173 174 
2 5 6 13 14 36 44 51 60 68 84 85 86 111 128 143 150 163 166 169 173 
3 7 8 13 14 17 20 36 49 54 56 68 88 111 120 121 131 137 149 150 158 163 182 191 198 
7 8 13 14 20 36 49 54 56 68 88 120 131 149 150 163 173 182 
9 10 18 21 23 24 29 41 48 61 62 67 71 73 90 97 103 104 113 132 136 147 156 176 189 
9 10 19 21 23 24 29 37 38 41 61 62 66 72 82 90 100 104 113 132 136 147 156 176 179 
11 33 57 70 77 79 80 92 94 95 102 105 110 117 118 130 135 137 154 165 181 186 188 194 195 197 199 
12 18 22 39 45 48 63 64 69 71 73 74 77 94 95 97 135 154 165 177 186 189 197 
2 5 6 7 8 13 14 36 49 68 84 86 111 128 143 149 150 163 166 173 
2 5 6 7 8 13 14 36 49 51 68 84 85 86 111 128 131 143 149 150 163 166 169 173 
0 15 21 25 28 37 38 40 42 58 66 78 82 91 98 108 115 139 141 142 151 156 157 160 168 171 183 
16 25 28 35 40 58 66 78 81 91 98 108 115 119 124 133 139 140 151 160 161 170 171 175 178 183 
3 7 17 33 54 70 88 92 105 110 121 131 137 158 181 182 188 191 198 199 
9 12 18 22 23 24 39 45 48 61 63 71 73 77 94 95 97 104 130 135 136 147 154 159 165 186 189 197 
10 19 21 29 37 38 41 52 66 72 75 82 100 107 112 113 115 126 132 138 145 155 161 176 179 
7 8 20 49 54 56 88 120 182 
0 9 10 15 19 21 25 29 37 38 41 42 61 66 72 82 90 100 104 113 115 132 145 156 176 179 
12 18 22 23 39 45 48 63 64 69 71 73 74 94 97 103 122 135 146 148 165 172 177 187 189 
9 10 18 22 23 24 29 41 53 59 62 67 71 73 97 103 113 127 132 136 153 155 176 189 193 
9 10 18 23 24 29 41 52 53 62 67 72 73 97 103 113 127 132 136 153 155 176 189 193 
0 15 16 21 25 28 37 38 40 42 58 66 78 81 82 91 98 108 115 119 124 139 141 142 151 156 157 160 168 171 183 
26 32 65 80 134 164 180 184 192 195 
27 34 39 47 63 64 65 69 74 76 89 96 122 129 144 146 148 172 177 185 187 190 
15 16 25 28 35 40 42 58 66 78 81 91 98 108 119 124 133 139 140 141 142 151 160 168 170 171 175 178 183 
9 10 19 21 23 24 29 37 38 41 52 61 62 66 72 82 100 103 104 113 115 132 136 138 145 153 156 176 179 
30 50 52 72 75 93 107 112 114 126 138 145 155 167 
31 43 46 53 59 114 116 127 152 153 155 193 196 
26 32 47 65 69 80 89 96 101 134 164 180 184 192 195 
3 11 17 33 51 57 68 70 79 80 92 102 105 110 111 117 118 121 131 137 154 158 169 181 186 188 191 194 198 199 
27 34 47 64 65 76 89 96 101 129 134 144 172 177 185 187 190 
1 16 28 35 40 58 81 98 119 123 133 140 151 160 162 170 171 175 178 
2 3 6 7 8 13 14 36 49 51 54 68 86 105 111 121 128 131 149 150 158 163 166 169 173 182 194 198 
0 10 15 19 21 25 29 37 38 41 42 66 78 82 91 98 100 108 112 113 115 124 139 141 145 151 156 161 176 179 
10 15 19 21 25 29 37 38 41 42 66 72 82 91 98 100 108 112 115 124 126 138 145 161 176 179 
12 18 22 27 39 45 47 48 63 64 69 71 73 74 76 94 97 122 129 135 146 148 165 172 177 187 189 190 
15 16 25 28 35 40 42 58 66 78 81 91 98 108 119 124 133 139 140 141 142 151 160 168 170 171 175 178 183 
9 10 19 21 23 24 29 37 38 41 61 62 66 72 82 90 100 103 104 113 132 136 147 156 176 179 
0 15 21 25 28 37 38 40 42 58 60 66 78 83 90 91 98 109 139 141 142 151 156 157 160 168 183 
31 43 46 52 53 59 99 114 127 152 153 155 167 193 196 
2 5 6 44 55 60 83 84 109 128 142 143 157 166 168 174 
12 18 22 39 45 48 57 63 64 69 71 73 77 94 95 97 135 154 165 177 186 189 197 
31 43 46 53 59 99 114 127 152 153 155 193 196 
27 32 34 39 47 63 64 65 69 76 89 96 101 122 129 134 144 164 172 177 180 185 187 190 
9 12 18 22 39 45 48 63 64 69 71 73 74 77 94 95 97 135 154 165 177 186 189 197 
7 8 13 14 20 36 49 54 56 68 120 149 150 163 173 182 
30 50 75 93 99 107 114 126 167 
2 6 14 33 36 51 68 77 85 86 87 92 102 105 111 118 128 130 143 159 166 169 181 194 
19 24 29 30 43 52 53 59 62 67 72 75 100 103 114 126 127 132 136 138 145 152 153 155 167 176 179 193 196 
23 24 31 43 46 52 53 59 62 67 103 106 116 127 132 136 146 152 153 155 193 196 
3 7 8 17 20 36 49 54 56 68 88 120 121 131 137 149 150 158 163 182 191 198 
4 5 44 55 83 125 142 157 168 170 174 
7 8 20 49 54 56 88 120 131 149 163 182 
11 33 45 57 69 70 77 79 80 92 94 95 102 110 117 118 130 135 154 164 165 181 186 188 194 195 197 199 
0 15 16 25 28 35 40 42 58 78 81 91 98 108 119 133 139 140 141 142 151 157 160 168 170 171 178 183 
23 31 43 46 52 53 59 62 67 103 116 127 152 153 155 193 196 
0 2 5 6 42 44 60 83 85 86 87 90 109 128 141 142 143 157 166 168 174 
9 10 18 21 29 41 61 77 87 90 95 104 113 130 147 156 159 
9 10 23 24 29 41 52 53 59 62 67 72 73 97 103 113 127 132 136 153 155 176 189 193 
12 18 22 27 39 45 47 48 63 64 65 69 71 73 74 76 94 97 122 135 154 165 172 177 187 189 
12 22 27 34 39 45 47 48 63 64 65 69 74 76 89 122 129 144 146 148 172 177 185 187 190 
26 27 32 34 47 63 64 65 69 76 89 94 96 101 134 144 164 172 177 180 185 195 
0 10 15 16 19 21 25 28 29 37 38 40 41 42 66 78 82 91 98 100 108 112 115 124 139 141 145 151 156 179 183 
9 23 24 52 53 59 62 67 74 103 116 127 132 136 146 153 155 176 189 193 196 
3 6 7 8 13 14 33 36 49 51 54 68 86 88 105 111 121 128 131 137 149 150 158 163 166 169 173 182 194 198 
12 22 27 32 39 45 47 48 57 63 64 65 69 71 76 89 94 134 135 154 164 165 172 177 180 195 
3 11 17 33 57 70 79 80 92 102 105 110 117 121 137 158 181 184 188 191 192 194 198 199 
9 12 18 22 23 39 45 48 63 69 71 73 77 94 95 97 135 154 165 177 186 189 197 
10 19 21 24 29 30 38 41 52 62 72 75 82 100 107 113 114 115 126 127 132 136 138 145 153 155 167 176 179 193 
9 12 18 22 23 24 39 45 48 62 63 71 73 74 77 94 95 97 103 135 136 165 177 186 189 197 
12 22 27 39 48 63 64 67 73 74 97 103 106 116 122 129 146 148 172 177 187 189 190 
19 30 50 52 72 75 82 93 100 107 112 114 126 138 145 155 167 176 179 193 
27 34 39 47 63 64 65 69 76 89 96 101 122 129 134 144 164 172 177 180 185 187 190 
11 12 18 45 48 51 57 61 71 73 77 79 85 87 90 94 95 97 102 104 117 118 130 135 147 154 159 165 169 186 189 194 197 
0 15 16 25 28 37 40 42 58 66 78 81 91 98 108 119 139 140 141 142 151 157 160 168 170 171 174 178 183 
11 33 57 70 77 79 80 92 94 95 102 105 110 117 118 130 135 137 154 165 181 186 188 194 195 197 199 
11 26 32 33 57 70 79 80 92 102 110 117 137 154 164 181 184 186 188 192 195 197 199 
16 25 28 35 40 58 78 81 91 98 108 119 124 133 139 140 151 160 170 171 175 178 183 
10 15 19 21 25 29 37 38 41 66 72 75 82 100 112 113 115 124 126 132 138 145 156 161 176 179 
0 2 5 42 44 55 60 83 87 109 128 139 141 142 143 157 168 174 183 
2 5 6 13 14 44 84 128 143 166 173 
2 5 6 14 51 60 77 85 86 87 90 102 105 109 111 118 128 130 143 147 159 166 169 194 
2 5 6 13 14 36 51 60 68 85 86 87 102 105 109 111 118 128 130 143 150 166 169 173 194 
0 2 51 60 61 77 83 85 86 87 90 104 109 111 128 130 143 147 157 159 166 169 
3 7 8 17 20 54 56 68 88 120 121 131 137 149 150 158 182 191 198 
27 32 34 47 64 65 69 76 89 96 101 134 144 164 172 177 180 185 187 
0 9 10 21 41 42 60 61 77 85 87 90 104 109 113 130 147 156 159 
0 15 16 25 28 37 38 40 42 58 66 78 81 91 98 108 119 124 139 141 142 151 157 160 168 170 171 178 183 
3 11 17 33 51 57 70 79 80 92 95 102 105 110 117 118 121 130 137 154 158 169 181 186 188 194 197 198 199 
30 50 75 93 107 112 115 124 126 138 145 161 167 179 
11 12 18 22 39 45 48 57 63 65 69 71 73 77 79 94 95 97 117 135 154 164 165 177 186 189 195 197 
11 12 18 45 48 57 61 71 73 77 79 92 94 95 97 102 104 117 118 130 135 147 154 159 165 181 186 189 197 
27 32 34 47 65 76 89 96 101 134 144 172 180 185 
9 12 18 22 23 24 39 45 48 62 63 71 73 74 77 94 95 97 103 135 136 165 177 186 189 197 
15 16 25 28 35 37 38 40 42 58 66 78 81 91 98 108 115 119 124 133 139 140 141 142 151 160 170 171 178 183 
43 46 50 99 114 152 
10 19 21 29 37 38 41 52 66 72 75 82 100 107 112 113 115 124 126 132 138 145 161 176 179 
32 34 47 65 76 89 96 101 134 144 180 185 
3 11 33 51 57 70 77 79 80 85 86 92 95 102 105 110 111 117 118 121 130 137 154 158 169 181 186 188 194 197 198 199 
9 22 23 24 29 41 52 53 59 62 67 73 74 97 103 127 132 136 146 153 155 176 189 193 196 
9 10 18 21 29 41 61 77 87 90 95 104 113 130 147 156 159 
3 11 17 33 36 51 68 70 79 85 86 92 102 105 110 111 117 118 121 130 131 137 150 158 169 181 186 188 194 197 198 199 
53 74 106 116 122 129 146 148 190 196 
19 30 50 72 75 93 100 107 112 114 115 126 138 145 161 167 179 
15 16 25 28 37 38 40 58 66 78 81 91 98 108 112 115 119 124 133 139 151 160 161 171 178 183 
0 2 5 42 44 60 83 85 86 87 90 109 128 141 142 143 147 157 159 166 168 174 
3 11 17 33 57 70 79 80 92 102 105 110 117 118 121 131 137 154 158 181 186 188 191 194 198 199 
2 3 6 7 13 14 33 36 51 68 85 86 87 102 105 111 118 128 131 143 149 150 158 166 169 173 194 
19 30 37 38 66 75 82 93 100 107 108 112 115 124 126 138 145 161 179 
9 10 19 21 23 24 29 37 41 61 62 72 82 90 100 104 113 132 136 147 156 176 179 
30 31 43 46 50 52 72 75 99 107 114 126 138 152 155 167 193 
15 16 19 21 25 29 37 38 66 72 82 93 98 100 107 108 112 115 124 126 138 145 161 176 179 
31 53 59 67 74 106 116 127 146 148 196 
11 33 57 70 77 79 80 92 94 95 102 105 110 117 118 130 135 137 154 165 181 186 188 194 195 197 199 
11 33 51 57 77 79 85 86 92 95 102 105 110 111 117 118 130 135 137 154 159 165 169 181 186 188 194 197 199 
16 25 28 35 40 58 78 81 91 98 108 119 124 133 139 140 142 151 160 170 171 175 178 183 
7 8 20 49 54 56 88 120 149 150 163 182 
3 7 17 33 36 54 68 70 88 92 102 105 110 121 131 137 149 150 158 181 182 188 191 194 198 199 
22 27 39 47 63 64 74 76 106 122 129 146 148 172 177 187 190 
1 4 35 123 140 162 175 
16 25 28 37 38 40 66 81 82 91 93 98 100 108 112 115 119 124 145 151 161 171 178 
1 4 55 125 140 142 168 170 174 
19 30 38 50 52 72 75 82 93 100 107 112 114 115 126 138 145 161 167 176 179 
23 24 31 43 46 52 53 59 62 67 72 103 116 127 132 136 152 153 155 176 193 196 
2 5 6 13 14 36 44 51 60 68 83 84 85 86 87 109 111 128 143 166 169 173 
27 34 39 47 64 74 76 106 122 129 146 148 172 177 187 190 
11 18 51 57 61 77 79 85 86 87 90 92 95 102 104 105 117 118 130 135 147 154 159 165 169 181 186 194 197 
3 7 8 14 17 33 36 54 56 68 88 105 110 111 121 131 137 149 150 158 182 191 194 198 
9 10 19 21 23 24 29 41 52 53 62 67 72 82 100 103 113 127 132 136 153 155 156 176 179 193 
1 16 28 35 40 58 81 98 108 119 133 140 151 160 162 170 171 175 178 
26 32 34 47 65 69 76 89 96 101 134 144 164 180 185 195 
11 12 18 22 39 45 48 57 63 69 71 73 77 79 94 95 97 117 118 130 135 154 165 186 189 197 
9 10 18 23 24 29 41 52 53 62 67 72 73 97 103 113 127 132 136 153 155 176 189 193 
3 7 11 17 33 54 68 70 79 80 88 92 102 105 110 117 118 121 131 137 150 158 181 188 191 194 198 199 
19 29 30 38 52 72 75 82 93 100 107 112 114 115 126 138 145 155 161 167 176 179 193 
0 15 16 25 28 37 40 42 58 66 78 81 83 91 98 108 119 139 140 141 142 151 157 160 168 170 171 174 178 183 
1 4 16 28 35 40 58 78 81 98 119 123 125 133 139 140 151 160 162 170 171 175 178 183 
0 15 25 28 37 40 42 58 60 66 78 83 91 98 109 139 141 142 151 157 160 168 170 171 174 183 
0 15 25 28 40 42 44 55 58 60 78 83 91 98 109 119 125 139 141 142 151 157 160 168 170 171 174 183 
2 5 6 13 14 44 51 60 83 84 85 86 87 109 111 128 143 157 166 169 173 174 
27 34 47 64 65 76 89 96 101 134 144 172 177 180 185 187 190 
19 21 29 30 37 38 52 66 72 75 82 93 100 107 112 115 124 126 138 145 161 167 176 179 
22 27 39 53 64 67 74 103 106 116 122 129 146 148 172 177 187 190 
0 9 10 18 41 61 77 85 87 90 95 104 109 113 130 147 156 159 
22 27 39 64 74 106 116 122 129 146 148 172 177 187 190 
3 7 8 13 14 36 49 54 56 68 88 111 120 121 131 149 150 158 163 173 182 191 198 
3 6 7 8 13 14 36 49 54 68 86 88 105 111 120 121 131 137 149 150 158 163 166 169 173 182 194 198 
0 15 16 25 28 35 37 40 42 58 66 78 81 91 98 108 119 124 133 139 140 141 142 151 157 160 168 170 171 178 183 
31 43 46 52 53 59 99 114 127 152 153 155 167 193 196 
23 24 29 31 43 46 52 53 59 62 67 72 103 127 132 136 152 153 155 176 193 196 
11 12 18 33 45 48 57 63 69 71 77 79 80 92 94 95 102 110 117 118 130 135 154 165 181 186 188 195 197 199 
19 23 24 30 31 43 46 52 53 59 62 67 72 75 103 114 127 132 136 138 152 153 155 167 176 179 193 196 
0 9 10 15 21 25 29 37 41 42 61 66 82 90 104 113 132 147 156 159 
0 5 15 25 42 44 55 58 60 78 83 87 91 109 139 141 142 143 151 157 168 170 174 183 
3 7 17 33 36 54 68 70 88 92 102 105 110 111 121 131 137 149 150 158 181 182 188 191 194 198 199 
18 51 61 77 85 87 90 95 104 109 118 130 147 156 159 169 186 197 
