100
80
16

0 11 35 53 59 79 
1 24 30 90 
2 7 10 16 98 
3 20 22 73 
4 28 62 
5 6 46 71 94 
5 6 46 
2 7 10 16 65 98 
8 17 41 44 55 
9 13 45 57 
2 7 10 98 
0 11 59 70 79 
12 
9 13 45 57 
14 
15 39 70 
2 7 16 65 93 98 
8 17 32 41 54 55 
18 97 
19 48 49 61 85 
3 20 36 73 96 
21 24 69 90 
3 22 73 
23 51 86 
1 21 24 30 69 90 
25 31 67 
26 58 
27 28 68 89 
4 27 28 68 89 
29 68 75 89 
1 24 30 78 90 92 
25 31 45 67 77 82 
17 32 47 52 54 55 
33 
34 72 99 
0 35 59 81 
20 36 63 96 
37 48 49 84 85 
38 
15 39 
40 66 86 
8 17 41 44 87 
42 56 74 
43 50 66 
8 41 44 
9 13 31 45 57 67 
5 6 46 71 94 
32 47 52 92 
19 37 48 49 61 84 85 
19 37 48 49 61 85 
43 50 66 
23 51 86 
32 47 52 54 55 92 
0 53 59 79 
17 32 52 54 55 
8 17 32 52 54 55 
42 56 74 
9 13 45 57 
26 58 88 95 
0 11 35 53 59 79 
60 80 
19 48 49 61 85 
4 62 97 
36 63 96 
64 
7 16 65 93 98 
40 43 50 66 
25 31 45 67 
27 28 29 68 75 89 
21 24 69 
11 15 70 
5 46 71 91 94 
34 72 99 
3 20 22 73 
42 56 74 82 83 
29 68 75 89 
76 81 
31 77 82 
30 78 92 
0 11 53 59 79 
