150
120
24

0 56 
1 85 130 139 
2 18 28 39 62 103 137 138 
3 27 76 115 130 131 146 
4 6 64 116 
5 8 21 77 78 94 135 
4 6 64 116 136 
7 22 87 88 119 125 
5 8 77 78 94 135 
9 90 143 
10 13 32 
11 143 
12 24 67 89 97 
10 13 32 59 81 140 
14 39 69 102 
15 43 
16 50 142 
17 18 26 28 117 
2 17 18 28 125 
19 
20 99 
5 21 30 77 113 
7 22 50 87 88 119 125 
23 70 
12 24 79 107 
25 37 96 128 
17 26 28 58 75 80 129 137 
3 27 71 72 76 101 109 131 146 
2 17 18 26 28 58 129 137 
29 67 98 
21 30 77 113 
31 45 120 147 149 
10 13 32 37 59 81 140 
33 95 100 123 127 
34 35 51 53 57 66 93 145 
34 35 53 93 122 145 
36 65 81 100 104 106 
25 32 37 96 128 
38 98 121 134 
2 14 39 62 103 138 
40 52 74 
41 46 99 148 
42 54 
15 43 105 
44 88 119 
31 45 120 
41 46 51 148 
47 61 69 78 102 106 124 135 141 142 
48 83 114 147 
49 56 110 
16 22 50 87 142 
34 46 51 
40 52 53 74 122 132 
34 35 52 53 57 66 93 145 
42 54 
55 101 105 
0 49 56 110 118 
34 53 57 66 93 
26 28 58 63 108 129 133 137 
13 32 59 81 104 106 140 
60 91 112 
47 61 69 78 102 106 124 135 141 142 
2 39 62 103 138 
58 63 103 108 129 137 138 
4 6 64 116 
36 65 82 100 
34 53 57 66 93 
12 29 67 89 98 
68 73 84 86 117 
14 47 61 69 95 102 123 141 
23 70 
27 71 72 101 109 146 
27 71 72 76 101 109 126 131 
68 73 86 117 
40 52 74 
26 75 80 91 
3 27 72 76 97 115 131 146 
5 8 21 30 77 94 113 
5 8 47 61 78 94 124 135 141 142 
24 79 107 
26 75 80 
13 32 36 59 81 104 106 140 
65 82 
48 83 114 132 
68 84 86 
1 85 
68 73 84 86 117 
7 22 50 87 88 119 125 
7 22 44 87 88 119 
12 67 89 97 98 
9 90 144 
60 75 91 
92 111 
34 35 53 57 66 93 145 
5 8 77 78 94 135 
33 69 95 123 127 
25 37 96 128 
12 76 89 97 115 131 
29 38 67 89 98 121 
20 41 99 
33 36 65 100 104 
27 55 71 72 101 109 146 
14 47 61 69 102 106 124 141 
2 39 62 63 103 138 
36 59 81 100 104 106 140 
43 55 105 
36 47 59 61 81 102 104 106 124 141 
24 79 107 
58 63 108 129 137 
27 71 72 101 109 
49 56 110 118 
92 111 
60 112 
21 30 77 113 
48 83 114 147 149 
3 76 97 115 131 
4 6 64 116 136 
17 68 73 86 117 
56 110 118 
7 22 44 87 88 119 125 
