150
120
24

0 7 17 41 46 52 68 80 87 102 122 126 139 
1 15 22 32 49 60 63 79 81 89 107 109 113 125 130 
2 9 12 19 28 42 64 71 72 77 90 103 106 116 133 137 138 146 148 149 
3 6 13 18 24 33 40 44 86 88 93 104 115 119 120 134 140 144 
4 42 64 91 133 138 144 146 149 
5 10 20 21 23 30 37 47 58 70 74 82 86 99 108 120 
3 6 18 27 33 44 58 82 86 88 104 120 121 134 140 144 
0 7 32 41 46 60 68 81 87 118 
8 25 26 39 50 51 55 59 69 76 136 141 
2 9 19 27 28 31 48 64 71 77 90 106 112 116 132 133 137 138 146 148 
5 10 11 14 20 21 23 32 37 47 58 63 66 70 74 79 99 107 108 118 130 
10 11 20 21 30 35 37 47 56 62 63 70 78 79 99 107 108 109 113 129 130 143 
2 12 19 28 42 64 71 72 75 77 103 116 131 133 146 149 
3 13 18 21 24 30 33 35 37 38 44 47 56 57 86 88 93 104 115 120 129 134 
10 14 17 20 23 29 66 74 80 83 85 92 94 96 135 141 
1 15 22 32 46 49 60 81 89 125 
16 61 62 95 100 109 117 128 143 145 
0 14 17 25 29 41 52 66 80 87 92 94 96 102 122 126 136 139 
3 6 13 18 24 33 40 44 86 88 104 115 119 120 121 134 140 144 
2 9 12 19 28 42 48 64 71 72 75 77 90 103 106 116 131 133 137 146 148 149 
5 10 11 14 20 23 32 37 47 63 66 70 74 79 99 107 108 118 130 
5 10 11 13 21 24 30 33 35 37 44 47 58 70 86 88 93 104 108 115 120 129 
1 15 22 49 61 73 79 81 84 89 95 97 107 109 113 114 125 128 142 
5 10 14 20 23 29 47 58 66 70 74 82 83 85 96 101 108 135 
3 13 18 21 24 30 33 35 40 44 54 57 86 88 93 104 115 119 120 129 134 140 
8 17 25 26 39 50 59 80 92 94 96 136 141 
8 25 26 39 50 51 55 59 69 76 85 92 94 135 136 141 
6 9 27 58 82 86 101 112 121 132 138 144 148 
2 9 12 19 28 48 64 71 72 77 90 103 106 116 131 132 137 146 148 
14 17 23 29 66 68 74 80 87 92 94 96 118 135 139 
5 11 13 21 24 30 33 35 37 44 47 56 58 70 86 88 93 104 108 115 120 129 
9 31 39 48 51 65 69 76 82 83 85 90 101 106 112 116 132 135 137 141 148 
1 7 10 15 20 32 46 60 63 66 68 74 79 81 89 99 107 118 125 130 
3 6 13 18 21 24 30 33 35 40 44 57 86 88 93 104 115 120 129 134 140 
34 36 40 43 45 54 57 67 105 110 111 119 123 
11 13 21 24 30 33 35 37 38 44 47 56 57 70 86 88 93 104 115 120 129 
34 36 38 54 56 57 93 98 110 124 127 
5 10 11 13 20 21 30 35 37 44 47 56 62 63 70 78 79 88 99 108 113 120 129 143 
13 35 36 38 56 57 62 78 93 98 117 124 127 129 143 145 
8 25 26 31 39 50 51 55 59 65 69 76 83 85 92 96 101 135 136 141 
3 18 24 33 34 40 54 67 105 119 123 134 140 
0 7 17 41 52 68 80 87 102 122 126 139 
2 4 12 19 42 64 71 72 77 103 133 138 146 149 
34 43 45 54 67 111 
3 6 13 18 21 24 30 33 35 37 44 47 57 86 88 93 104 115 120 129 134 
34 43 45 54 67 105 111 123 
0 7 15 32 46 60 68 81 87 89 118 125 
5 10 11 13 20 21 23 30 35 37 44 47 58 63 70 74 86 88 99 104 108 120 129 
9 19 28 31 48 51 65 69 71 76 77 90 106 116 132 137 148 
1 15 22 49 60 81 84 89 107 114 125 142 
8 25 26 39 50 51 55 59 65 69 76 85 92 136 141 
8 26 31 39 48 50 51 55 59 65 69 76 90 141 
0 17 41 52 53 80 87 102 122 126 139 147 
52 53 102 122 126 147 
24 34 36 40 43 45 54 57 67 93 98 110 111 119 123 
8 26 39 50 51 55 59 65 69 76 136 141 
11 13 30 35 36 37 38 56 57 62 78 88 93 98 115 117 124 127 129 143 
13 24 33 34 35 36 38 44 54 56 57 88 93 98 104 110 115 124 127 129 134 
5 6 10 21 23 27 30 47 58 70 82 83 86 101 108 120 
8 25 26 39 50 51 55 59 65 69 76 85 136 141 
1 7 15 32 46 49 60 63 68 79 81 89 99 107 118 125 130 
16 22 61 62 78 95 97 100 109 113 114 117 128 143 145 
11 16 37 38 56 61 62 63 78 79 95 99 100 107 109 113 117 128 130 143 145 
1 10 11 20 32 37 47 60 62 63 70 74 78 79 99 107 108 109 113 118 125 130 143 
2 4 9 12 19 28 42 64 71 72 77 103 106 112 116 121 133 137 138 146 148 149 
31 39 48 50 51 55 59 65 69 76 83 85 90 101 106 112 132 137 141 148 
10 14 17 20 23 29 32 66 68 74 80 83 92 94 96 118 135 
34 40 43 45 54 67 105 111 119 123 140 
0 7 29 32 41 46 60 66 68 87 118 139 
8 26 31 39 48 50 51 55 59 65 69 76 90 141 
5 10 11 20 21 23 30 35 37 47 58 63 70 74 99 108 120 129 130 
2 9 12 19 28 42 48 64 71 72 77 90 103 106 112 116 132 133 137 138 146 148 
2 12 19 28 42 64 71 72 75 77 103 106 116 131 133 137 146 149 
22 73 84 95 97 100 114 142 
5 10 14 20 23 29 32 47 63 66 70 74 96 99 108 118 130 
12 19 72 75 103 131 
8 26 31 39 48 50 51 55 59 65 69 76 85 90 141 
2 9 12 19 28 42 48 64 71 72 77 90 103 106 112 116 132 133 137 146 148 
11 37 38 56 61 62 63 78 79 95 99 100 107 109 113 117 128 130 143 145 
1 10 11 20 22 32 37 60 62 63 78 79 89 95 99 107 109 113 125 128 130 143 
0 14 17 25 29 41 52 66 80 87 92 94 96 102 122 126 136 139 
1 7 15 22 32 46 49 60 81 89 107 118 125 
5 6 23 27 31 58 82 83 86 101 112 132 
14 23 31 39 58 65 66 82 83 85 92 96 101 135 141 
22 49 73 84 95 97 114 142 
14 23 26 31 39 50 59 65 76 83 85 92 94 96 101 135 136 141 
3 5 6 13 18 21 24 27 30 33 35 44 47 58 82 86 88 104 115 120 121 129 134 140 144 
0 7 17 29 41 46 52 68 80 87 102 122 126 139 
3 6 13 18 21 24 30 33 35 37 44 47 56 57 86 88 93 104 115 120 129 134 
1 15 22 32 46 49 60 79 81 89 107 125 130 
2 9 19 28 31 48 51 65 69 71 76 77 90 106 112 116 132 137 148 
4 91 121 133 138 140 144 
14 17 25 26 29 39 50 66 80 83 85 92 94 96 135 136 141 
3 13 21 24 30 33 35 36 38 44 54 56 57 88 93 98 104 110 115 120 124 127 129 134 
14 17 25 26 29 66 80 85 92 94 96 122 135 136 139 141 
16 22 61 62 73 78 79 84 95 97 100 109 113 114 117 128 142 143 145 
14 17 23 25 29 39 66 74 80 83 85 92 94 96 135 141 
22 61 73 84 95 97 100 114 128 142 
36 38 54 56 57 93 98 110 124 127 
5 10 11 20 32 37 47 60 62 63 70 74 78 79 99 107 108 113 118 130 
16 61 62 73 78 95 97 100 109 113 114 117 128 142 143 145 
23 27 31 39 58 65 82 83 85 101 112 132 135 148 
0 17 41 52 53 80 87 102 122 126 139 147 
2 12 19 28 42 64 71 72 75 77 103 131 133 146 149 
3 6 13 18 21 24 30 33 35 44 47 57 86 88 93 104 115 120 129 134 140 
34 40 45 67 105 119 123 140 
2 9 19 28 31 48 64 65 71 72 77 90 106 112 116 132 137 146 148 
1 10 11 20 22 32 49 60 62 63 78 79 81 89 99 107 109 113 118 125 130 143 
5 10 11 20 21 23 30 37 47 58 63 70 74 99 108 120 130 
1 11 16 22 61 62 63 78 79 95 100 107 109 113 125 128 130 143 145 
34 36 54 57 93 98 110 124 127 
34 43 45 54 67 111 
9 27 31 64 65 71 77 82 90 101 106 112 116 121 132 137 148 
1 11 22 37 61 62 63 78 79 95 99 100 107 109 113 125 128 130 143 
22 49 61 73 84 95 97 100 114 128 142 
3 13 18 21 24 30 33 35 44 56 57 86 88 93 104 115 120 129 134 
2 9 12 19 28 31 48 64 71 72 77 90 106 112 116 132 133 137 146 148 
16 38 56 61 62 78 95 100 117 124 127 128 143 145 
7 10 20 29 32 46 60 63 66 68 74 81 99 107 118 130 
3 18 24 34 40 54 67 105 119 123 134 140 
