200
100
20

0 6 10 20 33 38 39 43 46 61 72 73 81 94 104 121 126 140 156 157 159 166 173 191 
1 12 17 18 22 23 24 41 44 58 64 65 69 74 89 90 95 102 103 110 111 112 114 124 125 151 165 176 184 186 189 190 193 
2 5 21 28 29 40 42 51 59 60 87 88 99 105 113 128 143 152 162 169 171 179 183 197 
3 4 15 30 31 35 49 53 75 83 91 127 130 132 134 142 149 161 163 182 195 198 
3 4 15 30 130 132 163 182 198 
2 5 7 19 21 25 29 40 42 51 59 60 84 88 93 99 106 118 120 128 150 152 168 177 
0 6 10 20 36 38 39 61 63 66 68 72 73 81 94 101 104 121 126 129 140 146 156 157 159 166 173 191 199 
5 7 21 22 24 41 50 51 58 60 69 88 93 97 106 107 111 118 128 158 168 169 172 177 186 193 
8 13 34 37 80 85 98 109 119 122 123 131 137 144 145 160 164 167 178 181 185 187 
9 23 57 63 66 68 70 73 74 78 82 96 129 138 146 192 196 199 
0 6 10 20 33 36 38 39 61 66 72 73 81 94 101 126 129 139 140 146 157 159 166 173 191 199 
11 14 55 77 96 122 138 139 160 180 196 199 
1 12 17 18 44 74 76 80 89 90 95 103 109 112 123 136 137 138 145 151 160 167 181 184 189 190 196 
8 13 34 37 85 98 109 115 119 131 144 164 178 181 185 187 
11 14 55 77 96 122 139 180 199 
3 4 15 16 30 71 75 83 91 108 110 114 117 125 127 132 133 134 161 163 176 
15 16 32 62 71 76 92 100 108 114 117 132 133 134 153 165 176 184 
1 12 17 18 22 23 44 57 58 64 65 69 74 89 90 95 102 103 111 112 124 136 137 145 151 186 189 190 193 
1 12 17 18 22 23 44 57 58 64 65 69 74 89 90 95 102 103 111 112 123 124 136 137 145 151 184 189 190 193 
5 19 25 84 118 120 128 150 177 
0 6 10 20 33 38 39 43 46 61 72 81 94 101 104 121 126 140 157 159 166 173 191 
2 5 7 21 25 28 29 40 41 42 51 59 60 84 88 93 99 106 128 152 162 171 172 177 179 
1 7 17 18 22 23 24 41 44 50 57 58 60 64 65 69 74 87 89 90 93 95 102 111 112 158 169 172 186 189 190 193 
1 9 17 18 22 23 44 57 58 60 63 69 74 78 82 87 89 95 102 103 111 112 158 169 172 186 189 190 192 193 197 
1 7 22 24 41 50 58 60 64 65 69 75 87 88 93 97 102 106 107 110 111 112 125 158 168 169 172 186 190 193 
5 19 21 25 84 118 120 128 150 177 
26 28 47 52 54 56 79 143 147 148 154 155 170 175 179 183 188 
27 28 29 47 48 67 84 141 152 170 174 179 
2 21 26 27 28 29 40 42 47 51 56 59 67 88 99 105 113 128 143 147 152 162 170 171 175 179 183 188 
2 5 21 27 28 29 40 42 47 51 59 60 67 84 87 88 99 105 113 128 143 152 162 170 171 179 183 
3 4 15 30 31 35 49 53 75 83 91 110 114 117 125 127 130 132 134 142 149 161 163 182 195 198 
3 30 31 35 49 53 97 107 116 127 142 149 195 
16 32 34 62 71 76 92 100 108 115 117 133 153 165 176 184 
0 10 20 33 36 38 39 43 46 61 72 81 94 101 126 140 157 159 166 173 191 
8 13 32 34 37 62 76 80 85 92 98 100 109 115 119 145 151 153 164 178 181 187 
3 30 31 35 49 50 53 75 83 91 97 106 107 110 116 125 127 134 142 149 161 168 195 
6 10 33 36 38 61 77 81 94 101 139 146 159 199 
8 13 34 37 80 85 98 109 119 122 123 131 135 137 144 160 164 167 178 180 181 185 187 194 
0 6 10 20 33 36 38 39 61 66 68 73 81 94 101 126 129 139 146 157 159 166 173 191 199 
0 6 10 20 33 38 39 43 46 61 72 81 94 101 104 126 140 157 159 166 173 191 
2 5 21 28 29 40 41 42 51 59 60 79 87 88 99 105 113 128 143 152 158 162 169 171 172 179 183 186 197 
1 7 21 22 24 40 41 50 51 57 58 59 60 64 65 69 87 88 93 97 102 106 107 111 112 158 168 169 172 186 190 193 
2 5 21 28 29 40 42 51 59 60 87 88 99 105 113 128 143 152 158 162 169 171 172 179 183 197 
0 20 33 39 43 46 61 72 81 126 140 157 173 
1 12 17 18 22 23 44 57 65 74 80 89 90 95 102 103 112 123 136 137 138 145 151 167 189 190 193 196 
45 86 119 131 135 144 185 194 
0 20 33 39 43 46 61 72 81 94 104 121 126 140 157 166 173 191 
26 27 28 29 47 56 67 141 147 152 170 174 175 179 188 
27 48 67 84 141 174 
3 30 31 35 49 53 75 107 116 127 130 142 149 182 195 198 
7 22 24 35 41 50 58 64 65 69 75 83 91 93 97 106 107 110 111 116 118 125 127 142 149 161 168 172 186 195 
2 5 7 21 28 29 40 41 42 51 59 60 69 87 88 93 99 105 106 113 128 143 152 158 162 169 171 172 177 179 186 
26 52 54 56 79 143 147 148 154 155 170 175 183 188 
3 30 31 35 49 53 107 116 127 142 149 195 198 
26 52 54 121 148 154 155 156 175 
11 14 55 77 96 122 160 180 196 
26 28 47 52 56 143 147 148 155 170 175 179 183 188 
9 17 18 22 23 41 44 57 58 60 63 69 70 74 78 82 87 89 95 102 105 111 112 113 158 169 172 186 189 190 192 193 197 
1 7 17 18 22 23 24 41 50 57 58 60 64 65 69 87 88 89 93 95 97 102 106 111 112 158 168 169 172 186 189 190 193 
2 5 21 28 29 40 41 42 51 59 60 87 88 99 105 113 128 143 152 158 162 169 171 172 179 183 186 197 
2 5 7 21 22 23 24 29 40 41 42 51 57 58 59 60 69 87 88 93 99 102 105 111 113 128 143 158 162 169 171 172 183 186 193 197 
0 6 10 20 33 36 38 39 43 46 61 72 73 81 94 101 104 121 126 140 157 159 166 173 191 
16 32 34 62 71 76 80 90 92 100 108 114 115 117 124 133 145 151 153 165 176 181 184 187 
6 9 23 57 63 66 68 70 73 78 82 129 138 146 192 199 
1 17 18 22 24 41 50 58 64 65 69 75 83 90 91 95 110 111 112 114 124 125 127 134 161 165 176 184 189 190 193 
1 17 18 22 24 41 44 50 58 64 65 69 75 76 83 89 90 91 95 103 110 111 112 114 124 125 134 161 165 176 184 189 190 193 
6 9 10 38 63 66 68 73 77 78 82 96 129 138 139 146 192 196 199 
27 28 29 47 48 67 84 141 152 170 174 179 
6 9 38 63 66 68 73 78 82 96 129 138 139 146 192 196 199 
1 7 17 18 22 23 24 41 50 51 57 58 60 64 65 69 87 88 89 93 95 97 102 106 111 112 158 168 169 172 186 189 190 193 
9 57 63 70 73 79 105 113 129 154 156 183 192 197 
15 16 32 62 71 75 76 83 91 92 108 110 114 117 124 125 132 133 134 153 161 165 176 184 
0 6 10 20 33 39 43 46 61 72 81 94 104 121 126 140 157 159 166 173 191 
0 6 9 10 38 61 63 66 68 70 73 82 94 104 126 129 146 156 159 166 173 191 192 199 
1 9 12 17 18 22 23 44 57 74 78 82 89 90 95 102 103 112 123 136 137 138 151 167 189 190 193 196 
3 15 24 30 35 49 50 64 65 71 75 83 91 97 107 110 114 117 124 125 127 133 134 142 149 161 176 195 
12 16 32 34 62 65 71 76 80 90 92 100 108 114 115 117 124 133 145 151 153 165 176 181 184 
11 14 36 55 66 77 96 139 146 180 199 
9 23 57 63 66 68 74 78 82 89 96 129 136 138 146 167 192 196 199 
26 40 52 70 79 105 113 143 147 148 154 155 156 162 171 175 183 197 
8 12 34 37 44 62 76 80 85 90 92 98 103 109 115 123 136 137 145 151 160 164 167 181 187 
0 6 10 20 33 36 38 39 43 46 61 72 81 94 101 104 126 140 157 159 166 173 191 
9 23 57 63 66 68 73 74 78 82 96 129 136 138 139 146 167 192 196 199 
3 15 30 35 50 64 65 71 75 83 91 97 108 110 114 117 124 125 127 133 134 142 149 161 165 176 184 195 
5 19 21 25 27 29 48 67 84 128 141 152 174 177 179 
8 13 34 37 80 85 98 109 115 119 123 131 137 144 145 151 164 178 181 185 187 
45 86 119 131 135 144 185 194 
2 22 23 24 29 40 41 42 51 57 58 59 60 69 87 88 99 102 105 111 113 143 158 162 169 171 172 183 186 193 197 
2 5 7 21 24 28 29 40 41 42 51 58 59 60 69 87 88 93 99 106 111 128 158 162 168 169 171 172 177 186 
1 12 17 18 22 23 44 57 58 65 69 74 78 89 90 95 102 103 111 112 123 136 137 138 151 189 190 193 
1 12 17 18 22 44 62 64 65 74 76 80 89 90 95 103 112 114 123 124 125 136 137 145 151 165 176 184 189 190 193 
3 15 30 35 50 64 65 71 75 83 91 108 110 114 117 124 125 127 132 133 134 142 161 165 176 184 
16 32 34 62 71 76 80 92 100 108 115 133 145 151 153 165 176 181 184 187 
5 7 21 22 24 41 50 51 58 60 69 88 93 97 106 107 111 118 128 158 168 169 172 177 186 193 
0 6 10 20 33 36 38 39 46 61 72 73 81 94 101 104 126 140 146 157 159 166 173 191 
1 12 17 18 22 23 44 57 58 64 65 69 74 89 90 95 102 103 111 112 123 124 136 137 145 151 184 189 190 193 
9 11 14 55 66 68 77 78 82 96 122 136 138 139 146 160 167 180 196 199 
7 24 31 35 41 50 58 69 75 83 93 97 106 107 110 111 116 118 127 142 149 161 168 195 
8 13 34 37 80 85 98 100 109 115 119 131 144 164 178 181 185 187 
2 5 21 28 29 40 42 51 59 60 87 88 99 105 113 128 143 152 158 162 169 171 172 179 183 186 197 
