150
75
8

0 7 11 13 23 27 31 34 43 45 48 87 90 94 99 107 108 117 120 125 126 132 137 144 
1 3 25 37 42 54 55 64 73 75 76 85 102 113 134 139 
2 5 30 32 36 53 57 69 71 77 91 122 128 143 
1 3 7 22 31 41 64 68 72 74 75 85 92 95 97 99 102 106 130 139 
4 17 24 38 40 63 81 96 100 119 127 129 
2 5 30 36 53 57 69 71 91 105 122 128 143 146 
6 12 13 20 24 33 48 49 50 60 63 81 87 90 93 103 121 124 129 138 141 
0 3 7 23 31 41 45 74 75 85 94 97 99 106 107 108 117 120 132 137 139 144 
8 35 69 71 91 105 110 111 116 146 
9 21 22 26 29 31 61 65 72 82 89 95 114 118 120 130 131 136 
10 37 39 52 59 67 102 
0 11 12 13 20 27 34 43 45 48 49 60 86 87 90 94 104 107 117 125 126 132 133 144 
6 11 12 13 20 24 43 45 46 48 49 60 63 87 90 94 117 121 124 125 141 
0 6 11 12 13 20 27 43 45 46 48 49 60 87 90 94 104 117 121 125 126 132 138 141 
14 16 18 40 54 55 78 98 135 149 
15 19 44 56 58 70 84 101 109 112 115 140 
14 16 18 25 42 54 55 73 78 85 98 134 135 139 149 
4 17 24 38 40 81 96 100 119 127 129 
14 16 18 40 54 55 78 98 127 134 135 149 
15 19 44 56 58 70 79 84 101 109 112 115 140 148 
6 11 12 13 20 27 43 48 49 50 60 86 87 90 94 104 125 126 138 141 147 
9 21 22 26 29 61 65 72 82 89 95 118 130 131 136 142 
3 9 21 22 31 41 61 68 72 74 82 92 95 97 120 130 131 142 
0 7 23 31 32 34 74 77 99 107 108 114 117 120 126 132 137 144 
4 6 12 17 24 46 60 63 81 87 96 121 124 127 129 141 
1 16 25 42 54 55 64 73 75 76 85 113 134 135 139 
9 21 26 29 61 65 89 91 110 111 114 116 118 130 131 136 
0 11 13 20 27 34 43 48 49 66 83 86 90 104 125 126 133 147 
28 33 50 51 58 62 88 93 103 138 
9 21 26 29 61 65 82 89 110 114 118 130 131 136 
2 5 30 32 34 36 53 77 83 122 128 133 143 
0 3 7 9 22 23 31 41 45 72 74 95 97 99 106 107 108 114 117 120 132 137 144 
2 23 30 32 34 36 77 83 107 114 133 
6 28 33 49 50 62 63 88 93 103 129 138 141 
0 11 23 27 30 32 34 66 77 83 86 107 126 133 
8 35 57 69 71 105 116 146 
2 5 30 32 36 65 69 71 77 91 111 114 116 128 143 
1 10 37 39 52 59 64 67 73 76 102 113 
4 17 38 81 96 100 119 127 129 
10 37 39 52 59 67 68 102 
4 14 17 18 40 81 98 100 119 127 149 
3 7 22 31 41 64 68 72 74 82 92 95 97 99 106 108 120 130 
1 16 25 42 54 55 64 73 75 76 85 113 134 135 139 
0 11 12 13 20 27 43 48 49 50 60 86 90 94 104 125 126 138 141 147 
15 19 44 56 70 79 84 101 109 112 115 140 148 
0 7 11 12 13 31 45 46 48 60 74 75 78 85 87 90 94 99 106 107 108 117 121 125 126 132 134 137 139 144 
12 13 24 45 46 48 49 60 78 87 90 94 117 121 124 125 132 134 135 137 141 
47 66 79 80 83 86 101 123 133 145 148 
0 6 11 12 13 20 27 43 45 46 48 49 60 87 90 94 104 117 121 125 126 138 141 
6 11 12 13 20 27 33 43 46 48 49 50 60 63 87 90 93 94 104 121 124 125 138 141 
6 20 28 33 43 49 50 51 58 62 88 93 103 104 112 138 147 
28 50 51 56 58 62 88 93 103 104 109 112 115 138 140 147 
10 37 39 52 59 67 68 92 102 113 
2 5 30 53 57 69 105 122 128 143 
1 14 16 18 25 42 54 55 73 75 78 85 98 134 135 139 149 
1 14 16 18 25 42 54 55 73 75 78 85 98 134 135 139 149 
15 19 44 51 56 58 70 79 84 101 109 112 115 140 147 148 
2 5 35 53 57 69 105 122 128 143 146 
15 19 28 50 51 56 58 62 88 93 103 109 112 115 138 140 147 
10 37 39 52 59 67 102 113 
6 11 12 13 20 24 43 45 46 48 49 60 63 87 90 94 117 121 124 125 141 
9 21 22 26 29 61 65 82 89 118 130 131 136 142 
28 33 50 51 58 62 88 93 103 112 138 
4 6 12 24 33 49 60 63 81 96 121 124 127 129 141 
1 3 25 37 41 42 64 74 75 76 85 92 97 102 106 113 139 
9 21 26 29 36 61 65 71 89 91 110 111 114 116 118 131 136 
27 34 47 66 79 80 83 86 101 104 123 133 140 145 147 148 
10 37 39 52 59 67 102 113 
3 22 39 41 52 68 72 82 92 95 102 130 142 
2 5 8 35 36 53 57 69 71 91 105 111 116 128 143 146 
15 19 44 56 70 79 84 101 109 112 115 140 148 
2 5 8 35 36 65 69 71 89 91 110 111 116 118 146 
3 9 21 22 31 41 68 72 74 82 92 95 97 99 106 108 120 130 131 
1 16 25 37 42 54 55 73 76 113 
3 7 22 23 31 41 45 64 72 74 75 85 92 95 97 99 106 107 108 117 120 132 137 139 144 
