200
160
32

0 32 37 47 48 53 62 76 85 90 103 129 134 167 175 186 
1 29 38 42 44 71 78 80 89 93 101 112 117 126 130 131 133 137 143 148 151 160 165 169 174 177 197 199 
2 24 35 39 50 60 61 63 67 71 74 77 89 112 148 153 166 176 191 
3 4 13 15 17 33 34 40 41 64 84 87 95 96 99 102 105 107 111 113 138 145 147 158 162 173 198 
3 4 7 17 40 64 95 96 102 107 138 173 190 
5 51 52 70 83 97 104 115 116 119 122 139 141 150 171 178 180 182 
6 14 26 28 43 47 48 49 53 55 62 68 73 85 86 90 98 123 125 134 152 168 179 194 
4 7 15 40 64 81 84 105 138 190 
8 18 31 49 58 68 69 73 88 100 104 106 123 125 132 149 154 155 156 161 168 194 196 
9 15 40 64 81 84 91 99 105 111 145 146 163 172 181 
10 11 12 13 23 30 33 34 46 59 63 66 67 72 79 82 94 108 111 118 120 121 135 145 147 157 158 164 176 181 184 188 189 196 
10 11 12 23 24 30 33 59 60 63 66 67 74 79 82 113 118 135 147 153 157 158 164 176 184 188 189 191 196 
10 11 12 19 23 33 46 59 66 69 72 79 82 91 94 99 108 111 118 120 121 135 145 146 147 155 157 164 181 184 185 188 189 196 
3 10 13 15 17 30 33 34 40 41 64 81 84 91 95 96 99 105 107 111 113 138 145 147 157 158 162 172 173 
6 14 26 43 48 49 53 65 68 73 85 86 90 123 125 134 152 168 179 194 
3 7 9 13 15 34 40 41 64 81 84 91 96 99 105 107 111 138 145 146 147 158 172 
16 21 25 36 38 45 48 49 65 90 100 109 125 127 136 143 159 175 177 
3 4 13 17 24 41 87 95 96 102 107 113 128 138 162 173 198 
8 18 31 51 58 68 83 88 104 106 116 122 123 132 139 141 142 149 150 154 156 168 170 182 194 
12 19 20 23 27 46 59 66 69 72 79 88 94 97 106 108 110 115 120 121 135 144 149 155 181 183 185 188 192 196 
19 20 27 54 57 75 97 110 115 140 144 171 183 185 192 
16 21 25 36 45 48 49 65 76 90 100 109 114 125 127 134 136 143 159 175 
22 54 57 70 75 140 171 178 183 187 193 
10 11 12 19 23 31 46 59 66 69 72 79 82 88 94 106 108 118 120 121 135 149 155 157 164 181 184 185 188 189 196 
2 11 17 24 30 33 60 63 67 87 95 102 113 128 153 162 166 173 176 191 198 
16 21 25 36 38 45 65 76 114 117 127 136 143 159 165 175 177 197 
6 14 26 43 48 49 53 62 65 68 73 85 86 90 123 125 134 152 168 179 194 
19 20 27 46 57 94 97 108 110 115 120 144 155 171 181 183 185 192 
6 28 37 43 47 53 56 62 85 86 92 98 129 152 167 179 186 
1 29 38 44 71 78 80 89 93 101 114 117 126 130 131 133 137 143 148 151 160 165 169 174 177 197 199 
10 11 13 24 30 33 60 63 67 82 87 113 118 147 153 157 158 162 164 166 173 176 191 198 
8 18 23 31 58 59 66 69 72 88 94 104 106 118 132 135 149 154 155 156 161 184 188 189 196 
0 32 37 47 48 62 76 85 92 103 129 134 167 175 186 
3 10 11 12 13 24 30 33 34 41 63 67 79 82 87 96 111 113 118 138 145 147 153 157 158 164 173 176 184 189 191 
3 10 13 15 33 34 40 41 64 81 82 84 91 96 99 105 107 111 113 138 145 147 157 158 172 173 
2 35 36 45 60 61 63 67 71 74 77 89 109 112 143 153 161 176 191 
16 21 25 35 36 38 45 61 65 71 74 77 100 109 114 117 125 136 143 159 165 177 197 
0 28 32 37 47 53 56 62 85 92 103 129 134 167 186 
1 16 25 29 36 38 61 71 77 80 114 117 136 137 143 148 151 159 165 177 197 
2 39 42 50 89 112 128 133 148 166 199 
3 4 7 9 13 15 34 40 41 64 81 84 91 96 99 105 107 111 138 145 147 158 172 190 
3 13 15 17 33 34 40 41 64 81 84 91 95 96 99 105 107 111 113 138 145 147 158 162 172 173 
1 39 42 50 89 93 101 112 126 130 133 137 148 160 174 199 
6 14 26 28 43 53 55 62 68 73 85 86 90 98 123 142 152 179 194 
1 29 44 78 80 93 101 117 126 130 131 133 137 151 160 169 174 197 199 
16 21 25 35 36 45 49 61 65 74 77 100 109 125 136 143 161 168 
10 12 19 23 27 46 59 66 69 72 79 82 88 94 106 108 118 120 121 135 144 145 149 155 157 164 181 184 185 188 189 192 196 
0 6 28 32 37 47 53 56 62 85 86 92 98 103 129 134 152 167 179 186 
0 6 14 16 21 26 32 48 49 53 62 65 73 76 85 90 103 125 127 129 134 136 159 175 186 
6 8 14 16 21 26 45 48 49 53 65 68 73 90 100 109 125 156 168 194 
2 39 42 50 89 93 112 133 137 148 166 199 
5 18 51 52 58 83 97 104 116 119 122 123 124 132 139 141 142 150 154 170 178 180 182 195 
5 51 52 54 70 83 97 104 115 116 119 122 139 141 144 171 178 180 183 
0 6 14 26 28 37 43 47 48 49 53 62 73 85 86 90 92 98 103 125 129 134 152 167 179 186 194 
20 22 52 54 57 70 75 140 171 178 183 187 193 
6 43 55 68 86 98 123 124 142 150 152 170 179 194 195 
28 37 47 56 62 92 98 167 
20 22 27 54 57 75 110 115 140 144 171 183 187 192 
8 18 31 51 58 68 73 83 88 104 106 122 123 132 141 142 149 150 154 156 168 170 182 194 
10 11 12 19 23 31 46 59 66 69 72 79 82 88 94 106 108 118 120 121 135 149 155 157 164 181 184 185 188 189 196 
2 11 24 30 35 60 61 63 67 71 74 77 89 112 153 166 176 191 
2 35 36 38 45 60 61 71 74 77 89 109 112 143 148 153 161 176 177 191 
0 6 26 28 32 37 43 47 48 53 56 62 85 86 90 92 98 103 129 134 152 167 179 186 
2 10 11 24 30 33 35 60 63 67 74 87 113 118 153 162 164 166 176 191 198 
3 4 7 9 13 15 34 40 41 64 81 84 91 96 99 105 107 111 138 158 172 173 190 
14 16 21 25 26 36 45 48 49 65 73 90 100 109 125 134 136 159 168 175 
10 11 12 19 23 31 46 59 66 69 72 79 82 88 94 106 108 118 120 135 149 155 156 157 161 164 184 188 189 196 
2 10 11 24 30 33 35 60 63 67 74 82 87 113 118 147 153 162 164 166 173 176 191 198 
6 8 14 18 26 43 49 55 58 68 73 104 123 132 142 150 154 156 168 170 182 194 
8 12 19 23 31 46 59 66 69 72 79 82 88 94 106 108 118 120 135 144 149 155 156 157 161 164 184 188 189 196 
5 22 52 54 70 75 97 116 119 139 140 171 178 180 183 187 193 
1 2 29 35 36 38 60 61 71 74 77 89 101 112 117 137 143 148 153 165 177 197 
10 12 19 23 31 46 59 66 69 72 79 82 88 94 106 108 118 120 121 135 149 155 157 164 181 184 185 188 189 196 
6 8 14 26 43 48 49 53 58 65 68 73 85 86 90 100 123 125 142 152 154 156 168 179 194 
2 11 35 36 45 60 61 63 67 71 74 77 100 109 118 143 153 161 176 191 
20 22 54 57 70 75 140 171 178 183 187 193 
0 21 25 32 48 76 103 114 127 129 134 136 159 175 186 
2 35 36 38 45 60 61 71 74 77 89 112 143 148 153 166 176 177 191 
1 29 44 78 80 93 101 126 130 131 133 137 151 160 169 174 199 
10 11 12 19 23 33 46 59 66 69 72 79 82 94 106 108 118 120 121 135 145 149 155 157 164 181 184 185 188 189 196 
1 29 38 44 78 80 101 114 117 126 131 137 143 151 160 165 169 177 197 
7 9 13 15 34 40 41 64 81 84 91 99 105 111 138 172 190 
10 11 12 23 30 33 34 46 59 66 67 69 72 79 82 94 108 111 118 120 121 135 145 147 157 158 164 181 184 188 189 196 
5 18 51 52 58 83 97 104 116 119 122 124 132 139 141 142 150 154 170 178 180 182 195 
3 7 9 13 15 34 40 41 64 81 84 91 96 99 105 107 111 113 138 145 147 158 172 173 
0 6 14 26 28 32 37 43 47 48 53 62 73 85 86 90 92 103 129 134 152 167 175 179 186 
6 14 26 28 43 47 53 55 62 73 85 86 90 98 123 152 179 194 
3 17 24 30 33 63 67 87 95 96 102 107 113 128 162 166 173 176 191 198 
8 18 19 23 31 46 58 59 66 69 72 88 94 97 104 106 108 115 122 132 135 144 149 154 155 156 184 188 189 196 
1 2 29 35 39 42 50 60 61 71 77 89 101 112 117 126 133 137 143 148 166 177 199 
0 6 14 16 21 26 43 48 49 53 62 65 73 85 86 90 103 125 129 134 152 159 168 175 179 194 
9 12 13 15 34 40 41 64 81 84 91 99 105 111 121 138 145 146 147 158 163 172 181 
28 32 37 47 53 56 62 85 92 98 129 167 186 
1 29 42 44 50 78 93 101 126 130 131 133 137 148 151 160 169 174 199 
10 12 19 23 27 31 46 59 66 69 72 79 82 88 94 106 108 115 120 121 135 144 149 155 157 164 181 184 185 188 189 192 196 
3 4 13 17 24 41 87 95 96 102 107 113 128 138 162 173 198 
3 4 13 15 17 33 34 40 41 64 84 87 95 96 99 102 105 107 111 113 138 145 147 158 162 173 198 
5 19 20 27 51 52 70 83 88 97 104 115 116 122 139 141 144 149 155 171 178 180 183 192 
6 28 43 47 53 55 56 62 86 92 98 152 179 
3 9 12 13 15 34 40 41 64 81 84 91 96 99 105 111 121 138 145 146 147 157 158 163 172 181 
8 16 21 36 45 49 65 73 74 100 109 125 156 161 168 194 
1 29 42 44 71 78 80 89 93 101 117 126 130 131 133 137 148 151 160 169 174 197 199 
3 4 17 24 87 95 96 102 107 113 128 138 162 173 198 
0 32 37 47 48 53 62 76 85 90 103 129 134 159 167 175 186 
5 8 18 31 51 52 58 68 83 88 97 104 106 115 116 122 132 139 141 142 149 150 154 156 170 180 182 
3 7 9 13 15 34 40 41 64 81 84 91 96 99 105 111 138 145 146 158 172 
8 18 19 23 31 46 58 59 66 69 72 79 88 94 104 106 108 118 135 149 154 155 156 161 164 184 188 189 196 
3 4 13 15 17 34 40 41 64 84 87 95 96 102 107 111 113 138 147 158 162 173 190 198 
10 12 19 23 27 46 59 66 69 72 79 82 88 94 106 108 118 120 121 135 145 149 155 157 164 181 184 185 188 189 192 196 
16 21 35 36 45 49 61 65 74 100 109 125 136 143 161 168 
19 20 27 57 110 120 146 163 181 183 185 192 
3 9 10 12 13 15 33 34 40 41 64 81 82 84 91 96 99 105 107 111 113 121 138 145 147 157 158 172 173 181 
1 2 35 39 42 50 60 61 71 77 89 112 133 137 148 153 166 191 199 
3 11 13 17 24 30 33 34 41 63 67 84 87 95 96 102 107 111 113 138 145 147 158 162 173 198 
21 25 29 36 38 76 80 114 117 127 136 143 159 165 177 197 
5 19 20 27 52 57 88 94 97 104 115 140 144 149 155 171 180 183 192 
5 18 51 52 70 83 97 104 116 119 122 124 132 139 141 150 154 170 178 180 182 195 
1 25 29 36 38 44 71 80 89 101 114 117 126 137 143 148 151 165 177 197 
10 11 12 23 30 31 33 46 59 63 66 67 69 72 74 79 82 106 108 118 135 153 155 157 161 164 176 184 188 189 191 196 
5 51 52 70 83 116 119 122 124 139 141 150 170 178 180 182 195 
10 12 19 23 27 46 59 66 69 72 79 82 94 108 110 120 121 135 144 145 146 149 155 157 163 181 184 185 188 192 196 
10 12 19 23 46 59 72 79 82 91 94 99 108 111 120 121 135 145 146 147 157 163 164 181 184 185 188 192 
5 18 51 52 58 83 88 97 104 116 119 122 124 132 139 141 142 150 154 170 178 180 182 195 
6 8 14 18 26 43 51 55 58 68 73 86 123 124 132 142 150 152 154 156 168 170 179 182 194 195 
51 55 83 116 119 122 123 124 132 139 141 142 150 170 182 195 
6 8 14 16 21 26 36 45 48 49 53 65 73 90 100 109 125 134 136 168 194 
1 29 42 44 78 80 89 93 101 117 126 130 131 133 137 148 151 160 169 174 199 
16 21 25 48 76 114 127 136 159 165 175 197 
17 24 39 87 95 102 128 162 166 198 
0 28 32 37 47 48 53 62 76 85 90 92 103 129 134 167 175 186 
1 29 42 44 78 93 101 126 130 131 133 137 151 160 169 174 199 
1 29 44 78 80 93 101 126 130 131 133 137 151 160 169 174 199 
8 18 31 51 58 68 83 88 104 116 122 123 124 132 139 141 142 150 154 156 170 182 194 195 
1 29 39 42 44 50 78 89 93 101 112 126 130 131 133 137 148 151 160 169 174 199 
0 6 14 21 26 32 37 47 48 53 62 65 76 85 90 103 125 129 134 136 159 175 186 
10 11 12 19 23 31 46 59 66 69 72 79 82 88 94 106 108 118 120 121 135 149 155 157 164 181 184 185 188 189 196 
16 21 25 36 38 45 48 65 76 109 114 125 127 134 136 143 159 165 175 177 197 
1 29 38 42 44 50 71 78 80 89 93 101 112 117 126 130 131 133 137 143 148 151 160 165 169 174 177 197 199 
3 4 7 13 15 17 33 34 40 41 64 81 84 91 95 96 99 102 105 107 111 113 138 145 147 158 162 172 173 190 
5 18 51 52 70 83 97 104 116 119 122 124 132 139 141 150 154 170 178 180 182 195 
20 22 54 57 70 75 115 140 171 178 183 187 193 
5 18 51 52 58 83 97 104 116 119 122 124 132 139 141 142 150 154 170 178 180 182 195 
18 43 51 55 58 68 73 83 104 122 123 124 132 141 142 150 154 170 182 194 195 
1 16 21 25 29 35 36 38 45 61 71 74 77 80 89 109 114 117 136 137 143 148 165 177 197 
19 20 27 46 52 57 69 88 94 97 115 120 144 149 155 171 183 185 192 
3 9 10 12 13 15 33 34 40 41 46 79 82 84 91 96 99 105 108 111 113 120 121 138 145 146 147 157 158 163 172 181 
9 12 15 91 99 105 110 120 121 145 146 163 172 181 185 
3 10 11 12 13 15 30 33 34 40 41 67 82 84 91 96 99 107 111 113 121 138 145 147 157 158 173 
1 2 29 38 39 42 50 61 71 77 89 93 101 112 117 126 133 137 143 148 151 166 174 177 199 
8 18 19 23 31 46 58 59 66 69 72 79 88 94 97 104 106 108 115 120 135 144 149 154 155 156 184 188 189 196 
5 18 51 55 58 68 83 104 116 119 122 123 124 132 139 141 142 150 154 170 180 182 195 
1 29 38 44 78 80 93 101 117 126 130 131 133 137 148 151 160 165 169 174 177 197 199 
6 14 26 28 43 47 53 55 62 73 85 86 90 98 123 152 179 194 
2 11 24 30 33 35 60 61 63 67 71 74 77 112 118 153 164 166 176 189 191 
8 18 31 51 58 68 73 83 88 104 106 116 122 123 132 139 141 142 149 150 154 156 168 170 182 194 
8 12 19 23 27 31 46 59 66 69 72 79 88 94 97 106 108 115 118 120 135 144 149 155 156 164 184 188 189 196 
8 18 31 49 58 66 68 69 73 88 100 104 106 123 132 149 154 155 156 161 168 194 196 
10 11 12 13 23 30 33 34 46 59 66 69 72 79 82 94 99 108 111 118 120 121 135 145 147 157 158 164 181 184 188 189 196 
3 10 11 13 15 30 33 34 40 41 64 82 84 91 96 99 105 107 111 113 138 145 147 157 158 162 172 173 
16 21 25 36 38 48 65 76 90 103 114 127 134 136 159 165 175 
