200
160
16

0 2 16 21 29 45 51 55 57 67 68 79 114 117 155 157 171 175 195 
1 48 49 53 60 65 85 92 97 108 109 111 139 158 163 171 180 181 195 
0 2 21 39 48 51 59 62 67 71 98 114 134 139 158 159 163 171 175 195 
3 7 13 19 27 37 40 63 84 96 116 118 144 151 161 169 176 190 197 198 
4 12 20 28 34 129 137 140 143 145 150 166 185 189 
5 6 14 35 42 78 90 91 100 105 110 122 126 135 146 147 149 156 160 177 188 193 
5 6 14 36 41 90 91 100 105 135 149 154 156 160 165 168 177 183 188 
3 7 13 27 37 63 84 96 116 118 161 162 166 169 176 185 194 
8 23 25 52 69 72 76 89 93 94 95 103 112 123 125 132 133 138 172 173 199 
9 13 19 25 27 40 58 73 76 89 92 93 96 99 118 133 161 162 164 169 174 178 184 194 198 
10 33 46 61 70 74 104 108 142 182 186 
11 12 24 31 46 53 60 65 66 92 97 101 106 111 113 127 129 137 140 143 145 166 181 189 192 194 
4 11 12 15 20 24 28 30 31 38 60 66 101 106 111 113 127 129 137 140 143 145 150 166 185 189 192 
3 7 9 13 19 27 31 37 63 84 92 96 113 116 118 161 162 169 176 185 192 194 
5 6 14 36 41 77 90 91 100 105 135 141 149 154 156 160 165 168 177 183 188 191 
12 15 20 30 38 46 61 66 74 101 106 127 129 137 140 145 186 189 
0 16 21 29 43 51 55 64 67 68 71 79 81 82 114 117 120 155 157 175 187 
17 35 42 64 71 81 82 90 110 122 131 146 193 
18 54 56 75 77 78 94 112 115 119 124 136 141 148 160 165 170 173 183 191 
3 9 13 19 22 25 27 37 40 58 76 83 84 96 99 118 133 144 151 161 174 176 190 197 198 
4 12 15 20 30 34 38 66 101 129 137 140 145 189 
0 2 16 21 39 51 62 64 67 68 71 79 81 82 114 117 120 131 171 175 187 
19 22 25 27 40 69 72 76 80 83 84 89 95 99 128 132 133 144 151 161 172 179 190 197 198 199 
8 23 52 69 72 95 112 132 172 173 199 
11 12 24 30 31 46 53 60 61 65 66 92 97 101 106 108 111 113 127 129 137 140 143 145 181 189 192 
8 9 19 22 25 27 40 69 72 76 80 83 89 93 95 99 128 132 133 138 151 172 179 190 197 198 199 
26 29 43 47 55 79 88 102 
3 7 9 13 19 22 25 27 37 40 58 63 76 84 96 99 116 118 133 144 151 161 162 164 169 174 176 194 197 198 
4 12 28 129 137 140 143 150 166 185 
0 16 26 29 43 45 47 55 57 68 70 79 87 88 102 104 117 155 157 
12 15 20 24 30 38 46 61 66 74 101 106 127 129 137 140 145 186 189 
11 12 13 24 31 60 65 66 92 97 106 111 113 118 137 140 143 145 150 162 166 169 185 192 194 
32 44 49 50 59 62 73 85 86 98 107 109 121 123 126 130 134 139 153 158 159 167 171 178 180 184 196 
10 33 46 53 61 74 101 106 108 127 142 157 181 182 186 
4 20 34 129 137 
5 17 35 42 81 82 90 91 100 110 122 131 135 146 149 156 177 193 
6 14 36 41 91 100 105 135 149 154 156 165 168 183 188 191 
3 7 13 19 27 37 63 84 96 116 118 144 161 162 169 176 194 
12 15 20 30 38 46 66 101 106 127 129 137 140 145 186 189 
2 21 39 59 62 67 71 81 82 98 122 126 130 134 139 146 159 167 171 175 193 
3 9 19 22 25 27 40 76 83 84 89 96 99 133 144 151 161 174 176 190 197 198 
6 14 36 41 105 154 165 168 183 188 
5 17 35 42 71 81 82 90 91 100 110 122 131 135 146 147 149 156 177 193 
16 26 29 43 47 55 79 88 102 117 120 187 
32 44 49 50 54 58 73 86 89 93 103 107 121 123 125 130 133 138 153 164 167 174 178 180 184 196 
0 29 45 55 57 68 70 87 104 142 155 157 182 
10 11 15 24 30 33 38 46 53 61 65 66 74 101 106 108 127 142 145 181 186 189 
26 29 43 47 55 79 87 88 102 187 
1 2 48 49 51 53 65 67 85 97 108 109 114 139 158 159 163 171 180 181 195 
1 32 44 48 49 50 58 59 73 85 97 98 107 109 130 139 153 158 159 163 164 167 171 174 178 180 184 196 
32 44 49 50 54 59 73 86 93 98 103 107 121 123 125 126 130 134 138 139 153 158 164 167 174 178 180 184 196 
0 2 16 21 48 51 57 62 67 68 114 142 155 157 159 163 171 175 195 
8 23 52 69 72 95 132 172 173 179 199 
1 11 24 33 46 48 53 60 61 65 66 85 92 97 101 106 108 109 111 127 145 163 181 
18 44 50 54 59 75 77 78 86 103 115 119 121 123 124 125 126 130 136 147 160 167 
0 16 26 29 43 45 47 55 57 68 70 79 87 88 102 104 155 157 
18 56 77 78 115 119 124 136 141 148 154 160 165 168 170 183 191 
0 29 45 51 55 57 68 70 87 104 114 142 155 157 182 
9 19 27 44 49 58 73 76 85 89 92 93 96 97 99 109 123 133 138 153 164 174 178 180 184 196 198 
2 32 39 49 50 54 59 62 75 98 107 121 122 126 130 134 139 147 153 159 167 171 180 
1 11 12 24 31 53 60 65 66 85 92 97 106 109 111 113 127 137 140 143 145 162 181 192 194 
10 15 24 30 33 46 53 61 66 74 101 106 108 127 142 181 186 189 
2 21 32 39 51 59 62 67 71 98 107 122 126 130 134 139 159 167 171 175 195 
3 7 13 27 37 63 84 96 116 118 161 162 169 176 185 194 
16 17 21 64 71 79 81 82 117 120 131 187 
1 11 24 31 46 48 53 60 65 66 85 92 97 106 108 109 111 113 127 145 158 163 181 192 
11 12 15 20 24 30 31 38 46 53 60 61 65 66 101 106 111 113 127 129 137 140 143 145 181 186 189 192 
0 2 16 21 39 48 51 62 67 68 71 98 114 139 157 159 163 171 175 195 
0 16 21 29 45 51 55 57 67 68 79 87 114 117 120 155 157 175 187 
8 22 23 25 52 69 72 76 80 83 89 95 99 103 132 133 138 172 179 199 
10 29 45 55 57 70 87 104 142 155 157 182 
2 16 17 21 39 42 62 64 67 71 81 82 98 117 122 131 134 146 159 171 175 193 
8 22 23 25 52 69 72 76 89 93 95 99 103 112 125 132 133 138 172 173 179 199 
9 32 44 49 50 58 73 76 85 86 89 93 99 103 107 121 123 125 133 138 153 158 164 174 178 180 184 196 
10 15 30 33 46 61 74 101 106 108 127 142 182 186 
18 54 59 75 77 78 86 91 100 115 119 121 124 126 130 136 141 147 156 160 167 170 
8 9 19 22 25 27 40 58 69 72 73 76 83 89 93 95 99 103 123 125 133 138 151 164 174 184 197 198 199 
14 18 54 56 75 77 78 91 100 105 115 119 124 136 141 147 148 154 156 160 165 168 170 183 188 191 
5 18 54 56 75 77 78 91 100 115 119 121 124 126 135 136 141 147 148 149 156 160 170 177 183 191 
0 16 21 26 29 43 47 55 64 68 79 88 102 117 120 187 
22 25 69 80 83 95 128 132 151 152 172 179 190 197 199 
16 17 21 35 39 42 64 71 81 82 110 117 120 122 131 146 175 187 193 
16 17 21 35 39 42 64 71 81 82 110 117 120 122 131 146 175 187 193 
19 22 25 40 69 76 80 83 95 99 128 132 133 144 151 152 172 179 190 197 198 199 
3 7 13 19 22 27 37 40 63 84 96 116 118 144 151 161 169 176 190 197 198 
1 32 48 49 53 58 60 65 73 85 92 97 107 109 111 153 158 163 164 174 178 180 181 184 192 196 
32 44 50 54 73 75 86 89 93 103 107 119 121 123 124 125 130 138 153 167 174 178 184 196 
29 45 47 55 57 68 70 87 102 104 155 157 182 
26 29 43 47 55 79 88 102 187 
8 9 22 25 40 44 58 69 72 73 76 86 89 93 95 99 103 123 125 133 138 164 174 178 184 196 198 
5 6 14 17 35 42 90 91 100 105 110 122 135 146 147 149 156 177 188 193 
5 6 14 35 36 42 75 77 78 90 91 100 105 122 135 146 147 149 156 160 168 177 183 188 191 193 
1 9 11 13 24 31 53 58 60 65 85 92 96 97 109 111 113 118 162 164 181 192 194 
8 9 25 44 50 58 72 73 76 86 89 93 99 103 107 121 123 125 133 138 153 164 174 178 184 196 
8 18 94 103 112 115 119 124 136 170 173 
8 22 23 25 52 69 72 76 80 83 89 95 99 103 132 133 138 172 173 179 199 
3 7 9 13 19 27 37 40 58 63 84 92 96 99 116 118 133 161 162 164 169 174 176 184 194 198 
1 11 24 31 48 49 53 58 60 65 85 92 97 109 111 113 158 163 164 178 180 181 184 192 194 
2 32 39 49 50 59 62 67 71 98 107 122 126 130 134 139 153 158 159 167 171 175 180 
9 19 22 25 27 40 58 69 72 73 76 83 89 93 95 96 99 103 123 133 138 151 161 164 174 184 197 198 199 
5 6 14 35 36 42 75 77 78 90 91 100 105 135 136 141 146 147 149 154 156 160 165 168 177 183 188 191 193 
11 12 15 20 24 30 33 38 46 53 61 66 74 101 106 108 127 129 137 140 145 186 189 
26 29 43 47 55 79 87 88 102 187 
8 44 50 54 69 72 73 76 86 89 93 94 95 99 103 112 121 123 125 133 138 173 
10 29 45 55 57 70 87 104 142 155 157 182 
5 6 14 36 41 77 90 91 100 105 135 141 149 154 156 160 165 168 177 183 188 191 
11 12 15 24 30 31 33 38 46 53 60 61 65 66 74 101 106 108 111 113 127 129 137 140 145 181 186 189 
32 44 49 50 59 62 73 85 86 93 98 107 109 121 123 126 130 134 139 153 158 159 164 167 171 174 178 180 184 196 
1 10 24 33 46 48 53 61 65 74 101 106 108 127 142 163 181 182 186 
1 32 48 49 53 58 60 65 85 92 97 107 109 111 153 158 163 164 178 180 181 184 192 196 
5 17 35 42 81 82 90 110 122 131 135 146 149 177 193 
1 11 12 24 31 53 60 65 66 85 92 97 106 109 111 113 127 137 140 143 145 181 192 194 
8 18 23 72 94 103 112 115 119 121 124 125 136 170 173 
11 12 13 24 31 60 65 66 92 97 106 111 113 127 129 137 140 143 145 150 162 166 185 192 194 
0 2 16 21 48 51 57 67 68 114 142 155 157 159 163 171 175 195 
18 54 56 75 77 78 94 112 115 119 124 136 141 148 160 165 170 173 183 191 
3 7 13 27 37 63 84 96 116 118 161 162 169 176 185 194 
0 16 21 29 43 64 68 71 79 81 82 117 120 175 187 
3 7 9 13 19 27 31 37 63 84 92 96 116 118 161 162 169 176 192 194 
18 54 56 75 77 78 86 94 112 115 119 121 124 126 136 141 147 148 160 170 191 
16 21 43 64 68 79 81 82 117 120 131 187 
32 44 50 54 59 73 75 78 86 93 103 107 112 119 121 123 124 125 126 130 136 138 153 167 196 
5 17 35 39 42 59 62 71 81 82 90 91 98 110 122 126 130 134 135 146 147 149 156 167 177 193 
8 32 44 50 54 58 73 76 86 89 93 99 103 107 121 123 125 133 138 153 164 174 178 184 196 
18 54 56 75 77 78 86 94 112 115 119 121 124 125 126 136 141 147 148 160 170 
8 44 50 54 72 73 76 86 89 93 103 112 121 123 124 125 133 138 153 196 
5 32 39 50 54 59 62 75 78 98 107 119 121 122 124 126 130 134 139 146 147 159 167 177 193 
11 12 15 24 30 33 38 46 53 60 61 65 66 74 101 106 108 111 113 127 129 137 140 145 181 186 189 
22 25 80 83 128 132 144 151 152 172 179 190 197 199 
4 11 12 15 20 24 28 30 34 38 66 101 106 113 127 129 137 140 143 145 150 166 185 189 
32 39 44 49 50 54 59 62 75 86 98 107 121 122 126 130 134 139 147 153 158 159 167 171 180 196 
17 21 35 42 64 71 81 82 110 120 131 187 
8 22 23 25 52 69 72 80 83 95 128 132 152 172 179 199 
8 9 19 22 25 27 40 44 58 69 72 73 76 83 89 93 95 96 99 103 123 125 133 138 164 174 184 196 198 199 
2 32 39 50 59 62 71 98 107 122 126 130 134 139 146 147 159 167 171 175 193 
5 6 14 35 36 42 78 90 91 100 105 110 122 135 146 147 149 156 160 168 177 183 188 193 
18 54 56 75 77 78 94 100 112 115 119 121 124 136 141 147 148 160 170 183 191 
4 11 12 15 20 24 28 30 31 34 38 60 66 101 106 111 113 127 129 137 140 143 145 150 166 185 189 
8 25 44 50 58 69 72 73 76 86 89 93 95 99 103 121 123 125 133 138 153 164 174 178 184 196 
1 2 32 39 48 49 50 59 62 67 98 107 126 130 134 139 153 158 159 163 167 171 178 180 195 196 
4 11 12 15 20 24 28 30 31 38 60 66 101 106 111 113 127 129 137 140 143 145 150 166 185 189 
14 18 56 75 77 78 100 105 115 119 124 136 141 148 154 160 165 168 170 183 188 191 
10 33 45 46 51 57 61 70 74 104 108 114 142 155 157 163 182 195 
4 11 12 24 28 31 60 66 111 113 129 137 140 143 145 150 162 166 185 192 194 
3 19 22 27 37 40 83 84 128 144 151 161 176 190 197 198 
4 11 12 15 20 24 30 31 38 46 53 60 65 66 101 106 111 113 127 129 137 140 143 145 150 166 186 189 192 
5 17 35 39 42 71 81 82 90 91 100 110 122 126 134 135 146 147 149 156 177 193 
5 42 54 59 75 77 78 90 91 100 119 122 124 126 130 134 135 136 146 147 149 156 160 167 177 188 193 
18 56 77 78 115 119 124 136 141 148 154 160 165 168 170 183 191 
5 6 14 35 36 42 78 90 91 100 105 110 122 135 146 147 149 156 160 168 177 183 188 193 
4 12 28 31 113 129 137 140 143 145 150 166 185 
3 19 22 25 27 40 76 80 83 84 99 128 144 151 152 161 176 179 190 197 198 199 
80 83 128 132 151 152 172 179 190 197 
32 44 49 50 58 59 73 85 86 93 98 107 109 121 123 125 130 138 139 153 158 164 167 174 178 180 184 196 
6 14 36 41 56 77 100 105 141 148 154 160 165 168 170 183 188 191 
0 16 29 45 51 55 57 68 70 87 104 114 142 155 157 182 
5 6 14 35 36 42 75 77 78 90 91 100 105 122 135 146 147 149 156 160 168 177 183 188 191 193 
0 16 29 33 45 51 55 57 67 68 70 87 104 114 142 155 157 182 195 
1 2 32 48 49 50 65 73 85 97 98 107 109 130 139 153 158 159 163 164 171 178 180 181 184 195 196 
2 32 39 48 49 51 59 62 67 71 98 107 114 126 130 134 139 158 159 163 167 171 175 180 195 
