200
100
10

0 11 17 18 21 23 34 43 53 63 72 85 92 101 114 120 150 154 161 162 177 180 
1 3 60 74 88 99 163 171 174 179 
2 8 9 14 15 36 40 51 57 64 68 82 102 108 113 137 142 170 172 186 
1 3 25 33 42 46 50 67 73 74 88 104 127 133 169 174 179 196 
4 27 29 45 56 75 112 132 134 143 166 189 190 193 197 
5 22 30 54 55 71 78 90 94 96 97 107 109 110 115 117 136 151 155 157 160 167 181 194 
6 10 16 38 39 41 58 69 84 93 111 124 144 147 154 159 175 178 182 185 192 195 199 
7 12 13 28 42 48 50 55 59 67 70 73 76 87 115 118 123 133 148 149 153 155 156 160 165 183 191 196 
2 8 9 31 35 40 51 62 91 106 113 126 137 142 158 172 184 
2 8 9 14 15 35 39 40 51 57 62 64 68 91 93 95 106 113 131 137 142 158 172 184 192 
6 10 16 20 33 38 41 46 58 69 127 131 144 145 147 159 169 175 182 185 192 195 199 
0 11 21 23 34 43 53 85 86 92 114 135 140 150 161 177 180 
7 12 13 24 28 48 55 59 76 87 89 97 107 115 117 123 149 153 155 156 160 167 181 183 191 194 
7 12 13 28 48 55 59 73 76 87 118 123 133 148 149 153 156 160 183 191 196 
2 9 14 15 36 40 51 57 64 68 82 93 95 102 108 113 142 152 170 172 184 186 
2 9 14 15 36 39 40 51 57 62 64 68 80 82 93 95 102 113 124 142 152 168 170 172 184 186 192 
6 10 16 38 41 58 69 84 101 111 116 120 124 128 130 144 147 154 175 178 182 185 192 195 199 
0 17 44 63 81 101 114 120 121 150 161 177 
0 18 21 22 32 43 72 78 85 96 101 116 120 130 146 150 154 162 176 177 
19 20 35 37 60 62 77 83 88 91 106 119 125 126 131 141 163 187 198 
10 19 20 35 37 60 69 74 77 83 88 106 119 127 131 141 159 169 174 198 
0 11 18 21 23 26 34 43 47 53 79 85 86 92 129 135 138 140 146 180 
5 18 22 30 32 54 71 72 78 90 94 96 97 107 109 116 128 130 151 162 176 188 
0 11 21 23 26 34 43 47 53 79 85 86 92 129 138 140 146 180 
12 24 28 48 55 59 76 89 115 117 123 153 155 167 181 194 
3 25 33 42 46 50 67 70 73 74 104 118 127 133 145 148 159 165 169 174 179 196 
21 23 26 47 53 79 86 92 129 138 140 146 
4 27 29 36 45 56 75 82 108 112 132 134 139 143 152 166 189 190 193 197 
7 12 13 24 28 48 59 76 89 123 153 183 
4 27 29 45 75 112 132 134 166 189 190 197 
5 22 30 54 70 71 94 96 97 107 110 115 116 117 122 128 130 136 145 151 155 156 157 160 162 164 176 181 
8 31 37 83 91 98 100 105 106 119 125 126 137 158 187 198 
18 22 32 43 54 72 78 79 90 96 116 130 146 162 176 188 
3 10 25 33 38 42 46 50 67 69 70 73 74 118 122 127 133 136 145 148 157 159 164 165 169 175 196 199 
0 11 21 23 34 43 53 85 92 114 135 140 150 161 177 180 
8 9 19 20 35 37 60 62 77 83 91 106 113 119 126 131 141 158 159 184 198 
2 14 15 27 36 40 45 51 57 64 68 75 80 82 93 95 102 108 112 139 142 143 152 166 168 170 186 193 
19 20 31 35 37 60 77 83 91 98 99 100 106 119 125 126 131 141 158 163 171 187 198 
6 10 16 33 38 41 46 58 67 69 122 127 128 144 145 147 157 159 164 165 169 175 182 195 199 
6 9 15 39 40 41 51 57 62 64 68 80 84 93 95 111 124 168 178 182 184 185 186 192 195 
2 8 9 14 15 36 39 40 51 57 62 64 68 82 91 93 95 102 113 137 142 158 170 172 184 186 192 
6 10 16 38 39 41 58 69 84 93 111 124 144 147 159 175 178 182 184 185 192 195 199 
3 7 25 33 42 46 50 67 73 74 104 118 127 133 148 149 165 169 179 183 191 196 
0 11 18 21 23 32 34 43 53 72 85 92 120 140 146 150 161 162 176 177 180 
17 44 52 61 63 66 80 81 101 103 111 114 121 124 139 161 168 177 
4 27 29 36 45 56 75 82 108 112 132 134 143 152 166 170 189 190 193 197 
3 10 25 33 38 42 46 50 67 69 70 73 74 104 118 122 127 133 145 148 149 159 164 165 169 196 
21 23 26 47 53 86 92 129 138 140 180 
7 12 13 24 28 48 55 59 76 87 89 115 117 123 149 153 155 156 160 167 181 183 194 
49 52 61 65 66 81 114 121 161 173 
3 7 25 33 42 46 50 67 70 73 74 87 104 118 127 133 148 149 156 165 169 179 183 191 196 
2 8 9 14 15 36 39 40 51 57 62 64 68 82 91 93 95 102 113 137 142 158 170 172 184 186 
44 49 52 56 61 65 66 81 103 114 121 139 173 
0 11 21 23 26 34 43 47 53 85 86 92 129 135 138 140 180 
5 22 30 32 54 71 78 90 96 109 146 151 162 176 188 
5 7 12 13 24 48 55 59 70 71 76 87 89 97 107 110 115 117 123 136 148 149 153 155 156 160 167 181 183 194 
4 27 45 52 56 61 65 66 75 80 103 132 134 139 143 152 166 173 190 193 197 
2 9 14 15 36 39 40 51 57 62 64 68 82 93 95 102 108 113 142 152 170 172 184 186 
6 10 16 38 41 58 69 84 94 101 111 116 120 122 128 130 144 145 147 154 157 164 175 178 182 185 195 199 
7 12 13 24 28 48 55 59 76 87 89 123 149 153 156 183 191 
1 19 20 35 37 60 77 83 88 98 99 100 106 119 125 126 131 141 163 171 187 198 
44 49 52 56 61 65 66 75 80 81 103 121 134 139 143 166 168 173 193 
8 9 15 19 35 39 40 51 57 62 83 91 106 113 119 131 137 141 142 158 184 192 198 
0 17 44 63 81 84 101 111 114 120 121 150 154 161 177 178 
2 9 14 15 36 39 40 51 57 64 68 80 82 93 95 102 111 113 124 142 152 168 170 184 186 192 
49 52 56 61 65 66 81 103 121 139 173 
44 49 52 56 61 65 66 81 103 121 134 139 143 166 173 193 
3 7 25 33 38 42 46 50 67 70 73 87 104 118 122 127 133 136 145 148 149 156 157 160 164 165 169 183 191 196 
2 9 14 15 36 39 40 51 57 64 68 82 93 95 102 108 113 142 152 170 172 186 
6 10 16 20 33 38 41 46 58 69 122 127 144 145 147 159 164 169 175 182 195 199 
7 25 30 33 46 50 55 67 70 73 76 87 94 97 107 110 115 117 118 122 128 133 136 145 148 149 155 156 157 160 164 165 181 183 191 
5 22 30 54 55 71 78 94 96 97 107 109 110 115 116 117 122 128 136 151 155 157 160 162 164 167 176 181 194 
0 18 22 32 43 72 78 96 101 116 120 130 146 150 154 162 176 
3 7 13 25 33 42 46 50 67 70 73 74 87 104 118 133 148 149 156 165 169 179 183 191 196 
1 3 20 25 33 42 46 50 73 74 88 104 127 169 174 179 
4 27 29 36 45 56 61 75 80 82 103 108 112 132 134 139 143 152 166 170 173 186 189 190 193 197 
7 12 13 24 28 48 55 59 70 76 87 89 97 107 110 115 117 118 123 136 148 149 153 155 156 160 167 181 183 191 194 
19 20 35 37 60 77 83 88 98 99 100 106 119 125 126 131 141 163 171 187 198 
5 18 22 32 54 71 72 78 90 96 109 116 130 146 151 162 176 188 
21 23 26 32 79 86 138 140 146 188 
15 36 39 44 56 61 64 75 80 82 93 95 103 111 124 139 143 152 166 168 170 186 193 
17 44 49 52 61 63 65 66 81 103 114 121 161 173 177 
2 14 15 27 36 40 45 51 57 64 68 75 80 82 95 102 108 112 142 152 166 168 170 172 186 193 
19 20 31 35 37 60 62 77 83 91 98 99 100 106 119 125 126 131 141 158 163 187 198 
6 16 39 41 58 63 84 93 95 101 111 124 144 147 154 168 175 178 182 185 192 195 199 
0 11 18 21 23 34 43 53 85 86 92 114 135 140 150 161 177 180 
11 21 23 26 47 53 79 85 86 92 129 138 140 180 
7 12 13 48 50 55 59 67 70 73 76 87 94 97 107 110 115 117 118 122 123 133 136 145 148 149 153 155 156 157 160 164 165 181 183 191 196 
1 3 19 20 60 74 77 88 99 127 163 171 174 179 
12 24 28 48 55 59 76 89 97 107 115 117 123 153 155 167 181 194 
5 22 32 54 78 90 96 109 146 151 176 188 
8 9 19 31 35 37 40 51 62 83 91 106 113 119 125 126 131 137 141 158 184 198 
0 11 21 23 26 34 43 47 53 85 86 92 129 135 138 140 180 
6 9 14 15 36 39 40 41 51 57 64 68 80 84 93 95 111 124 168 182 184 185 186 192 195 
5 22 30 58 70 71 87 94 97 107 110 116 117 122 128 130 136 145 147 148 156 157 160 164 165 181 
9 14 15 36 39 40 51 57 64 68 80 82 84 93 95 111 124 142 152 168 170 184 185 186 192 
5 18 22 30 32 54 71 72 78 90 96 109 116 130 146 151 162 176 188 
5 12 22 30 55 70 71 76 87 89 94 97 107 109 110 115 117 122 123 128 136 151 155 156 157 160 164 167 181 194 
31 37 60 77 83 98 99 100 105 119 125 126 141 187 198 
1 37 60 77 83 88 98 99 100 105 125 141 163 171 187 198 
