200
100
10

0 2 7 20 26 27 32 44 73 88 142 144 145 151 155 167 172 184 194 
1 8 14 30 31 35 39 41 74 82 84 98 114 117 118 126 127 128 147 152 163 165 170 193 
0 2 7 16 20 23 27 33 44 48 73 75 89 97 100 119 120 129 136 142 144 150 151 155 157 167 178 194 
3 8 14 26 36 76 80 91 114 126 128 133 145 152 154 159 161 163 166 190 193 
4 9 10 47 52 59 62 72 86 94 95 112 121 137 140 143 177 199 
5 31 49 54 56 57 64 67 78 96 101 141 147 153 165 170 185 
6 12 18 28 42 69 79 81 84 90 106 111 135 168 173 175 181 183 195 197 
0 2 7 20 26 27 32 44 73 88 89 103 136 142 144 145 150 151 155 157 167 172 184 194 
1 3 8 76 80 91 114 126 128 133 147 152 154 159 161 163 165 166 190 
4 9 12 47 52 61 62 69 72 94 95 99 105 112 116 137 140 158 173 199 
4 10 47 59 62 72 86 94 95 102 112 121 137 140 143 177 199 
11 38 52 53 60 61 63 65 105 146 149 180 187 
6 9 12 18 28 62 69 90 99 106 111 116 158 168 173 175 198 199 
13 15 28 38 46 55 60 65 66 79 106 109 111 122 132 146 156 171 174 180 181 187 191 195 197 
1 3 14 26 42 81 103 104 114 126 128 136 145 148 152 161 163 166 184 188 193 196 
13 15 19 24 25 37 38 45 46 55 60 63 66 109 122 130 132 146 156 162 171 174 191 
2 16 23 27 33 48 72 73 75 89 97 99 100 102 112 113 116 119 120 129 134 140 144 150 155 157 178 189 194 199 
17 21 29 35 40 58 66 70 71 82 83 107 117 123 124 125 135 138 139 160 169 176 179 182 197 
6 12 18 23 33 42 69 75 81 89 90 99 103 104 116 119 136 148 168 173 188 196 198 
15 19 24 25 34 37 45 51 55 93 109 122 130 162 164 174 191 
0 2 7 20 27 44 73 89 97 100 120 142 144 150 151 155 157 167 178 194 
17 21 34 40 58 66 70 71 83 107 125 139 160 164 169 174 176 179 197 
22 36 43 76 77 80 87 92 110 115 131 133 154 166 
2 16 18 23 27 33 42 44 48 69 75 89 97 99 100 103 104 116 119 120 129 136 144 148 150 155 157 173 178 188 194 196 198 
15 19 24 25 37 45 51 55 63 93 109 122 130 132 156 162 191 
15 19 24 25 37 45 51 55 63 93 109 122 130 132 156 162 191 
0 3 7 14 26 32 88 103 104 114 115 126 131 133 136 142 145 152 161 166 167 172 184 193 196 
0 2 7 16 20 23 27 33 44 48 73 75 89 97 100 103 116 119 120 129 136 142 144 150 151 155 157 178 194 
6 12 13 28 38 46 60 79 90 106 111 122 135 146 156 168 171 175 180 181 183 187 195 197 
17 29 30 31 35 39 40 41 49 57 67 74 82 98 107 117 118 123 124 125 127 135 138 139 160 169 170 182 186 
1 29 30 31 35 39 40 41 74 82 84 98 117 118 123 124 125 127 128 135 138 139 160 170 182 183 
1 5 29 30 31 35 39 41 49 56 57 64 67 74 82 84 96 98 101 117 118 127 128 138 147 163 165 170 182 185 
0 7 26 32 36 43 77 87 88 92 115 131 133 142 145 167 172 184 
2 16 18 23 27 33 48 75 89 97 99 100 113 116 119 120 129 136 144 150 155 157 173 178 194 198 199 
19 21 34 55 58 66 70 83 164 174 176 
1 17 29 30 31 35 39 40 41 49 57 67 74 82 84 96 98 117 118 123 124 125 127 135 138 139 160 170 182 186 
3 22 32 36 43 76 77 80 87 92 110 115 131 133 154 159 161 166 
15 19 24 25 37 45 51 55 93 109 130 132 162 174 191 
11 13 15 28 38 46 53 60 61 63 65 90 105 106 109 111 122 132 146 149 156 171 180 187 191 195 
1 29 30 31 35 39 41 49 56 57 64 67 74 82 84 96 98 101 117 118 123 124 125 127 128 138 147 163 165 170 182 185 
17 21 29 30 35 40 58 66 70 71 82 107 117 123 124 125 135 138 139 160 169 176 179 182 197 
1 29 30 31 35 39 41 57 74 82 84 96 98 114 117 118 125 127 128 135 147 163 165 170 182 
6 14 18 23 42 81 84 89 103 104 114 126 136 148 168 173 188 193 196 198 
22 32 36 43 68 76 77 80 87 92 110 115 131 133 154 166 172 
0 2 7 20 23 27 44 73 88 89 97 100 120 136 142 144 145 150 151 155 157 167 184 194 
15 19 24 25 37 45 51 55 93 109 130 162 174 191 
13 15 28 38 46 55 60 65 66 79 90 106 109 111 122 132 146 156 171 174 175 180 181 187 191 195 197 
4 9 10 47 52 59 62 72 94 95 112 137 140 158 177 199 
2 16 23 27 33 48 62 72 75 89 97 99 100 102 112 113 116 119 120 129 134 140 144 150 155 157 178 189 194 198 199 
5 29 31 35 39 49 54 56 57 64 67 74 78 82 96 98 101 108 118 138 141 147 153 165 170 182 185 186 
50 78 85 108 186 192 
19 24 25 37 45 51 93 109 130 132 162 191 
4 9 11 47 52 53 61 62 94 95 105 112 137 149 158 
11 38 52 53 61 65 105 146 149 180 187 
5 49 54 56 57 64 78 96 101 141 147 153 165 185 
13 15 19 24 25 34 37 45 46 55 60 66 70 83 109 122 130 132 156 162 164 171 174 176 191 
5 31 39 49 54 56 57 64 67 74 78 96 98 101 118 141 147 153 165 170 185 
5 29 31 35 39 41 49 54 56 57 64 67 74 78 82 96 98 101 117 118 123 124 138 147 153 165 170 182 185 186 
17 21 34 40 58 66 70 71 83 107 139 160 164 169 176 179 
4 10 47 59 72 86 94 95 102 112 121 137 140 143 177 199 
11 13 15 28 38 46 55 60 61 63 65 79 90 106 109 111 122 132 146 149 156 162 171 180 187 191 195 
9 11 38 52 53 60 61 65 105 111 146 149 158 180 187 
4 9 10 12 47 48 52 62 69 72 94 95 99 112 116 119 137 140 158 177 199 
11 15 24 25 38 60 63 65 109 122 130 132 146 149 156 162 187 191 
5 31 39 49 54 56 57 64 67 78 96 98 101 118 141 147 153 165 170 185 186 
11 13 38 46 53 60 61 63 65 105 111 132 146 149 156 171 180 187 
13 15 17 21 34 40 46 55 58 66 70 83 122 139 164 171 174 176 181 195 197 
5 29 31 35 39 49 56 57 64 67 78 82 85 96 98 101 108 118 123 124 138 153 170 182 185 186 
43 68 77 87 92 110 115 131 
6 9 12 18 23 62 69 81 90 99 106 111 116 158 168 173 175 198 
17 21 34 40 55 58 66 70 83 107 125 135 139 160 164 174 176 197 
17 21 40 58 71 83 107 123 124 160 164 169 176 179 
4 9 10 16 47 48 59 62 72 94 95 102 112 113 116 119 121 129 134 137 140 143 158 177 178 189 199 
0 2 7 16 20 27 44 73 97 100 120 129 142 144 150 151 155 157 178 189 194 
1 29 30 31 35 39 41 49 56 57 74 82 84 96 98 101 114 117 118 127 128 147 163 165 170 182 185 
2 16 18 23 27 33 48 75 89 97 99 100 113 116 119 120 129 136 144 150 155 157 173 178 194 198 199 
3 8 22 36 43 76 80 91 92 110 133 154 159 161 166 190 
22 32 36 43 68 77 87 88 92 110 115 131 133 167 172 184 
5 49 50 54 56 57 64 67 78 85 96 101 108 153 182 185 186 192 
6 13 28 46 60 79 90 106 111 122 125 135 146 156 168 171 175 180 181 183 187 195 197 
3 8 22 36 43 76 80 87 91 92 110 131 133 154 159 161 166 190 
6 14 18 42 69 81 84 90 103 104 127 148 168 173 175 183 188 193 196 198 
1 17 29 30 31 35 39 40 41 49 57 67 74 82 84 96 98 117 118 123 124 125 127 135 138 139 160 170 182 186 
17 21 34 55 58 66 70 71 83 164 174 176 179 
1 6 30 31 35 39 41 42 74 81 82 84 98 114 117 118 125 127 128 135 148 163 170 183 188 193 
50 67 78 85 108 123 169 186 192 
4 10 59 86 94 121 143 177 
22 32 36 43 68 77 80 87 88 92 110 115 131 133 154 166 172 184 
0 7 26 32 44 77 87 88 115 131 142 145 167 172 184 
2 7 16 18 20 23 27 33 42 44 48 75 89 99 100 103 104 116 119 136 142 144 148 150 151 155 157 173 178 188 194 196 198 
6 12 18 28 38 46 60 69 79 81 90 106 111 146 168 171 173 175 180 181 183 187 195 
3 8 76 80 91 128 133 141 147 152 154 159 161 163 165 166 190 
22 32 36 43 68 76 77 80 87 92 110 115 131 133 154 
19 24 25 37 45 51 93 130 162 
4 9 10 47 52 59 62 72 86 94 95 112 121 137 140 143 177 199 
4 9 10 47 52 59 62 72 94 95 99 112 137 140 158 177 199 
5 31 35 39 41 49 54 56 57 64 67 74 78 82 96 98 101 118 141 147 153 165 170 182 185 186 
2 16 20 23 27 33 44 48 73 75 97 100 102 113 116 119 120 129 134 144 150 151 155 157 178 189 194 
1 29 30 31 35 39 41 49 56 57 64 67 74 82 84 96 98 101 117 118 123 124 125 127 128 138 147 163 165 170 182 185 
9 12 16 18 23 33 48 62 69 75 89 95 99 100 112 116 119 137 140 155 157 158 168 173 198 199 
