150
75
15

0 34 46 59 81 106 109 123 
1 5 43 53 67 108 116 129 138 
2 24 69 
3 57 75 125 
4 6 33 91 
1 5 6 112 129 
4 5 6 41 78 96 112 119 131 
7 15 26 72 94 
8 91 95 121 
9 53 61 67 75 87 108 
10 14 36 111 
11 21 66 103 127 
12 17 22 42 126 
13 45 115 146 
10 14 103 111 141 
7 15 26 72 82 94 
16 35 
12 17 22 35 
18 77 139 
19 29 110 137 
20 60 100 107 110 
11 21 40 66 90 103 127 
12 17 22 42 
23 58 65 83 117 
2 24 47 74 
25 28 38 63 76 102 
7 15 26 72 92 94 
27 146 
25 28 38 
19 29 137 
30 64 120 145 
31 62 80 88 98 101 
32 76 105 111 133 136 
4 33 91 
0 34 46 64 106 145 
16 17 35 
10 36 104 
37 68 97 104 
25 28 38 147 
39 56 89 117 120 130 
21 40 62 80 88 90 101 127 132 
6 41 112 
12 22 42 
1 43 116 
44 49 71 
13 45 85 115 134 146 
0 34 46 124 
24 47 74 128 
48 99 105 118 120 122 133 136 140 
44 49 71 
50 73 79 135 
51 65 124 144 
52 60 73 79 107 135 143 149 
1 9 53 67 75 87 108 
54 61 93 148 
55 84 86 95 121 
39 56 89 118 130 
3 57 125 
23 58 65 83 117 
0 59 81 109 114 123 
20 52 60 100 107 110 135 
9 54 61 93 
31 40 62 80 88 90 98 101 127 132 
25 63 68 76 97 102 
30 34 64 106 142 145 
23 51 58 65 83 117 
11 21 66 103 
1 9 53 67 87 108 129 138 
37 63 68 97 104 
2 69 
70 102 147 
44 49 71 113 
7 15 26 72 92 94 
50 52 73 79 135 143 149 
24 47 74 
