200
160
32

0 51 57 84 94 129 154 172 182 192 
1 13 35 55 58 100 136 137 165 174 
2 73 96 112 118 152 167 189 
3 89 111 118 164 167 178 193 
4 5 25 36 54 56 62 79 142 
4 5 30 36 54 56 79 142 
6 63 67 170 179 
7 22 27 33 
8 53 
9 16 41 119 188 
10 77 
11 23 75 112 155 
12 20 38 102 117 132 138 176 178 184 
1 13 58 100 137 169 174 
14 64 87 104 124 133 197 
15 27 110 145 146 148 
9 16 82 92 119 149 188 
17 51 84 113 123 181 182 185 
18 81 98 120 159 
19 74 147 
12 20 38 102 111 117 132 178 184 
21 48 80 134 194 
7 22 27 110 
11 23 47 73 97 152 153 155 189 
24 26 59 94 116 129 139 156 192 
4 25 54 79 106 124 142 160 
24 26 57 59 116 129 149 156 192 
7 15 22 27 110 
28 65 169 174 
29 47 88 97 138 189 
5 30 31 79 115 130 142 163 
30 31 115 130 134 161 163 171 
32 33 99 133 
7 32 33 
34 69 74 177 
1 35 55 136 137 165 
4 5 36 56 80 101 196 
37 76 95 140 157 
12 20 38 102 117 127 132 138 178 184 
39 49 63 108 
40 42 71 126 187 190 
9 41 191 
40 42 126 147 170 187 190 
43 65 81 98 121 168 
44 70 95 101 196 
45 83 87 104 120 
46 68 103 114 131 164 
23 29 47 97 152 153 189 
21 48 80 115 134 194 
39 49 63 108 
50 53 85 86 166 
0 17 51 57 84 113 129 154 182 185 192 
52 109 168 
8 50 53 77 
4 5 25 54 79 106 142 
1 35 55 136 137 165 
4 5 36 56 80 142 196 
0 26 51 57 59 84 94 116 129 154 182 192 
1 13 58 90 100 136 137 169 
24 26 57 59 94 116 129 139 156 192 
60 106 122 160 186 
61 62 75 91 112 125 128 
4 61 62 125 
6 39 49 63 67 108 179 
14 64 87 99 124 133 163 197 
28 43 65 107 121 174 183 
66 105 140 
6 63 67 69 108 170 179 
46 68 103 114 131 164 
34 67 69 74 177 
44 70 95 101 196 
40 71 139 162 187 
72 93 141 151 
2 23 73 152 167 176 189 
19 34 69 74 147 177 
11 61 75 155 
37 76 95 105 140 157 
10 53 77 
78 88 127 175 
4 5 25 30 54 79 106 124 130 142 163 
21 36 48 56 80 134 
18 43 81 98 120 121 159 168 
16 82 92 119 182 185 
45 83 87 104 120 
0 17 51 57 84 113 122 123 154 182 186 
50 85 86 143 166 
50 85 86 166 
14 45 64 83 87 104 124 133 197 
29 78 88 127 138 
3 89 111 118 164 193 
58 90 158 
61 91 125 128 
16 82 92 119 182 185 
72 93 135 141 151 175 
0 24 57 59 94 116 129 154 172 192 
37 44 70 76 95 140 
2 96 112 118 128 193 
23 29 47 97 152 153 189 
18 43 81 98 121 168 
32 64 99 133 198 
1 13 58 100 137 169 174 
36 44 70 101 196 
12 20 38 102 117 132 138 167 176 178 184 
46 68 103 114 131 150 195 
14 45 83 87 104 197 
66 76 105 140 
25 54 60 79 106 124 142 160 
65 107 183 199 
39 49 63 67 108 
52 109 120 123 168 
15 22 27 110 146 
3 20 89 111 164 178 
2 11 61 96 112 128 
17 51 84 113 123 181 182 185 
46 68 103 114 131 150 195 
30 31 48 115 134 
24 26 57 59 94 116 129 156 192 
12 20 38 102 117 132 138 167 176 178 184 
2 3 89 96 118 164 193 195 
9 16 82 92 119 188 
18 45 81 83 109 120 168 
43 65 81 98 121 
60 84 122 123 160 181 186 
17 84 109 113 122 123 181 
14 25 64 79 87 106 124 142 163 197 
61 62 91 125 128 
40 42 126 147 170 187 
38 78 88 127 132 138 
61 91 96 112 125 128 
0 24 26 51 57 59 94 116 129 154 182 192 
30 31 79 130 142 161 163 171 
46 68 103 114 131 193 195 
12 20 38 102 117 127 132 138 176 178 184 
14 32 64 87 99 133 197 
21 31 48 80 115 134 
93 135 175 
1 35 55 58 136 137 165 
1 13 35 55 58 100 136 137 165 
12 29 38 88 102 117 127 132 138 176 178 184 
24 59 71 139 156 162 
37 66 76 95 105 140 157 
72 93 141 151 
4 5 25 30 54 56 79 106 124 130 142 163 
85 143 166 180 
144 173 
15 145 146 148 
15 110 145 146 148 
19 42 74 126 147 187 190 
15 145 146 148 
16 26 149 156 
103 114 150 
72 93 141 151 175 
2 23 47 73 97 152 153 155 189 
23 47 97 152 153 155 172 
0 51 57 84 94 129 154 172 182 192 
11 23 75 152 153 155 172 
24 26 59 116 139 149 156 162 
37 76 140 157 
90 158 
18 81 159 
