200
100
10

0 12 
1 11 99 116 122 148 161 172 177 178 191 
2 154 160 
3 81 165 
4 36 82 149 162 
5 10 84 105 113 121 135 
6 38 87 115 198 
7 32 48 117 120 125 133 
8 23 78 106 170 
9 169 187 189 196 
5 10 68 113 121 135 145 197 
1 11 99 122 148 161 172 177 191 194 
0 12 20 62 65 
13 16 17 39 50 61 118 124 167 
14 21 34 68 93 128 134 145 197 
15 89 108 114 199 
13 16 17 39 52 61 153 190 
13 16 17 20 39 52 61 153 
18 59 102 109 149 151 
19 64 81 91 107 166 
12 17 20 39 61 62 65 
14 21 93 134 139 
22 41 49 88 114 141 144 155 158 184 186 193 199 
8 23 40 101 106 
24 72 111 142 185 194 
25 139 165 
26 56 76 77 137 147 175 
27 52 57 96 153 
28 45 73 95 132 195 
29 79 103 155 163 176 184 193 
30 56 58 86 138 144 182 
31 40 90 92 101 130 136 140 146 181 
7 32 33 48 80 85 116 117 120 133 178 
32 33 48 66 73 85 116 120 133 178 
14 34 93 134 197 
35 78 88 103 106 130 136 155 176 
4 36 100 149 162 
37 78 170 
6 38 84 115 198 
13 16 17 20 39 52 61 65 153 
23 31 40 92 101 106 130 
22 41 49 88 136 144 155 158 181 184 186 193 
42 70 83 128 168 174 
43 44 96 
43 44 96 153 
28 45 66 73 95 195 
46 75 84 87 180 
47 51 192 
7 32 33 48 80 85 116 117 120 133 178 
22 41 49 88 114 141 144 152 158 184 186 193 
13 50 100 102 118 173 
47 51 63 192 
16 17 27 39 52 153 190 
53 67 110 179 188 
54 160 
55 134 159 
26 30 56 58 77 86 138 141 143 157 175 
27 57 119 
30 56 58 86 138 175 182 
18 59 109 112 151 190 
60 62 97 
13 16 17 20 39 61 124 167 
12 20 60 62 65 
51 63 156 164 173 
19 64 79 81 94 107 123 163 
12 20 39 62 65 
33 45 66 73 95 99 116 178 
53 67 98 110 150 179 
10 14 68 83 128 145 168 174 197 
69 119 
42 70 83 127 128 131 168 174 183 
71 150 
24 72 111 172 185 194 
28 33 45 66 73 95 178 
74 127 183 
46 75 84 135 180 
26 76 137 147 171 
26 56 77 137 147 175 187 
8 35 37 78 103 106 170 176 
29 64 79 94 123 126 163 
32 48 80 85 116 117 129 133 178 
3 19 64 81 123 163 
4 82 109 149 
42 68 70 83 128 168 174 
5 38 46 75 84 105 135 198 
32 33 48 80 85 116 117 129 133 178 
30 56 58 86 171 182 
6 46 87 198 
22 35 41 49 88 130 136 144 155 181 184 186 193 
15 89 108 165 
31 90 92 140 146 181 182 
19 91 104 112 125 166 
31 40 90 92 101 130 140 146 181 
14 21 34 93 134 139 
64 79 94 107 123 126 163 
28 45 66 73 95 195 
27 43 44 96 153 
60 97 
67 98 150 
1 11 66 99 122 148 161 172 177 178 191 194 
