200
160
16

0 6 11 18 66 79 142 187 
1 53 56 166 
2 63 72 75 148 149 
3 60 117 
4 40 48 111 130 
5 22 30 36 71 
0 6 11 18 79 142 187 
7 16 46 92 105 120 128 141 146 150 
8 69 137 138 147 189 192 
9 17 34 98 155 176 177 
10 49 62 95 117 166 193 196 
0 6 11 66 79 95 142 187 196 
12 37 123 151 156 162 171 188 
13 29 51 54 65 78 127 195 
14 25 67 91 181 
15 45 61 83 125 
7 16 86 105 141 
9 17 93 106 155 170 172 
0 6 18 142 187 
19 32 110 144 161 163 183 
20 85 126 152 194 
21 35 42 55 62 119 125 134 145 175 193 
5 22 36 71 74 102 109 146 150 
23 99 100 195 
24 33 45 50 107 115 125 
14 25 27 31 67 91 132 154 159 181 
26 45 83 107 115 121 182 199 
25 27 31 91 126 154 159 181 
28 64 90 104 112 138 
13 29 51 99 100 101 127 195 
5 30 36 46 71 92 146 150 
25 27 31 91 126 154 159 181 
19 32 97 110 161 183 184 
24 33 50 60 62 115 
9 34 52 82 96 113 136 170 184 
21 35 42 49 55 62 117 134 145 193 
5 22 30 36 46 71 92 146 150 
12 37 88 162 179 185 
38 106 140 148 172 
39 48 64 70 73 112 130 168 
4 40 59 80 89 111 124 135 
41 175 
21 35 42 55 62 119 134 145 175 193 
43 57 139 167 178 190 
44 47 120 128 144 152 
15 24 26 45 50 61 83 107 115 182 
7 30 36 46 71 92 105 146 150 
44 47 144 152 194 
4 39 48 70 111 130 143 168 
10 35 49 60 62 117 134 193 
24 33 45 50 61 107 115 125 
13 29 51 77 127 
34 52 82 96 113 127 136 184 
1 53 56 166 
13 54 65 78 197 
21 35 42 55 91 119 134 145 154 175 193 
1 53 56 166 
43 57 167 178 190 
58 90 114 118 157 197 
40 59 80 89 124 135 
3 33 49 60 62 117 
15 45 50 61 83 107 115 125 182 
10 21 33 35 42 49 60 62 117 134 193 
2 63 72 149 
28 39 64 70 73 112 138 168 
13 54 65 78 197 
0 11 66 95 196 
14 25 67 91 132 154 159 181 
68 74 102 109 151 163 
8 69 121 137 138 147 189 192 
39 48 64 70 73 112 168 
5 22 30 36 46 71 92 146 150 
2 63 72 75 148 149 
39 64 70 73 
22 68 74 102 109 120 146 150 
2 72 75 148 
76 133 
51 77 180 
13 54 65 78 197 
0 6 11 79 142 187 
40 59 80 89 124 135 
81 153 198 
34 52 82 96 113 136 170 184 
15 26 45 61 83 107 115 182 
84 133 
20 85 126 128 152 194 
16 86 108 141 169 
87 198 
37 88 123 162 165 179 185 188 
40 59 80 89 124 135 
28 58 90 118 157 
14 25 27 31 55 67 91 119 145 154 159 181 
7 30 36 46 71 92 105 146 150 
17 93 106 155 170 172 
94 97 110 
10 11 66 95 196 
34 52 82 96 113 127 136 183 184 
32 94 97 100 101 110 161 183 
9 98 106 155 176 177 
23 29 99 100 101 195 
23 29 97 99 100 101 195 
29 97 99 100 101 127 183 
22 68 74 102 109 120 
103 131 169 
28 104 112 138 
7 16 46 92 105 108 141 146 150 
17 38 93 98 106 140 155 172 
24 26 45 50 61 83 107 115 182 
86 105 108 141 
22 68 74 102 109 
19 32 94 97 110 161 183 
4 40 48 111 130 143 168 
28 39 64 70 104 112 138 
34 52 82 96 113 127 136 184 
58 114 157 180 191 197 
24 26 33 45 50 61 83 107 115 182 
116 139 143 160 164 173 189 190 
3 10 35 49 60 62 117 134 193 
58 90 118 157 197 
21 42 55 91 119 145 154 175 
7 44 74 102 120 128 146 
26 69 121 174 199 
122 186 
12 88 123 151 162 165 185 188 
40 59 80 89 124 135 
15 21 24 50 61 125 
20 27 31 85 126 194 
13 29 51 52 96 101 113 127 
7 44 85 120 128 152 
129 158 167 
4 39 48 111 130 
103 131 132 159 
25 67 131 132 159 
76 84 133 
21 35 42 49 55 62 117 134 145 193 
40 59 80 89 124 135 
34 52 82 96 113 136 170 184 
8 69 137 147 160 189 192 
8 28 64 69 104 112 138 
43 116 139 173 178 190 
38 106 140 172 
7 16 86 105 108 141 
0 6 11 18 79 142 187 
48 111 116 143 160 164 168 
19 44 47 144 152 161 
21 35 42 55 91 119 134 145 154 175 193 
7 22 30 36 46 71 74 92 105 120 146 150 
8 69 137 147 189 192 
2 38 72 75 148 
2 63 72 149 
7 22 30 36 46 71 74 92 105 146 150 
12 68 123 151 156 162 171 188 
20 44 47 85 128 144 152 194 
81 153 180 191 198 
25 27 31 55 67 91 119 145 154 159 175 181 
9 17 93 98 106 155 172 176 177 
12 151 156 171 
58 90 114 118 157 191 197 
129 158 
25 27 31 67 91 131 132 154 159 181 
