100
50
5

0 4 12 25 37 45 57 58 76 
1 7 15 18 22 33 35 53 62 67 73 88 95 
2 3 10 13 17 27 29 30 38 43 48 49 51 78 96 
2 3 10 17 27 29 30 38 43 48 49 51 63 91 93 
0 4 6 20 25 37 45 46 56 57 58 76 86 89 
5 9 14 36 45 94 
4 6 8 20 25 37 45 46 56 57 58 70 76 79 82 86 89 
1 7 31 33 34 66 72 80 
6 8 16 20 25 39 46 57 70 76 79 86 89 99 
5 9 14 45 54 59 82 94 
2 3 10 24 27 30 38 48 49 51 63 69 91 93 
11 13 19 21 23 40 42 50 55 60 65 75 90 97 
0 12 
2 11 13 17 21 29 30 40 42 43 50 60 65 68 75 78 
5 9 14 36 47 66 94 
1 15 18 22 32 41 53 62 67 88 92 95 
8 16 39 46 69 70 77 79 84 85 86 87 89 98 99 
2 3 13 17 29 30 38 40 42 43 49 50 51 60 61 65 71 75 78 83 91 
1 15 18 22 32 33 41 53 62 67 81 88 92 95 
11 19 21 23 40 41 42 60 
4 6 8 20 25 37 45 46 56 57 58 70 76 79 82 86 89 
11 13 19 21 23 40 42 60 65 97 
1 15 18 22 35 67 73 88 95 
11 19 21 23 32 40 41 42 60 68 81 
10 24 27 48 54 56 59 69 82 96 
0 4 6 8 20 25 37 57 58 70 76 
26 28 36 94 
2 3 10 24 27 29 30 38 43 48 49 51 54 59 78 91 96 
26 28 36 94 
2 3 13 17 27 29 30 38 43 48 49 51 68 78 
2 3 10 13 17 27 29 30 38 43 48 49 51 78 91 
7 31 33 34 66 72 80 
15 18 23 32 41 53 62 64 68 81 92 
1 7 18 31 33 34 52 53 64 66 67 72 80 88 92 95 
7 31 33 34 47 52 66 72 80 
1 22 35 67 73 88 95 
5 14 26 28 36 47 94 
0 4 6 20 25 37 57 58 76 
2 3 10 17 27 29 30 38 43 48 49 51 63 69 91 93 
8 16 39 44 46 70 79 84 87 99 
11 13 17 19 21 23 40 42 43 50 60 65 68 78 97 
15 18 19 23 32 41 53 62 68 81 92 
11 13 17 19 21 23 40 42 43 50 60 65 75 97 
2 3 13 17 27 29 30 38 40 42 43 49 50 51 65 71 75 78 91 
39 44 84 99 
0 4 5 6 9 20 45 56 58 82 
4 6 8 16 20 39 46 56 57 69 70 76 79 86 87 89 98 99 
14 34 36 47 66 72 74 80 94 
2 3 10 24 27 29 30 38 48 49 51 54 59 63 69 82 91 93 
2 3 10 17 27 29 30 38 43 48 49 51 63 69 91 93 
