150
120
24

0 18 28 30 39 47 63 68 70 79 84 88 95 101 110 115 117 124 130 136 
1 26 31 53 57 58 67 73 91 108 125 
2 8 19 20 41 44 64 80 107 121 133 145 148 
3 13 23 43 89 
4 10 16 29 36 46 48 71 76 85 99 105 109 112 138 144 147 
5 10 18 21 28 48 76 79 85 105 109 110 144 147 
6 11 24 35 38 49 52 56 61 62 96 104 111 123 141 142 149 
7 9 12 22 29 34 49 56 60 66 72 90 92 114 119 142 
2 8 14 19 20 27 35 42 44 51 64 74 77 80 82 83 93 97 102 107 121 123 132 133 134 148 
7 9 12 22 29 34 45 46 49 56 60 90 92 98 114 119 138 142 
4 5 10 21 36 76 85 99 105 109 144 147 
6 11 16 24 29 38 48 49 50 52 56 61 62 96 111 114 141 142 
7 9 12 22 29 37 49 56 60 62 66 72 90 111 114 139 142 146 
3 13 23 32 43 93 120 
8 14 27 35 42 51 64 65 74 77 82 83 87 97 102 104 107 123 132 133 134 148 
15 32 65 75 116 120 126 128 
4 11 16 24 29 46 48 49 56 61 85 109 111 114 142 144 147 
17 19 31 33 37 42 44 54 59 64 66 67 69 72 78 81 91 94 97 107 113 118 122 125 129 131 133 145 
0 5 18 21 28 63 70 79 101 110 117 144 147 
2 8 17 19 20 33 41 42 44 59 64 69 74 80 97 107 113 118 121 129 133 145 148 
2 8 19 20 41 44 64 80 82 97 107 121 133 145 148 
5 10 18 21 28 48 76 79 85 105 109 110 144 147 
7 9 12 22 37 54 56 60 62 66 72 90 94 122 131 139 142 146 
3 13 23 43 80 89 93 121 148 
6 11 16 24 29 46 48 49 52 56 61 85 111 114 142 
25 30 39 103 106 135 137 140 143 
1 26 31 37 53 54 55 58 66 67 78 81 91 94 122 125 131 139 146 
8 14 27 32 51 65 74 77 82 83 87 93 97 102 126 132 133 134 148 
0 5 18 21 28 48 50 63 70 79 88 95 101 109 110 115 144 147 
4 7 9 11 12 16 24 29 34 46 49 56 60 90 98 111 114 138 142 
0 25 30 39 47 68 70 84 88 103 106 115 117 124 130 135 136 137 140 
1 17 26 31 33 37 53 54 57 58 59 67 69 78 81 91 94 108 113 118 122 125 129 131 145 
13 15 27 32 65 75 77 82 93 102 120 126 134 148 
17 19 31 33 37 42 44 53 54 57 59 64 67 69 78 81 91 94 107 108 113 118 122 125 129 131 145 
7 9 29 34 45 60 86 92 98 114 119 138 
6 8 14 35 42 51 62 64 74 77 82 83 87 96 97 102 104 107 123 132 133 134 141 
4 10 36 46 71 76 85 99 105 109 112 
12 17 22 26 31 33 37 54 58 59 62 66 67 72 78 81 90 91 94 113 118 122 129 131 139 146 
6 11 38 40 50 52 61 63 87 95 96 100 104 115 127 128 130 141 149 
0 25 30 39 47 68 70 84 88 103 106 115 117 124 130 135 136 137 
38 40 52 65 83 87 96 100 104 127 128 130 141 149 
2 19 20 41 44 80 121 145 
8 14 17 19 33 35 42 44 51 54 59 62 64 69 74 81 97 104 107 113 118 123 129 132 133 145 
3 13 23 43 89 93 121 148 
2 8 17 19 20 33 41 42 44 59 64 69 80 97 107 113 118 121 129 133 145 
9 34 45 60 98 112 119 138 
4 9 16 24 29 36 46 48 49 56 76 85 98 99 109 112 114 138 
0 30 39 47 63 68 70 84 88 101 106 115 117 124 130 135 136 140 
4 5 11 16 21 24 28 46 48 49 50 56 76 85 109 110 111 142 144 147 
6 7 9 11 12 16 24 29 46 48 49 56 61 90 111 114 142 
11 28 38 48 50 52 61 63 68 70 79 88 95 96 110 115 117 127 130 149 
8 14 27 35 42 51 62 64 74 77 82 83 87 96 97 102 104 107 123 132 133 134 141 
6 11 24 38 40 50 52 61 63 95 96 100 110 111 115 127 130 141 149 
1 26 31 33 53 57 58 59 67 73 78 91 108 122 125 
17 22 26 31 33 37 42 54 58 59 66 67 69 72 78 81 91 94 107 113 118 122 125 129 131 139 
26 55 58 86 92 146 
6 7 9 11 12 16 22 24 29 46 48 49 56 60 61 90 111 114 142 
1 31 33 53 57 58 59 67 73 78 91 108 125 129 
1 26 31 37 53 54 55 57 58 66 67 78 81 91 94 122 125 131 139 146 
17 19 31 33 37 42 44 53 54 57 59 64 67 69 78 81 91 94 107 108 113 118 122 125 129 131 145 
7 9 12 22 29 34 45 56 60 86 90 92 98 114 119 138 146 
6 11 16 24 38 49 50 52 56 61 62 96 104 111 123 141 142 149 
6 11 12 22 35 37 42 51 61 62 66 72 90 96 104 111 123 132 141 142 
0 18 28 38 47 50 52 63 68 70 79 88 95 101 110 115 117 127 130 
2 8 14 17 19 20 33 35 42 44 51 59 64 69 74 80 82 97 107 113 118 123 129 132 133 145 148 
14 15 27 32 40 65 77 82 83 87 100 102 104 116 120 126 128 134 149 
7 12 17 22 26 37 54 58 62 66 72 78 81 90 94 122 131 139 146 
1 17 26 31 33 37 53 54 57 58 59 67 69 78 81 91 94 108 113 118 122 125 129 131 145 
0 30 39 47 50 63 68 70 84 88 95 101 106 115 117 124 127 130 136 
17 19 31 33 42 44 54 59 64 67 69 78 81 91 97 107 113 118 125 129 131 133 145 
0 18 28 30 39 47 50 63 68 70 79 84 88 95 101 110 115 117 124 130 136 
4 36 71 99 112 
7 12 17 22 37 54 62 66 72 78 81 90 94 122 131 139 
1 53 57 73 108 125 
8 14 19 27 35 42 51 64 74 77 82 83 87 97 102 104 107 123 132 133 134 148 
15 32 75 116 120 126 
4 5 10 21 36 46 48 76 85 99 105 109 112 144 147 
8 14 27 32 35 51 65 74 77 82 83 87 93 97 102 104 123 126 132 133 134 148 
17 26 31 33 37 53 54 57 58 59 66 67 69 72 78 81 91 94 113 118 122 125 129 131 139 
0 5 18 21 28 50 63 70 79 88 95 101 110 115 117 144 147 
2 8 19 20 23 41 44 64 80 121 145 148 
17 26 31 33 37 42 54 58 59 66 67 69 72 78 81 91 94 107 113 118 122 125 129 131 139 
8 14 20 27 32 35 51 64 65 74 77 82 83 87 93 97 102 104 123 132 133 134 148 
8 14 27 35 40 51 65 74 77 82 83 87 96 97 100 102 104 123 132 133 134 141 149 
0 30 39 47 68 70 84 88 101 117 124 135 136 140 143 
4 5 10 16 21 24 36 46 48 76 85 99 105 109 112 144 147 
34 55 60 86 92 119 146 
14 27 35 38 40 51 65 74 77 82 83 87 96 97 100 102 104 123 128 132 134 141 149 
0 28 30 39 47 50 63 68 70 79 84 88 95 101 110 115 117 124 127 130 
3 23 43 89 121 
7 9 12 22 29 37 49 56 60 62 66 72 90 111 114 139 142 
1 17 26 31 33 37 53 54 57 58 59 67 69 78 81 91 94 108 113 118 122 125 129 131 145 
7 9 34 55 60 86 92 119 139 146 
8 13 23 27 32 43 77 82 93 102 120 126 134 148 
17 22 26 31 33 37 54 58 59 66 67 72 78 81 91 94 113 118 122 125 129 131 139 146 
0 28 38 50 52 63 68 70 79 88 95 110 115 117 127 130 149 
6 11 35 38 40 50 51 52 61 62 83 87 96 100 104 111 123 127 132 141 149 
8 14 17 19 20 27 35 42 44 51 64 69 74 77 82 83 87 97 102 104 107 113 118 123 132 133 134 148 
9 29 34 45 46 60 98 112 119 138 
4 10 36 46 71 76 85 99 105 109 112 
38 40 52 65 83 87 96 100 104 106 116 127 128 130 134 141 149 
0 18 28 47 63 68 70 79 84 88 101 115 117 124 136 
8 14 27 32 35 51 65 74 77 82 83 87 93 97 102 104 123 126 132 133 134 148 
25 30 39 103 106 116 137 
6 14 35 38 40 42 51 61 62 65 74 77 82 83 87 96 97 100 102 104 123 132 134 141 149 
4 5 10 21 36 76 85 99 105 109 144 147 
25 30 39 47 68 100 103 106 116 128 130 137 
2 8 14 17 19 20 33 35 42 44 51 54 59 64 69 74 81 97 107 113 118 123 129 132 133 145 
1 31 33 53 57 59 67 73 91 108 125 
4 5 10 16 21 28 36 46 48 76 85 99 105 109 110 144 147 
0 5 18 21 28 48 50 52 63 70 79 88 95 109 110 115 144 147 
6 11 12 16 24 29 48 49 52 56 61 62 90 96 111 114 141 142 
4 36 45 46 71 76 85 98 99 112 138 
17 19 31 33 37 42 44 54 59 64 67 69 78 81 91 94 97 107 113 118 122 125 129 131 133 145 
7 9 11 12 16 24 29 34 46 49 56 60 90 111 114 138 142 
0 28 30 38 39 47 50 52 63 68 70 79 88 95 101 110 115 117 124 127 130 
15 65 75 100 103 106 116 120 126 128 
0 18 30 39 47 50 63 68 70 79 84 88 95 101 115 117 124 130 136 
17 19 31 33 37 42 44 54 59 64 67 69 78 81 91 94 97 107 113 118 122 125 129 131 133 145 
7 9 34 45 60 86 92 98 119 138 146 
