150
120
24

0 12 13 15 17 21 26 28 30 31 36 40 46 50 51 58 86 92 114 137 139 146 
1 3 5 10 24 47 53 56 70 71 88 98 104 116 122 142 
2 9 14 18 42 49 52 55 57 65 69 83 85 93 118 119 144 
1 3 10 23 29 47 48 53 56 60 71 74 98 104 110 125 133 
4 12 13 17 26 28 30 31 36 40 43 44 51 58 73 80 86 105 114 132 135 146 
1 5 24 49 53 56 70 71 77 88 98 101 104 113 116 122 142 
6 24 27 54 55 62 64 65 66 72 75 77 81 82 85 93 99 106 108 115 
7 19 35 45 63 107 109 128 136 149 
8 15 21 31 50 68 86 89 100 105 126 127 129 132 139 145 146 
2 9 14 18 22 49 52 54 55 65 69 82 85 93 96 101 106 108 119 
1 3 10 23 29 47 48 53 56 60 71 74 98 104 110 125 133 
11 20 32 39 42 57 69 76 79 121 131 140 147 
0 4 12 13 17 21 26 28 30 31 36 40 43 50 51 58 86 92 105 114 137 146 
0 4 12 13 17 21 26 28 30 31 36 40 43 44 51 58 80 86 92 105 114 132 135 137 146 
2 9 14 18 49 57 67 69 83 112 118 119 130 144 
0 8 15 21 31 35 46 50 86 92 109 129 137 139 145 146 
16 25 33 37 38 41 78 84 87 97 117 134 147 148 
0 4 12 13 17 26 28 30 36 40 51 58 114 
2 9 14 18 49 52 55 65 67 69 83 85 93 101 108 113 119 144 
7 19 29 34 45 59 61 63 91 102 107 110 120 123 125 127 133 136 149 
11 20 37 38 42 57 79 84 95 112 118 119 138 140 147 
0 8 12 13 15 21 28 30 31 43 46 50 86 89 92 105 126 132 137 139 146 
9 22 39 52 54 69 85 93 96 108 121 
3 10 23 29 47 56 60 61 63 74 98 104 110 125 133 
1 5 6 24 55 62 65 66 70 72 75 77 81 82 88 99 101 106 113 115 116 142 
16 25 37 38 41 78 84 97 117 134 148 
0 4 12 13 17 26 28 30 36 40 51 58 114 
6 27 62 64 72 75 77 81 82 99 106 115 
0 4 12 13 17 21 26 28 30 31 36 40 43 51 58 86 92 105 114 132 137 146 
3 10 19 23 29 34 47 48 56 59 60 63 67 74 91 98 102 104 110 120 125 133 
0 4 12 13 17 21 26 28 30 31 36 40 43 44 50 51 58 80 86 92 105 114 132 135 137 146 
0 4 8 12 13 15 21 28 30 31 36 43 44 50 58 80 86 89 92 105 114 126 132 135 137 139 146 
11 32 39 42 76 79 121 131 147 
16 33 37 38 41 76 78 87 90 97 111 117 131 143 147 
19 29 34 48 59 63 67 68 91 102 110 120 123 125 127 130 133 
7 15 35 45 107 109 128 129 136 139 145 149 
0 4 12 13 17 26 28 30 31 36 40 51 58 86 92 114 137 
16 20 25 33 37 38 78 79 84 95 97 117 134 138 140 147 148 
16 20 25 33 37 38 78 79 84 95 97 117 134 138 147 148 
11 22 32 39 42 69 76 79 96 121 131 147 
0 4 12 13 17 26 28 30 36 40 51 58 86 114 137 
16 25 33 41 78 87 90 97 111 117 143 
2 11 20 32 39 42 57 69 76 79 118 119 138 140 147 
4 12 13 21 28 30 31 43 44 58 73 80 86 89 105 114 124 132 135 137 141 146 
4 13 30 31 43 44 58 73 80 86 89 105 114 124 132 135 141 146 
7 19 35 45 63 107 109 128 129 136 145 149 
0 15 21 46 50 92 109 128 137 139 145 
1 3 10 23 29 47 53 56 60 71 74 98 104 110 122 125 133 
3 10 29 34 48 56 59 67 91 102 104 110 125 130 133 
2 5 9 14 18 49 52 55 65 66 69 82 83 85 93 101 106 108 113 119 
0 8 12 15 21 30 31 46 50 86 89 92 105 129 137 139 145 146 
0 4 12 13 17 26 28 30 36 40 51 58 114 137 
2 9 18 22 49 52 54 55 64 65 66 69 82 85 93 96 101 106 108 113 121 
1 3 5 10 47 53 56 70 71 88 98 104 116 122 142 
6 9 22 52 54 55 62 64 65 66 69 75 81 82 85 93 96 99 101 106 108 113 
2 6 9 18 24 49 52 54 55 62 64 65 66 69 72 77 81 82 85 93 99 101 106 108 113 
1 3 5 10 23 29 47 48 53 56 70 71 98 104 122 
2 11 14 20 42 57 79 83 84 94 95 112 118 119 138 140 144 
0 4 12 13 17 26 28 30 31 36 40 43 44 51 58 73 80 86 105 114 132 135 137 146 
19 29 34 48 59 63 68 91 102 110 120 123 125 127 133 136 149 
3 10 23 29 47 60 61 74 103 110 125 133 
19 23 60 61 63 74 103 110 125 133 149 
6 24 27 54 55 62 64 65 66 72 75 77 81 82 85 88 93 99 101 106 108 113 115 116 142 
7 19 23 29 34 45 59 61 63 91 102 107 110 120 125 127 133 136 149 
6 27 52 54 55 62 64 65 66 72 75 77 81 82 85 93 99 106 108 113 115 
2 6 9 18 24 49 52 54 55 62 64 65 66 69 72 75 77 81 82 85 93 99 101 106 108 113 
6 24 49 52 54 55 62 64 65 66 70 72 75 77 81 82 85 88 93 99 101 106 108 113 115 116 142 
14 18 29 34 48 67 68 83 91 102 104 123 125 130 144 
8 34 59 67 68 91 94 100 102 120 123 126 127 129 130 144 
2 9 11 14 18 22 39 42 49 52 54 55 65 69 85 93 96 108 119 121 
1 5 24 53 56 66 70 71 72 77 88 101 113 116 122 142 
1 3 5 10 47 53 56 70 71 98 104 122 
6 24 27 55 62 64 65 66 70 72 75 77 81 82 88 93 99 101 106 108 113 115 116 142 
4 43 44 58 73 80 105 124 132 135 141 
3 10 23 29 47 60 61 74 98 110 125 133 
6 24 27 54 62 64 65 66 72 75 77 81 82 99 106 108 115 
11 32 33 39 42 76 78 79 121 131 140 143 147 
5 6 24 27 55 62 64 65 66 70 72 75 77 81 82 88 93 99 101 106 108 113 115 116 142 
16 25 33 37 38 41 76 78 79 84 87 90 97 117 131 134 143 147 
11 20 32 37 38 39 42 57 76 78 79 84 131 138 140 147 
4 13 30 31 43 44 58 73 80 86 89 105 114 124 132 135 141 146 
6 24 27 54 55 62 64 65 66 72 75 77 81 82 85 93 99 101 106 108 113 115 
6 9 24 27 49 52 54 55 62 64 65 66 72 75 77 81 82 85 93 99 101 106 108 113 115 
2 14 18 49 57 67 83 94 112 118 119 130 144 
16 20 25 37 38 57 78 79 84 95 97 117 134 138 140 147 148 
2 6 9 18 22 49 52 54 55 62 64 65 66 69 81 82 85 93 96 101 106 108 113 
0 4 8 12 13 15 21 28 30 31 36 40 43 44 50 58 80 86 89 92 105 114 132 135 137 139 146 
16 33 41 78 87 90 97 111 143 
1 5 24 53 62 66 70 72 77 88 99 101 113 116 122 142 
8 21 31 43 44 50 80 86 89 95 100 105 126 132 135 139 141 146 
33 41 78 87 90 97 111 143 
19 29 34 48 59 63 67 68 91 102 110 120 123 125 127 130 133 
0 12 13 15 21 28 30 31 36 46 50 86 92 105 137 139 146 
2 6 9 18 22 49 52 54 55 62 64 65 66 69 72 77 81 82 85 93 96 99 101 106 108 113 
57 68 83 94 95 100 112 118 119 123 126 130 138 144 
20 37 38 57 84 89 94 95 100 112 118 124 126 138 141 
9 22 39 52 54 69 85 93 96 108 121 
16 25 33 37 38 41 78 84 87 90 97 117 134 147 148 
1 3 5 10 23 29 47 53 56 71 74 98 104 122 
6 24 27 54 55 62 64 65 66 72 75 77 81 82 88 93 99 101 106 108 113 115 
8 68 89 94 95 100 112 118 123 126 141 
5 9 18 24 49 52 54 55 62 65 66 70 72 77 81 82 85 88 93 99 101 106 108 113 116 142 
19 29 34 48 59 63 67 68 91 102 110 120 123 125 127 130 133 
60 61 103 
1 3 5 10 23 29 47 48 53 56 67 71 98 104 122 125 
4 8 12 13 21 28 30 31 43 44 50 58 73 80 86 89 92 105 114 124 126 132 135 137 141 146 
6 9 24 27 49 52 54 55 62 64 65 66 72 75 77 81 82 85 93 99 101 106 108 113 115 
7 19 35 45 63 107 128 136 149 
6 9 18 22 49 52 54 55 62 64 65 66 69 72 75 77 81 82 85 93 96 99 101 106 108 113 
7 15 35 45 46 109 128 129 136 139 145 
3 10 19 23 29 34 47 48 59 60 61 63 74 91 102 110 120 125 133 149 
33 41 87 90 111 143 
14 20 57 83 94 95 100 112 118 119 138 140 144 
5 18 24 49 52 54 55 62 64 65 66 70 72 77 81 82 85 88 93 99 101 106 108 113 116 142 
0 4 12 13 17 26 28 30 31 36 40 43 44 51 58 80 86 105 114 132 135 137 146 
6 24 27 62 64 66 72 75 77 81 82 99 106 115 
1 5 24 53 62 66 70 72 77 88 101 113 116 122 142 
16 25 33 37 38 41 78 84 97 117 134 148 
2 14 20 42 57 83 94 95 100 112 118 119 130 138 140 144 
2 9 14 18 20 42 49 57 69 83 94 112 118 119 130 138 140 144 
