100
80
8

0 57 62 
1 23 44 45 95 
2 14 94 
3 14 20 33 55 80 85 99 
4 43 51 96 
5 8 24 26 39 
6 41 50 64 65 71 
7 53 
5 8 41 76 
9 30 55 
10 60 
11 17 29 
12 63 95 
13 66 68 98 
2 3 14 20 30 33 85 
15 32 37 
16 42 
11 17 29 
18 58 77 93 
19 
3 14 20 30 33 55 80 85 99 
21 50 65 70 
22 35 43 
1 23 44 82 
5 24 26 39 76 
25 38 72 
5 24 26 39 
27 31 50 65 81 
28 
11 17 29 35 
9 14 20 30 55 99 
27 31 65 
15 32 37 
3 14 20 33 80 85 
34 
22 29 35 
36 
15 32 37 83 
25 38 72 73 83 
5 24 26 39 52 
40 69 88 
6 8 41 64 78 
16 42 
4 22 43 51 90 96 
1 23 44 95 
1 45 74 
46 48 
47 92 
46 48 53 77 
49 63 
6 21 27 50 65 
4 43 51 96 
39 52 
7 48 53 77 
54 61 67 71 91 
3 9 20 30 55 80 99 
56 59 
0 57 
18 58 93 
56 59 
10 60 
54 61 67 91 
0 62 87 
12 49 63 
6 41 64 71 78 
6 21 27 31 50 65 
13 66 68 98 
54 61 67 91 
13 66 68 98 
40 69 
21 70 
6 54 64 71 
25 38 72 83 
38 73 
45 74 
75 84 86 
8 24 76 78 89 97 
18 48 53 77 
41 64 76 78 89 97 
79 92 
