100
50
10

0 37 96 
1 
2 14 39 56 61 88 
3 39 61 
4 65 
5 
6 16 25 80 
7 71 
8 9 12 28 60 69 94 
8 9 12 60 69 
10 27 34 36 43 47 50 51 63 78 98 
11 23 56 91 
8 9 12 18 60 67 69 72 94 99 
13 19 28 41 58 75 
2 14 39 57 61 
15 40 49 70 79 82 89 
6 16 
17 
12 18 48 69 94 99 
13 19 41 58 75 92 
20 
21 66 93 
22 31 62 65 
11 23 56 88 91 
24 26 73 76 
6 25 52 77 80 84 95 
24 26 81 
10 27 34 43 50 51 54 78 
8 13 28 41 44 58 60 
29 33 74 
30 55 85 
22 31 53 62 65 
32 
29 33 74 84 
10 27 34 43 50 51 54 
35 
10 36 47 51 63 90 98 
0 37 68 96 
38 42 71 
2 3 14 39 61 
15 40 49 70 79 82 89 
13 19 28 41 58 75 
38 42 64 
10 27 34 43 50 51 54 78 
28 44 
45 86 87 
46 83 
10 36 47 51 63 98 
18 48 59 66 97 99 
15 40 49 79 
