200
160
16

0 3 66 80 85 88 131 
1 8 9 70 89 160 165 183 197 
2 16 56 71 100 102 112 120 136 162 182 
0 3 51 80 85 88 103 175 191 
4 30 36 42 83 121 152 
5 17 18 73 76 93 139 143 186 
6 79 104 125 176 177 188 193 
7 10 20 23 63 73 78 97 
1 8 9 70 81 89 118 160 165 183 197 
1 8 9 70 81 89 160 165 197 
7 10 20 63 73 78 97 174 
11 105 129 160 172 197 198 
12 59 98 111 119 146 
13 101 102 117 144 147 151 156 162 
14 25 
15 54 83 119 138 142 184 
2 16 56 101 102 112 120 127 162 182 
5 17 49 76 92 93 137 139 143 186 
5 18 73 76 139 143 186 
19 36 72 77 84 106 152 179 
7 10 20 63 78 97 174 
21 68 99 145 189 199 
22 99 123 
7 23 40 78 91 97 101 127 167 
24 43 109 163 187 
14 25 
26 46 60 109 119 128 138 142 184 
27 55 79 94 176 189 
28 94 96 116 124 150 154 185 196 
29 95 111 
4 30 36 42 72 115 
31 57 62 117 144 147 149 190 
32 148 178 
33 107 126 154 196 
34 53 57 58 180 
35 65 80 104 108 177 
4 19 30 36 42 72 152 
37 115 153 166 169 181 192 
38 62 122 140 149 168 
39 48 87 157 
23 40 91 97 127 167 
41 75 82 159 170 183 
4 30 36 42 72 83 115 128 
24 43 109 163 
44 67 
45 55 64 68 81 94 96 150 189 
26 46 115 128 169 181 
47 163 185 
39 48 69 87 157 
17 49 51 92 93 137 139 
50 67 105 172 198 
3 49 51 85 103 
52 166 192 194 
34 53 58 180 
15 54 83 121 138 142 
27 45 55 64 68 81 94 96 145 150 189 
2 16 56 102 112 120 127 162 182 
31 34 57 180 190 
34 53 58 74 180 
12 59 98 111 119 146 
26 60 109 119 128 142 184 
61 65 104 108 110 177 193 
31 38 62 149 168 
7 10 20 63 73 78 174 
45 55 64 68 81 89 96 189 
35 61 65 104 108 110 135 177 193 
0 66 80 85 88 99 131 191 
44 50 67 
21 45 55 64 68 81 145 189 199 
48 69 87 114 157 164 
1 8 9 70 89 118 159 160 165 183 197 
2 71 100 110 112 130 136 141 173 182 
19 30 36 42 72 179 
5 7 10 18 63 73 78 
58 74 
41 75 82 159 170 183 
5 17 18 76 139 143 186 
19 77 84 106 179 
7 10 20 23 63 73 78 97 167 
6 27 79 104 125 176 188 193 
0 3 35 66 80 85 88 131 
8 9 45 55 64 68 81 89 96 118 
41 75 82 159 170 
4 15 42 54 83 121 128 138 184 
19 77 84 106 
0 3 51 66 80 85 88 131 
86 114 120 
39 48 69 87 157 164 
0 3 66 80 85 88 131 191 
1 8 9 64 70 81 89 118 165 183 
90 155 161 
23 40 91 127 135 167 
17 49 92 93 137 143 
5 17 49 92 93 139 143 186 
27 28 45 55 94 116 124 150 185 
29 95 111 114 
28 45 55 64 81 96 118 150 
7 10 20 23 40 78 97 101 167 
12 59 98 146 
21 22 66 99 123 199 
2 71 100 112 120 130 136 141 173 
13 16 23 97 101 102 127 151 162 
2 13 16 56 101 102 151 156 162 
3 51 103 175 
6 35 61 65 79 104 110 125 176 177 188 193 
11 50 105 172 198 
19 77 84 106 
33 107 113 154 
35 61 65 108 135 177 
24 26 43 60 109 
61 65 71 104 110 173 177 188 193 
12 29 59 95 111 164 
2 16 56 71 100 112 120 130 136 141 173 182 
107 113 124 154 
69 86 95 114 
30 37 42 46 115 128 153 169 181 
28 94 116 124 150 154 185 
13 31 117 144 147 156 190 
8 70 81 89 96 118 165 183 
12 15 26 59 60 119 138 142 184 
2 16 56 86 100 112 120 136 141 
4 54 83 121 
38 122 140 151 168 
22 99 123 199 
28 94 113 116 124 150 154 185 
6 79 104 125 176 
33 126 196 
16 23 40 56 91 101 127 167 182 
26 42 46 60 83 115 128 138 169 181 184 
11 129 172 
71 100 112 130 136 141 173 
0 66 80 85 88 131 191 
132 194 
133 134 161 171 175 
133 134 161 171 175 
65 91 108 135 182 
2 71 100 112 120 130 136 141 173 
17 49 92 137 143 186 
15 26 54 83 119 128 138 142 184 
5 17 18 49 76 93 139 143 186 
38 122 140 168 
71 100 112 120 130 136 141 173 
15 26 54 60 119 138 142 184 
5 17 18 76 92 93 137 139 143 186 195 
13 31 117 144 147 156 
21 55 68 145 189 199 
12 59 98 146 158 
13 31 117 144 147 151 156 162 
32 148 178 195 
31 38 62 149 168 
28 45 55 94 96 116 124 150 154 185 
13 101 102 122 147 151 156 162 
4 19 36 152 
37 115 153 166 169 192 
28 33 107 113 116 124 150 154 196 
90 155 
13 102 117 144 147 151 156 162 
39 48 69 87 157 164 
146 158 
41 70 75 82 159 170 183 
