150
120
24

0 7 13 14 53 66 123 139 143 
1 9 50 68 81 137 
2 4 40 120 122 
3 8 73 89 
2 4 25 45 120 122 
5 69 
6 12 41 47 49 51 70 71 101 107 
0 7 13 14 53 66 123 131 139 
3 8 89 
1 9 81 
10 25 45 100 142 
11 
6 12 41 49 51 70 107 
0 7 13 14 27 53 66 123 139 143 
0 7 13 14 27 66 123 139 143 146 
15 39 60 88 106 108 116 
16 38 61 67 136 
17 43 85 96 131 
18 135 
19 84 99 
20 58 60 88 105 108 116 119 132 145 
21 
22 59 82 110 118 
23 35 78 125 
24 62 129 130 140 148 
4 10 25 45 100 120 122 142 
26 32 38 138 
13 14 27 48 91 119 145 
28 42 67 76 
29 34 56 71 101 111 
30 63 77 124 
31 37 54 57 78 92 
26 32 38 62 138 
33 95 141 
29 34 56 102 111 112 
23 35 36 74 86 115 
35 36 74 86 115 134 
31 37 54 57 78 92 
16 26 32 38 62 
15 39 78 106 127 
2 40 
6 12 41 70 90 107 
28 42 67 80 85 103 126 
17 43 85 96 131 
44 48 
4 10 25 45 100 122 
46 59 80 82 85 126 148 
6 47 51 64 70 72 101 113 137 
27 44 48 91 119 145 
6 12 49 70 
1 50 68 81 113 117 137 
6 12 47 51 64 70 71 72 101 113 
52 144 
0 7 13 53 66 102 123 131 139 143 
31 37 54 78 92 125 
55 93 133 
29 34 56 64 71 72 101 111 
31 37 57 92 
20 58 60 88 105 106 119 132 145 
22 46 59 82 110 118 148 
15 20 58 60 88 105 108 110 116 118 132 
16 61 67 136 
24 32 38 62 103 129 130 140 148 
30 63 77 83 109 124 146 
47 51 56 64 72 101 112 113 
65 77 79 109 111 124 
0 7 13 14 53 66 102 123 131 139 143 
16 28 42 61 67 136 
1 50 68 81 113 137 
5 69 
6 12 41 47 49 51 70 
6 29 51 56 71 98 101 107 111 
47 51 56 64 72 101 113 
3 73 79 98 149 
35 36 74 75 86 115 134 
74 75 115 134 
28 76 114 
30 63 65 77 109 124 
23 31 37 39 54 78 92 125 
65 73 79 98 109 
42 46 80 85 103 126 140 148 
1 9 50 68 81 137 
22 46 59 82 110 118 
63 83 124 146 147 
19 84 95 141 
17 42 43 46 80 85 96 
35 36 74 86 115 
87 96 117 
15 20 58 60 88 105 106 108 116 132 
3 8 89 
41 90 107 
27 48 91 
31 37 54 57 78 92 
55 93 133 
94 121 142 
33 84 95 99 141 
17 43 85 87 96 131 
97 
71 73 79 98 149 
19 95 99 128 141 
10 25 45 100 144 
6 29 47 51 56 64 71 72 101 113 
34 53 66 102 131 
42 62 80 103 126 130 140 148 
104 
20 58 60 88 105 108 116 119 132 145 
15 39 58 88 106 125 
6 12 41 71 90 107 
15 20 60 88 105 108 110 116 118 132 
63 65 77 79 109 124 
22 59 60 82 108 110 116 118 
29 34 56 65 71 111 
34 64 112 113 117 
47 50 51 64 68 72 101 112 113 137 
76 114 
35 36 74 75 86 115 134 
15 20 60 88 105 108 110 116 132 
50 87 112 117 
22 59 60 82 108 110 118 132 
20 27 48 58 105 119 132 145 
