200
160
32

0 2 15 24 33 39 49 54 77 80 88 113 119 135 136 153 170 196 
1 41 44 47 58 59 83 89 115 117 126 143 159 177 
0 2 24 34 49 54 66 69 88 94 108 111 113 116 120 135 136 147 153 154 170 171 181 188 
3 21 32 43 48 50 53 55 60 61 73 78 87 92 102 104 106 109 118 129 152 168 173 175 182 192 193 198 
4 14 21 32 35 47 56 58 65 70 76 89 102 106 118 122 128 129 143 152 157 158 162 185 186 187 190 198 
5 17 22 25 40 42 57 61 62 68 98 100 107 114 121 123 141 145 151 155 156 160 164 165 166 167 175 176 182 191 193 197 199 
6 42 51 132 139 174 195 
7 23 30 34 75 84 94 101 111 116 120 124 127 133 138 146 149 154 171 188 194 
8 27 29 44 45 83 87 95 110 115 118 128 129 152 163 
9 26 38 50 57 71 74 90 97 98 103 131 134 150 151 155 160 165 166 169 175 191 
10 12 19 28 31 46 64 72 81 91 93 112 142 178 179 183 
11 13 15 36 39 46 52 63 67 77 80 82 86 93 96 119 125 137 144 161 184 
10 12 13 28 31 36 46 64 67 72 81 86 91 93 96 112 142 178 179 183 
11 12 13 28 36 46 52 63 64 67 72 81 86 91 93 96 112 142 161 178 183 
4 14 35 47 56 58 59 65 70 76 89 106 117 122 126 128 129 143 157 158 162 177 185 186 190 198 
0 11 15 24 33 39 49 52 63 77 80 82 88 113 119 125 135 136 137 153 184 196 
16 18 27 29 45 95 110 169 189 
5 17 40 43 53 55 57 60 61 62 68 78 79 92 98 104 107 114 121 123 141 145 151 155 160 164 165 167 168 173 175 176 182 193 197 199 
16 18 26 29 38 50 74 110 169 189 
10 19 28 31 64 72 81 91 112 178 179 183 
20 21 32 33 48 55 73 77 79 85 92 99 102 105 130 135 137 140 148 153 172 180 182 184 187 192 196 
3 4 20 21 32 48 55 56 65 70 73 99 102 106 122 129 130 148 162 172 180 186 187 198 
5 22 25 40 42 51 62 68 75 107 114 121 123 132 133 145 164 167 174 176 199 
7 23 30 34 75 84 85 94 101 111 116 120 124 127 133 138 146 149 156 171 188 194 
0 2 15 24 33 39 49 77 80 82 88 113 119 135 136 137 153 170 184 196 
5 22 25 40 42 62 68 75 107 114 123 132 133 138 145 146 149 164 167 176 197 
9 18 26 38 50 71 74 97 134 150 169 
8 16 27 37 44 45 83 95 115 117 159 163 
10 12 13 19 28 31 46 64 72 76 81 86 91 93 96 112 142 144 157 161 178 179 183 
8 16 18 29 38 45 110 169 189 
7 23 30 34 54 69 75 84 94 101 111 116 120 124 127 138 146 149 154 171 188 194 
10 12 19 28 31 64 72 81 91 112 142 178 179 183 
3 4 20 21 32 48 53 55 56 65 73 78 92 99 102 104 106 109 118 122 129 130 148 162 172 180 186 187 192 198 
0 15 20 24 33 39 48 63 77 82 99 105 125 130 135 137 148 153 161 172 180 184 196 
2 7 23 30 34 54 84 85 94 101 105 111 116 120 124 127 138 146 149 156 170 171 188 194 
4 14 35 47 56 58 64 70 76 89 143 157 158 162 177 185 190 
11 12 13 36 39 46 52 63 67 77 80 82 93 96 119 125 137 142 161 
27 37 45 95 
9 18 26 29 38 50 71 74 110 150 169 189 
0 11 15 24 33 36 39 49 52 77 80 82 88 113 119 125 135 136 137 153 184 196 
5 17 22 25 40 62 68 75 79 84 85 92 101 107 114 121 123 127 133 138 140 145 146 149 156 167 176 182 197 199 
1 41 44 47 58 59 83 115 117 126 143 159 177 
5 6 22 25 42 51 62 68 100 103 107 114 121 123 131 132 139 141 145 160 164 165 166 174 176 191 195 199 
3 17 43 50 53 55 57 60 61 78 87 98 104 109 118 134 141 151 155 160 168 173 175 193 
1 8 27 41 44 58 59 83 95 115 117 126 128 159 163 
8 16 27 29 37 45 95 110 163 189 
10 11 12 13 28 36 46 63 64 67 72 81 86 91 93 96 112 125 142 144 157 161 178 183 
1 4 14 35 41 47 56 58 59 70 76 83 89 106 117 126 128 143 157 158 177 185 186 190 
3 20 21 32 33 48 53 55 73 78 79 85 92 99 102 104 105 130 140 148 172 180 182 187 192 196 
0 2 15 24 39 49 52 77 80 82 88 113 119 135 136 153 170 
3 9 18 26 38 43 50 57 60 61 74 98 104 109 110 134 150 151 155 160 168 169 173 175 193 
6 22 42 51 68 100 103 107 114 123 132 139 145 164 174 191 195 
11 13 15 36 39 49 52 63 67 77 80 82 96 119 125 137 161 184 
3 17 32 43 48 53 55 60 61 73 78 79 85 92 99 102 104 109 140 148 155 167 168 173 182 192 193 197 
0 2 30 34 54 66 69 88 94 108 111 113 116 120 136 147 154 170 171 181 188 194 
3 17 20 21 32 43 48 53 55 61 73 78 79 85 92 99 102 104 105 109 130 140 148 168 173 182 192 193 
4 14 21 32 35 47 56 58 65 70 76 89 102 106 122 128 129 130 143 144 148 157 158 162 172 180 185 186 187 190 198 
5 9 17 43 50 57 60 61 68 71 90 97 98 100 103 107 121 123 131 134 141 145 150 151 155 160 164 165 166 175 176 191 193 199 
1 4 14 35 41 44 47 56 58 59 76 83 89 106 115 117 126 128 129 143 152 158 177 185 186 190 198 
1 14 41 44 47 58 59 83 89 115 117 126 143 158 159 177 
3 17 43 50 53 57 60 61 78 98 104 109 121 134 141 150 151 155 160 165 168 173 175 193 199 
3 5 17 43 50 53 55 57 60 61 62 68 78 79 92 98 104 107 109 121 123 140 141 145 151 155 160 165 167 168 173 175 176 182 192 193 197 199 
5 17 22 25 40 42 61 62 68 75 79 107 114 121 123 133 141 145 151 155 156 160 164 165 167 176 182 197 199 
11 13 15 33 36 46 52 63 65 67 77 82 86 93 96 119 125 130 137 144 161 172 180 184 196 
10 12 13 19 28 31 35 46 64 72 76 81 86 91 93 96 112 142 144 157 161 178 179 183 190 
4 14 21 32 56 63 65 70 73 76 86 99 102 106 122 130 144 148 157 161 162 172 180 184 185 186 187 190 198 
2 54 66 69 88 94 108 111 113 116 136 147 154 170 181 188 
11 12 13 36 46 52 63 67 82 93 96 119 125 142 161 
5 17 22 25 40 42 51 57 61 62 68 100 103 107 114 121 123 132 141 145 151 155 160 164 165 166 167 174 176 191 197 199 
2 30 54 66 69 94 108 111 113 116 147 154 170 171 181 188 194 
4 14 21 35 47 56 65 70 76 86 89 106 122 130 143 144 157 158 162 180 185 186 187 190 198 
9 26 38 57 71 74 90 97 98 103 131 134 150 166 169 191 
10 12 13 19 28 31 46 64 72 76 81 86 91 93 96 112 142 144 157 178 179 183 
3 20 21 32 48 53 55 65 73 78 79 85 92 99 102 104 105 109 130 140 148 172 180 182 187 192 196 
9 18 26 38 50 71 74 98 110 134 150 169 
7 22 23 25 30 40 62 75 84 101 114 124 127 133 138 146 149 156 171 194 197 
4 14 28 35 47 56 58 64 65 70 72 76 86 89 122 143 144 157 158 162 177 185 186 190 
0 11 15 20 24 33 36 39 49 52 63 77 80 82 96 119 125 135 137 153 161 172 180 184 196 
3 17 32 43 48 53 55 60 61 73 78 79 92 99 102 104 109 140 155 167 168 173 175 182 192 193 197 
17 20 40 48 53 55 61 62 73 78 79 85 92 101 104 105 127 140 156 167 182 192 197 
0 11 15 24 36 39 49 52 77 80 82 88 113 119 135 136 137 153 
10 12 13 19 28 31 46 64 72 81 91 93 112 142 178 179 183 
11 15 24 33 36 39 49 52 63 67 77 80 82 96 119 125 135 137 153 161 184 196 
1 8 27 41 44 47 58 59 83 95 115 117 126 128 159 163 
7 23 30 34 40 75 84 85 94 101 111 116 120 124 127 133 138 146 149 156 171 188 194 197 
20 23 34 40 48 53 55 73 79 84 85 92 99 101 105 120 127 140 156 182 192 197 
11 12 13 28 46 63 64 65 70 72 76 86 91 93 96 112 125 142 144 157 161 162 180 183 184 190 
3 8 43 87 106 109 110 118 128 129 152 163 198 
0 2 15 24 39 49 54 66 80 88 113 135 136 147 153 170 
1 4 14 35 47 56 58 59 70 76 89 126 143 157 158 162 177 185 190 
9 57 71 90 97 100 103 131 134 150 160 166 191 
10 12 13 19 28 31 46 64 72 81 86 91 93 112 142 178 179 183 
3 17 20 32 40 48 53 55 61 73 78 79 85 92 99 101 102 104 105 140 148 156 167 168 173 182 192 193 197 
10 11 12 13 28 36 46 63 64 67 72 81 86 91 93 96 112 142 144 161 178 179 183 
2 7 23 30 34 54 66 69 84 94 108 111 116 120 124 127 154 170 171 181 188 194 
8 16 27 37 44 45 83 95 115 117 159 163 
11 12 13 28 36 46 52 63 64 67 72 77 82 86 93 96 112 119 125 137 142 144 161 184 
9 26 57 71 90 97 100 103 131 134 150 160 166 191 
5 9 17 43 50 57 60 61 71 74 98 104 109 121 134 141 150 151 155 160 165 166 168 173 175 191 193 199 
20 21 32 33 48 53 55 65 73 78 85 92 99 102 105 122 130 140 148 172 180 182 184 187 192 196 
5 42 51 57 68 90 97 100 103 107 114 121 123 131 132 134 139 141 145 150 151 155 160 164 165 166 174 176 191 199 
7 23 30 34 40 75 79 84 85 92 101 105 111 120 124 127 133 138 140 146 149 156 171 182 192 194 197 
3 4 20 21 32 48 53 55 56 65 73 78 92 99 102 104 106 109 118 122 129 130 148 152 162 168 172 173 180 186 187 198 
9 42 51 57 68 71 90 97 100 103 121 123 131 134 141 145 150 151 160 164 165 166 174 191 199 
3 17 32 43 48 50 53 55 60 61 73 78 79 92 98 102 104 109 140 155 168 173 175 182 192 193 
20 33 34 48 55 73 79 85 92 99 101 105 111 120 127 135 140 153 156 182 192 196 
3 4 14 21 32 47 56 58 65 70 87 102 106 109 118 122 128 129 130 143 148 152 162 185 186 187 198 
5 17 22 25 40 42 51 57 61 62 68 100 107 114 121 123 132 141 145 151 155 160 164 165 166 167 176 191 197 199 
2 54 66 69 94 108 116 147 154 170 181 188 
3 32 43 50 53 55 60 61 73 78 87 98 102 104 106 109 118 129 152 155 168 173 175 193 
8 16 18 29 38 45 50 74 87 110 169 189 
2 7 23 30 34 54 66 69 84 94 101 105 111 113 116 120 124 127 135 136 154 170 171 188 194 
10 12 13 19 28 31 46 64 72 81 86 91 93 96 112 142 144 178 179 183 
0 2 15 24 39 49 54 66 69 80 88 111 113 135 136 147 153 170 181 
5 17 22 25 40 42 51 62 68 75 100 107 114 121 123 132 133 141 145 164 165 167 176 197 199 
1 8 27 41 44 58 59 83 95 115 117 126 128 159 163 
2 7 23 30 34 54 66 69 84 94 108 111 116 120 124 154 170 171 188 194 
1 14 27 41 44 47 58 59 83 95 115 117 126 128 143 159 163 177 
3 4 8 32 43 87 102 106 109 118 128 129 152 163 186 198 
0 11 15 24 36 39 49 52 63 67 77 80 82 96 119 125 137 161 184 
2 7 23 30 34 54 84 85 94 101 105 111 116 120 124 127 135 153 170 171 188 194 
5 17 22 40 42 57 60 61 62 68 98 100 103 107 114 121 123 131 134 141 145 151 155 160 164 165 166 167 175 176 191 193 197 199 
4 14 21 32 56 65 70 76 99 102 106 122 129 130 143 144 148 157 158 161 162 172 180 185 186 187 190 198 
5 17 22 25 40 42 51 57 61 62 68 100 103 107 114 121 123 131 132 141 145 151 155 160 164 165 166 167 174 176 191 199 
7 23 30 34 75 84 94 101 111 116 120 124 127 133 138 146 149 171 188 194 
11 15 33 36 39 46 52 63 67 77 82 86 96 119 125 137 144 153 161 172 180 184 196 
1 14 41 44 47 58 59 83 89 115 117 126 143 158 159 177 
7 23 30 34 40 75 79 84 85 94 101 105 111 120 124 127 133 138 140 146 149 156 171 188 194 197 
4 8 14 44 47 56 58 83 87 106 115 117 118 128 129 143 152 163 186 198 
3 4 8 14 21 32 56 58 87 102 106 109 118 122 128 129 143 152 186 187 198 
20 21 32 33 48 55 56 63 65 70 73 99 102 106 122 130 137 144 148 161 162 172 180 184 186 187 196 198 
9 42 57 71 90 97 100 103 121 123 131 134 141 150 151 160 164 165 166 191 199 
6 22 25 42 51 68 100 107 114 123 132 139 145 164 174 176 191 195 
7 22 23 25 40 62 75 84 101 114 124 127 133 138 146 149 156 194 197 
9 26 43 50 57 60 71 74 90 97 98 100 103 121 131 134 141 150 151 155 160 165 166 175 191 199 
0 2 15 20 24 33 39 49 77 80 82 88 105 111 113 120 135 136 137 153 170 184 196 
0 2 15 24 39 49 54 66 80 88 111 113 135 136 153 170 
11 15 20 24 33 36 39 52 63 77 80 82 96 119 125 130 135 137 144 153 161 172 180 184 196 
7 23 25 30 34 40 75 84 101 124 127 133 138 146 149 156 171 194 
6 42 51 100 132 139 174 195 
20 40 48 53 55 61 73 78 79 85 92 99 101 104 105 127 140 156 167 182 192 197 
5 17 42 43 57 60 61 62 68 98 100 103 107 114 121 123 131 134 141 145 150 151 155 160 164 165 166 167 168 173 175 176 191 193 199 
10 12 13 28 31 36 46 64 67 72 81 86 91 93 96 112 142 161 178 179 183 
1 4 14 35 41 47 56 58 59 70 76 89 106 117 122 126 128 129 143 157 158 162 177 185 186 190 198 
11 28 46 56 63 64 65 70 72 76 86 93 96 112 122 125 130 137 144 148 157 161 162 172 180 184 185 187 190 
5 17 22 25 40 42 51 57 61 62 68 100 103 107 114 121 123 132 141 145 151 155 160 164 165 166 167 174 176 191 197 199 
7 23 25 30 34 40 75 84 101 124 127 133 138 146 149 156 171 194 
2 54 66 69 88 108 113 147 154 170 181 
20 21 32 33 48 53 55 56 65 73 92 99 102 106 122 130 144 148 162 172 180 184 186 187 192 196 198 
7 23 25 30 34 40 75 84 101 124 127 133 138 146 149 156 171 194 
9 26 38 50 57 60 71 74 90 97 98 100 103 131 134 141 150 151 155 160 165 166 175 191 
5 9 17 43 50 57 60 61 62 68 98 100 103 107 121 123 131 134 141 145 150 151 155 160 164 165 166 167 168 173 175 176 191 193 199 
3 4 8 58 87 102 106 109 118 128 129 152 163 186 198 
0 2 15 20 24 33 39 49 77 80 82 88 105 113 120 125 135 136 137 153 170 184 196 
2 7 30 54 66 69 94 108 111 116 147 154 170 171 181 188 194 
5 9 17 43 50 53 57 60 61 62 68 78 98 100 104 107 109 121 123 134 141 145 150 151 155 160 164 165 166 167 168 173 175 176 191 193 199 
5 23 34 40 62 75 79 84 85 92 101 105 127 133 138 140 146 149 156 167 182 192 197 
4 14 28 35 46 47 56 64 65 70 72 76 86 89 122 143 144 157 158 162 180 185 186 187 190 198 
4 14 35 47 56 58 59 70 76 89 122 126 143 157 158 162 177 185 186 190 
1 27 41 44 59 83 95 115 117 126 159 
