100
50
5

0 10 24 27 34 47 61 68 73 86 95 
1 3 11 18 23 31 44 50 91 
2 9 13 17 28 41 55 59 64 69 72 74 75 76 81 92 
1 3 11 18 23 31 50 91 
4 7 39 45 48 54 65 74 88 98 99 
5 6 36 38 41 49 57 75 78 81 83 92 
5 6 14 20 22 34 37 61 75 82 86 
4 7 8 17 38 39 45 46 48 54 65 74 81 88 89 94 98 99 
7 8 33 43 45 60 77 79 90 93 94 99 
2 9 13 17 22 28 37 41 55 64 69 72 74 75 76 81 92 
0 10 22 24 27 47 56 58 61 62 66 68 73 86 95 97 
1 3 11 18 23 31 44 50 91 
12 19 30 35 48 54 80 88 
2 9 13 22 28 37 41 55 64 71 72 75 76 92 97 
6 14 20 34 52 61 82 
15 16 26 40 51 53 59 67 69 96 
15 16 26 39 40 51 53 59 67 69 96 98 
2 7 9 17 28 36 39 41 45 46 59 65 69 74 76 81 89 92 
1 3 11 18 23 44 50 70 71 91 
12 19 80 
6 14 20 34 52 61 82 
21 25 29 32 42 57 83 84 85 
6 9 10 13 22 28 34 37 41 47 61 75 76 86 92 97 
1 3 11 18 23 31 44 50 91 
0 10 24 27 47 56 58 68 73 86 95 
21 25 29 42 84 85 
15 16 26 40 51 53 67 96 
0 10 24 27 47 56 58 68 73 86 95 
2 9 13 17 22 28 37 41 55 64 69 71 72 75 76 92 97 
21 25 29 32 84 
12 30 33 35 54 77 79 
1 3 11 23 31 50 91 
21 29 32 42 49 57 78 83 85 87 
8 30 33 60 77 79 90 93 94 99 
0 6 14 20 22 34 47 61 82 86 
12 30 35 54 79 88 
5 17 36 38 41 46 49 57 75 78 81 89 92 
6 9 13 22 28 37 41 47 61 75 76 86 92 97 
5 7 36 38 41 43 45 46 49 57 65 78 81 89 
4 7 16 17 39 40 45 48 54 59 65 69 74 88 98 
15 16 26 39 40 51 53 59 67 69 96 98 
2 5 9 13 17 22 28 36 37 38 41 49 74 75 76 81 92 
21 25 32 42 57 63 83 84 85 87 
8 38 43 46 49 60 77 78 89 90 93 94 99 
1 11 18 23 44 50 55 64 70 
4 7 8 17 38 39 45 46 48 54 65 74 81 88 89 94 98 99 
7 17 36 38 43 45 46 49 65 74 78 81 89 94 99 
0 10 22 24 27 34 37 47 56 61 86 95 97 
4 7 12 39 45 48 54 59 65 74 80 88 98 
5 32 36 38 41 43 46 49 57 75 78 81 83 89 
