150
75
15

0 8 14 53 62 65 69 70 80 100 129 147 148 
1 10 19 23 26 31 41 43 45 56 58 72 81 94 96 102 105 106 107 117 119 124 125 126 141 
2 3 32 35 36 40 66 83 86 92 95 99 102 104 105 112 125 142 
2 3 4 32 35 36 40 55 66 86 94 95 96 102 104 105 112 125 137 
3 4 15 18 36 55 77 111 112 115 132 134 137 143 149 
5 13 25 44 47 57 63 76 90 103 110 121 146 
6 22 27 30 42 46 48 59 71 87 93 101 120 127 
7 13 16 25 28 38 44 47 52 57 63 76 78 85 103 108 116 128 130 135 
0 8 12 14 38 52 53 54 68 69 70 75 78 80 85 91 100 109 130 144 147 
9 11 20 34 39 92 131 142 
1 10 19 23 26 29 43 45 50 58 72 86 96 102 105 106 107 124 125 126 138 141 
9 11 20 34 39 89 92 131 142 
8 12 14 24 33 38 41 64 74 80 81 85 88 100 109 118 119 130 149 
5 7 13 15 16 25 38 44 47 57 63 76 77 85 90 103 110 116 128 130 132 143 146 
0 8 12 14 33 38 52 53 69 70 74 75 78 80 85 91 100 109 130 147 
4 13 15 18 25 38 44 57 63 77 85 90 103 128 132 143 146 
7 13 16 25 28 38 44 47 52 63 78 85 103 108 116 128 130 135 
17 21 61 73 82 89 97 133 139 142 
4 15 18 36 55 57 73 77 90 111 115 132 134 137 143 149 
1 10 19 23 26 29 31 43 45 50 56 58 72 86 94 96 102 105 106 107 117 124 125 126 138 141 
9 11 20 34 39 92 99 131 
17 21 27 61 73 82 87 93 97 101 111 115 127 133 139 
6 22 30 37 42 46 48 51 59 71 84 101 120 145 
1 10 19 23 24 31 32 41 43 56 64 72 81 88 94 96 102 105 107 117 118 119 125 126 137 141 
12 23 24 31 33 41 64 74 81 85 88 100 109 117 118 119 137 149 
5 7 13 15 16 25 38 44 47 57 63 76 85 90 103 116 128 130 132 143 
1 10 19 26 29 49 56 58 60 67 72 107 124 126 136 
6 21 27 30 42 46 51 71 73 87 93 97 101 111 115 120 127 139 
7 16 28 38 52 54 75 78 91 98 108 113 116 122 130 135 144 
10 19 26 29 45 50 58 106 107 124 138 141 
6 22 27 30 42 46 48 51 59 71 84 87 93 101 120 127 145 
1 19 23 24 31 32 41 43 56 64 72 74 81 88 94 102 105 107 117 118 119 126 137 141 
2 3 23 31 32 35 36 40 43 55 66 86 94 95 96 102 104 105 112 117 119 125 137 141 
12 14 24 33 41 56 62 65 69 70 74 80 81 100 109 114 147 148 
9 11 20 34 39 92 131 
2 3 32 35 36 40 55 61 66 92 95 104 111 112 133 134 142 
2 3 4 18 32 35 36 40 55 64 66 88 94 102 104 105 112 117 118 119 125 137 149 
22 37 46 48 59 71 84 110 121 145 
7 8 12 13 14 15 16 25 28 38 44 52 57 63 78 85 103 108 109 116 128 130 
9 11 20 34 39 131 
2 3 32 35 36 40 55 61 66 86 92 94 95 99 102 104 105 112 125 134 137 142 
1 12 23 24 31 33 41 56 64 72 74 81 88 94 117 118 119 137 149 
6 22 27 30 42 46 48 51 59 71 87 93 101 120 127 139 145 
1 10 19 23 31 32 43 45 66 86 94 96 102 104 105 106 112 117 119 124 125 138 141 
5 7 13 15 16 25 38 44 47 57 63 76 85 90 103 110 116 128 130 132 143 146 
1 10 19 29 43 45 50 86 96 102 105 106 124 125 138 141 
6 22 27 30 37 42 46 48 51 59 71 84 87 101 120 127 145 
5 7 13 16 25 44 47 76 103 116 121 
6 22 30 37 42 46 48 59 84 145 
26 49 58 60 67 72 107 123 126 136 
10 19 29 45 50 58 106 107 124 138 
22 27 30 42 46 51 59 71 77 87 90 101 110 115 120 145 146 
7 8 14 16 28 38 52 53 54 68 69 75 78 85 91 98 100 108 109 113 122 130 135 144 
0 8 14 52 53 54 68 69 70 75 78 80 91 100 109 129 147 
8 28 52 53 54 68 75 78 79 91 98 108 113 122 135 140 144 
3 4 18 32 35 36 40 55 64 66 111 112 132 134 137 143 149 
1 19 23 26 31 33 41 56 58 60 72 81 88 107 114 117 118 119 126 148 
5 7 13 15 18 25 38 44 57 63 76 77 85 90 103 110 128 132 143 146 
1 10 19 26 29 49 50 56 58 60 72 106 107 124 126 136 
6 22 30 37 42 46 48 51 59 71 84 101 120 127 145 
26 49 56 58 60 67 72 107 114 126 136 
17 21 35 40 61 73 82 89 92 111 133 134 142 
0 33 62 65 69 70 80 100 114 129 147 148 
5 7 13 15 16 25 38 44 57 63 76 77 85 90 103 116 128 130 132 143 146 
12 23 24 31 36 41 55 64 74 81 88 94 117 118 119 137 149 
0 33 62 65 69 70 80 100 114 129 147 148 
2 3 32 35 36 40 43 55 66 86 94 95 96 99 102 104 105 112 125 137 
26 49 60 67 107 123 126 136 
8 52 53 54 68 75 78 79 91 98 113 140 144 
0 8 14 33 52 53 62 65 69 70 78 80 91 100 109 129 147 148 
0 8 14 33 53 62 65 69 70 80 100 109 114 129 147 148 
6 22 27 30 37 42 46 51 59 71 77 87 101 110 120 145 146 
1 10 19 23 26 31 41 49 56 58 60 72 81 107 117 119 126 
17 18 21 27 61 73 87 93 97 111 115 133 134 139 
12 14 24 31 33 41 64 74 81 85 88 100 109 118 119 149 
