100
50
5

0 21 46 73 87 90 
1 3 10 13 44 52 59 65 66 77 98 
2 5 6 17 18 37 49 54 64 78 85 92 
1 3 9 13 44 52 59 66 67 69 74 77 88 99 
4 27 29 30 31 36 43 62 72 79 82 89 91 
2 5 6 14 17 25 37 43 54 64 80 
2 5 6 17 25 37 49 54 64 93 
7 8 15 76 
7 8 15 22 27 72 76 89 91 
3 9 11 12 13 34 38 51 67 74 77 88 94 99 
1 10 35 42 44 48 59 63 65 70 98 
9 11 12 13 32 50 51 67 69 77 88 94 99 
9 11 12 13 32 51 67 88 94 99 
1 3 9 11 12 13 32 38 51 67 74 77 88 94 99 
5 14 16 25 35 42 48 63 80 98 
7 8 15 27 72 76 89 91 
14 16 35 40 42 53 85 92 
2 5 6 17 18 37 49 54 64 78 85 92 93 
2 17 18 28 41 54 58 64 78 83 85 92 97 
19 23 26 55 60 71 81 84 96 
20 24 33 39 45 56 61 68 75 86 
0 21 40 46 53 73 87 95 
8 22 27 31 36 57 61 68 70 72 76 82 89 
19 23 26 47 71 81 84 96 
20 24 33 39 45 56 61 68 75 86 
5 6 14 25 36 37 43 80 
19 23 26 55 60 71 81 84 96 
4 8 15 22 27 29 30 31 36 43 62 72 76 79 82 89 91 
18 28 41 78 83 97 
4 27 29 30 31 36 43 62 72 79 80 82 89 91 
4 27 29 30 31 36 43 62 72 79 82 89 91 
4 22 27 29 30 31 36 43 62 72 79 80 82 89 91 
11 12 13 32 50 51 67 88 94 99 
20 24 33 39 45 52 56 59 61 66 68 69 75 86 
9 34 38 47 55 71 74 77 81 84 96 
10 14 16 35 42 48 63 98 
4 22 25 27 29 30 31 36 43 48 62 72 79 80 82 89 
2 5 6 17 25 37 49 54 64 93 
9 13 34 38 47 71 74 77 
20 24 33 39 45 50 52 56 59 61 66 68 69 75 86 
16 21 40 53 58 85 92 95 
18 28 41 78 83 97 
10 14 16 35 42 63 98 
4 5 25 27 29 30 31 36 43 62 72 79 80 82 89 
1 3 10 44 55 59 63 65 96 98 
20 24 33 39 45 50 56 66 69 75 86 
0 21 46 53 60 73 87 95 
23 34 38 47 55 71 74 81 84 96 
10 14 35 36 48 57 63 70 80 82 98 
2 6 17 37 49 54 64 78 93 
