100
80
8

0 24 26 52 61 62 74 86 
1 3 11 16 39 47 92 93 
2 17 21 42 43 46 49 58 63 71 80 87 
1 3 11 39 47 70 92 93 
4 8 13 15 18 20 48 67 78 83 97 99 
5 7 12 23 28 32 41 45 50 56 66 68 70 77 82 84 88 94 95 98 
6 11 13 47 48 56 89 90 96 97 
5 7 11 28 32 41 45 47 56 66 68 70 77 82 84 88 94 96 98 
4 8 13 15 18 20 48 67 78 83 97 99 
9 28 32 33 39 41 50 55 64 77 84 
10 17 40 42 43 49 71 76 
1 3 6 7 11 47 70 96 
5 12 23 28 32 41 45 50 57 66 68 77 84 95 98 
4 6 8 13 48 67 97 99 
14 19 24 26 36 44 61 65 72 91 
4 8 15 16 18 20 25 35 67 73 78 81 83 85 99 
1 15 16 18 20 25 35 67 73 74 78 83 85 92 93 
2 10 17 19 40 43 49 63 71 80 87 91 
4 8 15 16 18 20 25 48 67 78 83 85 99 
14 17 19 43 63 72 91 
4 8 15 16 18 20 25 35 67 73 78 81 83 85 99 
2 21 46 58 60 63 71 80 87 
22 30 31 51 75 76 79 
5 12 23 29 45 56 66 68 82 88 94 95 98 
0 14 24 26 34 38 52 61 62 65 72 86 
15 16 18 20 25 27 35 37 59 73 74 78 81 85 
0 14 24 26 36 44 52 58 61 62 63 65 72 91 
25 27 35 37 54 59 69 73 81 
5 7 9 12 28 32 41 45 50 55 57 66 68 70 77 84 88 98 
23 29 45 56 66 82 88 89 90 94 95 
22 30 51 75 76 
22 31 33 42 51 64 75 76 79 
5 7 9 12 28 32 41 45 50 55 57 66 68 70 77 84 88 98 
9 31 33 39 55 64 79 
24 34 38 54 61 65 86 
15 16 20 25 27 35 37 59 73 74 78 81 85 
14 26 36 44 61 65 72 
25 27 35 37 38 54 59 73 74 
24 34 37 38 54 61 86 
1 3 9 33 39 41 55 
10 17 40 42 43 49 76 87 
5 7 9 12 28 32 39 41 50 55 57 68 70 77 84 98 
2 10 31 40 42 49 71 75 76 79 
2 10 17 19 40 43 49 87 91 
14 26 36 44 61 65 72 91 
5 7 12 23 28 29 32 45 56 66 68 82 88 94 95 98 
2 21 46 58 60 62 63 71 80 87 
1 3 6 7 11 47 70 96 
4 6 8 13 18 48 67 83 97 99 
2 10 17 40 42 43 49 71 76 
5 9 12 28 32 41 50 55 57 64 68 77 84 98 
22 30 31 51 75 79 
0 24 26 52 58 61 62 63 72 74 86 
53 69 81 
27 34 37 38 54 74 86 
9 28 32 33 39 41 50 55 57 64 77 84 
5 6 7 23 29 45 56 66 68 70 82 88 89 90 94 95 96 98 
12 28 32 41 50 55 57 64 68 77 84 
2 21 26 46 52 58 62 63 72 80 87 91 
25 27 35 37 59 69 73 81 
21 46 60 62 74 80 92 93 
0 14 24 26 34 36 38 44 52 61 65 72 86 
0 24 26 46 52 58 60 62 63 74 86 
2 17 19 21 26 46 52 58 62 63 72 80 87 91 
9 31 33 50 55 57 64 79 
14 24 26 34 36 44 61 65 72 
5 7 12 23 28 29 32 45 56 66 68 70 77 82 84 88 90 94 95 98 
4 8 13 15 16 18 20 48 67 78 83 85 97 99 
5 7 12 23 28 32 41 45 50 56 57 66 68 70 77 82 84 88 95 98 
27 53 59 69 73 81 
3 5 7 11 28 32 41 47 56 66 68 70 77 84 88 96 98 
2 10 17 21 42 46 49 71 80 87 
14 19 24 26 36 44 52 58 61 63 65 72 91 
15 16 20 25 27 35 37 59 69 73 81 85 
0 16 25 35 37 52 54 60 62 74 85 86 92 93 
22 30 31 42 51 75 76 79 
10 22 30 31 40 42 49 75 76 79 
5 7 9 12 28 32 41 50 55 57 66 68 70 77 84 98 
4 8 15 16 18 20 25 35 67 78 83 85 99 
22 31 33 42 51 64 75 76 79 
