100
80
8

0 31 37 68 72 
1 
2 35 86 92 
3 8 48 77 84 96 97 
4 56 
5 20 25 42 71 
6 10 16 58 
7 50 67 73 94 
3 8 48 84 96 98 
9 24 41 49 79 
6 10 16 58 
11 12 28 45 46 
11 12 28 45 46 
13 73 
14 57 63 
15 43 51 85 98 
6 10 16 58 
17 36 48 97 
18 25 71 
19 42 60 87 90 93 
5 20 25 71 
21 
22 32 
23 28 30 40 65 78 
9 24 41 49 54 79 
5 18 20 25 71 
26 39 75 
27 32 66 88 90 91 99 
11 12 23 28 30 45 
29 40 65 81 89 
23 28 30 
0 31 68 72 82 
22 27 32 87 
33 62 
34 80 
2 35 86 92 
17 36 77 
0 37 66 72 88 91 99 
38 51 85 
26 39 55 
23 29 40 53 78 
9 24 41 49 54 79 
5 19 42 60 64 
15 43 51 85 98 
44 70 
11 12 28 45 46 
11 12 45 46 
47 83 
3 8 17 48 84 96 97 
9 24 41 49 54 79 
7 50 67 73 
15 38 43 51 
52 
40 53 
24 41 49 54 79 
39 55 69 
4 56 
14 57 63 
6 10 16 58 
59 
19 42 60 93 
61 74 95 
33 62 
14 57 63 
42 64 
23 29 65 78 
27 37 66 88 91 99 
7 50 67 73 
0 31 68 72 
55 69 
44 70 
5 18 20 25 71 
0 31 37 68 72 88 
7 13 50 67 73 94 
61 74 
26 75 
76 87 90 
3 36 77 
23 40 65 78 
9 24 41 49 54 79 
