200
100
10

0 10 62 73 89 104 183 
1 36 47 62 68 137 142 190 
2 35 131 140 157 192 
3 164 196 
4 12 39 53 126 128 143 146 
5 7 15 94 116 145 
6 
5 7 25 31 63 92 94 145 
8 60 88 121 158 162 166 168 182 
9 29 160 195 
0 10 18 62 70 89 104 135 183 190 
11 48 97 108 
4 12 39 53 126 128 
13 17 50 76 79 85 95 113 127 130 149 
14 35 131 140 199 
5 15 116 133 161 
16 32 78 83 99 120 122 151 185 188 
13 17 40 56 79 127 172 
10 18 24 68 70 104 138 155 197 
19 21 37 75 101 147 184 193 
20 27 59 125 
19 21 37 49 52 75 101 193 
22 26 107 134 152 163 
23 81 111 114 
18 24 68 70 138 178 197 
7 25 31 63 92 94 115 123 145 
22 26 71 107 143 146 
20 27 59 65 124 125 
28 30 57 72 101 
9 29 136 167 173 195 
28 30 44 57 72 74 96 109 129 
7 25 31 63 92 94 115 145 182 
16 32 100 112 120 144 156 185 
33 58 61 194 
34 58 90 103 169 178 
2 14 35 131 140 157 
1 36 47 68 190 
19 21 37 75 86 147 184 193 
38 44 74 77 109 115 129 179 180 
4 12 39 84 128 152 160 
17 40 49 52 56 
41 55 106 137 139 159 
42 47 59 65 189 
43 75 93 148 153 191 
30 38 44 57 74 77 109 129 179 180 
45 47 137 142 
46 76 82 98 123 154 174 
1 36 42 45 47 
11 48 97 108 
21 40 49 52 75 
13 50 79 113 130 
51 91 117 171 
21 40 49 52 75 148 
4 12 53 126 164 
54 110 150 165 177 181 198 
41 55 119 139 159 
17 40 56 83 87 99 127 188 
28 30 44 57 67 101 109 180 
33 34 58 169 178 194 
20 27 42 59 65 91 187 189 
8 60 74 88 121 129 158 162 168 179 182 
33 61 194 
0 1 10 62 89 135 137 183 190 
7 25 31 63 92 94 98 115 133 145 161 
64 89 96 106 135 183 
27 42 59 65 91 187 189 
66 73 86 141 147 155 176 184 
57 67 101 109 113 172 180 
1 18 24 36 68 70 138 190 197 
69 87 118 122 
10 18 24 68 70 104 138 190 197 
26 71 140 143 
28 30 72 96 
0 66 73 104 141 155 
30 38 44 60 74 77 109 129 168 179 
19 21 37 43 49 52 75 184 191 193 
13 46 76 85 95 130 149 154 
38 44 74 77 109 115 129 179 
16 78 83 99 105 120 151 188 
13 17 50 79 85 95 113 127 130 149 
80 150 169 194 
23 81 102 111 114 132 186 
46 82 98 123 154 174 
16 56 78 83 87 99 120 151 188 
39 84 160 
13 76 79 85 95 127 130 149 154 
37 66 86 141 147 176 184 192 193 
56 69 83 87 99 118 122 127 
8 60 88 162 168 179 182 
0 10 62 64 89 135 183 
34 90 
51 59 65 91 187 189 
7 25 31 63 92 94 115 123 145 
43 93 148 153 170 175 191 
5 7 25 31 63 92 94 145 
13 76 79 85 95 127 130 149 154 
30 64 72 96 129 
11 48 97 108 
46 63 82 98 123 133 145 161 174 
16 56 78 83 87 99 120 151 188 
