200
160
16

0 14 41 60 64 101 103 109 137 159 193 198 
1 43 75 140 162 175 
2 5 24 44 68 80 145 151 154 164 
3 7 20 31 114 118 121 143 
4 51 84 92 156 158 
2 5 24 44 68 154 164 
6 66 88 140 152 153 168 175 189 
3 7 20 31 114 118 121 143 
8 61 90 123 126 196 
9 47 48 102 135 
10 55 58 93 117 138 146 170 
11 22 132 148 184 
12 61 126 160 165 186 187 
13 16 46 69 72 88 124 139 152 180 183 
0 14 33 41 60 64 79 103 109 159 166 171 193 195 
15 50 96 116 174 
13 16 46 69 72 88 119 124 139 152 180 183 
17 23 38 73 121 190 
18 56 94 105 111 149 192 
19 76 130 
3 7 20 27 31 49 112 114 118 161 
21 76 
11 22 132 148 184 
17 23 67 73 108 121 
2 5 24 44 68 80 145 151 154 164 
25 35 59 66 153 177 
26 45 133 195 
20 27 31 49 114 118 169 
28 52 70 97 125 196 
29 54 71 87 197 
30 115 146 
3 7 20 27 31 49 108 114 118 121 143 169 
32 95 120 129 149 172 
14 33 60 64 79 103 159 171 193 195 
34 78 99 112 113 191 
25 35 59 153 177 
36 76 82 
37 127 
17 38 73 74 86 89 116 136 
39 45 166 195 
40 81 100 101 106 119 137 141 155 178 185 188 
0 14 41 64 103 109 159 193 
42 83 105 128 134 165 192 
1 43 75 140 168 175 
2 5 24 44 68 80 151 154 163 164 
26 39 45 133 166 195 
13 16 46 69 72 81 119 124 139 180 183 188 
9 47 48 199 
9 47 48 102 135 
20 27 31 49 
15 50 55 57 58 96 116 
4 51 92 128 158 
28 52 70 110 125 
53 132 
29 54 71 85 87 182 197 
10 50 55 57 58 98 170 190 
18 56 94 111 129 149 172 
50 55 57 58 73 98 190 
10 50 55 57 58 98 190 
25 35 59 97 177 
0 14 33 60 64 79 101 103 159 171 193 
8 12 61 90 123 126 160 186 187 
62 128 
63 82 104 170 
0 14 33 41 60 64 79 101 103 109 159 171 193 
65 124 139 144 
6 25 66 153 168 189 
23 67 104 107 
2 5 24 44 68 80 145 151 154 164 
13 16 46 69 72 88 124 139 152 180 183 
28 52 70 125 160 
29 54 71 85 87 197 
13 16 46 69 72 88 124 139 152 180 183 
17 23 38 57 73 98 190 
38 74 86 89 116 132 136 
1 43 75 162 175 
19 21 36 76 130 
77 89 132 143 
34 78 99 112 113 161 
14 33 60 64 79 101 103 159 171 193 
2 24 44 68 80 145 151 154 163 
40 46 81 101 119 137 139 183 185 188 
36 63 82 107 
42 83 84 134 156 157 186 187 
4 83 84 156 157 158 186 187 
54 71 85 115 117 138 
38 74 86 89 116 136 174 
29 54 71 87 197 
6 13 16 69 72 88 124 152 180 
38 74 77 86 89 132 136 143 
8 61 90 123 
91 122 145 
4 51 92 128 158 
10 93 117 170 182 
18 56 94 111 129 149 172 192 
32 95 120 129 149 165 172 
15 50 96 
28 59 97 
55 57 58 73 98 190 
34 78 99 112 113 191 
40 100 106 141 155 178 198 
0 40 60 64 79 81 101 103 109 137 159 188 
9 48 102 
0 14 33 41 60 64 79 101 103 109 159 171 193 
63 67 104 107 
18 42 105 128 192 
40 100 106 141 155 178 185 198 
67 82 104 107 127 
23 31 108 121 169 
0 14 41 64 101 103 109 159 193 198 
52 110 173 
18 56 94 111 129 149 172 192 
20 34 78 99 112 113 114 118 161 
34 78 99 112 113 191 
3 7 20 27 31 112 114 118 143 161 
30 85 115 138 142 146 
15 38 50 74 86 116 136 174 
10 85 93 117 138 170 182 
3 7 20 27 31 112 114 118 143 161 
16 40 46 81 119 139 141 183 185 188 
32 95 120 129 149 172 
3 7 17 23 31 108 121 143 169 
91 122 145 
8 61 90 123 196 
13 16 46 65 69 72 88 124 139 152 180 183 
28 52 70 125 160 196 
8 12 61 126 160 186 187 
37 107 127 
42 51 62 92 105 128 134 
32 56 94 95 111 120 129 149 165 172 
19 76 130 167 
131 150 181 194 
11 22 53 74 77 89 132 136 184 
26 45 133 
42 83 128 134 156 165 186 187 192 
9 48 135 176 
38 74 86 89 116 132 136 174 
0 40 81 101 137 178 185 188 
10 85 115 117 138 142 146 
13 16 46 65 69 72 81 119 124 139 180 183 
1 6 43 140 168 175 189 
40 100 106 119 141 155 178 185 188 
115 138 142 146 
3 7 31 77 89 114 118 121 143 
65 144 150 
2 24 68 80 91 122 145 151 
10 30 115 138 142 146 
147 179 199 
11 22 148 184 
18 32 56 94 95 111 120 129 149 172 
131 144 150 181 194 
2 24 44 68 80 145 151 154 163 164 
6 13 16 69 72 88 124 152 180 
6 25 35 66 153 177 189 
2 5 24 44 68 80 151 154 163 164 
40 100 106 141 155 178 185 
4 83 84 134 156 157 158 186 187 
83 84 156 157 158 
4 51 84 92 156 157 158 
0 14 33 41 60 64 79 101 103 109 159 171 193 
