100
50
10

0 21 37 53 77 90 
1 10 12 34 36 
2 8 57 84 
3 4 15 47 50 60 71 87 89 91 
3 4 50 60 71 91 
5 23 93 
6 42 56 70 
7 38 64 
2 8 57 84 
9 14 16 58 61 78 
1 10 12 36 66 85 
11 65 67 82 
1 10 12 36 66 85 
13 69 80 94 
9 14 16 31 58 61 78 
3 15 91 
9 14 16 31 61 78 97 
17 51 
18 
19 
20 34 40 62 
0 21 29 37 81 
22 24 39 86 
5 23 
22 24 35 
25 
26 44 63 72 79 83 88 
27 74 95 98 
28 32 43 75 
21 29 37 90 
30 49 55 68 73 95 
14 16 31 54 78 
28 32 43 75 
33 52 92 
1 20 34 36 40 62 
24 35 
1 10 12 34 36 41 62 85 
0 21 29 37 77 90 
7 38 64 
22 39 59 86 
20 34 40 62 
36 41 45 85 
6 42 56 96 
28 32 43 75 95 
26 44 72 79 
41 45 49 
46 
3 47 50 76 99 
48 
30 45 49 73 
