100
80
8

0 10 56 83 90 
1 9 12 17 18 22 23 25 30 40 48 67 79 97 
2 8 20 31 53 72 86 
3 32 37 42 56 57 59 74 77 82 83 84 91 92 
4 6 7 14 24 42 45 46 54 60 80 89 
5 13 27 29 34 44 49 51 58 59 63 65 68 73 87 88 
4 6 7 11 14 24 45 46 54 60 73 75 80 81 89 98 
4 6 7 11 14 24 45 46 54 60 75 80 81 89 94 98 
2 8 19 31 53 66 72 86 
1 9 23 40 48 57 69 79 92 97 99 
0 10 90 
6 7 11 24 43 46 61 75 80 81 89 94 98 
1 12 17 18 22 23 25 30 48 67 96 97 
5 13 27 29 34 58 65 70 73 75 85 87 88 89 
4 6 7 14 24 42 45 46 54 60 75 80 81 89 
15 39 41 43 61 62 71 78 
16 17 18 19 21 36 38 49 51 66 68 95 97 
1 12 16 17 18 21 22 25 30 35 36 38 67 95 96 97 
1 12 16 17 18 21 22 36 38 49 66 67 68 95 96 97 
8 16 19 21 35 36 53 66 72 95 
2 20 28 31 53 55 86 
16 17 18 19 21 35 36 66 67 72 95 96 
1 12 17 18 22 23 25 30 40 48 67 79 97 
1 9 12 22 23 40 48 57 69 76 79 97 99 
4 6 7 11 14 24 46 54 60 75 80 81 89 94 98 
1 12 17 22 25 30 67 96 
26 28 51 55 85 93 
5 13 27 29 34 44 49 51 59 63 65 68 73 87 88 
20 26 28 55 
5 13 27 29 34 44 49 51 58 59 63 65 68 73 87 88 
1 12 17 22 25 30 35 67 96 
2 8 20 31 53 72 86 
3 32 37 56 57 74 77 82 83 84 91 92 
33 47 50 52 69 79 
5 13 27 29 34 42 44 46 58 59 63 65 73 75 87 88 89 
17 19 21 30 35 67 95 96 
16 17 18 19 21 36 38 49 51 66 68 95 
3 32 37 57 74 77 82 83 84 91 92 99 
16 17 18 36 38 49 51 68 76 88 97 
15 39 41 43 61 62 70 71 78 85 93 
1 9 22 23 40 48 57 69 79 99 
15 39 41 43 61 62 71 78 
3 4 14 34 42 44 59 63 77 83 
11 15 39 41 43 58 61 62 70 71 75 78 85 94 98 
5 27 29 34 42 44 59 63 65 73 77 87 88 
4 6 7 14 45 54 60 80 
4 6 7 11 14 24 34 46 54 60 65 73 75 80 81 89 94 98 
33 47 48 52 64 79 
1 9 12 22 23 40 47 48 69 79 99 
5 16 18 27 29 36 38 49 51 66 68 76 88 97 
33 50 69 99 
5 16 26 27 29 36 38 49 51 68 87 88 
33 47 52 64 
2 8 19 20 31 53 66 72 86 
4 6 7 14 24 45 46 54 60 80 
20 26 28 55 86 
0 3 32 56 74 77 82 83 84 90 91 
3 9 23 32 37 40 57 69 74 76 79 82 92 97 99 
5 13 29 34 43 58 65 70 73 75 85 87 89 
3 5 27 29 34 42 44 59 63 68 76 77 83 88 
4 6 7 14 24 45 46 54 60 80 
11 15 39 41 43 61 62 71 78 94 98 
15 39 41 43 61 62 70 71 78 85 93 
5 27 29 34 42 44 59 63 65 73 77 87 88 
47 52 64 
5 13 27 29 34 44 46 58 63 65 73 75 87 88 89 
8 16 18 19 21 36 49 53 66 72 95 
1 12 17 18 21 22 25 30 35 67 95 96 
5 16 18 27 29 36 38 49 51 59 68 76 88 97 
9 23 33 40 48 50 57 69 79 92 99 
13 39 43 58 62 70 73 78 85 87 93 
15 39 41 43 61 62 71 78 94 
2 8 19 21 31 53 66 72 86 95 
5 6 13 27 29 34 44 46 58 63 65 70 73 75 87 88 89 
3 32 37 56 57 74 77 82 83 84 91 92 
6 7 11 13 14 24 34 43 46 58 65 73 75 80 81 89 94 98 
23 38 49 57 59 68 76 92 97 
3 32 37 42 44 56 59 63 74 77 82 83 
15 39 41 43 61 62 70 71 78 85 98 
1 9 22 23 33 40 47 48 57 69 79 99 
