100
80
8

0 8 13 16 26 27 30 31 53 64 77 83 89 93 
1 17 34 39 45 48 51 56 62 73 92 
2 33 42 58 63 71 
3 8 21 37 59 70 76 81 94 
4 22 33 55 63 68 76 84 94 
5 11 14 20 39 40 47 56 57 62 99 
6 18 24 38 42 43 49 52 71 72 75 78 
7 23 25 44 67 87 
0 3 8 21 30 31 59 77 86 93 
9 35 41 65 74 82 95 97 
10 66 98 
5 11 14 20 39 40 56 57 99 
12 15 19 28 61 69 91 
0 13 26 27 31 43 52 53 54 60 64 75 83 88 89 93 
5 11 14 20 39 40 47 54 57 99 
12 15 19 28 62 79 80 85 91 
0 16 26 30 31 50 64 77 93 98 
1 17 34 45 48 51 56 73 92 
6 18 24 27 28 38 43 46 49 52 60 78 79 85 89 
12 15 19 28 29 61 69 91 
5 11 14 20 39 40 47 54 57 99 
3 8 21 22 32 59 70 76 81 84 90 94 
4 21 22 32 55 59 68 70 76 81 84 90 94 
7 23 25 44 67 87 
6 18 24 38 42 43 49 52 71 74 78 82 
7 23 25 44 67 87 
0 13 16 26 27 31 53 54 64 77 83 88 89 93 
0 13 18 26 27 43 46 52 53 54 60 75 83 88 89 93 
12 15 18 19 28 46 78 79 80 85 91 
19 29 36 41 61 65 69 82 91 95 96 
0 8 16 30 31 50 77 86 93 98 
0 8 13 16 26 30 31 50 64 77 83 86 93 
21 22 32 59 70 76 84 90 94 
2 4 33 42 55 58 63 68 71 
1 17 34 39 45 48 51 56 73 92 
9 35 41 65 71 74 82 95 96 97 
29 36 41 65 69 95 96 
3 37 43 68 72 75 76 81 
6 18 24 38 42 43 49 52 74 78 82 85 
1 5 11 14 20 34 39 40 47 51 56 62 73 80 99 
5 11 14 20 39 40 47 54 57 99 
9 29 35 36 41 65 74 82 95 96 97 
2 6 24 33 38 42 49 58 63 71 
6 13 18 24 27 37 38 43 49 52 60 72 75 83 89 
7 23 25 44 67 87 
1 17 34 45 48 51 56 73 92 
18 27 28 46 47 53 54 60 79 80 85 88 
5 14 20 39 40 46 47 53 54 57 79 80 88 99 
1 17 34 45 48 51 56 73 92 
6 18 24 38 42 43 49 52 71 78 
16 30 31 50 77 86 98 
1 17 34 39 45 48 51 56 73 92 
6 13 18 24 27 38 43 49 52 60 72 75 83 89 
0 13 26 27 46 47 53 54 64 83 88 
13 14 20 26 27 40 46 47 53 54 57 64 88 
4 22 33 55 63 68 76 84 94 
1 5 11 17 34 39 45 48 51 56 73 99 
5 11 14 20 40 47 54 57 87 99 
2 33 42 58 63 71 
3 8 21 22 32 59 70 84 90 94 
13 18 27 43 46 52 60 72 75 83 88 89 
12 19 29 61 69 82 91 95 96 
1 5 15 39 62 73 79 80 99 
2 4 33 42 55 58 63 68 71 
0 13 16 26 31 53 54 64 87 88 93 
9 29 35 36 41 65 74 82 95 96 97 
10 66 67 
7 23 25 44 66 67 87 
4 22 33 37 55 63 68 76 81 84 94 
12 19 29 36 61 69 82 91 95 96 
3 21 22 32 59 70 76 81 84 90 94 
2 6 24 33 35 42 49 58 63 71 
6 37 43 52 60 72 75 81 89 
1 17 34 39 45 48 51 56 62 73 80 92 
9 24 35 38 41 65 74 82 95 96 97 
6 13 27 37 43 52 60 72 75 83 89 
3 4 21 22 32 37 55 68 70 76 81 84 90 94 
0 8 16 26 30 31 50 77 86 93 98 
6 18 24 28 38 49 78 82 85 91 
15 18 28 46 47 62 79 80 85 
