100
80
16

0 6 32 33 36 43 61 85 
1 16 17 38 41 48 49 69 70 73 80 98 
2 8 12 14 21 23 38 41 48 66 76 86 98 
3 4 19 33 34 35 37 39 45 51 59 67 77 83 95 
3 4 19 20 33 36 39 59 67 95 96 
5 9 26 41 50 52 53 55 66 78 86 98 
0 6 32 43 85 91 
7 13 56 72 82 91 
2 8 12 14 21 23 38 48 69 76 80 86 98 
5 9 22 26 27 30 50 53 55 66 81 87 99 
10 21 23 44 71 
11 15 22 24 27 29 30 54 68 87 92 99 
2 8 12 14 18 21 23 44 48 71 76 86 
7 13 40 56 58 65 72 82 84 
2 8 12 14 17 21 23 38 48 69 71 76 80 86 88 
11 15 24 29 57 68 89 90 
1 16 17 38 41 49 70 73 80 
1 14 16 17 21 23 28 38 48 69 73 80 88 97 
12 18 44 60 65 75 76 84 93 
3 4 19 34 35 37 39 45 51 59 64 67 77 83 95 
4 20 33 36 39 61 62 95 96 
2 8 10 12 14 17 21 23 28 38 48 69 71 76 80 86 88 
9 11 22 24 27 29 30 50 53 87 99 
2 8 10 12 14 17 21 23 38 48 69 71 76 80 86 88 
11 15 22 24 29 30 57 68 87 89 
25 31 37 45 50 51 52 53 64 74 77 78 83 93 
5 9 26 41 49 50 53 55 66 78 81 98 
9 11 22 27 29 30 50 54 81 87 92 99 
17 21 28 38 69 73 80 88 97 
11 15 22 24 27 29 30 54 68 87 92 99 
9 11 22 24 27 29 30 50 87 92 99 
25 31 37 45 50 51 52 53 64 74 77 78 83 
0 6 32 79 85 91 
0 3 4 20 33 36 39 43 61 62 95 
3 19 34 35 37 39 45 51 64 77 79 83 93 
3 19 34 35 37 39 45 51 60 64 77 79 83 93 
0 4 20 33 36 43 61 62 95 
3 19 25 31 34 35 37 45 51 52 64 74 77 83 93 
1 2 8 14 16 17 21 23 28 38 48 69 70 73 80 88 97 
3 4 19 20 33 34 35 39 45 47 59 67 83 95 96 
13 40 44 58 84 
1 2 5 16 26 41 48 49 55 66 70 81 98 
42 56 58 63 72 94 
0 6 33 36 43 61 62 85 
10 12 18 40 44 71 76 84 
3 19 25 31 34 35 37 39 45 47 51 52 59 64 67 74 77 83 93 
46 47 59 67 90 96 
39 45 46 47 57 59 67 90 96 
1 2 8 12 14 17 21 23 38 41 48 69 73 76 80 86 88 98 
1 16 26 41 49 55 70 81 98 
5 9 22 25 26 27 30 31 50 53 55 66 74 78 87 99 
3 19 25 31 34 35 37 45 51 52 53 64 74 77 78 83 93 
5 25 31 37 45 51 52 53 60 64 74 77 78 93 
5 9 22 25 26 31 50 51 52 53 55 64 66 74 77 78 
11 27 29 54 92 
5 9 26 41 49 50 53 55 66 78 81 98 99 
7 13 42 56 58 63 72 82 94 
15 24 47 57 68 89 90 
13 40 42 56 58 63 82 94 
3 4 19 39 45 46 47 59 67 83 90 95 96 
18 35 52 60 64 65 75 77 79 84 93 
0 20 33 36 43 61 62 85 
20 33 36 43 61 62 95 
42 56 58 63 94 
19 25 31 34 35 37 45 51 52 53 60 64 74 77 78 83 93 
13 18 60 65 75 79 82 84 
2 5 9 26 41 50 53 55 66 78 86 98 
3 4 19 39 45 46 47 59 67 83 90 95 96 
11 15 24 29 57 68 89 
1 8 14 17 21 23 28 38 48 69 73 80 88 97 
1 16 38 41 49 70 98 
10 12 14 21 23 44 71 76 88 
7 13 42 56 72 82 91 
1 16 17 28 38 48 69 73 80 88 97 
25 31 37 45 50 51 52 53 64 74 77 83 
18 60 65 75 77 79 84 93 
2 8 12 14 18 21 23 44 48 71 76 86 
3 19 25 31 34 35 37 45 51 52 53 60 64 74 75 77 78 83 93 
5 25 26 31 50 51 52 53 55 64 66 77 78 
32 34 35 60 65 75 79 82 84 91 93 
