150
75
15

0 3 57 79 
1 46 50 70 
2 27 38 56 63 87 105 107 124 138 147 
0 3 22 79 
4 37 39 59 104 109 112 113 
5 75 134 143 
6 58 129 
7 28 41 
8 30 40 101 135 
9 44 
10 74 
11 62 92 111 137 148 
12 60 116 129 
13 24 88 89 135 142 145 
14 37 59 112 113 127 131 144 
15 21 
16 30 34 55 95 123 
17 47 78 116 
18 33 84 
19 66 76 84 118 140 
20 26 83 99 110 119 133 
15 21 98 132 
3 22 79 80 
23 77 120 
13 24 88 123 135 145 
25 85 93 
20 26 99 119 146 
2 27 56 82 90 124 147 
7 28 41 80 130 
29 75 82 126 136 149 
8 16 30 34 55 95 123 135 
31 69 
32 52 81 141 
18 33 84 
16 30 34 55 95 
35 103 
36 67 102 114 
4 14 37 59 109 112 113 127 131 144 
2 38 46 63 70 87 107 124 
4 39 51 109 112 113 128 
8 40 101 
7 28 41 80 
42 45 
43 100 115 139 
9 44 73 106 108 
42 45 
1 38 46 63 70 87 107 124 
17 47 78 116 
48 53 66 76 98 132 
49 104 
1 50 65 70 107 
39 51 77 
32 52 81 131 141 
48 53 86 94 98 
54 
16 30 34 55 125 
2 27 56 90 105 138 147 
0 57 79 96 117 
6 58 60 121 
4 14 37 59 109 112 113 127 131 144 
12 58 60 116 121 
61 
11 62 
2 38 46 63 70 87 107 124 
64 102 121 
50 65 70 72 
19 48 66 76 98 118 132 140 
36 67 114 
68 85 
31 69 71 81 122 141 146 
1 38 46 50 63 65 70 72 87 107 124 
69 71 97 122 146 
65 70 72 87 105 107 
44 73 88 106 
10 74 91 
