150
75
8

0 5 21 75 112 143 
1 12 83 87 94 95 
2 55 72 77 91 131 148 
3 46 56 149 
4 13 97 
0 5 21 27 75 112 140 143 
6 10 33 101 
7 17 23 24 29 81 85 119 120 129 130 
8 38 39 47 84 96 121 123 146 
9 15 29 55 92 125 
6 10 33 88 101 
11 15 92 
1 12 63 83 87 
4 13 34 61 
14 22 
9 11 15 92 
16 36 122 
7 17 23 30 59 85 110 129 130 
18 79 
19 67 98 
20 32 124 
0 5 21 75 112 143 
14 22 
7 17 23 24 59 85 119 120 129 130 
7 23 24 81 85 119 120 129 130 136 
25 63 69 107 
26 64 73 147 
5 27 93 122 127 140 
28 51 88 89 100 105 119 120 126 
7 9 29 51 119 120 125 126 
17 30 55 72 91 103 125 148 
31 35 52 53 
20 32 124 127 
6 10 33 88 89 101 105 
13 34 61 62 114 
31 35 52 
16 36 109 132 139 
37 50 82 115 116 141 
8 38 39 47 84 96 121 123 
8 38 39 47 84 121 
40 108 113 142 
41 57 60 133 134 
42 
43 
44 45 59 70 74 85 90 110 118 137 138 
44 45 59 90 110 118 129 136 137 138 
3 46 56 149 
8 38 39 47 84 121 
48 74 76 
49 102 117 133 
37 50 73 141 147 
28 29 51 88 89 100 105 119 120 126 
31 35 52 144 
31 53 
54 65 66 144 
2 9 30 55 72 91 125 148 
3 46 56 78 149 
41 57 134 
58 79 99 
17 23 44 45 59 70 85 90 110 129 130 136 
41 60 128 134 
13 34 61 
34 62 114 
12 25 63 69 83 94 
26 64 73 111 145 147 
54 65 66 144 
54 65 66 
19 67 86 98 102 106 117 
68 112 113 135 143 
25 63 69 
44 59 70 85 90 104 110 
71 
2 30 55 72 77 91 103 125 131 148 
26 50 64 73 80 147 
44 48 74 90 93 118 137 138 
