150
75
15

0 112 
1 30 31 105 106 117 
2 48 84 138 146 
3 6 10 24 39 148 
4 32 
5 40 63 115 118 124 149 
3 6 10 15 39 45 127 148 
7 46 89 
8 91 116 
9 29 67 89 94 
3 6 10 29 83 148 
11 43 72 97 107 119 122 140 
12 58 62 139 
13 
14 75 134 
6 15 39 64 
16 19 27 51 79 142 
17 40 
18 20 41 44 114 117 120 135 
16 19 27 51 79 142 
18 20 37 44 67 105 120 135 144 
21 78 132 
22 34 40 82 85 115 123 124 
23 35 42 102 110 121 147 
3 24 83 84 138 
25 97 119 131 
26 50 61 109 145 
16 19 27 42 51 79 142 
28 74 87 93 128 
9 10 29 70 133 148 
1 30 31 105 106 117 
1 30 31 106 117 125 
4 32 80 103 108 113 
33 73 
22 34 82 85 115 118 124 
23 35 91 110 116 121 
36 81 109 114 143 145 
20 37 89 105 120 
38 95 137 
3 6 15 39 45 64 148 
5 17 22 40 63 115 124 
18 41 44 114 117 120 135 
23 27 42 51 69 79 102 147 
11 43 72 119 140 
18 20 41 44 67 105 120 135 144 
6 39 45 65 70 88 127 133 148 
7 46 48 92 146 
47 101 103 107 113 
2 46 48 86 92 146 
49 57 95 103 
26 50 61 
16 19 27 42 51 69 79 
52 56 60 104 111 129 141 
53 71 87 93 128 
54 58 62 66 68 100 
55 96 138 
52 56 59 60 111 126 141 
49 57 95 
12 54 58 62 
56 59 76 126 136 141 
52 56 60 111 126 141 
26 50 61 132 
12 54 58 62 66 68 139 
5 40 63 115 118 124 
15 39 64 88 
45 65 70 99 127 133 
54 62 66 68 90 100 
9 20 44 67 89 94 144 
54 62 66 68 90 
42 51 69 
29 45 65 70 127 133 148 
53 71 77 97 98 
11 43 72 140 
33 73 
28 74 87 128 130 131 
