200
100
20

0 1 11 20 22 50 58 68 70 71 92 132 133 134 139 148 163 169 175 195 
0 1 20 22 32 50 55 57 58 68 70 76 80 92 139 144 169 170 180 184 191 195 
2 10 25 29 30 35 61 67 90 96 97 103 105 110 119 124 125 143 145 146 147 155 158 168 172 189 
3 6 12 18 48 51 53 77 79 94 115 131 173 198 
4 31 61 81 87 96 113 118 138 143 149 150 156 158 172 187 
5 15 27 54 64 66 85 104 107 121 127 130 137 151 159 160 161 177 185 199 
3 6 8 12 33 53 64 74 79 88 94 98 100 115 120 131 135 152 173 176 183 
7 34 39 44 47 91 95 106 123 153 163 170 186 194 
6 8 33 53 64 66 79 88 94 98 100 104 120 121 127 135 159 160 173 199 
9 13 14 19 21 23 26 48 56 59 60 69 72 73 75 89 126 
2 10 25 29 30 35 36 67 78 90 112 114 119 124 125 145 146 147 155 166 168 197 
0 11 17 22 40 68 70 132 133 134 139 141 148 163 175 192 196 
3 6 12 51 53 79 94 100 115 131 135 173 198 
9 13 14 19 21 26 48 56 59 60 69 72 73 75 77 89 101 126 142 174 198 
9 13 14 23 24 26 45 48 56 59 60 69 71 72 73 75 77 84 89 101 126 174 188 
5 15 27 54 64 66 83 85 107 121 127 130 137 151 159 160 161 177 185 199 
16 28 46 65 81 86 102 113 116 117 128 149 162 165 167 171 178 182 
11 17 40 133 134 139 141 148 175 192 196 
3 18 19 21 41 48 51 142 179 198 
9 13 18 19 21 26 41 48 59 60 73 75 89 142 179 
0 1 20 22 32 50 55 57 58 68 70 76 80 92 106 134 139 163 169 170 191 195 
9 13 18 19 21 26 41 48 59 60 72 73 75 77 89 101 142 179 198 
0 1 11 20 22 50 58 68 70 92 132 133 134 139 148 163 169 175 195 
9 14 23 26 56 59 60 72 73 89 99 126 132 
14 24 32 45 50 56 58 63 69 70 71 76 80 84 108 111 126 154 174 181 188 
2 10 25 29 30 35 67 96 97 103 110 119 124 125 145 146 147 168 189 
9 13 14 19 21 23 26 48 56 59 60 69 72 73 75 77 89 101 126 142 174 
5 15 27 37 54 62 82 83 85 107 109 137 151 157 161 164 185 193 
16 28 33 43 66 74 86 88 98 102 104 111 116 117 120 122 128 135 136 152 154 165 171 176 183 
2 10 25 29 30 35 61 67 90 96 97 103 105 110 112 119 124 125 143 145 146 147 155 166 168 197 
2 10 25 29 30 35 36 61 67 78 90 96 97 105 112 119 124 125 140 145 146 147 155 166 168 190 197 
4 31 37 62 81 93 113 116 118 138 149 150 158 162 172 187 
1 20 24 32 38 49 50 52 55 57 58 63 76 80 92 108 117 144 169 180 184 191 195 
6 8 28 33 43 53 64 66 74 79 88 94 98 100 104 115 120 121 122 127 131 135 136 152 154 160 176 183 188 
7 34 39 42 44 47 91 92 95 106 123 134 153 163 170 186 194 
2 10 25 29 30 35 61 67 78 90 96 97 103 110 119 124 125 145 146 147 155 166 168 189 197 
10 30 36 44 78 90 112 114 153 166 168 190 194 197 
27 31 37 54 62 82 93 118 137 149 150 157 164 187 193 
32 38 46 49 52 55 57 65 87 90 105 112 140 144 155 156 162 167 178 180 182 184 190 191 
7 34 39 44 47 55 91 95 106 114 123 153 169 170 180 184 186 190 194 195 
11 17 40 42 129 133 134 141 148 192 196 
18 19 21 41 48 51 60 73 142 179 198 
34 40 42 91 95 106 129 133 134 141 163 186 192 196 
28 33 43 45 53 63 74 86 88 98 102 104 108 111 115 117 120 122 131 135 136 152 154 171 176 181 183 188 
7 34 36 39 44 47 78 91 95 106 114 123 153 166 180 184 190 194 197 
14 24 43 45 48 56 63 69 71 72 74 75 77 84 88 101 108 111 115 122 126 131 135 136 152 154 174 176 181 183 188 
16 38 46 49 52 65 81 86 87 102 105 113 116 117 128 140 144 156 162 165 167 171 178 182 
7 34 39 44 47 91 95 106 123 153 163 170 186 194 
3 9 13 14 18 19 21 26 41 45 48 51 59 60 69 72 73 75 77 89 101 126 142 188 198 
32 38 46 49 52 55 57 65 87 90 105 112 140 144 155 156 167 178 180 184 190 191 
0 1 20 22 24 32 50 56 58 63 68 70 71 76 80 84 92 108 126 139 169 174 181 195 
3 12 18 41 48 51 94 173 179 198 
32 38 46 49 52 55 57 65 87 90 105 112 140 144 155 156 162 167 178 180 182 184 191 
3 6 8 12 33 43 53 64 66 74 79 88 94 98 100 104 115 120 122 127 131 135 136 152 173 176 183 
5 15 27 37 54 62 66 83 85 104 107 121 130 137 149 151 157 160 161 164 177 185 193 
1 20 32 38 39 49 52 55 57 92 112 123 144 169 170 180 184 190 191 195 
9 13 14 23 24 26 45 50 56 58 59 63 68 69 70 71 72 75 76 80 84 89 108 126 132 174 181 188 
1 20 32 38 49 52 55 57 65 76 80 112 117 144 169 178 180 182 184 191 195 
0 1 20 22 24 32 50 56 58 63 68 70 71 76 80 84 92 108 126 132 139 169 174 181 195 
9 13 14 19 21 23 26 48 56 59 60 69 71 72 73 75 77 84 89 99 101 126 132 174 
9 13 14 19 21 23 26 41 48 59 60 69 72 73 75 77 89 101 126 142 
2 4 29 30 35 61 67 87 90 96 97 105 110 119 125 138 140 143 145 146 147 155 156 158 168 172 
27 31 37 54 62 82 93 113 118 137 149 150 157 164 187 193 
24 32 43 45 50 56 58 63 71 76 80 84 102 108 111 117 126 154 171 174 181 188 191 
5 6 8 15 33 53 64 66 79 88 98 100 104 120 121 127 130 135 159 160 177 185 199 
16 38 46 49 52 57 65 81 86 87 102 105 113 116 117 128 140 144 156 158 162 165 167 171 178 182 191 
5 8 15 28 33 53 54 64 66 79 88 98 100 104 107 120 121 122 127 130 135 136 151 159 160 161 177 185 199 
2 10 25 29 30 35 61 67 87 90 96 97 105 110 112 119 124 125 140 143 145 146 147 155 156 158 168 172 197 
0 1 11 20 22 50 56 58 68 70 71 76 84 92 132 133 134 139 148 169 175 195 
9 13 14 24 26 45 48 56 59 60 69 71 72 74 75 77 84 89 101 108 111 115 126 131 152 154 174 181 183 188 198 
0 1 11 20 22 24 50 56 58 68 70 71 76 80 84 92 132 134 139 169 195 
0 14 24 45 50 56 58 59 63 68 69 70 71 72 76 80 84 89 108 111 126 174 181 
9 13 14 21 23 26 45 48 56 59 60 69 71 72 73 75 77 84 89 101 126 174 188 
9 13 14 19 21 23 26 41 48 59 60 72 73 75 77 89 142 
6 28 33 43 45 53 69 74 77 79 88 94 98 100 101 111 115 120 122 131 135 136 152 154 176 183 188 198 
9 13 14 19 21 26 45 48 56 59 60 69 72 73 75 77 84 89 101 126 174 188 198 
1 20 24 32 50 56 57 58 63 68 70 71 76 80 84 108 111 126 154 174 181 191 
3 13 14 21 26 45 48 59 60 69 72 73 74 75 77 89 101 115 126 131 152 154 174 183 188 198 
10 30 35 36 44 78 90 114 124 166 168 197 
3 6 8 12 33 53 64 66 74 79 88 94 98 100 104 115 120 121 122 127 131 135 136 152 173 176 183 
1 20 24 32 50 56 57 58 63 70 71 76 80 84 102 108 111 117 126 144 154 174 181 191 
4 16 31 46 65 81 87 113 116 118 128 138 140 143 149 150 156 158 162 165 167 172 187 
27 37 62 82 83 93 118 137 149 150 157 164 187 193 
15 27 54 82 83 85 107 109 137 151 157 161 164 193 
14 24 45 50 56 58 59 63 68 69 70 71 72 75 76 80 84 89 108 111 126 154 174 181 188 
5 15 27 54 83 85 107 109 130 137 151 157 159 160 161 164 177 185 193 199 
16 28 43 46 65 86 102 111 116 117 122 128 136 162 165 167 171 176 178 182 
4 38 46 49 52 61 65 67 81 87 90 96 105 112 113 125 140 143 155 156 158 162 167 172 178 
6 8 28 33 43 45 53 64 66 74 79 88 94 98 100 104 115 120 122 131 135 136 152 154 173 176 183 188 
9 13 14 19 21 23 26 48 56 59 60 69 71 72 73 75 77 84 89 101 126 174 
2 10 29 30 35 36 38 49 52 61 67 78 87 90 96 105 112 125 140 145 146 147 155 166 168 184 190 197 
7 34 39 42 44 47 91 92 95 106 123 133 134 153 163 169 170 186 194 
0 1 20 22 32 34 50 55 58 68 70 91 92 106 123 133 134 139 163 169 170 186 195 
31 37 62 82 93 118 137 149 150 157 164 187 193 
3 6 8 12 33 51 53 74 79 88 94 98 100 115 120 131 135 152 173 183 198 
7 34 39 42 44 47 91 95 106 123 153 163 170 186 194 
2 4 25 29 30 35 61 67 87 90 96 97 105 110 119 125 138 140 143 145 146 147 155 156 158 168 172 
2 25 29 30 35 61 67 96 97 103 110 119 125 138 143 145 146 147 155 158 172 
6 8 28 33 43 53 64 66 74 79 88 94 98 100 104 115 120 121 122 127 130 131 135 136 152 159 160 173 176 183 199 
23 59 99 132 175 
