200
160
32

0 1 16 29 37 38 50 55 76 77 80 85 95 114 118 128 131 141 151 153 154 162 184 186 190 
0 1 16 29 37 38 50 95 118 129 141 184 190 194 
2 9 19 27 30 41 43 44 45 48 51 52 66 67 71 72 89 109 115 133 136 137 143 165 166 177 198 199 
3 15 17 21 45 51 61 78 86 90 101 102 105 115 126 127 130 132 135 140 149 163 165 177 
4 20 36 39 44 52 65 70 79 83 123 137 139 161 167 173 182 183 192 
5 7 8 10 12 23 24 25 26 68 84 88 92 94 96 98 111 117 119 125 142 146 157 159 168 172 193 197 
6 13 33 34 57 61 110 113 127 130 132 134 140 147 149 169 176 178 
5 7 8 10 12 23 24 25 26 68 82 84 88 92 94 96 98 117 119 125 142 146 152 157 159 168 172 197 
5 7 8 12 23 26 68 81 82 84 88 92 94 96 98 117 119 125 142 157 159 168 172 197 
2 9 19 30 41 43 45 48 51 67 71 72 89 109 136 165 166 177 198 199 
5 7 10 11 23 24 25 32 62 82 103 108 119 124 125 142 145 152 155 158 159 164 168 172 180 181 185 189 191 197 
10 11 22 24 25 27 35 56 62 66 103 108 112 115 121 145 155 174 179 181 189 191 
5 7 8 12 26 60 74 75 81 84 88 92 94 96 98 104 117 119 142 144 150 157 168 187 
6 13 33 57 64 99 101 110 113 120 127 132 134 140 171 175 176 178 
14 17 32 34 54 61 80 93 100 103 114 131 147 151 158 164 180 185 189 
3 15 17 21 35 45 51 61 78 86 90 102 105 115 126 127 130 132 135 140 149 163 165 177 
0 1 16 29 37 38 50 85 95 118 128 129 141 154 184 186 190 194 
3 14 15 17 32 35 54 61 78 90 100 103 126 130 135 140 149 185 189 
18 60 63 74 75 84 94 104 144 150 160 187 
2 9 19 30 41 43 44 45 48 51 52 66 67 71 72 89 109 115 133 136 137 143 165 166 177 198 199 
4 20 31 36 39 44 52 65 70 71 79 83 123 133 137 139 161 167 173 182 183 188 192 
3 15 21 51 64 78 86 99 101 102 105 126 127 130 132 135 140 149 163 165 171 175 177 196 
11 22 24 25 27 35 45 56 62 66 108 112 115 121 143 145 155 174 179 181 191 198 
5 7 8 10 23 24 25 56 62 87 92 96 108 111 117 119 125 142 146 155 159 168 172 181 191 193 197 
5 7 10 11 22 23 24 25 35 56 62 87 108 111 112 117 121 125 145 146 155 159 168 172 174 179 181 191 193 197 
5 7 10 11 22 23 24 25 56 62 87 103 108 111 117 119 125 142 145 146 152 155 159 168 172 174 179 181 191 193 197 
5 7 8 12 26 68 74 81 82 84 88 92 94 96 98 104 107 119 142 157 168 
2 11 22 27 30 31 39 41 44 45 52 62 66 71 83 112 121 133 137 143 145 166 167 173 174 179 188 191 198 
28 34 55 76 77 80 114 118 131 147 151 162 169 186 190 
0 1 16 29 37 38 50 55 76 77 85 95 118 128 141 154 162 184 186 190 
2 9 19 27 30 41 43 45 48 51 52 66 67 71 72 89 109 115 133 135 136 143 163 165 166 177 198 199 
20 27 31 36 39 44 53 56 65 79 83 87 121 123 133 137 143 161 167 173 174 179 188 195 
10 14 17 32 34 54 61 80 90 93 100 103 114 124 152 158 164 180 185 189 
6 13 33 57 64 99 101 105 110 113 120 127 130 132 134 140 149 171 175 176 178 196 
6 14 28 32 34 54 55 57 80 93 100 113 114 131 147 151 169 176 185 
11 15 17 22 24 35 45 62 66 90 108 112 115 121 126 135 145 155 174 179 181 191 
4 20 31 36 39 44 53 65 79 83 123 137 139 161 167 173 183 188 
0 1 16 29 37 38 50 69 85 95 107 118 128 129 141 153 154 184 190 194 
0 1 16 29 37 38 50 95 118 129 141 154 184 186 190 194 
4 20 27 31 36 39 44 53 65 79 83 121 123 133 137 139 143 161 167 173 183 188 195 
40 42 46 47 63 73 75 91 97 106 122 148 156 170 
2 9 19 27 30 41 43 44 48 52 66 67 71 72 83 89 109 121 133 136 137 139 143 161 166 167 182 183 198 199 
40 42 47 58 59 63 75 91 97 106 116 122 138 144 160 170 187 
2 9 19 30 41 43 45 48 51 52 66 67 71 72 89 109 115 133 135 136 163 165 166 177 198 199 
2 4 19 20 27 31 36 39 41 44 52 70 71 72 83 121 123 133 137 139 143 161 166 167 173 182 183 188 192 198 
2 3 9 15 19 22 27 30 35 43 45 51 66 67 78 89 90 102 112 115 126 135 143 145 163 165 166 174 177 179 198 199 
40 46 47 53 73 75 87 97 106 111 117 122 146 148 156 170 193 195 
40 42 46 47 58 63 75 84 91 92 94 97 106 117 122 146 148 156 157 170 187 
2 9 19 30 41 43 48 52 67 71 72 89 109 133 136 137 165 166 177 182 198 199 
49 54 68 69 80 82 85 93 100 103 114 124 128 152 153 154 158 159 162 164 180 185 189 197 
0 1 16 29 37 38 50 85 95 118 128 129 141 153 154 184 190 194 
2 3 9 15 19 21 30 43 45 51 67 78 86 89 102 115 126 135 136 163 165 177 198 199 
2 4 19 20 27 30 41 43 44 48 52 70 71 72 83 89 109 133 136 137 139 143 161 166 167 182 183 192 198 
31 36 39 46 53 56 65 73 79 83 87 111 123 148 167 173 188 193 195 
14 17 32 34 49 54 61 80 93 100 103 114 124 131 147 151 152 158 164 180 185 189 
0 28 29 34 55 76 77 80 95 114 118 131 147 151 162 169 186 190 
11 22 23 24 25 31 53 56 62 87 108 111 117 121 125 146 155 172 174 179 181 188 191 193 195 
6 13 33 34 57 110 113 127 130 132 134 140 169 176 178 
42 47 58 59 63 75 91 116 122 138 144 160 187 
42 58 59 63 91 116 122 138 160 
12 18 60 63 74 75 84 91 94 104 144 150 157 160 187 
3 6 14 15 17 32 54 61 78 86 90 100 110 113 126 127 130 132 134 135 140 149 176 185 
10 11 22 23 24 25 27 35 56 62 66 87 108 112 115 121 145 155 174 179 181 191 193 
18 40 42 47 58 59 60 63 75 84 91 92 94 97 106 116 122 138 144 157 160 170 187 
13 21 33 64 78 86 99 101 102 105 110 113 120 127 130 132 134 140 171 175 196 
4 20 31 36 39 53 65 73 79 83 123 161 167 173 188 
2 11 19 22 27 30 35 41 43 45 62 66 67 71 72 83 89 112 115 121 133 135 143 145 165 166 167 174 177 179 191 198 199 
2 9 19 30 41 43 45 48 51 66 67 71 72 89 102 109 115 135 136 163 165 166 177 198 199 
5 7 8 26 49 68 69 81 82 88 96 98 107 119 124 142 152 153 158 159 168 180 197 
37 49 68 69 81 82 85 107 124 128 152 153 154 158 164 180 
4 20 44 52 70 137 139 161 182 183 192 
2 9 19 20 27 30 41 43 44 48 52 66 67 71 72 83 89 109 121 133 136 137 139 143 161 166 167 173 182 183 192 198 
2 9 19 30 41 43 44 48 52 66 67 71 72 89 109 133 136 137 139 143 166 182 183 198 199 
40 46 53 65 73 79 148 156 195 
12 18 26 60 74 81 88 98 104 144 150 
12 18 40 42 46 47 58 60 63 75 84 91 92 94 97 106 117 122 144 157 160 170 187 
0 28 29 55 76 77 80 95 114 118 131 147 151 162 184 186 190 
0 28 29 55 76 77 80 95 114 118 128 131 147 151 154 162 184 186 190 
3 15 17 21 45 51 61 64 78 86 90 101 102 105 110 113 115 126 127 130 132 135 140 149 163 165 175 177 
4 20 31 36 39 53 65 73 79 83 123 161 167 173 188 195 
0 14 28 32 34 49 54 55 76 77 80 93 100 114 131 147 151 158 162 164 169 185 186 
8 12 26 68 69 74 81 88 96 98 107 119 142 
7 8 10 26 49 68 69 82 85 88 98 103 107 119 124 128 142 152 153 158 159 164 168 180 189 197 
4 20 27 31 36 39 41 44 52 53 65 66 71 79 83 121 123 133 137 139 143 161 166 167 173 174 179 183 188 
5 7 8 12 18 26 47 60 63 75 84 88 91 92 94 96 97 98 104 117 119 144 150 157 160 170 187 
0 16 29 37 49 50 69 82 85 95 107 118 128 129 141 153 154 158 162 184 194 
3 15 21 51 61 64 78 86 90 99 101 102 105 110 126 127 130 132 135 140 149 163 165 171 175 177 196 
23 24 25 31 46 53 56 62 87 108 111 117 121 125 146 148 170 172 174 179 181 188 193 195 
5 7 8 12 26 68 74 81 82 84 88 92 94 96 98 104 107 119 142 157 168 
2 9 19 30 41 43 45 48 51 52 66 67 71 72 89 109 115 133 135 136 143 163 165 166 177 198 199 
3 15 17 32 35 45 61 78 86 90 102 112 115 126 130 132 135 140 145 149 163 
40 42 47 58 59 60 63 75 84 91 94 97 106 116 122 138 144 157 160 170 187 
5 7 8 12 23 26 47 63 75 84 88 92 94 96 97 98 111 117 119 125 142 144 146 157 168 170 172 187 
14 32 34 49 54 80 93 100 103 114 124 131 147 151 152 158 162 164 180 185 189 
5 7 8 12 18 26 47 60 63 75 84 88 91 92 94 96 97 98 104 117 119 144 150 157 160 187 
0 1 16 29 37 38 50 55 76 77 85 95 118 128 141 153 154 162 184 186 190 
5 7 8 12 23 26 68 81 84 88 92 94 96 98 117 119 125 142 157 159 168 172 197 
40 42 46 47 63 75 84 91 92 94 97 106 111 117 122 146 148 156 157 170 187 193 
5 7 8 12 26 68 74 81 82 84 88 92 94 96 98 107 119 142 157 159 168 197 
13 21 33 64 86 99 101 105 110 113 120 127 130 132 134 140 171 175 196 
14 17 32 34 49 54 61 80 93 100 103 114 124 131 147 151 152 158 164 180 185 189 
3 13 21 33 64 78 86 99 101 102 105 110 113 120 127 130 132 134 140 149 171 175 196 
3 15 21 45 51 64 67 78 86 90 101 102 105 126 127 130 132 135 149 163 165 175 177 196 199 
10 11 14 17 25 32 49 54 82 93 100 103 108 124 152 155 158 159 164 180 181 185 189 191 197 
12 18 26 60 74 84 88 94 104 144 150 157 187 
3 15 21 33 64 78 86 99 101 102 105 110 120 127 130 132 140 149 163 171 175 196 
40 42 46 47 63 75 91 97 106 111 117 122 146 148 156 170 193 195 
26 37 68 69 81 82 85 88 98 107 128 153 154 
10 11 22 23 24 25 35 56 62 87 103 108 112 121 125 145 155 172 174 179 181 189 191 193 197 
2 9 19 30 41 43 48 52 67 71 72 89 109 133 136 165 166 177 182 198 199 
6 13 33 57 61 64 78 86 99 101 105 110 113 120 127 130 132 134 140 149 171 175 176 178 196 
5 23 24 25 46 53 56 87 92 97 106 111 117 125 146 148 170 172 193 195 
11 22 24 27 35 45 62 66 90 108 112 115 121 135 145 155 174 179 181 191 
6 13 33 34 57 61 64 78 99 101 110 113 127 130 132 134 140 149 175 176 178 
0 14 28 32 34 49 54 55 76 77 80 93 100 114 128 131 147 151 158 162 164 169 180 185 186 
2 3 11 15 19 22 30 35 43 45 51 62 66 67 78 89 90 112 115 126 135 145 163 165 166 174 177 179 191 198 199 
42 58 59 63 91 116 122 138 160 
5 7 8 12 23 24 25 46 47 56 75 84 87 92 94 96 97 106 111 117 119 125 142 146 157 168 170 172 193 
0 1 16 28 29 37 38 50 55 76 77 85 95 118 128 154 162 184 186 190 
5 7 8 10 12 23 25 26 68 81 82 84 88 92 94 96 98 117 119 125 142 152 157 159 168 172 197 
13 33 64 99 101 105 110 120 127 171 175 196 
11 22 24 27 31 35 39 41 44 56 62 66 71 83 87 108 112 121 133 143 145 166 167 173 174 179 181 188 191 
40 42 46 47 58 59 63 75 91 97 106 116 122 138 148 156 170 
4 20 31 36 39 44 53 65 79 83 123 137 139 161 167 173 183 188 
10 32 49 54 68 69 82 93 100 103 124 142 152 153 158 159 164 168 180 185 189 197 
5 7 8 10 23 24 25 56 87 92 96 108 111 117 119 125 142 146 152 155 159 168 172 181 191 193 197 
3 15 17 21 35 45 51 61 78 86 90 102 115 126 127 130 132 135 140 149 163 165 177 
3 6 13 15 21 33 57 61 64 78 86 99 101 102 105 110 113 120 126 127 130 132 134 140 149 171 175 176 178 196 
0 16 29 37 49 50 69 77 82 85 95 107 114 118 128 141 153 154 158 162 184 186 190 
1 16 37 38 50 85 129 141 154 184 194 
3 6 15 17 21 33 57 61 64 78 86 90 99 101 102 105 110 113 126 127 130 132 134 140 149 171 175 176 178 196 
0 14 28 34 54 55 76 77 80 93 100 114 131 147 151 158 162 164 169 186 
3 6 13 15 21 33 57 61 64 78 86 90 99 101 102 105 110 113 126 127 130 132 134 140 149 163 171 175 176 178 196 
2 19 20 27 30 31 39 41 43 44 48 52 66 71 72 83 89 109 121 133 136 137 139 143 161 166 167 173 182 183 188 198 
6 13 33 57 61 64 99 101 110 113 127 130 132 134 140 149 175 176 178 
3 15 17 21 30 35 43 45 51 61 66 67 78 86 89 90 102 112 115 126 135 145 149 163 165 177 198 199 
2 9 19 30 41 43 48 51 52 67 71 72 89 109 133 136 165 166 177 198 199 
2 4 19 20 27 31 36 39 41 44 48 52 70 71 72 83 123 133 137 139 143 161 166 167 173 182 183 188 192 198 
42 58 59 63 91 116 122 138 144 160 
4 20 36 39 41 44 52 70 71 72 83 123 133 137 139 143 161 166 167 173 182 183 192 
3 6 13 15 17 21 33 57 61 64 78 86 90 99 101 105 110 113 126 127 130 132 134 140 149 171 175 176 178 
0 1 16 29 37 38 50 85 95 128 129 141 154 184 194 
5 7 8 10 12 23 25 26 68 81 82 88 92 96 98 117 119 124 125 142 152 159 168 172 180 197 
2 19 22 27 30 31 39 41 44 45 52 66 71 72 83 89 121 133 137 139 143 161 166 167 173 174 179 183 188 198 
12 18 42 58 60 63 74 75 84 91 92 94 104 138 144 150 157 160 187 
10 11 22 24 25 27 35 45 62 66 90 108 112 115 121 135 145 155 174 179 181 191 
5 7 23 24 25 46 47 56 87 92 97 106 111 117 125 146 148 157 168 170 172 193 195 
6 14 28 34 54 55 76 77 80 93 100 114 131 147 151 162 169 
40 46 47 53 73 87 97 106 111 122 146 148 156 170 195 
3 6 15 17 21 33 61 78 86 90 101 102 105 110 113 126 127 130 132 134 135 140 149 163 175 176 
12 18 60 74 84 94 104 144 150 160 187 
0 14 28 34 54 55 76 77 80 93 100 114 131 147 151 162 164 169 186 
7 10 25 32 49 54 68 69 82 93 100 103 119 124 125 142 152 155 158 159 164 168 180 185 189 197 
0 37 49 50 68 69 82 85 95 107 124 128 153 154 158 
0 16 29 37 38 49 50 69 77 85 95 107 118 128 129 141 153 154 158 162 184 186 190 194 
10 11 22 23 24 25 35 56 62 103 108 112 125 145 152 155 159 168 172 174 179 180 181 189 191 193 197 
40 46 47 73 97 106 122 148 156 170 
5 7 8 12 26 47 60 63 75 84 88 91 92 94 96 97 98 104 117 119 144 146 157 168 170 187 
10 14 32 49 54 68 69 80 82 85 93 100 103 114 124 128 131 152 153 154 158 159 162 164 180 185 189 197 
5 7 8 10 23 24 25 49 68 82 96 98 103 119 124 125 142 152 155 158 159 164 168 172 180 181 185 189 197 
