100
50
5

0 18 50 62 63 72 94 
1 5 24 25 43 48 51 52 53 55 96 
2 18 21 45 71 94 
3 8 9 11 14 15 17 22 33 37 46 54 68 75 77 84 92 
4 9 11 15 19 22 33 39 55 56 61 77 81 82 90 93 
1 5 24 25 43 52 53 55 61 93 
6 27 35 36 38 60 65 68 76 84 85 87 97 99 
7 12 14 26 34 41 46 58 64 67 74 80 88 
3 8 14 26 28 37 46 47 54 83 88 92 99 
3 4 9 11 15 17 19 22 33 39 44 54 56 59 61 77 81 82 90 93 
10 50 62 
3 4 9 11 22 24 25 43 48 51 53 54 55 61 75 77 93 96 
7 12 34 40 41 58 64 67 74 80 91 
13 16 18 21 31 42 57 60 76 78 85 86 94 97 
3 7 8 14 26 28 37 46 47 74 88 
3 4 9 15 17 19 22 33 35 39 44 54 56 59 68 84 92 
13 16 31 42 58 60 72 78 83 86 97 98 
3 9 15 17 22 33 37 39 54 59 68 84 92 
0 2 13 18 21 45 57 62 63 78 85 94 
4 9 15 19 39 44 56 59 61 81 82 90 95 
20 29 30 32 66 73 89 95 
2 13 18 21 45 57 78 85 94 
3 4 9 11 15 17 22 33 37 39 54 59 68 77 84 92 
23 27 35 36 38 44 59 69 73 
1 5 11 24 25 43 48 51 52 53 55 77 96 
1 5 11 24 25 43 48 51 52 53 55 77 96 
7 8 14 26 34 46 58 67 74 83 88 
6 23 27 35 36 38 44 59 65 69 
8 14 28 47 48 54 75 88 96 
20 29 30 32 49 66 70 73 89 95 
20 29 30 32 49 66 70 73 89 95 
13 16 31 42 57 72 78 86 98 
20 29 30 32 49 66 70 73 89 95 
3 4 9 15 17 22 33 37 39 44 54 59 68 84 92 
7 12 26 34 41 58 67 74 83 91 
6 15 23 27 35 36 38 39 44 59 65 69 
6 23 27 35 36 38 59 65 69 
3 8 14 17 22 33 37 46 54 68 75 84 92 
6 23 27 35 36 38 65 69 
4 9 15 17 19 22 33 35 39 44 56 59 61 81 82 
12 40 41 64 67 80 
7 12 34 40 41 58 64 67 74 80 91 
13 16 31 42 57 60 72 78 86 97 98 
1 5 11 24 25 43 51 52 53 55 61 77 93 
9 15 19 23 27 33 35 39 44 56 59 82 95 
2 18 21 45 57 62 78 85 94 
3 7 8 14 26 37 46 83 88 92 99 
8 14 28 47 75 88 
1 11 24 25 28 48 51 53 55 75 77 96 
29 30 32 49 70 73 79 89 
