150
120
12

0 3 12 14 37 49 52 59 92 99 101 105 111 112 124 125 131 145 
1 4 27 35 38 55 90 120 136 143 144 
2 7 8 11 16 22 58 62 71 77 78 109 110 121 123 132 149 
0 3 12 14 23 37 49 52 59 92 99 101 105 111 112 124 125 128 131 145 
1 4 27 35 37 38 55 59 74 75 90 101 106 112 120 136 143 144 
5 6 9 15 19 28 30 45 46 56 57 61 63 65 69 70 73 79 91 93 97 100 118 122 134 
5 6 17 19 28 30 45 46 56 57 61 69 73 79 86 87 94 97 100 118 122 134 
2 7 8 11 22 62 77 78 80 96 109 110 121 123 149 
2 7 8 11 16 22 34 58 62 68 71 77 78 81 115 123 132 135 140 
5 9 15 18 19 29 44 51 65 70 72 91 133 142 
10 16 71 84 87 88 115 119 126 129 132 137 138 146 148 
2 7 8 11 22 62 76 77 78 80 96 109 110 121 123 149 
0 3 12 13 14 49 82 99 103 111 124 125 131 135 140 145 
12 13 22 31 34 39 43 49 53 83 96 103 111 140 145 
0 3 12 14 49 52 59 82 99 105 111 124 125 128 131 145 
5 9 15 19 28 29 46 51 54 61 63 65 70 72 73 79 93 100 
2 8 10 16 34 58 62 71 77 78 81 88 115 123 132 137 138 148 
6 17 28 34 46 56 57 68 73 81 82 86 87 88 97 100 116 118 119 129 135 137 138 146 
9 18 32 41 42 44 51 64 65 67 69 85 91 98 114 133 142 147 
5 6 9 15 19 28 29 30 46 51 56 57 61 63 65 69 70 73 79 91 93 100 134 142 
20 26 36 40 54 104 139 
21 23 24 30 41 42 45 60 69 91 94 98 113 114 122 124 128 130 134 
2 7 8 11 13 22 34 58 77 78 80 83 96 103 110 140 
3 21 23 24 25 41 52 60 66 95 99 105 108 113 124 127 128 130 131 141 
21 23 24 30 41 42 45 60 66 67 69 91 95 98 113 114 124 128 130 133 134 141 
23 25 48 50 52 59 66 75 89 105 107 108 117 127 130 141 
20 26 33 36 40 47 54 63 72 93 104 
1 4 27 35 37 38 50 55 59 74 75 90 92 101 106 112 120 136 143 144 
5 6 15 17 19 28 33 46 47 56 57 61 63 73 79 86 87 93 97 100 116 118 119 129 146 
9 15 19 29 51 61 63 65 70 72 142 
5 6 19 21 24 30 41 42 45 46 60 69 79 91 94 98 113 114 122 128 134 
13 31 39 43 53 83 92 
18 32 42 44 64 67 85 91 98 133 142 147 
26 28 33 36 40 47 54 63 73 84 86 87 93 104 119 126 129 139 146 
8 13 16 17 22 34 58 68 77 78 81 82 103 116 132 135 140 
1 4 27 35 37 74 106 112 120 143 
20 26 33 36 40 47 84 93 104 126 129 139 146 
0 3 4 27 35 37 49 59 74 92 101 106 112 125 
1 4 27 38 50 55 75 90 101 120 136 143 144 
13 31 39 43 53 76 80 83 96 
20 26 33 36 40 47 84 104 126 139 
18 21 23 24 30 41 42 44 45 60 66 67 69 91 98 113 114 128 130 133 134 
18 21 24 30 32 41 42 44 64 67 69 85 91 98 113 114 133 134 142 147 
13 31 39 43 53 80 83 96 
9 18 32 41 42 44 64 65 67 85 91 98 114 133 142 147 
5 6 21 24 30 41 45 46 56 60 69 79 82 94 97 99 114 118 122 124 128 131 134 
5 6 15 17 19 28 30 45 46 56 57 61 73 79 86 87 93 94 97 100 118 122 146 
26 28 33 36 40 47 54 63 73 84 86 87 93 104 119 126 129 139 146 
25 48 50 66 89 95 107 108 117 127 141 
0 3 12 13 14 37 49 53 92 103 111 112 125 131 140 145 
25 27 38 48 50 55 59 75 89 90 108 117 
9 15 18 19 29 51 65 70 72 91 142 
0 3 14 23 25 52 59 60 99 105 108 117 124 125 127 128 130 131 141 
13 31 39 43 49 53 83 103 111 145 
15 20 26 33 47 54 63 70 72 93 104 
1 4 27 38 50 55 75 89 90 117 136 143 144 
5 6 17 19 28 45 46 56 57 61 73 79 81 82 86 87 88 94 97 100 116 118 119 122 146 
5 6 17 19 28 46 56 57 61 73 79 86 87 88 93 97 100 116 118 119 146 
2 8 16 22 34 58 68 77 78 81 103 116 132 135 140 
0 3 4 14 25 27 37 50 52 59 75 92 101 105 108 112 117 125 127 
21 23 24 30 41 45 52 60 66 69 94 99 105 113 114 122 124 127 128 130 131 134 141 
5 6 15 19 28 29 46 56 57 61 63 70 72 73 79 86 93 100 
2 7 8 11 16 62 71 77 78 109 115 123 132 149 
5 15 19 26 28 29 33 47 54 61 63 70 72 73 93 100 
18 32 42 44 64 67 85 91 98 114 133 142 147 
5 9 15 18 19 29 44 51 65 69 70 91 133 142 
23 24 25 41 48 60 66 67 95 102 107 108 113 127 128 130 141 
18 24 32 41 42 44 64 66 67 85 91 95 98 102 113 114 133 147 
8 17 34 58 68 78 81 82 88 97 103 116 118 135 140 
5 6 18 19 21 24 30 41 42 45 60 65 69 79 91 94 98 113 114 122 133 134 142 
5 9 15 19 29 51 54 61 63 65 70 72 93 
2 8 10 16 62 71 77 78 109 115 123 132 137 138 148 
9 15 26 29 51 54 61 63 70 72 93 
5 6 15 17 19 28 33 46 47 56 57 61 63 73 79 86 87 93 97 100 116 118 119 129 146 
4 27 35 37 74 92 101 106 112 120 143 
4 25 27 38 50 55 59 75 89 90 108 117 136 143 
11 39 76 80 83 96 110 121 
2 7 8 11 16 22 34 58 62 71 77 78 81 109 115 123 132 138 
2 7 8 11 16 22 34 58 62 68 71 77 78 81 103 115 123 132 135 140 
5 6 15 19 28 30 45 46 56 57 61 69 73 79 94 97 100 118 122 134 
7 11 22 39 43 76 80 83 96 110 121 
8 16 17 34 56 58 68 77 78 81 82 87 88 97 115 116 118 119 132 135 137 138 140 
12 14 17 34 45 56 68 81 82 94 97 99 116 118 122 124 131 135 140 
13 22 31 39 43 53 76 80 83 96 
10 33 36 40 47 84 119 126 129 139 146 148 
18 32 42 44 64 67 85 98 133 142 147 
6 17 28 33 46 47 56 57 61 73 86 87 88 93 97 100 116 118 119 129 137 138 146 
6 10 17 28 33 46 47 56 57 73 81 86 87 88 93 97 100 116 118 119 129 137 138 146 
10 16 17 56 57 68 81 86 87 88 97 115 116 119 129 132 137 138 146 148 
25 48 50 55 75 89 90 107 108 117 127 141 
1 4 27 38 50 55 75 89 90 117 136 143 144 
5 9 18 19 21 24 30 32 41 42 44 51 64 65 67 69 91 98 114 133 134 142 
0 3 27 31 37 49 59 74 92 101 106 111 112 125 145 
5 15 19 26 28 33 36 46 47 54 57 61 63 70 72 73 86 87 93 100 104 146 
6 21 30 45 46 56 60 69 79 82 94 97 99 118 122 124 128 131 134 
23 24 48 66 67 95 102 107 108 113 127 130 141 
7 11 13 22 39 43 76 80 83 96 110 121 
5 6 17 28 45 46 56 57 68 73 79 81 82 86 87 88 94 97 100 116 118 122 135 
18 21 24 30 32 41 42 44 64 67 69 85 91 98 113 114 133 142 147 
0 3 12 14 23 45 52 60 82 94 99 105 111 122 124 125 128 131 145 
5 6 15 17 19 28 46 56 57 61 63 73 79 86 87 93 97 100 116 118 146 
0 3 4 27 37 38 59 74 92 101 106 112 117 125 143 
66 67 95 102 107 147 
12 13 22 34 49 53 58 68 78 103 111 135 140 145 
20 26 33 36 40 47 54 93 104 126 139 
0 3 14 23 25 52 59 60 99 105 108 117 124 125 127 128 130 131 141 
4 27 35 37 74 92 101 106 112 120 
25 48 66 89 95 102 107 108 141 
23 25 48 50 52 59 66 75 89 95 105 107 108 117 127 130 141 
2 7 11 62 71 77 109 121 123 149 
2 7 11 22 76 80 96 110 121 149 
0 3 12 13 14 49 53 92 99 103 111 125 131 140 145 
0 3 4 27 35 37 49 59 74 92 101 106 112 125 145 
21 23 24 30 41 42 60 66 67 69 95 98 113 114 128 130 133 134 141 
18 21 24 30 41 42 44 45 60 64 67 69 91 98 113 114 122 128 133 134 142 
8 10 16 62 71 77 78 81 88 115 119 123 132 137 138 148 
17 28 34 56 57 58 68 73 81 82 86 87 88 97 100 116 118 119 132 135 137 138 146 
25 48 50 52 55 59 75 89 90 101 105 108 117 127 130 141 
5 6 17 28 45 46 56 57 68 73 79 81 82 86 87 94 97 100 116 118 122 135 
10 17 28 33 47 56 57 73 81 84 86 87 88 115 116 119 126 129 132 137 138 146 148 
