200
100
20

0 
1 25 112 151 
2 10 16 60 75 80 100 124 138 166 177 
3 51 64 158 164 165 170 
4 8 32 84 171 195 
5 38 44 52 61 111 163 198 
6 41 74 97 109 149 
7 53 71 94 102 103 133 148 174 
4 8 32 84 
9 27 35 65 72 118 130 182 
2 10 16 59 60 75 100 123 151 177 
11 13 15 28 107 129 146 155 185 
12 34 47 89 
11 13 15 28 107 119 129 142 146 185 189 
14 91 140 191 
11 13 15 28 45 54 107 120 129 142 146 152 155 181 185 
2 10 16 75 100 123 151 177 
17 62 79 104 190 
18 20 131 144 150 167 
19 59 78 92 98 106 128 153 193 197 
18 20 67 131 167 
21 49 63 71 94 103 127 133 145 148 174 194 
22 85 95 
23 40 76 93 135 160 180 
24 179 
1 25 92 112 151 153 193 
26 42 50 161 
9 27 35 65 83 90 101 102 118 126 130 182 
11 13 15 28 107 129 146 185 
29 108 110 115 176 195 
30 47 162 
31 64 117 125 136 152 158 165 170 181 199 
4 8 32 84 171 195 
33 56 86 187 
12 34 46 47 89 
9 27 35 65 118 130 182 
36 69 143 175 192 
37 56 73 81 114 139 162 
5 38 52 61 111 163 164 168 
39 70 76 93 134 
23 40 62 76 93 135 
6 41 74 
26 42 50 161 
43 44 48 137 159 163 198 
5 43 44 52 61 163 198 
15 45 54 120 146 155 185 
34 46 149 178 
12 30 34 47 89 
43 48 82 137 163 187 198 
21 49 63 71 94 127 133 145 148 194 
26 42 50 
3 51 144 158 164 165 170 
5 38 44 52 61 111 163 198 
7 53 83 90 102 126 182 
15 45 54 107 120 142 146 152 155 181 185 199 
55 60 68 80 87 124 138 166 168 
33 37 56 86 187 
57 88 132 157 173 183 186 
58 134 
10 19 59 92 123 153 177 193 
2 10 55 60 75 80 124 166 177 
5 38 44 52 61 111 163 198 
17 40 62 104 135 190 
21 49 63 103 127 133 148 
3 31 64 117 125 158 184 
9 27 35 65 118 130 182 
66 105 156 188 
20 67 154 167 169 
55 68 87 144 164 
36 69 143 175 192 
39 70 76 93 134 135 
7 21 49 71 94 127 133 145 148 174 176 194 
9 72 77 98 121 130 
37 73 81 114 139 162 
6 41 74 
2 10 16 60 75 80 100 124 138 166 177 
23 39 40 70 76 93 135 
72 77 121 173 
19 78 98 106 128 157 193 197 
17 79 99 104 113 116 190 
2 55 60 75 80 87 124 138 166 177 
37 73 81 89 114 139 162 
48 82 147 163 
27 53 83 90 101 102 118 126 182 
4 8 32 84 
22 85 95 
33 56 86 187 
55 68 80 87 124 166 168 
57 88 132 157 183 186 196 
12 34 47 81 89 162 
27 53 83 90 102 126 182 
14 91 140 141 171 172 
19 25 59 92 112 123 153 193 
23 39 40 70 76 93 134 135 
7 21 49 71 94 127 133 145 148 174 194 
22 85 95 177 
96 99 113 116 
6 97 132 
19 72 78 98 106 121 122 197 
79 96 99 113 
