100
50
10

0 1 17 31 44 66 91 
0 1 17 35 44 
2 10 29 30 34 42 47 65 70 80 87 
3 14 25 33 41 45 53 55 58 85 86 89 
4 7 35 36 42 50 59 61 63 65 70 90 
5 7 18 23 36 39 61 63 69 73 79 81 
6 49 64 65 71 90 92 93 98 
4 5 7 18 23 35 36 61 63 69 73 
8 24 25 28 33 41 45 51 68 86 88 89 94 99 
9 12 47 62 67 80 87 
2 10 13 16 29 49 54 57 60 65 77 92 97 98 
11 18 39 41 48 53 56 58 73 79 85 89 99 
9 12 23 38 47 62 72 75 87 
10 13 16 26 49 57 60 77 97 98 
3 14 24 25 33 41 45 55 58 85 86 
15 26 37 46 78 
10 13 16 49 54 57 60 71 76 77 92 97 98 
0 1 17 31 44 66 91 
5 7 11 18 23 39 48 61 63 69 73 79 81 
19 50 59 64 
20 28 38 40 51 72 74 82 88 94 96 
21 32 37 43 46 52 67 78 
22 27 43 52 67 83 84 
5 7 12 18 23 47 48 61 62 63 69 73 75 79 81 87 
8 14 24 25 28 33 45 58 68 86 88 89 99 
3 8 14 24 25 33 41 45 58 68 86 89 99 
13 15 26 37 46 60 78 97 
22 27 43 52 67 74 83 84 96 
8 20 24 28 48 51 68 82 88 89 94 99 
2 10 29 30 34 42 47 65 70 80 87 98 
2 29 30 34 42 47 61 63 65 70 80 87 
0 17 31 44 66 
21 32 43 52 67 83 84 
3 8 14 24 25 33 41 45 58 68 86 88 89 99 
2 29 30 34 42 47 61 63 65 70 80 87 
1 4 7 35 36 50 59 64 90 
4 5 7 35 36 42 50 59 61 63 69 70 90 
15 21 26 37 46 78 
12 20 38 40 48 62 72 75 79 81 82 96 
5 11 18 39 53 56 69 73 95 
20 38 40 51 62 72 74 82 94 96 
3 8 11 14 25 33 41 48 53 55 56 58 85 86 89 99 
2 4 29 30 34 36 42 61 63 65 70 80 87 90 93 98 
21 22 27 32 43 52 67 83 84 
0 1 17 31 44 66 91 
3 8 14 24 25 33 45 58 68 86 
15 21 26 37 46 78 
2 9 12 23 29 30 34 47 61 63 70 80 87 
11 18 23 28 38 41 48 73 75 79 81 82 89 99 
6 10 13 16 49 54 57 60 65 71 76 77 92 93 97 98 
