100
50
10

0 10 19 21 28 43 75 
1 6 8 9 17 22 29 41 51 57 78 81 99 
2 13 42 48 58 74 92 
3 36 77 80 85 98 
4 10 11 19 20 28 84 
5 11 14 18 38 45 48 73 
1 6 22 29 34 41 51 57 61 64 76 78 81 82 97 99 
7 12 25 32 33 39 40 46 47 71 94 
1 8 16 17 23 27 56 60 68 72 93 
1 9 29 41 51 57 63 78 99 
0 4 10 11 14 19 20 28 35 84 
4 5 10 11 14 20 28 84 
7 12 39 40 46 94 
2 13 38 48 73 
5 10 11 14 18 35 45 48 73 
15 30 34 37 42 44 49 58 59 64 74 76 82 83 87 88 89 92 95 
8 16 23 25 27 32 33 47 56 60 68 69 70 72 86 93 94 
1 8 17 23 27 29 51 56 68 72 93 
5 14 18 38 45 48 73 
0 4 10 19 20 28 55 79 90 
4 10 11 19 20 28 55 79 84 90 
0 21 28 43 53 54 75 86 96 
1 6 22 29 34 41 51 57 61 63 64 76 78 81 82 97 99 
8 16 17 23 27 32 56 60 68 72 93 
24 26 50 52 67 85 
7 16 25 32 62 69 70 72 94 
24 26 50 52 55 67 
8 16 17 23 27 54 56 60 68 86 93 
0 4 10 11 19 20 21 28 43 79 90 
1 6 9 17 22 29 41 51 57 78 81 99 
15 30 34 44 58 61 64 74 76 81 82 83 89 97 
31 34 37 43 49 53 54 65 66 75 86 88 91 95 
7 16 23 25 32 33 47 56 60 69 70 71 72 93 94 
7 16 32 33 40 47 60 71 86 93 94 98 
6 15 22 30 31 34 44 61 64 65 66 76 81 82 83 88 89 91 95 
10 14 35 37 42 45 48 49 59 87 
3 36 77 80 85 98 
15 31 35 37 42 44 45 49 53 59 65 66 87 88 91 95 
5 13 18 38 48 73 
7 12 39 46 94 
7 12 33 40 47 71 80 98 
1 6 9 22 29 41 51 57 61 63 78 81 97 99 
2 15 35 37 42 44 45 48 49 58 59 74 83 87 88 89 92 95 
0 21 28 31 43 53 54 75 91 
15 30 34 37 42 44 49 58 59 64 65 74 76 82 83 87 88 89 91 95 
5 14 18 35 37 42 45 48 49 59 73 87 
7 12 39 46 94 
7 16 32 33 40 47 71 96 98 
2 5 13 14 18 35 38 42 45 48 59 73 87 92 
15 31 35 37 42 44 45 49 53 59 65 66 74 83 87 88 91 95 
