200
100
10

0 7 22 39 43 118 132 144 157 174 
1 14 70 
2 8 100 134 141 
3 19 98 104 165 
4 6 
5 13 44 109 158 162 
4 6 
0 7 22 30 39 48 118 144 174 
2 8 66 100 108 134 141 
9 76 89 167 181 
10 63 64 65 111 114 116 173 
11 12 35 36 40 128 148 176 
11 12 36 70 128 176 192 
5 13 32 44 85 109 140 158 162 186 
1 14 24 121 127 177 
15 70 94 192 
16 52 67 68 123 175 195 
17 53 59 166 
18 47 49 105 126 131 
3 19 64 98 114 152 165 
20 41 69 78 
21 34 41 72 78 93 95 188 
0 7 22 39 43 48 118 129 144 
23 25 62 85 162 186 193 
14 24 31 59 121 127 145 166 197 
23 25 140 178 193 199 
26 34 77 83 150 194 
27 61 99 113 124 147 184 189 
28 121 177 190 
29 50 99 113 124 133 
7 30 39 48 55 75 174 191 
24 31 53 59 121 127 145 166 190 197 
13 32 85 109 140 156 158 162 178 
33 38 79 194 
21 26 34 76 77 83 90 95 
11 35 40 137 196 198 
11 12 36 128 148 176 
37 43 129 144 146 
33 38 79 194 
0 7 22 30 39 48 118 174 
11 35 40 157 160 169 176 198 
20 21 41 69 78 95 188 
42 
0 22 37 43 129 144 
5 13 44 71 163 
45 56 86 112 153 159 179 
46 90 106 138 149 161 
18 47 126 131 142 182 
7 22 30 39 48 55 
18 49 73 122 126 131 154 183 
29 50 99 107 135 168 196 
51 86 143 179 
16 52 67 68 123 139 
17 31 53 59 145 166 197 
54 67 74 88 
30 48 55 75 191 
45 56 81 86 112 143 153 159 
57 91 102 115 120 130 171 185 
58 103 137 146 147 164 172 184 
17 24 31 53 59 145 166 197 
60 64 65 84 111 116 146 164 
27 61 117 125 136 147 172 184 189 
23 62 193 
10 63 64 65 111 114 116 
10 19 60 63 64 65 111 114 116 152 
10 60 63 64 65 84 111 116 117 136 164 172 
8 66 108 134 141 
16 52 54 67 123 170 175 
16 52 68 123 195 
20 41 69 78 95 138 188 
1 12 15 70 94 176 192 
44 71 97 101 163 180 187 
21 72 79 82 87 93 96 188 
49 73 119 122 
54 74 88 
30 55 75 191 
9 34 76 83 89 90 
26 34 77 150 194 
20 21 41 69 78 95 188 
33 38 72 79 82 92 93 150 194 
80 119 139 151 
56 81 86 143 153 159 189 
72 79 82 92 93 96 194 
26 34 76 83 
60 65 84 111 116 146 164 
13 23 32 85 109 158 162 186 193 
45 51 56 81 86 143 153 159 
72 87 93 96 127 166 
54 74 88 110 
9 76 89 181 
34 46 76 90 138 149 
57 91 155 171 181 
79 82 92 93 96 166 
21 72 79 82 87 92 93 96 
15 70 94 192 
21 34 41 69 78 95 188 
72 82 87 92 93 96 166 
71 97 110 180 187 
3 19 98 104 152 165 
27 29 50 99 113 124 147 184 189 
