100
50
10

0 1 5 6 27 31 36 41 45 48 53 54 58 60 63 82 85 
0 1 5 6 27 31 33 36 41 45 48 58 60 63 82 85 
2 47 56 62 70 72 87 98 
3 8 15 19 23 25 26 31 36 39 42 43 71 73 77 93 99 
4 24 31 45 53 54 58 64 74 76 79 89 90 91 94 99 
0 1 5 6 26 27 31 36 45 48 58 60 82 85 
0 1 5 6 11 26 36 60 65 82 85 
7 32 37 50 80 86 
3 8 11 15 19 23 26 39 42 43 65 71 73 77 82 93 
9 14 16 18 29 35 49 57 78 
10 21 30 34 61 75 
6 8 11 19 21 26 39 43 65 82 
12 15 23 25 40 42 59 67 71 73 77 81 93 96 
13 14 27 29 35 41 51 57 63 74 
9 13 14 16 18 29 35 41 49 51 57 78 
3 8 12 15 23 25 26 42 43 59 71 73 77 81 89 93 96 99 
9 14 16 18 29 35 49 57 78 
17 56 64 70 72 83 88 90 94 
9 14 16 18 29 35 49 57 78 
3 8 11 19 26 34 39 42 43 65 71 73 96 97 
20 22 44 46 52 69 84 
10 11 21 30 34 39 61 65 75 
20 22 44 46 52 69 84 
3 8 12 15 23 25 42 43 59 71 73 77 81 93 96 
4 24 28 53 54 64 74 76 88 90 94 
3 12 15 23 25 42 59 71 73 77 81 96 
3 5 6 8 11 15 19 26 36 39 42 43 65 71 73 77 82 93 99 
0 1 5 13 27 33 36 41 45 48 51 53 58 60 63 85 
24 28 51 74 
9 13 14 16 18 29 35 41 51 57 
10 21 30 34 38 61 95 
0 1 3 4 5 31 36 42 45 53 54 58 79 91 93 99 
7 32 37 38 50 80 95 96 97 
1 27 33 48 55 60 63 85 92 
10 19 21 30 34 38 61 95 97 
9 13 14 16 18 29 35 51 57 
0 1 3 5 6 26 27 31 36 42 45 58 60 82 85 99 
7 32 37 50 80 86 
30 32 34 38 73 80 95 96 97 
3 8 11 19 21 26 39 42 43 65 71 73 82 
12 40 59 62 66 67 68 81 89 
0 1 13 14 27 29 41 51 63 85 
3 8 12 15 19 23 25 26 31 36 39 42 43 71 73 77 93 99 
3 8 11 15 19 23 26 39 42 43 65 71 73 77 96 
20 22 44 46 52 69 84 
0 1 4 5 27 31 36 45 53 54 58 79 91 93 99 
20 22 44 46 52 69 84 
2 47 56 70 72 87 98 
0 1 5 27 33 48 60 63 85 92 
9 14 16 18 49 55 57 78 
