200
100
20

0 40 57 81 115 142 145 146 167 177 
1 28 77 109 154 185 192 
2 37 40 52 60 67 169 170 186 
3 39 49 86 
4 24 40 52 59 72 167 176 186 
5 85 152 185 195 
6 99 113 171 
7 32 42 106 166 
8 27 45 63 126 158 164 179 181 187 193 
9 75 134 
10 29 51 62 97 107 118 182 
11 56 159 
12 65 148 174 
13 34 112 136 173 194 
14 41 132 137 
15 47 76 100 191 
16 35 69 161 
17 19 23 25 54 66 87 102 104 110 149 157 
18 134 139 
17 19 23 25 54 66 87 102 104 124 130 149 157 
20 26 90 91 94 111 
21 29 36 44 48 53 101 131 153 
22 51 62 92 105 107 118 198 
17 19 23 25 54 66 87 102 104 124 149 157 
4 24 37 52 59 72 133 176 186 
17 19 23 25 54 66 87 96 102 104 124 149 157 
20 26 90 91 94 111 121 
8 27 36 45 64 158 164 179 187 193 
1 28 109 152 154 185 
10 21 29 64 105 129 198 
30 61 143 160 165 196 199 
31 33 73 80 
7 32 42 63 106 126 
31 33 57 73 80 145 146 
13 34 46 84 112 125 136 138 173 178 184 194 
16 35 55 126 161 163 181 
21 27 36 131 158 179 
2 24 37 52 59 60 67 186 
38 127 188 
3 39 50 108 135 147 
0 2 4 40 115 128 142 167 170 177 
14 41 127 137 
7 32 42 61 63 106 
43 
21 44 48 53 83 97 101 120 122 150 153 155 162 189 
8 27 45 64 105 129 158 164 179 181 187 193 198 
34 46 84 141 159 173 194 
15 47 76 78 140 182 190 191 
21 44 48 53 114 122 131 144 153 162 
3 49 79 86 172 
39 50 135 147 160 
10 22 51 62 98 107 118 
2 4 24 37 52 59 60 67 167 186 
21 44 48 53 97 101 122 131 153 
17 19 23 25 54 66 87 102 104 124 130 149 157 
35 55 163 168 181 198 
11 56 58 88 119 
0 33 57 73 81 145 146 
56 58 123 159 
4 24 37 52 59 72 167 176 186 
2 37 52 60 67 175 
30 42 61 69 106 160 196 
10 22 51 62 98 107 118 
8 32 42 63 126 
27 29 45 64 105 129 158 179 187 193 198 
12 65 148 174 
17 19 23 25 54 66 87 96 102 104 124 130 157 
2 37 52 60 67 186 
68 89 143 156 165 
16 61 69 151 160 
70 82 88 119 197 
71 92 116 
4 24 59 72 77 95 167 176 186 
31 33 57 73 80 145 146 
74 117 
9 75 115 128 170 177 
15 47 76 78 140 190 191 
1 72 77 82 95 154 176 
47 76 78 117 140 190 191 
49 79 172 
31 33 73 80 
0 57 81 142 145 146 
70 77 82 88 119 197 
44 83 97 120 150 162 180 189 
34 46 84 93 110 141 159 184 194 
5 85 132 174 195 
3 49 86 172 
17 19 23 25 54 66 87 96 102 104 124 130 157 
56 70 82 88 119 197 
68 89 108 143 156 
20 26 90 91 94 111 121 
20 26 90 91 94 103 111 121 
22 71 92 116 
84 93 110 132 141 
20 26 90 91 94 121 
72 77 95 176 197 
25 66 87 96 104 124 157 
10 44 53 83 97 101 162 189 
51 62 98 107 113 118 183 
6 99 113 
