200
100
20

0 23 161 186 189 
1 5 26 29 50 60 86 87 99 153 158 
2 38 141 145 165 188 
3 72 136 150 164 178 180 187 
4 21 23 39 44 131 133 154 189 
1 5 60 97 
6 66 130 172 174 197 
7 17 27 30 52 90 103 124 140 157 
8 92 109 132 152 157 
9 59 73 88 101 105 145 163 188 190 
10 12 89 117 120 134 137 148 191 
11 16 24 55 64 78 83 113 128 176 185 193 
10 12 53 70 117 120 134 148 191 
13 15 62 77 178 
14 47 67 93 196 
13 15 19 62 77 104 
11 16 55 64 78 83 113 193 
7 17 27 66 103 124 140 172 179 
18 63 91 195 
15 19 95 104 184 
20 35 54 125 156 
4 21 44 79 133 141 154 
22 38 100 112 138 142 165 
0 4 23 161 186 189 
11 24 43 64 78 128 149 176 185 
25 56 
1 26 29 60 86 87 99 108 153 155 181 
7 17 27 90 103 124 140 172 179 
28 42 45 123 151 198 
1 26 29 50 60 86 87 99 153 155 
7 30 36 52 90 109 129 132 157 167 
31 34 65 69 107 199 
32 106 155 
33 65 168 
31 34 65 69 107 121 168 199 
20 35 59 74 88 94 101 156 190 
30 36 37 52 84 90 129 167 194 
36 37 94 98 129 156 167 177 194 
2 22 38 100 165 
4 39 58 119 131 133 154 162 171 
40 45 75 85 126 147 182 183 
41 89 122 
28 42 45 75 111 123 126 183 
24 43 55 57 64 128 152 176 185 
4 21 44 79 110 133 154 
28 40 42 45 75 111 123 126 183 
46 56 82 171 175 
14 47 67 196 
48 72 135 150 164 174 180 
49 108 112 161 181 
1 29 50 60 86 87 99 127 158 
51 170 
7 30 36 52 84 90 129 167 
12 53 70 117 120 139 148 191 
20 54 111 125 
11 16 43 55 57 64 78 83 113 128 176 185 
25 46 56 82 91 171 175 
43 55 57 113 144 166 176 192 
39 58 96 119 131 162 
9 35 59 74 88 94 101 105 156 190 
1 5 26 29 50 60 86 87 99 153 
61 74 125 
13 15 62 77 
18 63 91 
11 16 24 43 55 64 78 83 113 128 176 185 
31 33 34 65 69 168 
6 17 66 124 172 174 179 180 
14 47 67 93 196 
68 80 106 114 118 
31 34 65 69 107 199 
12 53 70 98 139 148 191 
71 80 96 114 118 119 173 
3 48 72 135 136 150 164 180 187 
9 73 101 105 145 149 163 188 
35 59 61 74 88 101 145 156 188 190 
40 42 45 75 126 147 182 183 
76 102 115 116 143 146 159 160 169 
13 15 62 77 
11 16 24 55 64 78 79 128 176 185 
21 44 78 79 110 133 154 185 
68 71 80 114 118 
81 106 114 
46 56 82 171 175 
11 16 55 64 83 113 193 
36 52 84 90 95 129 167 177 184 
40 85 126 147 198 
1 26 29 50 60 86 87 99 153 158 181 
1 26 29 50 60 86 87 99 153 158 181 
9 35 59 74 88 94 101 105 145 156 190 
10 41 89 120 122 134 
7 27 30 36 52 84 90 103 129 140 157 167 
18 56 63 91 171 195 
8 92 109 132 152 157 
14 67 93 196 
35 37 59 88 94 98 129 156 190 194 
19 84 95 104 184 
58 71 96 119 131 173 189 
5 97 170 
37 70 94 98 156 167 177 194 
1 26 29 50 60 86 87 99 153 155 181 
