150
120
24

0 5 25 28 31 37 38 65 75 77 105 113 120 126 133 136 
1 3 23 29 43 52 56 58 60 81 83 85 93 101 124 132 148 
2 7 11 35 42 45 59 62 66 71 74 80 91 99 108 109 119 128 130 131 141 143 145 
1 3 9 13 18 22 24 43 50 54 58 64 68 83 114 116 129 140 
4 6 10 12 15 21 23 32 43 46 49 56 58 81 83 96 101 117 142 
0 5 25 28 30 45 48 65 75 76 80 82 94 105 108 113 125 128 135 136 143 149 
4 6 9 12 15 21 30 31 32 46 49 51 71 75 76 87 117 118 140 141 142 145 
2 7 11 21 26 35 42 46 51 59 62 63 67 71 76 80 89 91 99 102 109 130 141 145 
8 19 44 57 61 73 90 92 100 111 123 126 144 
3 6 9 18 24 31 32 43 54 58 64 75 84 114 117 118 129 140 142 
4 10 12 15 23 40 41 46 49 56 60 81 83 96 101 
2 7 11 35 42 45 59 62 66 71 74 80 91 99 108 109 119 128 130 131 141 143 145 
4 6 10 12 15 21 23 26 35 40 41 46 49 63 71 79 87 89 91 117 122 141 142 145 
3 13 18 22 50 53 68 93 114 116 124 147 
14 16 27 33 34 37 47 70 78 88 112 115 133 134 139 146 
4 6 10 12 15 21 23 32 43 46 49 56 81 83 87 96 101 117 142 
14 16 27 33 37 38 47 72 77 88 92 112 120 127 133 134 139 146 
17 24 31 38 64 69 70 77 78 84 98 115 120 
3 9 13 18 22 24 50 54 58 64 68 84 98 114 116 129 140 147 
8 19 28 61 73 82 94 107 108 111 125 128 135 144 149 
20 36 86 95 103 106 121 138 
4 6 7 12 15 21 26 32 35 46 49 51 63 71 76 79 87 89 91 117 122 141 142 145 
3 13 18 22 24 39 50 53 54 68 98 114 116 129 147 
1 4 10 12 15 23 32 41 43 46 49 56 58 60 81 83 96 101 
3 9 17 18 22 24 31 39 50 54 64 69 84 98 114 129 140 147 
0 5 25 28 30 45 48 65 75 76 80 94 105 108 113 125 135 136 149 
7 12 21 26 35 40 41 46 49 62 63 67 71 79 89 91 99 102 109 122 137 141 145 
14 16 27 33 34 37 47 70 78 88 112 115 120 133 134 139 146 
0 5 19 25 28 30 45 48 65 73 82 94 105 107 108 113 125 126 128 135 136 144 149 
1 29 52 56 60 81 85 96 101 104 110 124 132 148 
5 6 25 28 30 45 48 51 65 75 76 80 87 94 105 108 113 125 128 135 136 143 149 
0 6 9 17 24 31 32 54 64 75 77 84 87 105 117 118 129 140 142 
4 6 9 15 21 23 31 32 43 46 49 58 75 76 83 87 117 118 140 142 
14 16 27 33 34 37 38 47 70 77 78 88 112 115 120 133 134 139 146 
14 27 33 34 47 70 78 88 115 134 139 146 
2 7 11 12 21 26 35 42 46 49 51 62 63 67 71 76 87 89 91 99 109 122 130 141 145 
20 36 86 95 103 106 121 138 
0 14 16 27 33 37 38 47 77 78 88 92 112 115 120 127 133 139 146 
0 16 17 33 37 38 47 65 77 78 105 112 115 120 133 146 
22 24 39 69 97 98 103 114 116 147 
10 12 26 40 41 79 96 122 137 
10 12 23 26 40 41 46 49 63 79 89 96 122 137 
2 7 11 35 42 55 59 62 67 71 91 99 102 109 130 131 145 
1 3 4 9 15 23 32 43 50 54 56 58 81 83 101 117 124 129 140 
8 44 57 61 73 90 100 111 123 
2 5 11 25 28 30 45 48 65 66 76 80 82 94 105 107 108 113 125 128 135 136 143 149 
4 6 7 10 12 15 21 23 26 32 35 41 46 49 51 63 71 79 87 89 91 117 122 141 142 145 
14 16 27 33 34 37 38 47 70 78 88 112 115 120 133 134 139 146 
5 25 28 30 45 48 51 65 75 76 80 82 94 105 107 108 113 125 128 135 136 143 149 
4 6 10 12 15 21 23 26 32 35 41 46 49 51 63 71 76 87 89 91 117 122 141 142 145 
3 13 18 22 24 43 50 53 54 58 64 68 83 93 114 116 129 147 
6 7 21 30 35 46 48 49 51 63 71 75 76 80 87 91 117 118 141 142 145 
1 29 52 56 60 85 93 101 104 124 132 148 
13 22 50 53 68 93 116 124 148 
3 9 18 22 24 31 43 50 54 58 64 68 83 84 98 114 129 140 147 
42 55 59 67 102 109 
1 4 10 15 23 29 43 52 56 58 60 81 83 85 96 101 110 124 132 
8 44 57 61 72 73 90 92 100 111 123 126 127 
1 3 4 9 18 23 32 43 50 54 56 58 83 93 101 114 124 129 140 
2 7 11 42 55 59 62 67 74 91 99 102 109 119 130 131 
1 10 23 29 52 56 60 81 83 85 96 101 110 124 132 148 
8 19 44 57 61 73 90 100 111 126 144 
2 7 11 26 35 42 59 62 63 67 71 89 91 99 102 109 122 130 141 145 
7 12 21 26 35 41 46 49 51 62 63 67 71 79 89 91 99 102 109 122 137 141 145 
3 9 17 18 24 31 50 54 64 69 84 98 114 118 129 140 
0 5 25 28 30 38 45 48 65 75 77 94 105 113 125 126 133 135 136 149 
2 11 45 66 74 80 82 107 108 119 125 128 130 131 143 
7 26 35 42 55 59 62 63 67 71 89 91 99 102 109 122 130 137 141 145 
3 13 18 22 50 53 54 68 93 114 116 124 129 147 
17 24 39 64 69 70 78 84 98 114 115 147 
14 17 27 33 34 47 69 70 78 84 88 98 103 115 134 139 146 
2 6 7 11 12 21 26 35 42 46 49 51 62 63 67 71 76 80 87 89 91 99 109 130 141 145 
16 57 72 73 90 92 100 112 123 126 127 
8 19 28 44 57 61 72 73 90 92 100 111 123 126 144 
2 11 59 66 74 80 107 108 119 128 130 131 143 
0 5 6 9 25 30 31 32 48 51 65 75 76 87 105 113 117 118 136 140 142 
5 6 7 21 25 30 32 35 45 48 49 51 71 75 76 80 87 91 117 118 136 141 142 145 
0 16 17 31 33 37 38 65 77 78 105 112 113 120 133 146 
14 17 27 33 34 37 38 47 69 70 77 78 84 88 112 115 120 133 134 139 146 
12 21 26 40 41 46 63 79 89 122 137 
2 5 7 11 25 30 45 48 51 66 71 74 76 80 82 94 107 108 119 125 128 130 131 135 136 143 145 149 
1 4 10 15 23 29 43 56 60 81 83 85 96 101 110 124 132 
5 19 28 45 48 66 80 82 94 107 108 111 125 128 135 143 144 149 
1 3 4 10 15 23 32 43 50 54 56 58 60 81 83 101 124 129 140 
9 17 18 24 31 54 64 69 70 78 84 98 114 115 129 147 
1 29 52 56 60 81 85 101 104 110 124 132 148 
20 36 86 95 103 106 121 138 
6 12 15 21 30 31 32 35 46 49 51 71 75 76 87 117 118 140 141 142 145 
14 16 27 33 34 37 47 70 78 88 112 115 134 139 146 
7 12 21 26 35 41 46 49 62 63 67 71 79 89 91 99 102 109 122 137 141 145 
8 44 57 61 72 73 90 92 100 123 126 127 
2 7 11 12 21 26 35 42 46 49 51 59 62 63 67 71 76 89 91 99 102 109 122 130 141 145 
8 16 37 57 72 73 90 92 100 112 123 126 127 
1 13 50 52 53 58 68 93 101 124 148 
5 19 25 28 30 45 48 65 80 82 94 107 108 111 113 125 128 135 136 143 144 149 
20 36 86 95 97 103 106 121 138 
4 10 15 23 29 40 41 56 60 81 96 101 110 
39 95 97 98 103 106 121 147 
17 18 22 24 39 54 64 69 70 84 97 98 114 129 147 
2 7 11 26 35 42 59 62 63 67 71 89 91 99 102 109 130 131 141 145 
8 44 57 61 72 73 90 92 100 123 
1 4 10 15 23 29 43 52 56 58 60 81 83 85 93 96 101 124 132 
7 26 42 55 59 62 63 67 89 91 99 102 109 137 
20 36 39 70 86 95 97 103 106 121 138 
29 52 85 104 110 132 148 
0 5 25 28 30 31 38 45 48 65 75 77 105 113 118 136 
20 36 86 95 97 103 106 121 138 
19 28 45 48 66 74 80 82 94 107 108 125 128 135 143 144 149 
2 5 11 19 25 28 30 45 48 66 74 80 82 94 107 108 113 119 125 128 135 136 143 149 
2 7 11 26 35 42 55 59 62 63 67 71 89 91 99 102 109 130 141 145 
29 56 60 81 85 96 104 110 132 
8 19 44 57 61 73 82 94 111 126 135 144 
14 16 27 33 37 38 47 72 77 78 88 92 112 120 127 133 134 139 146 
0 5 25 28 30 45 48 65 75 77 94 105 108 113 125 126 135 136 149 
3 9 13 18 22 24 39 50 54 58 64 68 69 84 98 114 116 129 140 147 
14 17 27 33 34 37 38 47 69 70 78 84 88 115 120 133 134 139 146 
3 13 18 22 39 50 53 68 114 116 147 
4 6 9 12 15 21 31 32 43 46 49 51 75 76 87 117 118 140 142 
6 9 31 32 51 64 75 76 87 105 117 118 136 140 142 
2 11 59 66 74 80 108 119 128 130 131 143 
