100
50
10

0 4 5 9 24 27 32 39 55 71 84 97 
1 13 28 33 35 49 62 80 92 93 
2 15 36 42 50 53 54 69 99 
3 6 8 16 20 31 44 48 59 61 65 76 81 86 
0 4 5 9 24 27 32 38 39 57 84 97 
0 4 5 9 17 24 27 32 38 39 57 71 75 97 
3 6 14 16 19 20 22 29 31 51 58 59 61 65 67 76 
7 30 47 49 74 80 82 89 92 94 
3 8 16 28 29 33 35 44 46 48 52 59 68 76 81 88 93 
0 4 5 9 24 27 39 55 84 97 
10 14 19 21 34 40 43 56 58 67 70 96 
11 25 60 63 83 90 98 
12 18 31 65 
1 13 28 29 33 35 49 62 68 80 92 93 
6 10 14 18 19 21 34 40 56 58 65 67 70 96 
2 15 36 50 53 54 69 99 
3 6 8 16 20 22 28 29 44 46 48 52 59 61 68 76 81 88 93 
5 17 26 32 46 48 52 66 71 72 75 88 91 97 
12 14 18 21 31 34 40 67 70 96 
6 10 14 19 20 21 22 34 40 51 56 58 65 67 70 
3 6 16 19 20 22 29 31 51 59 61 65 76 
10 14 18 19 21 34 40 58 67 70 96 
6 16 19 20 22 28 29 51 58 61 76 93 
23 30 47 53 54 66 72 73 74 77 78 79 82 99 
0 4 5 9 24 27 32 38 39 55 57 71 84 97 
11 25 41 90 98 
17 26 37 39 44 48 71 86 88 91 
0 4 5 9 24 27 32 38 39 57 71 84 97 
1 8 13 16 22 28 29 33 35 46 49 52 62 68 81 93 
6 8 13 16 20 22 28 29 33 35 51 61 68 76 81 93 
7 23 30 33 46 47 49 52 66 68 72 73 74 75 82 92 
3 6 12 18 20 31 61 65 67 70 
0 4 5 17 24 27 32 38 39 57 66 71 75 97 
1 8 13 28 29 30 33 35 46 49 52 62 68 92 93 
10 14 18 19 21 34 40 56 58 67 70 96 
1 8 13 28 29 33 35 46 49 52 62 68 81 92 93 
2 15 36 42 50 53 54 69 94 99 
26 37 39 55 86 87 91 95 
4 5 24 27 32 38 57 64 66 71 72 75 97 
0 4 5 9 24 26 27 32 37 39 55 71 84 91 97 
10 14 18 19 21 34 40 56 58 67 70 96 
25 41 85 98 
2 36 42 50 53 54 89 94 99 
10 43 45 56 
3 8 16 26 44 48 59 61 76 81 86 88 91 
43 45 
8 16 17 28 30 33 35 46 48 49 52 66 68 72 75 76 81 88 
7 23 30 47 49 66 72 73 74 78 79 82 92 99 
3 8 16 17 26 44 46 48 52 59 71 76 81 86 88 91 
1 7 13 28 30 33 35 46 47 49 52 68 74 80 82 92 
