150
75
15

0 65 136 145 
1 59 76 95 116 136 
2 28 50 70 
3 8 58 107 109 
4 37 46 104 122 139 
5 49 125 147 
6 18 38 63 68 73 88 118 119 137 149 
7 48 55 56 97 124 
3 8 16 58 66 107 109 141 
9 25 32 57 84 96 
10 49 114 147 
11 41 115 120 142 
12 39 41 82 142 
13 34 39 44 90 94 98 102 110 
14 
15 129 137 
8 16 69 89 92 107 109 112 
17 22 54 66 81 131 135 141 143 
6 18 68 73 79 118 119 
19 23 35 117 
20 129 
21 74 105 106 
17 22 54 66 135 141 
19 23 117 
24 
9 25 84 113 133 
26 74 80 
27 64 103 123 
2 28 50 70 75 
29 51 69 89 92 
30 83 94 98 102 110 
31 47 81 126 131 
9 32 57 
33 146 
13 34 39 82 90 
19 35 117 
36 52 60 85 86 91 100 121 
4 37 46 104 122 139 
6 38 63 68 79 88 118 149 
12 13 34 39 82 90 
40 44 140 144 
11 12 41 82 142 
42 47 87 93 99 134 
43 87 99 134 148 
13 40 44 90 110 144 
45 69 89 112 
4 37 46 77 104 122 139 
31 42 47 81 126 
7 48 55 56 97 99 124 
5 10 49 125 147 
2 28 50 70 71 75 128 
29 51 83 89 92 
36 52 60 127 
53 101 111 132 
17 22 54 66 135 141 
7 48 55 56 87 97 99 124 134 148 
7 48 55 56 97 99 124 
9 32 57 
3 8 58 107 
1 59 76 95 116 
36 52 60 85 
61 67 78 101 
62 136 138 
6 38 63 88 118 149 
27 64 103 
0 65 68 72 79 145 
8 17 22 54 66 135 141 
61 67 78 108 130 
6 18 38 65 68 79 118 149 
16 29 45 69 89 92 112 
2 28 50 70 71 128 
50 70 71 128 
65 72 
6 18 73 119 
21 26 74 106 
