100
50
5

0 4 44 
1 4 80 89 
2 19 34 35 67 97 
3 92 
0 1 4 44 
5 26 81 
6 16 64 78 89 
7 13 33 51 
8 68 87 
9 32 56 63 
10 54 69 
11 98 
12 72 
7 13 33 51 
14 28 47 68 82 90 
15 79 87 
6 16 42 89 
17 60 62 
18 86 
2 19 34 59 65 67 97 
20 
21 
22 54 69 
23 35 45 46 58 97 
24 88 
25 48 
5 26 45 81 
27 61 88 
14 28 47 71 99 
29 
30 77 
31 84 
9 32 56 63 70 94 
7 13 33 53 83 96 
2 19 34 35 46 67 97 
2 23 34 35 58 97 
36 91 
37 55 66 73 
38 41 50 85 95 
39 41 79 87 
40 66 74 
38 39 41 50 85 
16 42 76 
43 52 93 
0 4 44 75 
23 26 45 81 86 
23 34 46 61 97 
14 28 47 71 
25 48 57 
49 92 
