200
100
10

0 28 83 127 186 
1 36 43 78 82 100 129 
2 36 49 66 78 82 129 156 184 191 
3 58 93 113 192 
4 114 119 193 
5 24 35 60 67 172 
6 9 33 58 173 191 
7 57 62 84 161 
8 32 47 92 121 123 175 
6 9 66 146 184 191 
10 141 
11 52 120 
12 30 40 44 56 86 194 
13 16 26 42 99 140 
14 17 41 165 173 
15 25 35 60 80 88 96 174 
13 16 42 99 
14 17 33 64 120 165 173 
18 28 70 103 122 
19 24 37 45 125 172 
20 50 55 112 166 167 179 181 
21 27 29 106 132 153 
22 23 45 50 55 136 167 171 
22 23 45 50 55 136 171 
5 19 24 37 145 172 
15 25 39 65 80 88 96 126 143 174 190 
13 26 75 140 
21 27 29 54 106 132 153 
0 18 28 103 122 186 
21 27 29 106 132 
12 30 40 44 56 86 194 
31 116 117 128 176 
8 32 69 91 97 138 142 175 
6 17 33 120 144 173 
34 79 131 137 168 169 177 178 189 197 
5 15 35 60 67 
1 2 36 78 82 100 129 156 
19 24 37 45 125 136 172 
38 44 56 74 79 86 114 155 158 182 
25 39 65 80 88 96 108 143 162 174 190 
12 30 40 44 56 86 158 182 194 
14 41 151 164 165 
13 16 42 99 
1 43 78 100 110 188 
12 30 38 40 44 56 74 86 114 155 158 182 
19 22 23 37 45 55 125 136 172 
46 73 75 77 104 108 149 162 
8 47 92 121 123 175 
48 161 199 
2 49 66 78 82 100 147 160 184 188 
20 22 23 50 55 136 167 171 
51 119 154 196 
11 52 120 187 
53 126 143 
27 54 106 107 153 
20 22 23 45 50 55 136 167 171 
12 30 38 40 44 56 86 158 182 194 
7 57 62 63 84 105 118 148 161 
3 6 58 93 173 192 
59 63 76 84 
5 15 35 60 67 172 
61 122 127 130 157 176 186 195 
7 57 62 63 76 84 105 118 148 
57 59 62 63 76 84 105 148 
17 64 164 165 
25 39 65 80 88 96 108 126 143 174 190 
2 9 49 66 82 184 191 
5 35 60 67 91 142 175 
68 
32 69 91 97 138 142 183 
18 70 81 95 103 131 135 137 177 197 
71 89 152 163 
72 115 166 196 
46 73 104 108 121 123 149 162 
38 44 74 109 114 155 158 
26 46 75 77 108 140 
59 62 63 76 84 132 148 
46 75 77 140 149 
1 2 36 43 49 78 82 100 110 160 188 
34 38 79 114 131 135 137 155 158 177 189 193 
15 25 39 65 80 88 96 126 143 174 190 
70 81 102 124 178 189 195 197 
1 2 36 49 66 78 82 100 129 156 184 
0 83 98 127 130 157 186 
7 57 59 62 63 76 84 132 148 
85 159 180 183 198 
12 30 38 40 44 56 86 158 182 194 
87 101 111 139 
15 25 39 65 80 88 96 143 174 190 
71 89 152 163 
90 116 128 133 150 170 
32 67 69 91 97 138 142 183 
8 47 92 104 121 123 
3 58 93 176 192 
94 112 134 179 181 
70 95 103 135 137 177 193 
15 25 39 65 80 88 96 143 174 190 
32 69 91 97 138 142 145 183 
83 98 113 127 130 157 185 186 
13 16 42 99 
