# Converted from 50_1.csv
50
73 146 100000 0
125 250 100000 0
172 100000 100000 0
58 100000 41 0
139 100000 97 0
91 182 100000 0
166 100000 116 1 5
76 100000 100000 1 1
210 100000 147 1 1
116 232 100000 1 4
72 100000 100000 1 3
203 406 100000 2 8 10
141 282 100000 1 7
95 190 66 1 8
256 100000 100000 1 8
105 210 74 1 10
218 436 153 1 8
292 100000 100000 1 12
145 290 100000 1 13
93 100000 100000 1 16
133 100000 93 1 13
191 100000 134 1 16
62 100000 100000 1 14
104 208 100000 1 15
76 100000 53 1 21
169 100000 118 1 19
251 502 100000 1 17
198 100000 139 1 18
259 518 100000 1 20
148 296 104 3 4 14 20
182 100000 127 2 19 22
52 100000 100000 2 14 20
176 100000 100000 4 0 6 11 24
157 100000 100000 1 25
103 100000 100000 1 27
222 100000 155 1 28
73 146 51 1 26
86 100000 100000 2 3 29
198 396 139 1 32
191 100000 100000 1 32
39 100000 100000 1 32
159 100000 100000 1 32
184 100000 100000 1 35
219 438 153 2 21 33
49 100000 34 2 34 36
148 296 100000 1 36
183 366 100000 2 32 36
228 456 100000 2 22 37
163 100000 100000 2 30 42
27 100000 19 1 45
