# Converted from 50_118.csv
50
763 1526 534 0
429 100000 300 0
690 1380 483 0
685 100000 479 2 0 2
622 100000 100000 1 2
770 1540 539 1 2
462 100000 100000 1 1
287 574 100000 1 5
391 100000 100000 1 6
543 100000 100000 2 5 6
443 100000 100000 2 8 9
550 100000 385 1 10
465 100000 100000 1 10
430 100000 301 1 10
351 100000 100000 1 10
465 930 100000 1 10
652 1304 456 1 10
715 1430 500 3 0 15 16
498 996 100000 7 3 7 11 12 14 15 16
569 1138 100000 1 16
539 100000 377 1 15
372 744 100000 1 16
386 100000 270 1 16
484 968 100000 1 18
519 100000 100000 1 18
596 1192 100000 1 18
350 100000 245 1 18
266 100000 100000 1 18
640 100000 448 2 0 20
387 100000 271 1 27
550 100000 385 2 16 28
607 100000 100000 3 21 22 26
509 100000 100000 3 20 22 25
655 100000 100000 6 4 13 19 22 23 25
495 990 100000 1 25
450 100000 315 6 17 29 30 31 32 34
407 814 100000 1 33
527 1054 100000 1 33
413 100000 100000 1 33
658 100000 100000 1 33
543 100000 100000 2 33 34
601 100000 100000 1 35
241 482 169 1 35
723 1446 100000 1 35
336 100000 235 1 35
467 100000 327 1 40
382 764 100000 2 26 36
653 100000 100000 4 37 42 45 46
677 1354 100000 2 41 43
410 820 287 3 21 37 45
