# Converted from 50_197.csv
50
467 100000 100000 0
370 100000 100000 0
487 100000 341 0
334 668 100000 0
593 1186 100000 0
432 100000 100000 0
422 844 295 0
772 100000 540 1 1
522 100000 365 1 0
387 774 271 1 2
404 808 283 1 3
426 852 100000 2 4 6
763 100000 100000 1 8
797 1594 100000 1 7
553 100000 100000 1 9
525 100000 368 1 10
720 100000 100000 1 11
450 100000 315 1 11
534 1068 100000 2 2 11
392 784 100000 1 12
748 1496 100000 1 13
740 1480 100000 1 14
649 100000 100000 2 1 15
502 1004 100000 1 19
493 100000 345 1 20
344 100000 100000 2 18 21
594 1188 416 1 21
598 100000 100000 1 21
483 966 338 1 22
568 100000 100000 3 1 11 21
412 824 288 1 25
654 100000 100000 1 26
409 100000 100000 1 23
334 100000 234 1 24
578 1156 405 3 5 6 28
439 878 307 1 28
404 100000 100000 1 34
540 1080 100000 1 30
370 100000 100000 1 31
457 914 320 1 32
660 100000 462 1 33
410 100000 100000 2 4 34
495 100000 346 1 35
272 100000 190 2 18 35
619 100000 100000 1 35
448 100000 314 1 36
573 100000 100000 1 39
662 100000 100000 2 37 38
445 890 100000 3 29 41 42
313 100000 100000 1 44
