# Converted from 50_198.csv
50
531 100000 100000 0
429 858 300 0
480 100000 100000 0
580 100000 100000 0
376 752 100000 1 0
503 1006 352 1 0
496 100000 347 1 1
569 100000 398 1 0
581 100000 100000 1 1
326 100000 228 1 4
611 1222 428 1 5
532 1064 100000 1 6
590 100000 413 1 8
537 100000 100000 1 7
472 100000 100000 1 7
256 100000 100000 1 7
372 100000 260 1 10
502 100000 100000 1 12
405 100000 284 1 14
392 100000 274 1 9
450 100000 315 1 13
674 1348 100000 1 11
384 768 269 1 18
442 884 309 1 20
606 100000 100000 1 16
509 100000 356 1 17
573 100000 401 1 21
644 100000 100000 2 15 20
442 884 100000 1 18
522 100000 100000 1 20
542 100000 100000 1 24
304 608 213 1 22
326 652 100000 1 23
738 100000 100000 1 25
688 100000 100000 3 19 27 29
290 100000 100000 1 28
539 1078 100000 1 30
500 1000 100000 1 32
531 100000 100000 1 31
389 100000 272 1 33
361 100000 253 2 34 35
413 826 100000 1 35
506 1012 354 3 8 26 34
506 100000 354 1 38
405 810 100000 1 39
534 1068 100000 4 8 14 36 37
432 864 100000 1 40
620 1240 100000 2 15 41
591 1182 100000 2 21 41
714 100000 100000 1 42
