# Converted from 50_182.csv
50
329 100000 100000 0
418 100000 100000 0
419 100000 100000 0
547 100000 100000 0
499 100000 349 1 0
622 100000 100000 1 1
547 100000 383 1 2
569 100000 100000 1 2
458 100000 321 1 2
644 100000 100000 1 3
557 1114 100000 1 3
356 712 100000 1 2
522 1044 100000 1 4
424 100000 100000 1 5
525 100000 368 1 6
420 840 294 1 7
418 836 100000 1 8
295 100000 100000 1 9
472 100000 100000 1 11
380 100000 100000 1 16
466 100000 326 1 13
488 100000 100000 2 12 14
432 100000 302 1 17
456 912 100000 1 15
597 1194 100000 1 17
317 634 100000 1 18
863 1726 100000 1 17
450 900 100000 1 21
518 100000 100000 1 22
477 100000 100000 1 19
462 100000 323 1 20
707 100000 495 1 25
406 100000 284 1 29
671 1342 470 1 27
486 100000 340 1 28
406 812 100000 4 8 9 30 31
618 1236 100000 3 3 21 31
467 934 327 1 31
386 100000 100000 1 31
437 874 306 1 32
410 820 100000 1 34
674 100000 100000 1 35
590 1180 413 1 33
546 1092 100000 2 21 38
500 100000 350 1 37
453 100000 317 1 41
355 100000 248 2 39 40
544 1088 100000 1 44
369 100000 258 2 25 42
629 1258 440 1 43
