# Converted from 50_152.csv
50
172 100000 100000 0
81 162 57 0
76 152 100000 0
195 100000 100000 0
98 100000 100000 1 0
69 138 100000 1 1
99 100000 69 1 2
222 100000 155 1 2
69 100000 48 1 1
168 336 100000 1 3
146 100000 102 1 7
118 100000 100000 1 4
223 100000 100000 1 5
80 160 100000 1 6
92 100000 100000 2 7 9
189 100000 132 1 8
87 100000 100000 1 10
93 100000 100000 1 11
187 374 131 1 13
123 246 100000 1 14
28 56 100000 1 12
276 100000 100000 1 14
123 246 86 1 15
62 124 100000 1 18
68 100000 48 1 16
147 100000 103 1 18
27 100000 19 1 17
107 100000 75 1 19
212 424 100000 1 21
73 146 100000 1 22
216 100000 100000 1 18
282 564 197 1 18
107 100000 75 1 23
119 238 100000 1 25
55 100000 38 1 27
172 344 120 1 28
155 310 108 2 24 26
120 240 84 1 29
70 100000 100000 1 33
215 100000 150 1 32
300 600 100000 1 34
104 100000 100000 1 35
94 188 100000 1 36
93 100000 100000 2 8 36
120 100000 100000 1 39
99 100000 100000 2 38 41
201 402 100000 1 40
77 100000 100000 1 42
122 100000 100000 1 42
163 100000 114 2 9 43
