# Converted from 50_102.csv
50
556 100000 100000 0
519 1038 100000 0
522 100000 365 0
613 100000 100000 0
663 100000 100000 0
369 738 100000 0
479 100000 335 0
478 100000 100000 4 0 1 2 3
824 100000 100000 1 5
633 1266 100000 1 5
486 100000 100000 1 7
565 100000 396 1 7
504 1008 353 1 7
569 1138 100000 1 7
592 1184 100000 1 9
423 846 100000 1 7
460 100000 322 1 9
326 652 228 1 12
502 100000 351 2 12 16
498 100000 349 1 11
597 100000 100000 1 13
517 100000 362 1 18
625 1250 438 2 13 18
496 992 100000 2 12 19
504 100000 353 1 19
295 100000 206 3 11 15 18
548 1096 384 6 4 8 17 21 22 23
622 1244 100000 3 6 24 25
579 100000 405 1 25
694 1388 100000 1 25
451 100000 100000 1 26
608 1216 100000 1 26
397 100000 100000 1 26
657 1314 460 1 26
465 100000 326 1 26
458 100000 100000 1 29
482 100000 100000 2 20 27
448 100000 100000 5 6 28 32 34 35
587 100000 100000 1 36
440 100000 100000 1 31
655 1310 458 4 10 14 37 38
451 100000 100000 2 32 39
533 100000 100000 1 40
438 876 307 1 40
647 1294 100000 1 40
409 100000 100000 1 40
615 1230 430 1 40
427 100000 100000 1 40
500 1000 350 1 45
366 100000 100000 2 42 47
