# Converted from 50_123.csv
50
427 100000 100000 0
555 1110 100000 0
610 1220 427 0
506 100000 100000 0
341 682 239 1 3
257 100000 100000 1 3
705 1410 493 1 3
388 100000 272 1 6
526 1052 100000 1 6
569 100000 100000 1 6
441 882 100000 1 9
548 100000 100000 1 9
629 100000 100000 1 9
602 100000 100000 1 11
519 100000 100000 2 11 12
399 100000 279 5 1 2 5 8 10
576 100000 100000 1 12
367 100000 100000 1 11
512 100000 358 2 15 16
533 100000 100000 1 15
557 100000 100000 1 15
257 100000 180 1 15
559 1118 391 1 15
527 100000 100000 1 15
568 1136 398 1 15
511 1022 100000 1 17
587 100000 411 5 11 12 19 22 24
669 1338 468 2 19 25
520 100000 364 2 22 24
487 100000 100000 5 19 20 21 24 25
440 880 100000 4 11 16 20 22
491 100000 100000 3 12 21 24
326 652 100000 7 0 4 13 18 26 27 29
364 728 100000 3 29 30 31
499 100000 100000 3 21 24 30
381 762 267 3 22 25 31
332 664 100000 1 32
669 100000 468 1 32
686 1372 480 1 32
560 100000 392 1 32
388 100000 100000 1 32
539 100000 100000 7 7 14 28 32 33 34 35
561 1122 100000 3 32 34 35
734 100000 100000 1 41
569 1138 398 1 41
502 1004 351 1 41
739 100000 517 1 41
475 100000 100000 1 46
469 938 100000 2 36 45
480 100000 336 2 36 45
