# Converted from 50_117.csv
50
530 100000 100000 0
428 856 100000 0
415 830 100000 0
641 1282 449 0
397 100000 278 0
302 100000 100000 0
670 100000 469 0
502 100000 100000 4 0 1 2 3
608 100000 100000 1 4
453 100000 100000 1 4
502 100000 351 2 5 6
502 1004 100000 1 6
715 100000 100000 1 7
649 1298 100000 1 7
660 100000 100000 1 7
483 100000 338 1 7
236 472 165 1 7
554 100000 100000 1 9
477 100000 334 1 11
479 958 100000 1 18
462 100000 100000 3 11 13 16
366 732 100000 2 5 13
417 834 100000 2 9 14
521 100000 100000 4 12 19 20 21
258 516 181 1 22
340 680 100000 2 5 22
218 100000 100000 1 22
428 856 300 1 23
631 100000 100000 1 23
433 100000 303 1 23
390 100000 100000 1 23
484 100000 100000 3 11 25 26
283 566 100000 3 28 29 31
527 100000 369 4 27 28 29 30
362 724 253 2 30 32
431 100000 302 1 34
505 100000 354 1 34
452 904 100000 1 34
290 580 203 2 24 34
471 100000 100000 2 17 34
650 100000 455 5 8 33 35 36 37
651 100000 100000 1 38
669 1338 100000 2 33 39
446 100000 312 1 39
491 100000 344 1 38
512 1024 100000 1 40
498 996 349 1 40
718 1436 503 1 40
309 100000 100000 1 40
607 100000 100000 1 40
