# Converted from 50_109.csv
50
557 100000 100000 0
365 100000 255 0
687 100000 481 0
640 100000 100000 0
440 880 308 0
542 100000 100000 0
566 100000 100000 1 5
591 100000 414 2 4 5
722 1444 505 1 5
330 660 100000 2 4 5
490 100000 343 1 5
374 748 262 7 1 2 3 7 8 9 10
518 100000 100000 2 8 9
553 1106 100000 2 8 9
311 100000 100000 2 8 10
528 100000 100000 3 8 9 10
652 100000 456 1 11
511 1022 100000 1 11
232 100000 100000 1 11
583 1166 100000 1 11
506 100000 354 1 11
585 1170 100000 3 11 14 15
400 800 280 4 17 19 20 21
508 100000 100000 3 17 19 21
461 922 323 2 18 19
358 716 251 3 16 18 19
656 100000 100000 3 15 18 19
442 100000 100000 3 21 25 26
511 100000 100000 1 24
332 664 100000 3 16 24 26
529 100000 370 4 0 6 22 27
435 100000 100000 3 21 25 28
567 1134 397 1 29
365 730 255 1 30
317 100000 100000 1 30
514 100000 100000 1 30
411 822 288 1 30
734 100000 100000 4 12 13 23 31
340 680 238 4 17 20 25 32
386 100000 100000 1 30
497 100000 100000 1 37
513 100000 359 1 37
481 962 337 1 37
537 100000 100000 1 37
483 100000 100000 3 28 33 39
568 1136 100000 3 20 26 43
561 100000 100000 3 26 40 43
321 642 100000 3 29 34 46
705 100000 493 4 29 35 41 45
517 1034 100000 3 32 35 45
