# Converted from 50_167.csv
50
29 58 100000 0
165 330 115 0
259 100000 181 0
194 100000 100000 0
154 100000 108 0
69 100000 100000 0
244 100000 171 1 3
175 100000 122 1 0
92 100000 64 1 3
176 352 100000 1 1
256 100000 179 1 2
111 100000 78 1 4
191 382 134 1 5
46 92 32 1 4
77 154 54 1 5
135 100000 100000 1 5
97 194 100000 1 6
40 100000 28 1 8
210 100000 100000 1 12
136 100000 95 1 9
126 252 88 1 11
124 100000 100000 2 7 10
231 462 162 1 13
86 100000 100000 1 18
79 158 100000 1 19
355 100000 100000 3 16 17 20
151 100000 100000 1 22
30 60 21 1 22
176 100000 100000 1 23
56 112 100000 1 24
152 100000 100000 1 25
93 100000 100000 2 25 26
177 354 100000 1 27
93 100000 100000 1 26
104 208 73 1 27
60 100000 100000 1 28
30 60 100000 1 30
211 422 100000 1 29
117 234 82 1 34
122 100000 85 1 31
61 100000 100000 1 33
39 100000 100000 1 31
127 100000 100000 2 35 36
255 510 100000 1 37
287 100000 100000 1 38
285 570 100000 2 38 41
78 156 55 2 25 37
21 100000 100000 1 46
250 100000 100000 1 43
157 100000 100000 1 45
