# Converted from 50_142.csv
50
200 100000 100000 0
204 100000 100000 0
32 64 22 0
145 100000 100000 0
197 100000 100000 0
72 100000 50 0
46 92 100000 0
65 100000 46 5 0 1 2 3 6
112 100000 78 2 5 6
205 410 100000 1 5
112 224 100000 1 5
248 100000 174 1 7
35 100000 100000 1 7
132 264 92 1 7
321 100000 100000 1 7
541 100000 100000 3 7 8 10
135 100000 94 2 7 10
297 100000 208 3 6 9 10
202 404 141 4 12 13 14 15
517 100000 100000 1 14
337 100000 100000 4 12 13 14 15
282 100000 197 3 9 12 14
138 276 100000 2 20 21
170 340 100000 1 21
456 912 100000 1 23
169 100000 100000 2 15 23
129 100000 100000 1 23
267 534 100000 2 17 23
126 252 100000 2 25 26
194 100000 136 4 16 20 26 27
26 100000 18 2 16 26
203 406 100000 1 30
608 100000 426 2 20 30
587 1174 411 2 20 30
340 680 100000 1 30
124 100000 87 7 11 18 19 22 28 31 34
294 100000 100000 4 4 24 29 32
108 216 100000 1 33
49 100000 100000 3 17 33 34
80 100000 56 1 35
175 350 100000 1 35
340 680 238 1 35
77 100000 54 1 35
60 100000 100000 1 35
81 100000 57 1 36
482 964 100000 1 36
498 100000 100000 1 36
43 86 30 1 36
249 498 100000 3 36 39 40
32 100000 100000 3 35 38 45
