# Converted from 50_154.csv
50
143 286 100000 0
115 230 80 0
133 100000 100000 0
260 100000 100000 0
36 100000 25 0
165 330 100000 0
28 100000 20 0
144 100000 100000 1 0
27 54 19 1 1
115 100000 100000 1 2
63 126 44 1 3
77 100000 54 2 4 5
325 100000 227 1 6
226 100000 100000 1 4
298 596 100000 1 7
53 106 37 1 10
180 100000 100000 2 8 9
371 100000 100000 1 11
66 100000 46 1 14
165 100000 100000 1 16
117 234 82 1 17
81 100000 100000 1 15
29 100000 100000 1 16
210 420 147 1 16
157 100000 110 2 5 16
111 100000 100000 1 18
224 448 100000 1 22
169 100000 100000 1 19
196 100000 100000 1 20
225 100000 158 1 21
55 110 38 1 24
119 100000 100000 1 24
108 216 76 1 23
91 100000 100000 1 26
110 100000 100000 1 27
74 100000 52 1 28
64 128 100000 1 25
276 100000 100000 1 29
341 682 239 1 32
165 330 100000 1 35
23 46 100000 1 33
39 78 27 1 34
61 100000 100000 1 37
152 100000 106 2 6 36
114 228 100000 1 39
287 100000 100000 1 40
159 100000 100000 2 11 40
222 444 155 2 41 42
84 168 100000 2 23 42
331 100000 100000 2 17 40
