# Converted from 50_15.csv
50
68 136 48 0
348 696 100000 0
107 214 100000 0
110 100000 77 0
49 100000 100000 0
124 248 100000 1 3
197 100000 100000 1 2
289 100000 202 1 1
76 152 100000 1 0
163 100000 100000 1 4
193 386 100000 1 2
34 100000 100000 1 1
208 100000 100000 1 7
148 296 100000 1 8
197 100000 138 1 10
129 100000 90 2 4 11
187 100000 131 1 11
105 100000 100000 1 11
114 228 100000 1 11
24 48 17 1 13
200 100000 100000 1 12
132 264 100000 1 14
184 100000 129 2 9 14
307 100000 215 1 17
266 532 100000 1 17
96 100000 100000 1 14
262 100000 100000 1 20
122 100000 85 1 21
65 100000 46 1 24
271 100000 100000 1 25
202 100000 100000 1 23
26 100000 100000 4 5 6 19 26
57 114 40 1 28
220 440 100000 1 27
119 238 83 1 28
198 396 100000 1 29
253 100000 177 1 29
209 100000 146 1 31
110 100000 100000 1 31
33 100000 100000 1 31
93 100000 100000 1 31
66 100000 46 1 33
93 186 65 1 32
58 100000 41 1 34
223 100000 100000 1 36
40 80 28 1 41
298 596 100000 1 42
239 100000 167 2 37 44
170 340 100000 1 40
27 54 100000 1 44
