# Converted from 50_148.csv
50
261 522 100000 0
249 100000 174 0
116 232 100000 1 1
98 196 69 1 1
286 100000 100000 1 1
369 738 100000 1 4
127 100000 100000 1 4
511 1022 100000 1 4
297 100000 100000 1 3
348 696 100000 1 4
476 100000 100000 1 4
456 100000 319 2 3 4
229 458 100000 5 5 6 7 8 11
129 100000 100000 1 11
529 100000 370 1 11
24 100000 100000 1 10
167 334 117 1 12
322 100000 225 1 12
54 108 38 1 12
41 100000 100000 1 12
172 100000 100000 2 14 15
47 94 33 1 13
66 100000 46 1 12
64 100000 45 3 19 20 21
215 430 100000 3 19 20 21
154 100000 100000 3 19 20 22
190 100000 133 1 20
486 972 340 2 19 26
202 100000 100000 4 2 17 18 23
116 232 81 2 24 25
178 100000 100000 2 13 25
198 100000 139 1 28
26 52 100000 1 28
53 100000 100000 1 28
43 86 30 1 28
66 100000 100000 2 21 30
25 50 100000 1 29
83 166 100000 4 24 30 31 33
188 100000 132 2 33 36
96 100000 67 1 36
478 100000 100000 2 22 33
116 232 100000 8 0 9 16 27 32 34 35 37
118 100000 100000 2 28 39
278 556 195 2 31 40
69 100000 100000 1 40
227 100000 159 1 41
91 100000 100000 1 41
87 100000 61 1 41
67 134 100000 1 41
21 100000 100000 3 35 43 44
