# Converted from 50_116.csv
50
589 1178 100000 0
582 100000 407 0
228 456 160 0
491 100000 344 0
621 100000 100000 2 2 3
369 738 258 2 2 3
610 100000 427 1 2
566 1132 100000 1 4
558 1116 100000 1 6
458 916 100000 2 4 6
545 100000 100000 2 8 9
187 100000 100000 1 9
613 100000 100000 1 9
320 640 100000 1 8
613 1226 429 2 3 8
580 1160 100000 3 5 8 9
634 100000 100000 1 14
456 912 319 6 0 5 7 11 12 14
428 100000 100000 2 5 14
591 1182 414 3 4 5 14
612 100000 100000 1 17
516 100000 100000 1 17
281 100000 100000 1 17
675 1350 100000 1 17
521 100000 365 2 4 18
685 100000 100000 4 15 17 18 19
672 100000 100000 1 19
575 100000 100000 2 22 26
438 876 307 3 20 22 24
395 790 100000 1 24
537 100000 100000 2 25 26
667 1334 467 2 18 22
728 100000 100000 2 21 24
366 732 100000 6 10 16 25 27 28 32
320 100000 100000 6 1 13 29 30 31 32
491 982 344 1 32
685 100000 100000 2 26 32
537 100000 376 2 25 32
509 1018 356 1 33
561 1122 393 1 33
497 100000 100000 1 33
558 100000 100000 1 33
229 100000 100000 1 34
437 100000 100000 1 34
649 100000 454 1 34
499 998 100000 1 34
566 100000 396 3 38 40 41
444 100000 311 4 38 39 40 43
394 100000 276 2 37 47
477 100000 334 2 44 47
