# Converted from 50_192.csv
50
588 1176 100000 0
463 100000 324 0
537 1074 100000 0
498 996 349 0
572 100000 400 0
363 100000 100000 0
547 100000 100000 1 1
584 100000 100000 1 0
588 100000 100000 1 2
309 618 216 1 2
474 100000 332 1 6
343 686 240 1 9
584 1168 409 1 7
439 878 100000 1 8
700 100000 490 2 4 9
501 100000 351 1 9
566 1132 100000 1 9
383 100000 100000 1 10
460 100000 322 1 11
433 100000 100000 1 14
575 1150 402 1 13
593 1186 415 1 12
638 1276 100000 1 14
567 100000 100000 2 1 14
765 1530 100000 1 19
385 770 100000 1 20
272 100000 100000 1 21
435 100000 100000 1 17
404 100000 283 1 18
421 842 100000 2 1 22
585 1170 100000 1 22
213 100000 149 1 23
528 1056 370 1 25
420 100000 294 1 26
266 100000 100000 1 29
774 100000 100000 1 24
410 820 100000 2 16 27
372 100000 100000 1 31
691 100000 100000 1 30
434 100000 100000 1 36
449 100000 314 1 33
292 584 204 1 34
578 100000 100000 3 16 32 38
545 100000 100000 1 38
470 100000 100000 1 39
659 100000 100000 1 40
578 1156 100000 2 41 42
662 100000 463 1 42
470 940 100000 1 43
556 100000 389 1 42
