# Converted from 50_16.csv
50
63 100000 100000 0
86 100000 100000 0
204 100000 100000 0
179 100000 125 0
141 100000 99 0
175 100000 122 0
219 438 153 0
109 100000 100000 0
277 554 194 0
187 100000 131 2 5 8
29 58 100000 1 2
37 100000 100000 2 6 8
88 100000 62 1 3
116 100000 81 1 12
158 316 100000 1 10
119 238 100000 1 12
350 100000 100000 1 12
178 100000 100000 1 12
62 124 100000 1 11
138 276 100000 4 0 1 9 13
97 100000 100000 1 14
233 466 163 1 18
202 404 100000 1 17
41 100000 29 1 15
221 442 100000 1 16
187 100000 100000 1 19
76 100000 53 1 19
95 100000 66 1 19
162 100000 113 1 19
113 100000 79 1 21
125 100000 88 1 20
121 100000 100000 1 23
48 100000 100000 1 29
64 128 45 1 31
96 192 100000 1 30
281 100000 100000 1 26
66 132 100000 1 28
67 134 47 1 31
105 210 100000 1 33
48 100000 100000 1 35
207 414 145 1 32
319 100000 100000 1 35
132 264 92 1 36
370 100000 100000 2 8 37
109 100000 100000 1 38
84 168 100000 1 39
91 100000 64 1 41
208 416 100000 2 23 41
174 348 100000 1 42
291 100000 100000 1 43
