# Converted from 50_111.csv
50
342 684 100000 0
297 594 100000 0
396 792 100000 0
445 100000 100000 0
331 662 232 1 3
439 878 100000 1 3
535 1070 100000 1 3
503 100000 100000 1 6
497 994 348 1 6
506 100000 100000 1 6
532 1064 100000 2 8 9
554 100000 100000 3 7 8 9
554 1108 388 3 7 8 9
572 1144 400 2 11 12
441 100000 100000 2 11 12
501 100000 100000 2 11 12
461 100000 100000 2 11 12
400 100000 100000 2 11 12
433 100000 100000 2 11 12
499 100000 100000 6 0 1 13 14 15 17
396 100000 100000 2 17 18
409 818 100000 2 17 18
640 100000 448 2 17 18
454 908 100000 1 19
739 100000 517 1 19
597 100000 100000 1 19
553 1106 100000 1 19
631 1262 442 1 19
520 100000 364 2 19 22
638 100000 100000 2 19 21
274 100000 192 4 18 24 26 27
560 100000 392 5 21 22 25 26 27
479 100000 335 3 26 28 29
682 1364 477 4 25 26 28 29
666 100000 100000 1 33
532 100000 372 6 5 16 20 23 31 33
209 100000 146 1 33
751 1502 100000 2 25 32
440 100000 308 5 2 4 10 30 34
386 100000 270 1 35
515 1030 100000 1 35
540 100000 378 1 35
717 100000 100000 1 35
576 1152 403 1 35
505 100000 100000 3 27 32 36
475 100000 100000 1 38
499 100000 349 1 38
648 1296 100000 1 38
528 100000 370 1 38
459 918 100000 1 38
