# Converted from 50_151.csv
50
185 100000 130 0
102 204 100000 0
102 100000 100000 0
172 100000 100000 0
48 96 100000 0
154 100000 100000 0
148 296 100000 0
223 100000 100000 0
162 324 100000 1 1
69 100000 48 1 0
54 100000 38 2 4 7
85 100000 100000 1 9
22 100000 15 1 8
120 100000 84 1 10
88 176 100000 1 10
245 100000 100000 1 10
104 100000 73 2 6 10
82 164 100000 1 10
260 520 100000 1 10
235 100000 100000 1 14
55 110 38 1 11
50 100000 35 1 14
156 100000 109 1 12
169 100000 100000 1 13
235 100000 164 1 14
87 100000 100000 1 19
146 292 100000 1 20
102 100000 100000 1 21
107 100000 75 1 24
96 192 67 1 23
169 100000 118 1 24
161 100000 113 1 22
105 100000 100000 3 3 18 24
100 100000 100000 3 1 18 24
183 100000 128 1 28
217 100000 152 1 29
32 64 100000 1 26
158 100000 100000 1 30
80 160 56 3 18 25 27
117 234 100000 2 4 31
162 324 100000 1 34
62 124 100000 1 36
239 478 167 3 5 35 38
207 414 100000 1 37
106 212 100000 2 10 39
28 100000 100000 4 32 33 40 41
96 192 67 1 44
70 100000 100000 2 43 44
207 100000 145 3 2 18 44
121 242 100000 2 5 43
