# Converted from 50_124.csv
50
554 1108 100000 0
289 100000 202 0
366 100000 100000 0
410 100000 287 0
445 100000 100000 1 3
492 984 100000 1 3
501 100000 351 1 3
578 100000 100000 1 3
606 1212 100000 1 3
421 842 295 1 3
733 100000 100000 1 3
446 892 312 2 9 10
413 100000 100000 2 8 10
586 100000 100000 1 10
303 100000 212 7 0 1 4 5 6 11 13
645 100000 100000 1 13
743 100000 100000 1 13
527 1054 100000 3 8 9 13
652 100000 456 1 14
332 100000 232 1 14
587 1174 411 1 14
692 100000 484 1 14
413 100000 100000 1 14
631 1262 100000 2 14 17
411 822 288 1 17
531 100000 100000 2 19 23
674 100000 100000 6 2 7 15 16 18 19
519 100000 363 3 19 22 23
429 858 100000 2 8 20
423 846 100000 2 26 28
399 798 100000 1 26
595 100000 416 1 26
496 992 347 1 26
424 100000 297 1 26
577 100000 100000 2 23 28
504 100000 353 3 17 30 31
366 100000 256 2 30 34
307 614 215 2 30 34
674 100000 100000 5 12 25 29 35 37
491 982 100000 2 33 36
773 100000 100000 2 22 36
496 100000 347 1 36
424 100000 100000 1 38
673 100000 100000 1 38
563 1126 100000 1 38
391 782 100000 1 38
440 880 100000 1 38
562 100000 100000 3 39 44 45
725 1450 100000 2 42 43
682 1364 477 3 24 33 43
