# Converted from 50_144.csv
50
90 100000 63 0
184 368 100000 0
58 116 100000 0
96 100000 67 0
360 100000 100000 0
25 100000 18 0
149 298 100000 0
292 100000 100000 0
234 100000 164 3 5 6 7
246 100000 172 1 7
204 408 143 1 6
59 100000 41 4 0 1 2 3
192 384 134 2 5 7
85 100000 100000 1 11
236 472 100000 1 11
128 100000 100000 1 11
74 100000 100000 1 11
467 934 100000 1 11
152 100000 100000 1 11
523 1046 366 7 8 9 10 13 14 15 17
534 100000 100000 2 7 18
46 100000 32 2 7 17
537 100000 376 2 6 14
577 100000 100000 2 14 18
476 100000 100000 1 19
577 1154 404 1 19
573 1146 100000 1 19
61 122 100000 1 19
34 100000 100000 1 19
483 100000 338 3 15 22 23
24 48 100000 2 15 22
280 100000 100000 6 4 12 20 21 29 30
248 496 100000 3 12 22 26
58 100000 41 4 12 25 27 30
272 100000 100000 1 31
524 1048 100000 1 31
422 844 295 1 31
153 306 100000 1 31
191 100000 134 1 31
244 100000 100000 1 31
125 100000 88 1 31
265 100000 100000 4 19 35 37 39
141 100000 99 3 16 33 34
230 460 100000 5 24 26 33 36 40
317 634 100000 2 42 43
115 100000 100000 2 35 44
31 100000 100000 2 41 44
242 484 169 1 46
568 1136 398 4 28 38 41 45
171 100000 100000 1 45
