# Converted from 50_165.csv
50
91 100000 100000 0
125 250 88 0
350 100000 245 0
116 100000 81 0
119 238 100000 1 0
263 100000 100000 1 1
217 100000 100000 1 1
179 100000 125 1 3
79 158 55 1 2
307 100000 100000 1 2
164 100000 100000 1 6
95 190 100000 1 4
71 142 100000 1 5
85 170 100000 1 7
140 280 100000 1 9
141 100000 100000 1 9
263 526 100000 2 3 6
197 100000 100000 2 6 7
85 100000 100000 1 6
194 388 100000 2 6 9
51 102 36 1 10
145 290 100000 1 11
44 100000 100000 1 14
66 132 46 1 15
170 100000 100000 1 13
149 100000 104 1 12
144 100000 101 1 15
171 100000 120 2 8 18
135 270 100000 1 22
132 264 100000 1 23
250 100000 100000 1 20
75 100000 52 3 2 7 21
242 484 169 2 24 25
323 100000 226 1 27
231 100000 100000 1 27
149 100000 100000 1 28
102 100000 100000 1 29
179 100000 125 1 30
46 92 100000 1 31
30 100000 100000 1 31
125 100000 88 1 33
192 100000 134 2 17 34
156 100000 109 1 35
103 206 72 1 36
210 420 100000 1 38
39 78 100000 2 3 37
96 192 100000 2 26 39
254 100000 178 4 33 42 44 45
127 100000 89 2 33 43
88 100000 100000 2 25 46
