# Converted from 50_135.csv
50
366 732 256 0
595 100000 100000 0
466 100000 100000 0
508 100000 356 0
232 100000 162 1 3
183 100000 100000 1 3
512 100000 358 1 3
80 100000 100000 1 3
519 1038 100000 1 3
129 258 90 5 0 1 4 5 7
261 522 183 1 7
99 100000 69 2 7 8
399 100000 279 2 7 8
25 50 100000 1 7
549 100000 100000 1 9
264 100000 100000 1 9
266 532 100000 1 9
49 100000 100000 1 9
459 918 100000 1 9
448 100000 314 3 10 12 13
401 100000 281 3 11 17 18
50 100 35 2 11 15
541 100000 100000 2 16 17
534 1068 100000 2 12 17
178 100000 100000 6 11 13 14 15 16 17
57 100000 100000 3 19 21 22
155 100000 108 3 19 21 22
257 100000 100000 2 22 24
74 100000 100000 3 10 21 27
112 224 78 3 10 12 27
374 748 262 2 19 27
40 100000 100000 3 21 23 27
95 100000 100000 2 12 27
50 100 100000 5 6 18 25 28 29
172 100000 120 5 2 20 23 26 30
522 100000 100000 3 21 23 32
183 100000 100000 2 10 31
195 390 136 2 19 31
75 150 100000 1 33
241 482 169 1 33
72 100000 100000 1 33
190 380 133 1 33
87 100000 100000 1 34
199 398 100000 1 34
167 334 117 1 34
189 378 100000 1 34
281 100000 100000 1 34
414 100000 290 5 36 37 38 39 40
126 252 100000 1 47
222 100000 100000 1 47
