# Converted from 50_12.csv
50
21 100000 100000 0
257 100000 100000 0
183 366 128 0
59 100000 41 0
84 168 100000 0
114 100000 100000 0
241 482 169 0
49 98 34 0
113 100000 100000 1 3
107 214 100000 1 4
51 100000 36 1 7
143 100000 100000 1 6
204 100000 100000 1 7
21 100000 15 1 6
126 252 100000 2 4 6
131 100000 100000 1 9
31 62 100000 1 10
85 170 100000 1 8
140 100000 98 1 14
90 100000 100000 2 5 14
133 100000 100000 1 14
116 232 100000 1 12
58 116 100000 1 15
188 100000 132 1 16
208 100000 146 2 7 19
46 100000 100000 1 20
63 100000 100000 1 17
83 166 100000 1 20
105 100000 74 4 0 1 2 22
68 100000 48 1 24
214 100000 100000 1 23
180 360 100000 1 26
144 288 101 1 28
167 100000 100000 1 28
117 100000 100000 1 28
125 250 88 1 28
38 100000 100000 1 28
68 100000 48 1 29
99 100000 100000 1 32
181 362 127 1 37
77 154 100000 1 32
199 100000 100000 2 7 36
23 46 16 1 36
132 100000 100000 1 38
212 424 148 1 39
265 100000 186 1 40
79 158 55 2 5 42
73 100000 100000 2 18 41
32 64 22 1 41
216 100000 100000 1 41
