# Converted from 50_159.csv
50
43 100000 100000 0
259 100000 100000 0
216 432 151 0
154 308 108 1 0
98 196 69 1 0
267 534 187 1 0
152 304 106 1 2
75 100000 100000 1 2
70 100000 49 1 3
144 100000 100000 1 4
103 100000 100000 1 5
128 256 90 1 6
306 100000 214 1 7
107 100000 100000 1 6
129 100000 90 1 7
28 56 20 1 12
276 552 100000 1 9
41 82 29 1 8
30 100000 100000 1 11
83 100000 58 2 7 10
158 100000 100000 1 14
152 304 100000 1 12
160 320 100000 1 15
122 100000 100000 1 16
166 100000 100000 1 17
163 326 100000 1 18
58 100000 100000 1 19
45 100000 100000 2 6 21
216 432 100000 1 22
205 100000 144 1 24
116 100000 100000 1 25
58 100000 100000 1 26
41 82 100000 1 23
103 206 72 1 27
199 398 100000 2 19 27
97 194 68 1 27
200 100000 100000 1 27
246 100000 100000 1 32
161 100000 113 2 28 30
35 70 100000 1 29
43 86 30 2 14 31
39 100000 27 1 34
98 100000 100000 1 36
123 100000 100000 1 34
107 100000 75 1 33
110 100000 77 1 37
89 100000 100000 2 35 40
135 270 100000 1 39
143 100000 100000 2 36 40
231 100000 100000 1 39
