# Converted from 50_164.csv
50
85 100000 100000 0
157 100000 100000 0
197 100000 100000 0
241 482 100000 0
173 100000 121 0
201 100000 141 1 0
181 362 100000 1 4
168 100000 100000 1 4
75 100000 52 1 3
146 100000 102 1 2
125 100000 100000 1 3
52 100000 100000 1 3
252 100000 176 1 5
39 100000 100000 1 6
301 100000 100000 1 6
204 408 143 1 7
182 100000 127 2 0 6
113 226 100000 1 9
142 284 99 2 1 7
141 100000 99 1 13
143 100000 100 1 14
147 294 100000 1 15
59 100000 41 2 8 12
217 434 100000 1 18
113 226 100000 1 16
39 100000 100000 1 18
37 100000 26 1 19
233 100000 100000 1 20
124 248 87 1 21
114 100000 100000 1 23
140 100000 98 1 22
36 72 100000 1 26
61 100000 100000 1 29
65 100000 100000 1 27
190 380 100000 1 30
26 100000 18 1 28
124 100000 87 3 10 29 30
227 454 159 1 30
136 272 100000 1 32
112 224 100000 1 33
33 100000 100000 1 34
35 70 100000 2 31 35
51 102 100000 1 37
138 276 97 2 7 37
152 304 100000 1 39
152 304 106 3 36 37 38
26 100000 100000 3 4 40 42
80 100000 56 1 41
34 68 100000 2 4 42
197 100000 100000 1 43
