# Converted from 50_137.csv
50
162 324 100000 0
175 100000 100000 0
174 100000 100000 0
271 542 100000 0
28 56 100000 1 3
184 368 129 1 3
396 100000 100000 1 3
215 430 100000 1 3
503 1006 100000 1 2
30 60 21 1 3
101 202 71 4 0 4 5 6
517 100000 100000 2 8 9
176 100000 100000 1 8
187 100000 131 1 8
430 100000 100000 2 8 9
482 100000 100000 2 2 9
199 100000 100000 1 10
131 100000 92 1 10
288 100000 100000 1 10
239 478 167 1 10
244 488 171 1 10
108 100000 100000 5 1 11 12 13 14
169 100000 118 1 15
167 100000 100000 1 21
31 100000 22 1 21
61 100000 43 1 21
30 100000 100000 1 21
541 1082 379 1 21
234 468 164 5 17 18 19 21 22
369 100000 100000 2 18 22
503 1006 352 3 18 20 22
71 142 50 5 7 23 28 29 30
55 110 100000 3 19 24 30
149 100000 104 2 21 30
325 100000 100000 1 31
35 100000 24 1 31
234 100000 100000 1 31
185 100000 100000 1 31
303 606 100000 1 31
276 552 100000 2 36 38
34 100000 100000 2 37 38
113 100000 79 1 36
224 448 100000 4 16 33 35 41
115 100000 80 2 35 41
360 720 100000 3 27 38 42
37 100000 26 5 25 39 40 42 43
199 100000 100000 1 45
122 244 85 2 40 44
68 100000 100000 2 37 44
220 100000 100000 1 44
