# Converted from 50_122.csv
50
444 100000 311 0
381 100000 100000 0
554 100000 100000 0
520 100000 100000 0
628 1256 100000 0
812 1624 568 2 3 4
458 100000 100000 1 4
565 100000 396 1 4
512 1024 358 1 4
459 100000 321 1 2
481 100000 337 1 2
572 100000 400 6 0 2 5 6 7 8
416 100000 291 2 4 10
593 100000 100000 1 9
379 758 100000 1 9
707 1414 100000 1 9
484 100000 339 1 11
668 100000 100000 1 11
596 100000 417 1 11
686 1372 100000 1 11
439 100000 307 1 11
518 100000 363 1 13
625 1250 100000 2 10 14
561 1122 100000 3 13 17 20
427 100000 100000 3 9 17 19
528 100000 100000 3 15 16 24
649 1298 454 3 15 19 23
519 100000 100000 2 15 24
383 766 100000 1 27
447 100000 313 3 14 16 27
420 840 100000 3 14 23 27
574 100000 402 3 13 20 27
509 1018 356 2 20 27
356 100000 100000 6 1 10 21 26 29 30
383 766 100000 2 10 32
422 844 100000 2 33 34
542 1084 379 1 33
443 100000 100000 1 33
480 960 100000 1 33
533 100000 100000 1 33
582 1164 100000 1 33
731 1462 100000 4 12 25 28 35
454 100000 318 3 34 39 40
567 1134 397 1 39
508 100000 100000 2 32 37
294 100000 206 1 41
470 100000 100000 1 41
619 1238 100000 1 41
448 100000 100000 1 41
466 100000 100000 1 41
