# Converted from 50_13.csv
50
158 316 100000 0
94 100000 66 0
204 408 100000 0
55 100000 100000 0
214 100000 100000 0
24 100000 100000 2 2 3
197 394 100000 1 1
87 174 100000 1 3
36 72 25 1 4
107 214 75 2 1 4
253 506 100000 1 2
122 100000 100000 1 2
75 150 100000 1 3
182 100000 100000 1 7
45 100000 31 1 8
86 172 60 1 6
93 100000 100000 1 10
25 100000 18 1 9
61 122 100000 1 10
34 100000 100000 1 18
176 100000 100000 1 16
249 498 100000 1 17
164 100000 100000 1 13
161 322 113 1 14
47 100000 100000 1 15
51 100000 100000 1 18
34 68 24 1 16
107 100000 75 1 20
95 190 100000 1 21
45 100000 31 1 22
92 184 100000 2 23 24
88 176 100000 1 25
201 402 100000 1 26
204 100000 143 1 26
134 100000 100000 2 7 33
144 100000 101 1 28
52 100000 100000 2 27 31
66 100000 100000 3 12 18 29
210 100000 147 1 32
51 100000 36 5 0 1 5 19 34
100 100000 70 1 35
106 212 100000 2 16 37
159 318 111 1 38
165 100000 100000 1 39
25 100000 100000 1 39
153 100000 107 1 39
115 230 80 1 39
60 100000 42 1 42
107 100000 75 3 10 11 40
218 100000 100000 1 41
