# Converted from 50_131.csv
50
583 1166 100000 0
379 758 265 0
181 362 100000 0
269 100000 100000 0
75 150 100000 0
247 494 100000 0
49 100000 34 0
556 1112 100000 1 5
305 610 100000 1 5
84 100000 59 1 6
49 100000 100000 4 0 1 2 3
206 100000 100000 2 5 6
563 100000 394 2 5 6
457 100000 100000 1 10
67 134 100000 1 10
100 200 100000 1 10
321 100000 225 1 10
61 122 43 3 10 11 12
171 100000 100000 2 10 11
94 100000 66 5 13 14 15 16 18
358 100000 251 3 14 15 18
459 100000 100000 1 19
92 100000 100000 1 20
474 948 100000 1 20
599 1198 100000 1 23
129 258 90 1 22
37 74 100000 1 22
181 100000 127 2 12 22
157 100000 100000 2 12 22
340 100000 238 3 16 17 28
202 100000 100000 5 8 9 12 21 25
83 100000 100000 2 19 27
200 400 140 1 26
70 100000 100000 1 32
570 100000 399 1 30
153 100000 100000 1 30
23 46 100000 1 30
69 100000 48 1 30
105 100000 74 1 30
215 100000 100000 3 23 26 31
52 104 36 3 31 35 36
485 970 340 4 26 35 36 37
168 100000 100000 6 7 24 29 33 34 40
65 100000 46 2 17 41
105 210 100000 3 32 34 41
69 100000 100000 1 42
146 100000 102 1 42
307 614 100000 1 42
78 100000 55 1 42
226 100000 100000 1 42
