# Converted from 50_180.csv
50
589 100000 100000 0
549 100000 384 0
255 100000 100000 0
400 100000 100000 0
643 100000 450 0
472 944 330 0
504 1008 100000 1 0
356 100000 249 1 1
639 100000 100000 1 3
407 100000 100000 1 2
524 100000 367 1 5
487 974 341 2 6 7
631 1262 442 1 10
497 100000 100000 1 9
373 100000 100000 1 11
434 100000 100000 1 12
712 1424 100000 1 13
496 100000 100000 1 13
427 100000 299 1 12
438 876 307 1 12
385 770 270 1 12
449 898 100000 1 13
557 1114 390 1 14
695 1390 100000 1 16
565 1130 100000 1 15
435 870 304 1 16
459 100000 100000 1 17
570 100000 100000 1 16
494 988 100000 2 17 18
378 100000 100000 1 22
536 100000 100000 1 23
582 1164 100000 1 24
384 100000 269 1 25
685 100000 100000 1 27
521 100000 365 1 26
497 100000 348 1 28
507 100000 100000 1 28
566 100000 396 1 27
490 980 100000 1 28
384 768 100000 1 35
404 808 283 1 31
443 886 310 1 33
483 100000 100000 3 29 30 34
509 100000 100000 1 32
480 100000 336 2 19 37
234 468 100000 1 37
459 918 100000 1 38
508 100000 100000 1 39
540 100000 100000 2 40 41
314 100000 220 2 21 44
