# Converted from 50_175.csv
50
153 100000 107 0
182 100000 100000 0
168 100000 100000 0
313 626 219 0
159 318 111 1 1
166 100000 100000 1 0
55 100000 100000 2 1 3
242 100000 100000 1 1
76 100000 53 1 3
177 354 124 1 1
166 100000 116 1 3
119 100000 100000 1 5
150 300 105 1 6
303 100000 212 1 4
138 276 100000 2 9 10
52 100000 36 1 10
48 100000 34 1 10
146 292 100000 1 14
90 180 100000 1 11
94 100000 66 1 12
260 520 100000 1 14
128 100000 100000 1 13
61 100000 100000 1 14
79 100000 100000 2 14 15
128 256 100000 1 15
73 146 100000 1 17
119 238 83 1 18
126 252 100000 1 20
21 100000 100000 1 19
311 622 100000 1 22
102 204 71 1 21
189 100000 100000 1 24
92 100000 100000 1 26
181 362 100000 1 28
51 102 100000 3 8 25 27
113 100000 79 2 2 29
54 100000 100000 1 30
161 100000 100000 2 10 30
202 100000 141 1 31
55 110 38 1 32
147 294 100000 1 33
199 100000 100000 1 34
114 100000 80 1 35
70 100000 100000 2 34 38
90 100000 100000 2 3 36
179 358 100000 1 36
303 100000 212 1 39
83 100000 100000 2 16 40
103 206 72 1 42
97 100000 68 1 43
