# Converted from 50_115.csv
50
357 100000 100000 0
590 100000 100000 0
282 564 100000 0
318 100000 223 0
585 1170 100000 0
347 100000 100000 0
588 100000 412 0
466 932 100000 0
432 864 100000 4 0 1 2 3
414 100000 100000 1 7
652 100000 100000 1 5
569 1138 100000 1 6
468 100000 100000 2 5 7
511 1022 100000 1 11
376 100000 263 1 8
625 1250 438 1 8
435 870 100000 1 8
452 100000 316 1 8
691 1382 484 1 8
565 100000 396 2 8 12
576 1152 403 2 5 8
586 100000 100000 4 12 14 16 17
537 1074 376 6 4 9 10 14 17 19
519 100000 363 2 5 16
444 100000 100000 3 14 15 20
669 1338 100000 2 17 24
624 100000 437 1 22
593 100000 100000 1 22
640 1280 448 1 22
649 100000 100000 1 22
489 978 100000 1 22
454 100000 100000 2 16 22
480 100000 336 3 18 28 31
424 100000 297 2 29 31
410 820 287 2 23 31
229 100000 160 5 13 21 25 32 33
548 100000 100000 2 29 34
424 100000 100000 1 34
510 1020 100000 1 35
559 100000 100000 1 35
420 100000 100000 1 35
319 638 100000 1 35
360 720 252 1 35
739 1478 100000 2 41 42
483 100000 100000 2 34 39
376 100000 263 2 40 44
440 100000 100000 3 37 43 44
465 930 326 2 34 43
457 100000 320 3 36 38 45
477 100000 100000 3 30 45 46
