# Converted from 50_100.csv
50
204 408 143 0
98 100000 69 0
31 100000 100000 0
190 100000 100000 0
38 100000 27 1 3
85 100000 59 1 3
31 62 100000 1 3
189 100000 100000 1 6
242 100000 100000 1 6
225 100000 158 1 6
160 320 112 1 6
191 382 134 5 0 1 2 5 8
87 100000 100000 1 9
26 52 100000 2 11 12
173 346 100000 1 11
74 100000 52 1 11
257 100000 180 1 11
109 218 100000 1 11
209 418 100000 1 11
184 368 100000 1 11
65 100000 46 2 10 11
71 100000 50 2 15 20
44 88 100000 1 16
230 100000 100000 2 16 20
123 100000 100000 2 14 18
137 100000 100000 3 15 17 20
123 100000 100000 2 14 16
156 312 109 1 20
45 100000 100000 2 14 20
30 100000 21 4 19 26 27 28
108 216 76 3 26 27 28
131 262 100000 4 25 26 27 28
79 158 100000 6 4 7 9 21 29 30
89 100000 100000 3 18 30 31
239 100000 100000 2 30 31
33 100000 100000 1 32
303 100000 100000 1 32
74 100000 100000 1 32
38 76 100000 1 32
29 58 100000 1 34
113 100000 100000 2 17 32
145 100000 102 6 13 22 23 24 38 39
131 100000 92 4 18 25 36 40
274 548 192 3 18 25 36
71 142 50 2 34 40
41 100000 100000 1 41
248 496 100000 1 41
66 100000 46 1 41
245 100000 100000 1 41
175 350 122 2 41 44
