# Converted from 50_101.csv
50
585 1170 410 0
492 984 100000 0
625 1250 100000 0
490 100000 343 0
504 100000 100000 0
575 100000 100000 0
584 100000 409 1 5
515 1030 100000 1 5
397 100000 100000 2 4 5
515 100000 360 1 4
591 1182 100000 2 4 5
421 100000 100000 1 4
644 100000 100000 2 5 11
327 100000 100000 6 1 2 3 5 9 11
563 1126 100000 2 10 11
474 948 100000 2 10 11
708 100000 496 2 10 11
480 100000 100000 1 13
516 1032 100000 1 13
486 100000 340 1 13
319 100000 100000 1 13
451 100000 316 3 13 15 16
561 1122 393 5 14 17 18 20 21
781 100000 547 2 17 18
673 1346 100000 1 17
517 100000 100000 2 17 18
569 100000 100000 2 23 24
587 100000 100000 5 0 7 8 22 23
567 100000 397 3 21 23 24
342 100000 239 3 10 19 25
307 614 215 2 24 27
466 932 326 3 14 19 28
361 722 100000 1 27
614 1228 100000 1 27
488 100000 342 1 27
542 100000 100000 1 27
661 100000 100000 1 27
495 990 100000 1 27
580 1160 100000 6 6 12 25 26 30 31
455 100000 100000 4 25 32 35 37
429 100000 300 3 19 25 35
760 100000 100000 1 38
416 100000 291 1 38
443 886 310 1 38
549 1098 100000 1 38
367 100000 257 1 40
621 100000 435 2 33 43
403 806 100000 4 32 36 41 43
474 948 332 3 37 40 44
299 100000 100000 1 48
