# Converted from 50_146.csv
50
570 1140 100000 0
233 466 100000 0
245 490 172 1 1
340 100000 100000 1 1
515 1030 100000 1 1
154 100000 108 1 1
529 1058 100000 1 1
208 100000 100000 1 1
257 514 100000 5 2 3 4 5 6
170 100000 119 1 7
473 100000 331 1 7
532 1064 372 1 7
203 406 100000 1 8
349 100000 100000 1 8
78 156 100000 1 8
316 632 100000 1 8
277 100000 194 2 8 11
302 100000 100000 1 11
185 100000 130 2 14 17
158 100000 111 3 10 12 13
23 100000 100000 1 15
96 192 67 1 12
192 100000 100000 3 10 14 16
315 630 100000 3 13 14 21
55 100000 38 3 10 17 21
37 74 26 3 10 11 21
513 100000 359 1 21
483 100000 338 4 0 18 19 23
496 100000 100000 2 10 26
236 100000 100000 2 10 26
40 100000 28 4 15 17 22 25
57 114 100000 1 27
147 294 100000 1 27
303 100000 100000 1 27
434 100000 100000 1 27
281 100000 100000 3 16 27 29
201 100000 100000 2 17 29
270 540 100000 1 27
455 910 100000 6 9 20 24 28 31 35
126 100000 100000 4 15 29 34 37
63 100000 100000 2 34 37
313 100000 219 1 38
145 290 100000 1 38
232 100000 162 1 38
94 100000 100000 1 38
26 100000 18 1 38
254 508 178 5 22 33 36 38 40
119 238 100000 4 33 36 40 42
264 100000 185 4 33 34 43 45
57 100000 40 5 25 41 43 44 45
