# Converted from 50_133.csv
50
107 100000 75 0
552 100000 100000 0
160 100000 112 0
329 658 100000 0
102 100000 100000 0
107 214 100000 1 4
67 100000 100000 1 4
238 100000 100000 1 6
202 100000 100000 1 6
479 958 335 2 3 6
140 280 100000 2 3 6
494 100000 100000 2 3 6
303 100000 100000 8 0 1 5 7 8 9 10 11
164 328 115 2 10 11
550 1100 100000 2 10 11
41 82 29 2 10 11
245 490 100000 2 10 11
29 100000 20 2 10 11
138 100000 100000 2 10 11
204 408 100000 1 12
208 100000 146 1 12
62 100000 43 1 12
74 100000 52 1 12
588 1176 100000 1 12
236 100000 100000 2 12 18
183 366 100000 3 20 21 23
181 362 127 2 18 19
319 100000 100000 1 20
117 100000 100000 3 19 20 22
260 100000 182 2 20 24
225 450 100000 4 13 14 15 25
194 388 136 5 2 16 17 26 27
448 100000 100000 2 22 29
521 1042 100000 3 23 28 29
34 100000 24 1 30
79 158 55 1 30
417 834 292 1 30
236 472 165 1 30
79 100000 55 1 31
178 356 100000 1 31
39 100000 100000 1 31
169 100000 100000 1 31
139 100000 100000 4 32 35 39 40
346 100000 100000 2 31 35
405 100000 284 5 29 30 39 40 41
75 100000 52 4 22 29 40 43
34 68 24 4 37 38 41 42
252 100000 100000 3 37 39 45
105 100000 100000 2 45 46
238 100000 100000 1 46
