# Converted from 50_166.csv
50
181 100000 127 0
150 100000 105 0
98 100000 100000 0
52 100000 100000 0
172 344 120 0
208 416 100000 0
114 100000 100000 0
149 298 100000 1 2
217 100000 100000 1 0
87 100000 61 1 1
139 278 100000 1 2
96 100000 67 1 3
91 182 100000 1 5
164 100000 100000 1 4
224 100000 100000 1 7
203 100000 100000 1 8
122 100000 100000 1 10
229 100000 160 1 9
240 480 168 1 11
135 100000 94 1 13
168 100000 100000 1 14
231 462 162 1 15
191 100000 100000 1 16
240 100000 100000 2 6 17
281 562 100000 1 17
253 100000 177 1 21
158 100000 100000 2 20 22
209 100000 146 1 24
59 100000 41 1 23
24 48 17 2 13 24
68 100000 100000 1 26
47 94 100000 1 25
199 398 100000 1 26
324 100000 227 1 26
161 322 100000 2 18 29
51 102 100000 2 6 27
164 328 115 1 26
26 100000 100000 1 30
141 100000 100000 1 34
249 100000 100000 1 32
114 228 100000 1 33
154 100000 108 1 31
97 194 68 1 36
243 486 170 1 35
27 54 100000 3 19 34 35
69 100000 100000 1 38
323 646 226 1 39
76 100000 100000 1 37
308 100000 216 2 24 40
28 56 100000 1 42
