# Converted from 50_110.csv
50
731 100000 100000 0
419 100000 293 0
582 1164 100000 0
540 1080 100000 0
467 934 100000 0
454 100000 100000 0
579 1158 405 0
392 784 274 0
281 100000 197 4 0 1 2 3
535 100000 100000 2 6 7
589 100000 100000 1 7
614 1228 430 1 8
430 100000 301 1 8
505 100000 100000 1 8
461 922 100000 1 8
631 1262 100000 1 8
382 764 267 2 8 10
379 100000 100000 1 15
735 100000 514 1 11
403 100000 100000 2 6 15
415 830 290 1 19
535 100000 100000 3 13 14 19
632 100000 100000 1 19
823 100000 576 2 10 19
477 954 334 2 16 19
270 100000 100000 1 23
537 1074 100000 1 22
438 100000 100000 3 14 24 26
192 100000 134 3 12 22 25
389 100000 100000 3 11 14 25
268 536 100000 3 10 14 26
411 822 288 2 23 30
858 100000 100000 6 4 5 9 18 28 29
676 100000 100000 3 11 23 30
414 100000 100000 7 17 20 21 27 31 32 33
371 100000 260 1 32
433 866 303 1 32
499 100000 100000 1 32
541 100000 379 1 32
327 100000 100000 1 32
591 100000 414 3 13 16 32
260 100000 182 1 34
565 1130 100000 1 34
470 940 100000 1 34
671 100000 100000 1 34
264 100000 100000 2 34 36
468 100000 100000 2 42 43
365 730 255 1 43
387 774 271 2 37 41
634 1268 100000 2 35 44
