# Converted from 50_132.csv
50
99 100000 100000 0
215 430 150 0
296 100000 100000 0
253 100000 177 1 2
229 100000 100000 1 2
255 510 178 2 1 2
109 100000 76 1 1
83 100000 100000 1 2
327 100000 100000 5 0 4 5 6 7
104 100000 73 1 7
169 100000 100000 1 7
291 100000 100000 1 7
222 100000 100000 2 8 9
167 100000 100000 1 8
265 530 186 1 8
83 166 100000 1 8
161 100000 100000 1 8
37 74 100000 1 8
131 262 100000 2 8 11
514 100000 360 3 13 15 18
208 100000 100000 2 11 14
212 100000 148 2 14 17
520 100000 100000 2 16 21
146 100000 102 3 10 11 21
164 328 100000 2 16 21
69 138 48 1 21
254 508 100000 1 21
369 738 100000 2 23 25
23 100000 16 4 11 15 24 26
562 100000 100000 2 22 28
467 934 327 1 28
150 300 100000 2 10 28
126 252 100000 2 10 28
214 100000 100000 2 10 28
24 48 17 2 25 33
448 896 100000 7 12 23 29 30 31 32 33
116 232 81 1 33
491 100000 100000 6 3 19 20 27 34 36
422 100000 100000 1 35
146 292 100000 1 35
439 100000 100000 1 35
73 100000 100000 1 35
88 100000 100000 1 35
363 100000 254 1 35
525 100000 368 1 35
128 100000 90 1 37
533 1066 373 1 37
108 216 100000 1 37
385 770 270 1 37
113 100000 79 1 37
