# Converted from 50_136.csv
50
203 406 142 0
181 100000 100000 0
456 100000 100000 0
270 540 100000 0
213 426 100000 0
173 100000 100000 2 2 3
485 100000 340 1 3
118 100000 100000 1 4
94 100000 66 1 4
314 628 100000 1 8
85 100000 59 1 8
69 100000 48 1 8
141 282 100000 5 0 5 6 9 10
268 100000 188 1 11
248 496 174 1 11
158 100000 100000 1 11
167 334 117 1 12
67 134 47 1 12
134 268 100000 1 12
117 234 100000 1 12
161 100000 100000 1 12
85 100000 59 1 12
181 362 100000 1 15
133 266 100000 2 12 15
120 100000 84 4 18 19 20 23
41 82 100000 3 20 22 23
181 100000 100000 1 23
223 446 100000 1 20
178 100000 100000 3 17 18 22
289 100000 100000 2 20 23
493 100000 345 4 13 21 24 25
110 100000 100000 7 1 7 14 16 26 27 29
188 100000 100000 1 29
205 100000 144 1 30
151 302 100000 1 30
527 1054 100000 1 30
325 100000 227 1 30
130 260 91 1 31
113 100000 100000 1 31
438 100000 100000 1 31
192 384 100000 1 31
316 100000 100000 3 16 32 35
59 100000 100000 3 28 37 38
163 326 114 3 34 37 41
262 100000 183 2 41 42
487 100000 100000 1 41
108 100000 76 2 44 45
248 100000 174 3 36 37 45
139 100000 97 1 43
171 342 100000 3 39 43 44
