# Converted from 50_168.csv
50
157 100000 100000 0
83 166 100000 0
156 312 100000 0
168 336 100000 0
173 100000 100000 1 0
61 100000 43 1 2
156 100000 100000 1 0
136 272 95 1 3
178 356 100000 1 2
110 100000 100000 1 2
107 100000 75 2 0 2
129 100000 90 1 5
126 252 88 1 6
82 164 57 1 4
426 100000 100000 1 7
201 100000 141 1 7
242 100000 100000 1 6
287 100000 100000 1 8
103 100000 100000 1 15
113 100000 100000 1 11
164 100000 115 1 12
248 100000 100000 1 16
149 298 104 1 14
183 100000 128 1 13
281 562 100000 1 15
44 88 100000 1 18
143 100000 100 1 19
123 100000 100000 1 21
127 254 100000 3 10 20 22
150 100000 100000 1 24
176 100000 100000 1 23
199 100000 139 1 25
45 100000 31 1 26
246 100000 172 1 27
96 100000 100000 3 8 9 28
54 100000 100000 1 29
69 100000 100000 2 8 28
224 448 157 2 28 29
35 100000 24 1 32
176 352 100000 1 31
176 352 100000 1 32
155 310 100000 1 34
212 100000 148 1 33
266 532 100000 1 36
178 356 125 1 33
216 432 100000 1 38
224 100000 157 1 39
126 252 100000 1 40
206 100000 144 1 41
74 148 100000 1 43
