# Converted from 50_145.csv
50
256 512 100000 0
640 100000 100000 0
252 100000 100000 0
59 100000 100000 0
48 100000 34 0
559 1118 100000 0
322 644 225 0
134 100000 100000 4 0 1 2 3
370 100000 259 1 5
84 168 100000 1 7
195 390 100000 1 7
536 1072 100000 1 7
502 100000 100000 1 7
146 292 100000 1 7
23 100000 100000 1 8
169 338 118 2 7 8
87 100000 100000 2 9 11
64 100000 100000 2 11 14
88 100000 62 2 10 15
142 284 100000 2 17 18
72 100000 50 1 18
255 100000 178 1 17
167 334 117 1 21
101 202 100000 1 19
185 100000 130 2 14 20
295 590 206 2 9 21
61 100000 100000 5 4 16 20 22 23
206 412 144 1 25
183 100000 100000 3 19 20 25
62 124 43 2 13 25
28 56 20 1 26
128 100000 90 1 26
195 100000 100000 1 26
289 100000 100000 1 26
480 100000 100000 1 26
136 272 100000 3 12 18 29
35 100000 100000 2 26 28
104 208 100000 1 31
131 100000 92 5 12 13 32 33 36
510 100000 100000 2 33 36
68 100000 48 5 24 27 28 30 37
223 100000 156 2 6 39
91 100000 64 1 38
481 100000 100000 1 39
27 100000 100000 2 32 39
86 172 60 1 40
127 254 100000 1 40
261 100000 183 1 40
23 46 100000 1 40
67 100000 100000 1 40
