# Converted from 50_119.csv
50
632 100000 100000 0
357 100000 250 0
530 1060 371 0
643 1286 450 0
349 698 244 0
398 100000 100000 0
483 100000 338 0
363 726 100000 4 0 1 2 3
382 764 100000 1 6
433 866 100000 1 7
486 100000 100000 1 7
594 1188 100000 1 7
493 100000 100000 1 7
594 100000 100000 1 7
448 896 314 1 7
325 100000 227 2 7 8
609 1218 426 1 15
416 832 100000 2 8 10
558 100000 100000 2 9 14
594 100000 100000 1 18
584 1168 409 2 9 17
426 852 100000 2 14 17
441 100000 309 1 18
501 100000 100000 2 17 18
539 100000 100000 5 5 16 19 20 21
383 100000 100000 2 22 23
758 100000 100000 1 23
434 100000 100000 1 24
484 968 339 1 24
378 100000 100000 1 24
681 100000 100000 1 24
522 1044 100000 2 15 25
422 100000 295 1 28
222 100000 100000 3 12 22 30
354 100000 248 1 28
275 550 192 2 25 29
531 100000 100000 1 29
640 1280 448 2 34 35
502 1004 351 1 36
523 1046 100000 3 11 25 36
385 100000 100000 3 11 23 36
570 100000 399 5 4 32 33 36 37
618 100000 433 3 26 30 39
525 1050 100000 2 35 40
500 1000 100000 1 39
371 100000 260 1 41
448 100000 100000 1 41
274 100000 100000 1 41
539 100000 377 1 41
346 100000 100000 1 41
