# Converted from 50_11.csv
50
37 100000 100000 0
211 100000 148 0
145 100000 100000 0
83 100000 58 0
84 168 100000 0
144 288 100000 1 3
80 100000 56 1 3
98 100000 100000 1 1
115 230 100000 1 3
234 100000 100000 1 2
65 130 46 1 3
212 100000 148 1 4
89 100000 62 1 3
78 156 55 1 4
179 358 100000 1 10
175 100000 122 1 8
117 100000 82 1 9
191 100000 100000 1 7
89 178 100000 1 12
113 100000 79 1 10
78 100000 100000 1 11
155 310 100000 4 0 5 6 14
231 100000 162 2 15 16
314 628 100000 2 11 17
73 146 100000 2 17 18
67 100000 100000 1 19
140 280 98 1 18
34 100000 100000 1 21
158 100000 100000 1 21
209 418 100000 1 21
144 288 100000 1 21
126 100000 88 1 21
237 474 100000 1 22
43 100000 100000 1 23
109 100000 100000 1 24
255 100000 178 1 25
249 498 100000 1 32
180 360 100000 1 33
69 138 48 1 33
140 100000 100000 2 10 34
156 312 100000 2 33 35
85 100000 100000 1 37
181 362 100000 1 36
147 294 103 1 38
43 100000 100000 2 25 39
58 100000 41 1 39
218 100000 153 2 31 41
91 100000 64 1 43
155 100000 100000 2 4 44
89 100000 62 1 43
