# Converted from 50_107.csv
50
706 1412 100000 0
599 1198 419 0
312 100000 100000 0
435 870 100000 0
703 1406 100000 0
534 100000 100000 0
403 806 100000 0
815 1630 570 1 5
714 100000 100000 1 5
557 1114 390 1 6
597 100000 418 1 5
514 100000 360 1 5
505 100000 354 1 5
488 976 100000 8 0 1 2 3 7 8 11 12
497 100000 100000 1 11
576 1152 403 2 6 12
481 100000 337 1 11
652 100000 100000 1 13
478 100000 100000 1 13
534 1068 100000 1 13
470 100000 100000 1 13
633 100000 100000 2 13 16
521 100000 100000 3 6 13 16
475 100000 100000 2 19 21
608 100000 100000 2 20 22
290 580 100000 1 22
370 100000 100000 1 19
690 100000 483 2 21 22
752 1504 526 5 9 14 17 23 24
381 100000 100000 1 25
529 1058 100000 1 27
406 100000 100000 2 19 27
426 852 298 1 28
439 878 100000 1 28
281 100000 197 1 28
121 242 100000 1 28
408 100000 100000 3 20 26 31
492 100000 100000 1 34
562 1124 393 2 30 32
359 100000 251 1 35
524 100000 100000 7 4 10 15 29 35 37 38
470 100000 100000 1 38
478 956 335 2 34 38
461 922 323 1 40
712 100000 100000 1 40
507 1014 355 1 40
481 100000 100000 1 40
374 100000 262 1 40
568 100000 398 1 47
535 100000 374 2 46 47
