# Converted from 50_196.csv
50
700 100000 490 0
336 100000 235 0
588 100000 412 0
495 100000 346 0
430 100000 301 0
414 100000 290 1 2
635 100000 444 1 0
382 100000 100000 1 1
766 1532 100000 1 4
586 1172 410 1 2
602 1204 100000 1 2
319 638 100000 1 5
439 878 307 1 6
313 626 100000 1 7
274 100000 100000 2 8 9
414 828 100000 1 12
414 100000 100000 1 11
399 798 100000 1 13
469 100000 100000 1 13
598 100000 100000 1 13
513 1026 359 1 14
623 100000 436 1 14
608 100000 426 2 2 13
516 100000 100000 1 14
678 1356 100000 1 17
286 572 100000 1 15
407 814 100000 1 16
484 100000 100000 2 17 22
445 100000 100000 1 20
467 934 100000 1 23
551 100000 386 2 3 20
507 1014 100000 1 21
553 100000 100000 1 24
372 100000 260 1 25
678 100000 100000 2 3 26
313 100000 100000 2 10 30
534 1068 100000 1 32
677 100000 100000 1 33
368 100000 100000 1 34
491 100000 344 1 34
640 100000 448 2 4 34
729 1458 100000 2 21 35
394 788 100000 1 35
578 100000 405 1 35
555 1110 100000 1 35
186 372 130 1 36
607 1214 100000 1 38
576 100000 100000 1 39
548 100000 384 2 18 37
477 100000 334 2 19 43
