# Converted from 50_191.csv
50
541 100000 100000 0
584 100000 100000 0
521 100000 365 0
434 100000 100000 0
628 1256 440 0
544 1088 381 1 0
489 978 342 1 1
439 878 307 1 2
516 100000 100000 1 4
508 100000 356 1 2
461 100000 100000 1 2
479 100000 335 1 5
621 1242 100000 1 7
481 100000 100000 1 8
344 100000 241 1 6
380 100000 266 1 9
305 610 100000 1 8
617 100000 100000 1 10
473 946 100000 1 12
478 100000 100000 1 11
430 100000 100000 1 13
649 100000 454 2 3 15
670 100000 100000 1 17
627 100000 439 1 15
436 100000 305 1 16
583 1166 100000 1 21
612 100000 100000 1 19
457 100000 320 1 18
632 100000 442 1 20
534 100000 100000 1 23
650 100000 455 1 23
465 930 100000 1 25
529 100000 100000 1 26
511 100000 358 1 27
555 1110 388 3 17 21 28
268 100000 100000 1 28
319 638 100000 2 28 29
358 100000 100000 1 30
469 100000 100000 1 32
410 100000 100000 1 31
393 100000 100000 1 33
467 934 100000 1 36
534 1068 374 2 29 34
564 1128 100000 2 29 37
380 760 100000 1 39
378 756 100000 1 40
396 792 100000 3 14 29 38
753 1506 527 3 10 41 43
602 1204 421 2 35 42
700 1400 100000 1 41
