# Converted from 50_17.csv
50
80 100000 100000 0
226 100000 158 0
327 100000 229 0
36 100000 100000 0
292 100000 100000 0
123 100000 100000 1 2
115 100000 100000 2 2 4
95 100000 66 1 2
182 364 127 1 3
169 338 100000 1 2
141 282 99 1 3
197 100000 100000 1 4
122 100000 100000 1 4
184 100000 129 1 4
185 100000 100000 4 0 1 5 6
120 100000 100000 1 8
116 232 100000 1 9
62 100000 100000 1 7
21 100000 15 1 9
64 100000 100000 1 12
61 100000 100000 1 10
156 100000 100000 1 9
64 128 100000 1 14
134 100000 94 1 14
218 100000 100000 1 14
261 522 100000 1 14
79 158 55 1 14
161 322 100000 1 17
110 220 100000 1 18
197 100000 138 1 15
45 100000 31 1 16
112 224 100000 1 19
36 72 25 1 27
58 116 41 1 28
203 100000 142 1 29
42 84 29 1 30
75 100000 52 1 26
38 76 27 1 24
133 100000 100000 1 32
274 100000 100000 2 33 34
114 228 100000 1 37
260 520 100000 2 38 39
145 290 100000 1 40
114 100000 100000 1 39
181 100000 127 1 39
48 100000 34 1 39
48 100000 100000 2 21 42
78 156 100000 1 42
167 334 100000 1 42
80 160 56 1 44
