# Converted from 50_129.csv
50
89 100000 100000 0
345 690 100000 0
244 100000 171 0
252 504 176 1 2
247 100000 100000 1 2
498 100000 100000 1 2
342 100000 100000 1 2
207 100000 145 1 2
176 352 123 1 2
73 100000 100000 1 2
252 100000 176 1 2
169 100000 100000 2 9 10
468 100000 100000 1 10
189 378 132 2 9 10
159 100000 111 1 10
313 626 100000 6 0 3 4 5 11 14
35 70 100000 1 14
545 1090 382 2 9 14
169 338 100000 4 1 7 8 13
94 100000 66 1 14
42 84 100000 1 14
505 100000 354 1 15
361 100000 100000 1 15
249 100000 100000 1 15
495 100000 100000 1 15
30 60 100000 1 18
43 86 30 1 18
570 1140 100000 1 18
191 382 134 1 18
93 100000 100000 3 18 19 20
27 100000 100000 4 19 21 22 25
550 100000 385 5 18 19 20 21 23
238 476 100000 6 18 19 20 21 22 23
120 100000 100000 7 19 20 21 22 23 26 27
37 74 26 7 6 12 16 17 23 24 30
286 572 100000 2 24 33
493 100000 345 1 34
101 100000 100000 1 34
74 148 100000 1 34
195 100000 100000 1 34
530 100000 371 3 32 36 37
178 356 125 3 32 36 39
42 100000 100000 3 32 36 37
205 410 100000 6 31 35 38 40 41 42
25 100000 18 3 33 38 40
84 100000 59 3 35 38 41
521 100000 365 4 27 38 41 42
388 100000 100000 3 33 38 40
587 100000 100000 3 44 45 46
35 70 100000 3 39 42 44
