# Converted from 50_158.csv
50
83 166 58 0
183 100000 100000 0
101 100000 100000 0
71 100000 100000 0
78 156 100000 1 0
82 100000 100000 1 0
207 100000 100000 1 1
60 100000 42 2 0 3
96 100000 100000 1 4
61 122 43 1 5
32 64 100000 1 6
239 478 100000 1 7
173 100000 121 1 7
154 100000 108 1 7
75 100000 52 1 7
146 100000 100000 2 1 7
108 100000 100000 1 8
143 100000 100 1 10
34 100000 100000 1 11
139 100000 97 1 9
87 174 100000 1 12
180 100000 126 1 16
28 56 20 1 17
179 358 125 1 19
56 112 100000 2 3 19
120 100000 100000 1 18
262 100000 100000 1 19
97 100000 100000 1 19
176 100000 100000 1 23
78 100000 55 1 22
73 146 100000 1 24
93 186 65 2 15 26
141 282 100000 1 21
207 414 145 2 23 27
172 100000 100000 1 24
41 100000 100000 1 26
196 392 137 2 3 23
114 228 100000 1 31
197 394 138 1 28
113 100000 100000 1 30
234 468 164 1 29
239 478 167 1 32
137 274 100000 2 31 32
203 100000 100000 1 37
22 100000 100000 1 40
112 100000 100000 2 38 39
200 100000 140 1 41
213 100000 100000 2 7 41
310 100000 100000 2 14 41
242 484 169 2 2 42
