# Converted from 50_195.csv
50
469 100000 328 0
355 100000 100000 0
391 100000 100000 0
729 100000 510 0
803 1606 100000 1 2
486 100000 100000 1 0
639 100000 447 1 1
728 100000 100000 1 2
533 1066 100000 1 3
361 100000 100000 1 2
529 100000 370 1 2
586 100000 410 1 2
532 1064 372 1 3
315 630 220 1 4
635 100000 100000 1 8
421 842 100000 1 6
465 100000 100000 1 7
732 100000 100000 2 2 5
377 100000 100000 1 8
445 890 312 2 10 11
601 1202 100000 1 8
436 100000 305 1 14
454 100000 100000 3 13 15 16
478 956 100000 2 10 18
597 100000 418 1 20
665 1330 100000 1 20
518 1036 363 1 21
397 100000 278 1 23
419 100000 293 1 22
407 814 100000 1 24
483 100000 338 1 26
425 100000 100000 1 27
382 100000 100000 1 28
487 974 341 1 29
467 100000 327 1 29
602 1204 421 1 29
546 1092 100000 1 31
364 100000 100000 1 32
531 1062 100000 1 30
385 100000 270 2 17 33
638 100000 100000 1 33
621 1242 435 1 36
675 1350 100000 1 37
512 100000 100000 1 38
455 910 100000 2 34 38
562 100000 393 1 40
589 100000 100000 2 23 39
504 1008 100000 1 40
455 910 100000 2 10 39
355 100000 100000 1 39
