# Converted from 50_160.csv
50
102 100000 71 0
216 100000 100000 0
228 100000 100000 0
59 118 100000 0
168 336 100000 0
141 282 100000 0
127 254 100000 1 0
102 204 71 1 2
172 100000 100000 1 2
209 100000 100000 1 1
71 100000 100000 1 2
186 100000 100000 1 2
95 190 66 1 5
151 100000 106 1 9
239 478 100000 1 6
59 118 100000 1 7
239 100000 167 1 8
137 274 96 1 10
200 100000 100000 1 12
198 100000 139 1 12
113 226 79 1 13
210 100000 100000 1 14
194 100000 100000 2 15 19
75 100000 100000 1 16
121 100000 100000 1 17
132 100000 100000 1 18
32 100000 22 1 19
77 100000 54 1 20
358 716 251 2 22 25
126 252 88 1 26
42 84 100000 1 22
130 100000 91 1 24
67 100000 100000 1 27
107 100000 100000 1 28
136 272 100000 2 21 29
128 100000 100000 1 31
226 100000 158 1 28
87 174 61 1 34
271 542 190 1 32
174 100000 100000 1 33
326 100000 100000 1 35
74 100000 100000 2 31 36
321 100000 225 2 30 35
69 138 48 1 34
195 100000 100000 1 37
166 332 100000 1 38
84 168 59 1 40
133 266 100000 1 39
170 100000 100000 1 42
68 100000 48 1 41
