# Converted from 50_128.csv
50
266 100000 100000 0
486 100000 100000 0
185 100000 100000 0
24 100000 100000 0
71 100000 100000 0
256 100000 100000 0
313 100000 219 0
262 100000 183 3 4 5 6
537 100000 376 3 4 5 6
501 1002 100000 1 8
208 100000 100000 1 8
214 428 150 1 8
537 100000 100000 1 8
64 100000 100000 1 8
373 746 261 2 12 13
145 290 102 2 12 13
532 1064 100000 2 12 13
185 100000 100000 1 16
23 46 16 1 16
114 228 80 1 16
163 100000 114 5 1 2 3 15 16
130 100000 100000 1 16
270 540 189 7 0 7 10 11 18 19 21
376 100000 100000 1 20
362 724 100000 1 20
152 304 106 1 20
78 100000 55 1 20
73 100000 51 1 20
57 100000 40 1 20
511 100000 358 2 20 21
110 220 77 1 22
537 1074 376 1 22
75 100000 100000 1 22
225 450 100000 1 22
504 100000 100000 3 22 28 29
56 112 100000 5 25 26 31 33 34
122 100000 100000 4 27 30 32 34
102 204 100000 5 25 28 29 30 31
300 100000 100000 5 9 14 17 30 35
129 258 100000 2 27 37
215 430 150 3 23 27 37
339 678 100000 2 23 36
479 958 100000 1 38
506 100000 354 1 38
70 100000 100000 1 38
67 100000 100000 1 38
66 132 100000 1 38
107 100000 75 3 24 39 41
203 100000 100000 3 27 44 46
41 100000 100000 4 27 32 37 46
