# Converted from 50_19.csv
50
113 100000 100000 0
48 100000 34 0
370 740 100000 0
274 100000 192 0
189 100000 100000 0
264 528 185 0
264 100000 100000 0
182 100000 127 1 6
68 100000 100000 1 3
146 292 100000 1 6
253 100000 177 1 1
45 100000 100000 1 1
132 100000 92 1 2
229 100000 100000 1 6
98 196 100000 1 6
90 100000 100000 5 0 2 7 8 9
164 100000 100000 1 10
305 610 100000 1 11
56 100000 100000 1 13
233 100000 163 1 12
316 632 100000 2 2 14
72 144 100000 1 14
62 100000 100000 1 15
133 100000 100000 1 15
226 452 100000 1 15
143 286 100000 1 15
92 184 100000 1 16
186 100000 100000 1 18
80 160 100000 1 17
150 300 100000 1 21
68 100000 48 1 21
223 100000 100000 1 26
115 100000 100000 1 28
299 100000 209 1 27
55 110 38 1 22
177 100000 124 1 24
58 100000 41 1 24
171 100000 120 1 32
44 100000 100000 1 33
41 82 29 1 31
137 274 96 1 34
101 202 71 1 34
164 328 115 2 37 38
158 316 100000 1 40
213 100000 100000 1 40
283 566 198 1 44
113 100000 79 1 44
104 208 100000 1 43
93 100000 100000 1 43
78 100000 55 1 43
