# Converted from 50_149.csv
50
79 100000 100000 0
384 100000 100000 0
41 82 29 0
149 100000 100000 0
365 100000 255 0
222 444 155 1 3
259 518 181 1 3
419 838 100000 1 3
82 164 100000 1 4
398 796 279 5 0 1 2 6 7
556 100000 389 1 8
99 198 100000 1 8
95 100000 100000 1 8
344 100000 100000 1 9
336 100000 100000 1 9
586 1172 410 1 9
499 100000 100000 1 9
25 100000 18 1 9
450 100000 100000 1 12
142 284 100000 4 13 14 16 18
431 862 302 2 16 18
109 100000 100000 3 15 16 18
457 914 320 3 12 13 16
36 100000 25 4 12 14 15 17
462 100000 323 1 20
98 196 100000 3 15 20 22
31 100000 100000 2 23 24
268 536 100000 1 24
67 134 100000 1 24
144 100000 101 1 25
323 100000 100000 2 17 29
44 88 100000 1 29
183 100000 128 2 24 31
315 100000 220 5 10 11 19 28 30
178 356 100000 1 31
164 100000 100000 4 5 26 27 32
206 100000 144 1 33
157 100000 100000 1 33
64 128 100000 1 33
22 100000 15 1 33
149 298 104 1 33
223 446 100000 1 33
74 100000 100000 1 33
102 100000 100000 1 35
100 100000 70 1 35
191 100000 100000 1 35
74 148 100000 1 35
158 100000 111 1 35
430 100000 100000 1 42
487 100000 100000 2 33 35
