# Converted from 50_29.csv
50
298 596 100000 0
579 100000 100000 0
399 798 100000 0
432 864 302 1 2
295 100000 206 1 1
694 100000 100000 1 1
697 100000 100000 1 2
419 100000 100000 1 2
496 992 100000 1 7
505 1010 354 1 4
563 100000 100000 1 5
539 100000 100000 1 6
489 100000 342 1 6
392 100000 100000 1 6
612 100000 100000 1 7
551 100000 386 1 9
395 100000 100000 1 10
601 100000 100000 1 13
522 1044 100000 1 13
587 1174 100000 1 11
454 100000 100000 1 12
148 296 104 1 13
241 482 169 1 12
400 800 100000 1 17
474 100000 100000 1 21
525 100000 100000 1 15
612 100000 100000 1 20
711 1422 498 1 20
553 100000 100000 1 21
571 100000 100000 1 20
532 1064 372 6 0 3 8 19 23 24
668 100000 100000 1 25
537 1074 376 1 28
259 100000 181 1 27
507 1014 100000 1 27
275 100000 192 1 27
670 100000 469 1 29
337 674 236 1 29
740 100000 518 1 30
525 1050 100000 1 30
530 1060 100000 1 30
339 678 237 1 30
379 100000 265 1 32
514 100000 360 1 33
480 100000 336 2 31 37
427 854 100000 1 36
607 1214 100000 1 42
337 100000 100000 1 43
505 100000 354 1 38
688 100000 100000 1 45
