# Converted from 50_243.csv
50
105 210 74 0
208 100000 100000 0
204 408 143 0
28 56 100000 1 0
181 362 100000 3 0 1 2
208 100000 146 3 0 1 2
133 100000 100000 3 0 1 2
25 100000 100000 1 3
117 234 82 3 4 5 6
108 100000 76 3 4 5 6
21 100000 15 3 7 8 9
135 270 94 2 8 9
164 328 115 2 8 9
75 100000 100000 1 10
103 100000 100000 1 12
139 100000 97 1 11
164 328 115 2 10 11
144 100000 101 1 13
110 100000 100000 2 12 16
182 100000 100000 1 16
61 122 43 2 15 16
220 100000 154 1 18
157 314 100000 1 17
57 100000 100000 3 14 18 20
129 258 100000 2 15 18
315 630 100000 1 21
306 100000 214 1 23
57 114 100000 1 22
174 348 100000 1 24
166 332 100000 2 23 24
213 100000 100000 2 20 24
115 230 80 1 29
88 100000 62 1 25
112 100000 100000 1 26
271 542 100000 1 28
127 100000 100000 2 27 30
73 100000 100000 1 29
119 238 100000 1 29
204 100000 143 1 32
81 100000 100000 1 31
115 100000 100000 1 33
131 262 100000 1 35
95 100000 66 1 34
188 100000 100000 2 36 37
35 100000 100000 2 35 37
165 100000 115 1 38
220 100000 100000 1 40
38 100000 27 1 41
34 100000 100000 3 39 42 44
88 176 100000 2 19 44
