# Converted from 50_285.csv
50
26 52 100000 0
536 100000 375 0
33 66 23 0
540 1080 100000 0
254 100000 100000 1 0
497 100000 100000 1 1
74 100000 100000 1 2
183 100000 128 1 3
169 338 118 1 3
258 516 100000 1 3
462 100000 323 1 5
484 968 339 1 4
141 282 100000 1 8
285 100000 100000 1 7
354 100000 100000 3 6 8 9
100 200 100000 2 8 9
121 100000 100000 1 10
178 356 125 1 12
60 100000 100000 2 11 15
128 100000 100000 1 13
242 484 100000 2 14 15
536 100000 375 1 18
32 100000 100000 2 16 20
272 544 190 3 14 17 19
131 100000 92 1 20
167 334 100000 1 21
193 100000 100000 2 23 24
35 100000 100000 2 15 23
502 1004 100000 1 26
233 100000 163 2 25 26
376 100000 100000 2 22 26
57 114 100000 3 22 26 27
199 100000 100000 1 29
535 1070 100000 1 28
75 150 52 1 29
171 100000 100000 2 18 31
204 408 143 1 32
598 100000 100000 1 33
167 100000 100000 2 31 34
242 100000 169 2 34 35
198 100000 100000 2 31 34
147 294 103 3 30 34 35
515 100000 360 1 36
102 100000 71 1 37
255 100000 100000 2 38 39
172 100000 100000 3 38 39 41
330 660 231 3 30 39 42
512 1024 358 2 43 45
28 100000 100000 2 40 45
271 100000 190 2 44 45
