# Converted from 50_216.csv
50
130 100000 91 0
518 100000 100000 0
519 1038 363 0
157 100000 100000 0
619 100000 100000 0
273 100000 191 1 0
192 100000 134 1 1
99 100000 69 1 1
230 460 100000 1 3
154 308 100000 1 1
176 352 123 3 1 3 4
84 100000 100000 1 1
85 100000 100000 1 6
281 562 100000 1 8
300 100000 210 1 7
35 100000 100000 2 1 5
128 256 90 1 8
51 100000 100000 1 10
388 100000 100000 1 9
365 100000 100000 1 13
264 100000 100000 1 14
273 546 191 1 12
358 716 100000 2 9 16
102 100000 100000 2 8 15
337 100000 100000 1 20
33 100000 23 1 20
263 526 184 1 19
65 100000 100000 2 2 22
45 90 100000 1 21
541 1082 100000 2 20 21
408 100000 100000 1 24
296 100000 207 1 25
459 918 321 1 27
49 100000 34 2 21 27
131 262 92 1 28
240 100000 168 1 29
382 100000 267 2 1 26
266 100000 100000 1 27
248 496 100000 1 33
286 100000 200 1 34
127 254 100000 1 35
467 934 100000 1 32
128 100000 100000 4 18 28 29 30
117 100000 100000 1 31
514 1028 360 1 36
203 100000 142 1 38
101 202 100000 1 39
30 60 100000 1 40
90 100000 100000 2 26 41
135 270 100000 1 43
