# Converted from 50_226.csv
50
111 100000 100000 0
217 100000 100000 0
106 100000 100000 0
44 100000 31 0
298 100000 209 0
236 100000 100000 1 0
35 70 100000 1 2
129 258 100000 1 1
35 70 100000 2 3 4
100 100000 70 3 2 3 4
164 100000 100000 3 2 3 4
158 316 111 1 6
117 234 100000 1 5
113 226 100000 3 8 9 10
68 100000 100000 4 7 8 9 10
407 814 285 3 8 9 10
271 100000 190 1 13
30 100000 21 1 11
50 100 100000 1 12
61 100000 100000 3 13 14 15
170 340 100000 2 13 14
102 100000 71 3 13 14 15
172 100000 100000 3 13 14 15
133 266 93 1 16
70 100000 100000 1 17
34 100000 24 4 18 19 20 22
86 100000 100000 3 20 22 23
86 172 100000 2 22 24
56 100000 100000 1 25
38 76 27 1 25
85 100000 59 1 25
177 100000 124 1 26
174 100000 100000 1 26
167 334 117 2 28 30
98 196 69 2 29 30
22 44 100000 2 26 29
102 100000 71 2 26 28
265 100000 100000 1 31
192 100000 134 1 33
167 334 100000 1 32
75 100000 52 4 21 30 35 36
190 100000 133 3 27 33 36
160 320 100000 1 40
312 624 100000 1 38
118 100000 100000 4 37 39 40 41
50 100000 100000 1 42
91 182 100000 2 43 44
72 100000 50 1 44
117 234 100000 2 34 44
54 100000 100000 3 34 44 45
