# Converted from 50_295.csv
50
145 100000 102 0
552 1104 100000 0
130 100000 100000 0
526 100000 368 1 0
509 100000 356 1 0
91 100000 100000 2 1 2
101 100000 100000 1 3
553 1106 387 1 4
103 100000 100000 1 5
20 100000 100000 1 5
579 1158 405 2 0 5
196 100000 137 1 9
47 100000 100000 1 8
560 100000 100000 3 6 9 10
316 632 100000 3 7 9 10
219 438 153 2 9 10
308 616 100000 2 9 10
448 896 100000 1 11
269 538 100000 5 12 13 14 15 16
210 420 100000 4 13 14 15 16
96 100000 100000 4 13 14 15 16
523 1046 366 1 17
477 100000 100000 1 18
108 100000 100000 3 18 19 20
613 100000 429 3 18 19 20
40 80 100000 1 21
244 488 100000 1 23
93 100000 100000 1 22
189 100000 132 2 23 24
532 1064 372 2 23 24
541 100000 100000 2 23 24
409 818 100000 1 27
528 100000 100000 1 25
244 488 100000 1 26
75 100000 100000 1 28
245 490 100000 1 28
458 100000 321 1 31
460 100000 322 1 34
241 100000 169 1 35
157 100000 100000 2 28 32
524 100000 367 2 28 33
424 848 100000 2 29 35
202 100000 141 1 35
293 586 100000 1 37
125 250 100000 1 38
291 100000 204 2 36 41
410 100000 287 2 40 41
138 100000 100000 1 41
405 810 284 3 43 44 45
276 100000 193 2 39 45
