# Converted from 50_247.csv
50
209 100000 100000 0
55 100000 38 0
170 100000 100000 0
93 100000 100000 0
255 510 178 1 0
233 466 163 1 2
41 100000 100000 1 1
221 442 100000 1 3
94 100000 100000 2 2 3
75 100000 52 1 4
189 100000 132 1 5
71 142 100000 1 6
89 100000 62 2 7 8
207 100000 100000 2 7 8
61 100000 100000 1 10
131 262 100000 1 11
198 100000 139 2 12 13
61 122 100000 3 9 12 13
91 100000 100000 2 12 13
102 100000 100000 2 12 13
33 100000 100000 1 16
26 52 18 1 14
88 176 62 5 15 16 17 18 19
161 100000 100000 3 16 18 19
164 100000 115 4 16 17 18 19
69 100000 100000 1 20
146 100000 100000 1 21
250 100000 175 1 22
133 266 100000 3 22 23 24
73 146 100000 2 22 23
269 538 188 2 22 23
180 100000 100000 1 27
30 60 100000 3 25 29 30
128 256 90 3 24 26 30
97 194 68 2 24 30
115 100000 100000 1 31
175 100000 100000 2 32 33
148 100000 100000 2 28 32
56 112 100000 1 36
87 100000 61 1 37
159 318 100000 1 35
156 312 109 1 37
95 190 100000 1 38
206 100000 100000 1 39
79 100000 55 3 36 37 40
225 450 158 1 41
71 100000 100000 2 34 41
151 302 106 2 42 43
99 100000 69 2 33 46
131 100000 100000 1 44
