# Converted from 50_265.csv
50
351 702 100000 0
505 100000 354 0
521 100000 100000 0
409 100000 100000 0
197 100000 138 1 0
642 100000 100000 1 1
289 100000 100000 4 0 1 2 3
612 1224 428 1 6
459 100000 100000 1 4
516 100000 361 1 5
535 100000 374 1 6
619 1238 100000 1 6
411 822 100000 1 6
639 100000 100000 1 8
535 100000 100000 1 7
666 1332 466 3 10 11 12
234 468 100000 4 9 10 11 12
444 100000 311 3 10 11 12
418 100000 293 1 13
317 100000 222 1 15
842 100000 100000 4 14 15 16 17
573 100000 100000 3 15 16 17
620 100000 100000 3 15 16 17
646 100000 100000 1 18
524 1048 100000 1 19
513 1026 359 2 20 22
490 100000 343 2 20 22
508 100000 100000 3 20 21 22
645 100000 100000 1 23
394 100000 100000 1 25
302 604 100000 1 24
324 648 100000 3 25 26 27
503 100000 100000 1 25
417 834 292 2 25 26
401 802 100000 1 29
546 1092 382 1 30
504 100000 100000 1 31
460 100000 322 3 28 32 33
536 100000 100000 3 31 32 33
392 100000 274 3 31 32 33
484 968 100000 1 36
630 1260 441 5 21 26 32 34 35
364 728 100000 2 27 37
438 100000 307 1 42
269 538 188 2 40 41
378 756 100000 2 27 41
374 100000 100000 3 38 41 42
545 1090 382 3 39 41 42
671 1342 470 1 43
517 100000 100000 3 38 45 47
