# Converted from 50_272.csv
50
303 100000 212 0
442 100000 309 0
709 100000 496 0
444 888 100000 0
570 100000 100000 1 0
478 100000 100000 3 1 2 3
344 688 100000 3 1 2 3
535 100000 374 3 1 2 3
557 100000 390 2 5 6
342 684 100000 3 5 6 7
634 100000 100000 4 4 5 6 7
470 940 100000 3 5 6 7
450 100000 315 3 5 6 7
416 832 291 1 8
499 100000 100000 1 9
485 100000 340 4 8 10 11 12
389 778 272 3 8 9 12
518 100000 100000 4 8 9 11 12
669 100000 468 3 8 11 12
506 1012 354 1 13
547 100000 100000 1 15
480 960 336 1 14
440 880 100000 4 15 16 17 18
546 100000 100000 4 15 16 17 18
410 100000 100000 1 20
215 100000 100000 1 21
705 100000 493 3 19 22 23
675 1350 100000 2 22 23
522 100000 365 1 26
412 100000 100000 1 26
555 100000 388 1 25
396 792 100000 2 24 26
403 806 100000 2 26 27
621 100000 435 1 30
613 1226 100000 1 28
599 1198 419 1 29
442 884 100000 1 31
347 100000 100000 2 31 32
568 100000 100000 2 31 32
518 100000 100000 1 34
376 752 100000 1 33
454 100000 100000 1 35
665 100000 465 1 36
207 100000 145 1 39
467 100000 100000 1 41
658 100000 100000 3 36 37 40
596 1192 100000 1 42
459 918 100000 1 42
378 756 265 1 44
309 618 100000 2 36 43
