# Converted from 50_231.csv
50
50 100000 100000 0
311 100000 100000 0
238 476 100000 0
128 100000 90 0
274 100000 100000 0
200 400 140 1 0
102 100000 100000 4 1 2 3 4
313 100000 100000 4 1 2 3 4
61 100000 43 1 5
246 100000 172 2 6 7
55 110 38 2 6 7
204 100000 100000 2 6 7
53 106 100000 2 6 7
208 100000 100000 1 9
219 438 153 1 8
144 100000 100000 1 10
96 192 67 4 9 10 11 12
61 122 100000 4 9 10 11 12
82 100000 57 1 13
210 100000 100000 1 16
158 100000 100000 1 17
98 100000 100000 1 15
147 294 100000 2 16 17
92 184 64 3 14 16 17
225 100000 100000 1 19
132 100000 100000 1 20
141 100000 100000 1 18
183 366 128 1 22
187 374 131 1 21
118 100000 100000 1 22
82 164 100000 2 22 23
179 100000 100000 1 24
46 92 100000 1 26
82 164 57 1 27
40 80 28 1 29
84 100000 59 2 25 30
136 100000 100000 2 28 30
191 382 100000 1 30
39 100000 100000 1 33
101 100000 71 6 31 32 34 35 36 37
229 100000 100000 1 38
211 100000 100000 1 39
52 104 36 1 39
91 100000 64 1 40
51 102 100000 2 41 42
50 100000 35 2 41 42
102 204 71 2 41 42
249 498 100000 1 41
75 100000 52 2 41 42
50 100000 100000 3 43 45 46
