# Converted from 50_219.csv
50
108 100000 76 0
280 560 196 0
330 660 100000 0
37 100000 100000 1 1
304 100000 213 1 0
287 574 100000 1 1
272 544 190 1 2
223 100000 100000 1 2
422 100000 295 1 1
149 100000 100000 1 2
405 100000 100000 1 3
159 100000 111 1 5
171 100000 100000 1 9
87 100000 61 1 4
96 100000 100000 1 7
119 238 100000 2 6 9
203 406 100000 1 10
127 100000 100000 1 12
157 100000 100000 1 11
42 100000 29 1 12
561 100000 393 1 14
152 304 100000 1 14
41 100000 100000 1 12
455 100000 100000 1 16
199 398 100000 1 17
210 100000 100000 1 20
377 100000 264 1 18
158 100000 100000 1 20
193 100000 135 1 19
61 122 43 3 1 12 21
233 466 100000 1 21
51 102 100000 3 8 21 22
40 100000 28 1 25
257 100000 100000 1 27
26 52 100000 3 23 24 28
278 100000 195 3 8 26 30
441 100000 309 1 31
249 498 174 1 31
245 100000 100000 1 31
106 212 74 1 32
255 100000 100000 1 33
531 100000 100000 1 37
128 256 100000 1 37
553 1106 387 1 38
48 100000 100000 1 38
91 100000 64 1 39
75 150 52 1 40
401 802 100000 1 41
113 226 100000 1 40
53 106 100000 1 40
