# Converted from 50_294.csv
50
488 100000 100000 0
288 576 100000 0
565 100000 100000 0
113 100000 100000 0
484 968 339 0
28 100000 100000 0
251 100000 176 1 0
338 100000 100000 1 2
150 100000 100000 1 1
236 472 165 1 3
282 564 197 4 2 3 4 5
29 58 100000 1 8
616 1232 100000 1 6
162 324 113 1 7
27 100000 100000 1 9
134 100000 94 1 10
305 100000 100000 1 10
358 100000 100000 1 10
305 100000 100000 1 11
176 100000 123 1 14
173 346 121 1 13
468 100000 100000 4 12 15 16 17
350 100000 100000 1 19
92 100000 64 2 18 21
78 100000 100000 2 20 21
345 100000 100000 1 21
542 1084 100000 1 21
39 100000 27 1 21
278 556 100000 4 22 23 24 27
103 206 100000 2 23 24
91 182 100000 2 23 26
181 100000 100000 2 23 24
234 100000 100000 1 28
443 100000 100000 2 30 31
600 100000 100000 2 29 30
87 100000 61 1 33
206 412 144 1 32
340 680 238 1 33
36 100000 25 2 33 34
140 280 98 1 35
476 100000 333 1 37
221 442 100000 1 36
94 188 66 1 38
90 180 100000 2 25 38
213 100000 100000 1 41
43 100000 30 2 39 43
477 954 334 3 28 34 40
90 180 100000 2 27 43
323 100000 226 4 42 44 45 46
233 100000 100000 2 43 46
