# Converted from 50_268.csv
50
426 100000 100000 0
431 100000 100000 0
544 100000 381 0
438 876 100000 0
706 100000 494 0
375 750 262 0
437 874 306 1 0
542 1084 100000 4 2 3 4 5
562 100000 393 4 2 3 4 5
310 620 100000 1 6
493 100000 100000 1 7
683 100000 100000 2 7 8
714 1428 500 3 0 7 8
367 100000 257 2 7 8
333 666 233 3 1 7 8
491 982 100000 1 9
172 100000 100000 1 11
336 100000 100000 1 11
685 100000 100000 1 10
521 100000 100000 4 11 12 13 14
630 1260 441 4 11 12 13 14
695 100000 100000 1 15
579 100000 100000 1 16
510 100000 100000 1 17
496 100000 347 3 18 19 20
425 850 298 2 19 20
546 100000 382 2 19 20
346 100000 100000 1 22
333 100000 100000 1 24
452 904 100000 4 21 24 25 26
493 100000 100000 4 23 24 25 26
433 100000 303 3 24 25 26
639 100000 447 3 24 25 26
721 1442 100000 1 27
685 1370 100000 1 28
395 100000 100000 2 29 30
460 100000 100000 2 29 32
394 100000 100000 1 33
487 974 100000 3 29 31 34
593 1186 100000 2 35 36
704 100000 493 3 31 35 36
606 100000 424 1 38
498 996 349 1 37
596 1192 417 2 38 39
498 100000 100000 1 43
401 802 100000 1 41
485 970 100000 3 29 30 42
455 100000 318 1 44
711 1422 100000 2 39 45
367 100000 257 3 40 43 46
