# Converted from 50_217.csv
50
266 532 100000 0
520 100000 364 0
510 100000 100000 0
122 100000 100000 0
175 100000 122 0
141 100000 100000 0
156 312 109 1 0
23 100000 16 1 4
380 100000 100000 1 2
116 232 81 1 0
203 100000 100000 1 7
185 100000 130 1 6
298 596 209 2 7 8
298 100000 209 1 9
275 550 100000 1 10
239 478 167 1 11
149 100000 100000 1 12
340 100000 100000 1 13
37 100000 26 1 12
97 100000 68 1 12
208 100000 100000 2 1 13
347 100000 100000 1 13
164 328 100000 1 13
83 166 100000 1 14
511 100000 100000 1 18
399 798 279 1 15
133 266 93 1 18
133 100000 100000 1 16
151 100000 100000 1 17
215 430 100000 1 21
561 100000 100000 1 19
101 100000 100000 1 27
243 486 100000 1 24
399 798 100000 1 25
269 100000 188 1 26
249 498 100000 1 29
256 512 179 2 23 29
280 100000 196 1 28
245 490 100000 1 29
623 100000 100000 1 31
77 100000 54 1 34
304 100000 100000 1 32
62 124 43 1 35
352 100000 100000 3 8 20 33
217 434 152 1 37
546 100000 100000 1 41
142 284 99 2 39 40
578 100000 100000 2 42 43
78 100000 100000 1 43
432 864 100000 1 44
