# Converted from 50_299.csv
50
90 100000 63 0
214 100000 150 0
390 780 100000 1 0
242 100000 100000 2 0 1
366 100000 100000 2 0 1
37 100000 26 1 2
65 130 46 2 3 4
100 200 100000 1 3
74 148 52 1 6
228 100000 160 1 7
53 100000 100000 1 6
64 128 45 2 6 7
202 404 100000 3 5 6 7
138 276 100000 2 6 7
24 100000 100000 2 6 7
426 852 100000 1 11
120 100000 100000 1 8
516 100000 100000 1 9
154 308 108 1 11
128 100000 90 1 10
344 100000 100000 4 11 12 13 14
64 128 100000 4 11 12 13 14
295 100000 100000 1 15
277 100000 100000 1 18
173 346 100000 4 16 19 20 21
127 100000 89 3 17 20 21
66 100000 100000 2 20 21
496 992 100000 2 20 21
49 98 100000 1 22
476 100000 333 1 23
565 100000 100000 4 24 25 26 27
229 100000 100000 4 24 25 26 27
303 100000 100000 1 28
497 994 348 2 30 31
130 100000 91 3 29 30 31
102 100000 100000 1 33
60 100000 100000 1 32
269 100000 100000 2 33 34
116 232 81 2 33 34
173 346 100000 1 36
53 100000 37 1 37
178 100000 125 1 35
514 1028 360 2 37 38
403 100000 100000 1 38
41 82 100000 1 37
333 666 233 1 38
504 100000 353 1 39
189 100000 132 1 40
188 376 100000 1 41
90 100000 100000 2 42 44
