# Converted from 50_276.csv
50
68 136 48 0
147 100000 103 0
93 100000 65 0
358 100000 100000 1 0
473 946 100000 1 1
176 100000 100000 1 2
477 954 100000 1 2
37 100000 26 1 5
435 100000 100000 3 3 4 6
491 982 344 1 6
110 100000 77 1 7
46 100000 100000 2 8 9
159 318 111 2 8 9
170 340 100000 2 8 9
121 100000 85 2 8 9
192 100000 134 1 11
58 100000 41 1 12
512 100000 358 1 13
353 100000 100000 1 10
223 100000 156 4 11 12 13 14
133 266 100000 4 11 12 13 14
81 162 100000 1 15
320 640 100000 1 16
233 100000 100000 1 17
307 614 100000 1 18
141 100000 99 1 19
138 276 100000 2 19 20
395 790 100000 1 21
362 100000 100000 3 22 24 25
131 262 100000 3 19 20 23
162 324 113 1 26
94 100000 66 2 25 26
519 100000 363 1 27
28 56 100000 2 28 31
165 100000 115 2 28 31
560 1120 100000 3 28 30 31
122 244 100000 2 25 32
25 100000 18 1 34
50 100000 100000 1 33
457 100000 100000 1 36
153 306 100000 1 36
281 100000 100000 3 29 35 36
192 100000 100000 5 29 34 35 36 38
365 100000 100000 3 29 35 37
287 100000 100000 2 35 37
544 100000 381 1 39
33 100000 100000 1 40
126 100000 100000 1 42
172 344 120 2 36 43
516 1032 100000 2 42 43
