# Converted from 50_225.csv
50
497 100000 100000 0
103 100000 100000 0
113 100000 100000 0
247 100000 100000 0
107 214 100000 0
164 328 100000 0
541 100000 100000 0
399 100000 100000 0
158 316 100000 1 0
155 100000 100000 1 2
201 100000 100000 1 1
137 100000 100000 2 3 6
223 100000 156 1 2
51 100000 100000 1 5
231 100000 162 3 2 3 4
228 100000 160 1 9
45 90 31 1 8
563 100000 394 1 10
278 100000 195 1 12
64 100000 45 1 17
39 78 27 1 15
71 142 50 1 18
575 100000 402 1 16
126 100000 100000 1 17
188 100000 100000 2 13 17
333 100000 100000 1 17
576 100000 403 2 2 17
52 100000 100000 1 20
201 100000 100000 1 19
194 100000 100000 1 22
90 180 100000 1 21
110 220 100000 2 7 26
467 100000 327 2 18 23
226 452 158 2 7 24
35 70 100000 1 27
180 360 100000 1 29
410 820 287 1 28
94 188 66 3 3 30 31
120 240 84 1 32
50 100000 35 4 6 31 32 33
278 100000 100000 2 6 31
220 100000 100000 1 34
215 430 100000 1 36
286 572 200 3 3 12 35
506 1012 100000 2 14 37
167 100000 100000 2 31 38
278 556 100000 2 4 39
232 100000 100000 1 41
58 116 41 1 42
182 364 127 2 45 46
