# Converted from 50_286.csv
50
192 100000 100000 0
250 100000 100000 0
265 100000 100000 1 0
238 100000 100000 1 1
126 100000 100000 1 1
67 100000 47 1 1
284 100000 199 1 1
526 100000 100000 1 3
78 156 100000 2 2 6
324 100000 100000 2 4 5
28 100000 20 2 4 6
68 136 48 2 5 6
357 714 100000 2 7 8
472 100000 100000 1 11
313 626 219 1 12
133 266 100000 1 12
89 100000 62 2 9 12
241 482 100000 3 4 12 13
439 878 100000 1 16
166 100000 100000 1 14
35 100000 24 1 15
178 100000 125 1 16
211 422 100000 2 16 17
218 100000 100000 1 16
144 100000 101 1 22
508 1016 356 1 18
263 100000 100000 1 23
111 100000 78 1 21
24 100000 100000 5 10 17 19 20 23
95 190 100000 2 17 23
232 100000 162 1 24
104 100000 100000 1 26
39 100000 100000 1 27
67 134 100000 2 25 28
368 736 258 2 28 29
119 238 100000 1 30
160 100000 112 3 29 31 32
175 350 100000 1 34
134 100000 100000 1 34
368 736 258 2 22 33
86 100000 60 2 33 34
93 100000 65 1 36
213 426 100000 1 35
345 690 100000 3 36 38 40
462 924 100000 4 36 37 39 40
69 100000 48 3 38 39 40
213 100000 149 1 41
143 286 100 1 42
510 100000 100000 1 44
543 1086 100000 1 44
