# Converted from 50_258.csv
50
769 1538 100000 0
379 100000 265 0
688 100000 482 0
464 100000 100000 0
522 100000 365 1 0
484 968 100000 1 2
454 908 318 1 1
375 100000 100000 1 2
587 100000 100000 2 2 3
401 100000 100000 2 2 3
498 996 349 1 5
638 100000 447 1 7
562 100000 393 4 4 6 8 9
442 884 309 2 8 9
400 800 280 1 10
628 100000 100000 1 12
205 100000 100000 1 11
659 1318 461 1 13
677 100000 100000 2 12 13
547 100000 100000 2 12 13
558 100000 100000 2 12 13
531 1062 100000 1 15
297 594 100000 1 17
532 100000 100000 5 14 16 18 19 20
694 1388 100000 2 18 19
312 100000 100000 3 21 22 24
388 776 100000 1 24
490 980 100000 1 25
626 100000 438 2 25 26
399 100000 100000 3 23 25 26
646 100000 100000 2 25 26
496 992 100000 1 27
530 1060 100000 1 30
555 100000 388 2 28 30
553 100000 100000 2 29 30
511 100000 358 1 29
433 100000 303 1 31
441 882 100000 1 32
280 560 196 2 32 35
429 100000 300 1 32
336 100000 235 2 32 34
586 100000 100000 1 37
420 840 100000 1 38
473 100000 100000 1 39
302 604 211 2 35 36
625 1250 438 3 23 33 39
316 632 221 1 42
436 100000 100000 1 43
510 100000 100000 2 20 41
461 100000 100000 2 35 45
