# Converted from 50_242.csv
50
71 100000 100000 0
154 100000 100000 0
90 180 63 0
197 394 100000 0
121 100000 85 0
47 94 33 1 0
224 448 100000 1 1
66 132 46 2 3 4
128 100000 90 2 2 4
87 174 61 1 2
384 100000 100000 1 5
92 100000 100000 3 6 7 8
187 100000 100000 2 3 8
258 516 181 2 7 9
80 160 100000 1 7
66 132 46 1 11
158 100000 100000 1 10
192 100000 100000 3 12 13 14
78 100000 55 2 11 13
259 518 181 1 17
136 272 95 1 15
144 100000 101 3 11 16 17
143 100000 100000 2 14 18
170 100000 119 1 19
121 100000 100000 2 9 20
261 522 100000 2 18 21
159 318 111 2 21 22
67 100000 47 1 23
71 100000 100000 1 24
308 616 100000 1 26
66 100000 46 1 26
48 100000 100000 1 27
50 100000 100000 1 28
254 100000 100000 3 24 29 30
95 100000 100000 1 29
150 100000 105 1 31
63 100000 100000 1 33
74 148 52 3 25 32 34
242 484 100000 2 25 34
63 100000 100000 1 37
307 100000 215 1 35
146 292 100000 1 36
330 660 100000 1 37
232 100000 100000 2 37 38
208 100000 100000 1 37
25 50 100000 1 39
197 100000 138 2 37 40
214 100000 100000 3 41 42 44
63 126 100000 1 43
166 100000 100000 2 33 43
