# Converted from 50_241.csv
50
216 432 100000 0
138 100000 100000 0
119 238 83 0
133 100000 100000 0
66 132 100000 0
102 204 100000 0
96 192 67 1 0
177 100000 100000 4 2 3 4 5
103 206 100000 4 2 3 4 5
104 100000 73 1 7
169 338 118 1 7
163 100000 100000 1 7
74 148 100000 3 6 7 8
150 100000 100000 3 1 7 8
26 52 18 1 9
194 100000 100000 1 10
236 100000 165 1 11
149 298 100000 2 12 13
132 264 92 1 17
117 100000 82 1 14
110 100000 100000 2 15 17
154 100000 108 2 16 17
166 100000 116 1 17
234 100000 100000 1 18
138 100000 100000 1 20
258 516 181 1 19
50 100000 100000 3 20 21 22
111 100000 100000 3 20 21 22
132 100000 92 1 21
32 100000 100000 1 26
52 100000 36 1 24
111 222 78 3 23 26 28
230 100000 161 2 17 25
75 150 100000 1 29
50 100 100000 1 30
178 100000 100000 1 33
156 312 100000 4 26 27 28 34
205 410 100000 2 28 34
195 100000 136 2 21 34
49 98 100000 3 21 22 34
88 100000 100000 1 36
144 100000 101 1 36
42 100000 100000 1 35
97 100000 100000 1 36
181 100000 127 1 40
91 100000 100000 1 41
187 100000 100000 3 31 32 43
55 100000 38 3 32 39 43
210 420 100000 5 32 37 38 42 43
88 176 62 1 43
