# Converted from 50_298.csv
50
48 96 100000 0
196 100000 100000 0
60 100000 100000 0
402 804 281 1 0
52 100000 36 1 1
69 138 48 2 1 2
470 100000 329 2 1 2
70 140 49 1 3
212 100000 148 1 5
135 270 94 1 5
110 100000 77 1 5
79 100000 100000 1 4
84 168 100000 2 5 6
514 1028 360 2 5 6
482 100000 100000 1 8
192 100000 100000 1 9
319 100000 100000 1 11
523 100000 100000 1 10
464 100000 100000 3 7 12 13
437 100000 100000 2 12 13
139 278 100000 2 12 13
494 100000 100000 1 16
340 100000 100000 1 17
46 100000 100000 4 14 18 19 20
514 100000 360 4 15 18 19 20
212 424 148 3 18 19 20
39 78 27 3 18 19 20
320 100000 100000 3 18 19 20
192 100000 100000 1 25
39 100000 27 4 21 23 25 27
361 722 100000 4 22 24 25 27
68 136 100000 4 23 24 25 27
111 222 100000 3 25 26 27
229 100000 100000 1 28
94 100000 100000 3 30 31 32
257 100000 180 1 33
169 338 100000 1 34
203 406 142 1 34
153 100000 100000 1 34
86 172 100000 1 34
461 100000 100000 1 35
92 100000 100000 1 36
71 100000 50 3 37 38 39
147 100000 103 1 41
179 100000 100000 1 42
30 60 100000 3 29 40 42
122 244 85 2 29 42
245 490 100000 1 44
230 100000 161 2 43 45
72 144 50 2 45 46
