# Converted from 50_214.csv
50
446 100000 312 0
25 50 18 0
382 764 267 0
254 100000 100000 0
200 400 140 1 1
131 100000 100000 1 0
331 100000 100000 2 1 3
479 100000 100000 1 2
348 100000 100000 1 2
39 78 100000 1 2
188 100000 100000 1 3
192 100000 134 1 1
186 100000 130 1 4
245 490 100000 1 6
184 100000 100000 1 11
99 198 69 1 5
92 100000 100000 2 6 9
213 426 149 1 10
469 100000 328 1 14
409 100000 100000 1 13
77 100000 54 1 14
105 100000 100000 1 16
164 100000 100000 1 12
554 100000 100000 3 8 9 14
211 422 100000 1 16
145 290 100000 1 15
183 100000 128 1 17
254 100000 100000 1 18
26 100000 18 1 22
221 442 155 1 20
85 170 59 1 21
82 164 100000 1 19
234 100000 100000 1 23
27 100000 100000 2 7 22
192 100000 100000 1 26
64 128 100000 1 27
154 308 108 1 29
96 192 67 1 28
256 100000 179 1 30
284 568 100000 1 32
294 100000 100000 1 35
400 100000 280 1 36
133 266 93 1 38
272 100000 100000 1 39
91 182 100000 3 11 16 37
145 100000 100000 2 22 39
152 304 106 1 40
522 1044 100000 1 43
101 100000 100000 5 7 25 26 41 45
42 100000 100000 1 42
