# Converted from 50_211.csv
50
196 392 100000 0
41 100000 29 0
161 322 100000 0
162 100000 100000 0
349 100000 100000 0
297 594 100000 0
57 100000 40 1 0
288 100000 202 1 1
76 100000 100000 1 3
415 830 100000 1 2
208 416 146 1 5
162 100000 100000 1 3
64 100000 45 1 6
312 624 100000 1 8
299 598 100000 1 10
661 100000 100000 1 7
50 100000 35 1 9
134 268 100000 1 10
531 1062 372 1 14
232 100000 100000 1 12
66 100000 46 1 13
247 100000 173 1 14
115 230 100000 2 4 14
32 64 22 1 16
526 100000 368 1 17
381 762 267 1 18
181 100000 100000 1 21
174 100000 100000 1 20
506 100000 354 1 19
383 100000 100000 1 21
432 100000 100000 1 23
198 396 100000 1 21
119 238 83 2 10 23
88 100000 100000 1 29
65 100000 100000 1 25
142 100000 99 1 26
197 100000 100000 1 27
58 116 100000 2 14 28
199 100000 139 2 17 30
145 100000 100000 1 32
26 100000 100000 1 33
125 100000 100000 1 34
230 100000 100000 2 35 37
202 404 141 2 23 36
39 78 27 3 3 17 37
212 424 148 2 24 40
247 100000 100000 2 41 42
426 852 100000 2 39 43
499 100000 349 3 21 23 44
135 270 100000 2 37 43
