# Converted from 50_264.csv
50
505 100000 100000 0
503 100000 352 0
164 328 100000 0
448 896 314 0
405 100000 284 0
574 100000 100000 1 0
364 100000 100000 1 1
570 1140 399 1 2
430 100000 301 1 4
375 750 100000 1 4
472 944 100000 3 5 7 8
658 100000 461 2 6 8
428 100000 100000 1 9
399 798 279 1 10
444 888 100000 3 10 11 12
552 1104 386 2 10 12
452 100000 100000 1 14
382 764 267 1 13
554 100000 100000 1 14
573 1146 100000 3 3 14 15
433 866 100000 2 3 15
463 100000 100000 1 16
607 100000 425 1 18
419 838 100000 1 17
414 828 100000 1 20
720 100000 100000 2 19 20
763 1526 534 1 21
589 100000 412 1 23
475 100000 100000 1 22
369 100000 258 2 24 25
587 1174 100000 2 24 25
498 100000 100000 1 26
463 926 100000 1 28
329 100000 230 2 27 29
435 870 304 1 29
486 100000 340 1 33
617 1234 100000 1 31
401 100000 100000 2 29 32
421 100000 295 2 33 34
799 100000 559 1 33
435 870 100000 1 35
609 1218 100000 2 36 37
466 100000 326 1 39
394 100000 100000 2 34 37
356 100000 100000 1 38
598 100000 419 1 40
437 100000 100000 1 43
558 100000 100000 1 41
554 100000 100000 2 38 43
572 100000 100000 3 42 43 44
