# Converted from 50_26.csv
50
697 1394 100000 0
556 100000 389 0
374 748 100000 0
468 936 100000 0
182 100000 127 0
344 100000 241 0
392 100000 274 1 1
634 1268 100000 1 3
147 100000 100000 1 2
510 100000 100000 1 4
522 100000 365 1 3
678 100000 100000 1 5
579 1158 405 1 4
286 100000 100000 1 6
484 968 339 1 7
462 100000 323 1 11
360 100000 100000 1 8
535 1070 100000 1 10
720 100000 504 1 9
520 100000 364 1 17
693 1386 100000 1 16
469 100000 328 1 15
594 100000 100000 1 16
366 732 100000 1 14
312 100000 100000 1 18
616 100000 100000 1 16
435 870 100000 1 15
568 1136 398 1 26
587 1174 100000 1 21
463 926 100000 1 22
473 100000 331 1 25
638 1276 100000 1 23
549 100000 100000 1 25
287 574 100000 1 22
340 100000 238 5 0 13 19 20 27
639 100000 100000 1 29
412 100000 288 1 28
568 100000 100000 1 32
549 100000 100000 1 31
390 100000 100000 1 32
364 100000 100000 1 34
360 100000 100000 1 34
371 100000 260 1 34
545 1090 382 1 34
512 1024 100000 1 34
680 100000 476 1 35
556 1112 100000 1 36
542 1084 100000 1 39
595 100000 416 1 36
295 590 206 1 40
