# Converted from 50_233.csv
50
94 100000 66 0
126 252 100000 0
86 100000 60 0
102 204 100000 0
46 100000 32 1 0
194 100000 100000 1 1
78 100000 100000 1 2
58 100000 41 2 2 3
174 348 122 1 3
116 232 100000 1 7
207 414 145 1 4
38 100000 27 1 5
126 100000 100000 1 6
28 100000 100000 1 8
26 52 100000 3 1 7 8
259 518 181 2 7 8
48 100000 100000 1 9
256 512 100000 1 10
54 100000 38 1 13
152 100000 100000 3 11 14 15
188 100000 100000 3 12 14 15
63 100000 100000 1 16
24 100000 100000 1 18
232 464 100000 2 19 20
177 100000 124 3 17 19 20
157 314 110 2 19 20
332 100000 100000 2 19 20
37 100000 100000 1 23
111 100000 78 1 22
42 84 29 5 21 23 24 25 26
134 268 100000 4 23 24 25 26
156 100000 109 1 27
45 90 31 1 30
49 100000 34 4 23 24 26 28
94 100000 100000 1 30
130 260 100000 1 31
119 100000 100000 1 32
68 100000 100000 1 33
135 100000 94 2 29 34
104 100000 100000 2 33 34
78 100000 55 1 37
150 300 100000 4 33 35 36 38
63 100000 100000 1 38
107 214 100000 1 39
140 100000 100000 1 38
68 136 48 2 40 41
34 100000 100000 1 42
261 522 100000 2 39 41
161 322 113 2 45 47
98 196 100000 2 39 45
