# Converted from 50_25.csv
50
26 52 18 0
105 100000 74 0
98 196 100000 0
154 100000 108 0
251 100000 176 0
36 100000 100000 0
255 100000 100000 1 5
94 188 100000 1 0
204 100000 143 1 1
26 100000 100000 2 3 5
155 310 100000 1 5
32 64 100000 1 5
52 104 36 1 5
25 50 100000 1 9
155 100000 108 1 11
45 100000 100000 1 12
37 100000 26 1 7
161 322 113 1 8
61 100000 100000 1 12
136 100000 100000 1 9
121 100000 100000 1 9
207 100000 100000 2 11 12
120 100000 100000 1 15
34 68 100000 1 19
30 100000 100000 1 19
69 138 100000 2 2 17
105 100000 100000 1 22
306 100000 214 1 24
127 100000 100000 1 25
166 100000 116 1 24
80 100000 100000 1 26
151 302 100000 1 27
167 334 117 1 27
21 100000 15 1 28
105 100000 74 1 29
199 100000 139 4 6 13 14 30
114 228 80 1 31
150 100000 105 1 32
164 328 100000 2 20 34
251 100000 100000 2 20 33
248 496 100000 1 32
21 42 100000 1 35
194 100000 100000 1 35
32 100000 100000 1 35
83 100000 58 1 35
149 298 100000 1 37
29 58 100000 1 36
178 356 125 1 38
70 140 49 1 38
109 100000 100000 2 23 40
