# Converted from 50_269.csv
50
311 622 218 0
494 988 100000 0
361 100000 100000 0
611 100000 428 1 0
405 100000 284 2 0 2
719 100000 100000 1 3
532 1064 100000 1 4
488 976 342 1 4
360 720 252 3 5 6 7
601 100000 421 3 1 6 7
517 100000 100000 1 8
483 966 100000 1 9
583 100000 100000 1 8
348 696 244 1 8
258 100000 100000 2 8 9
696 1392 100000 2 8 9
403 100000 282 1 10
443 100000 100000 1 11
465 100000 326 1 14
217 100000 100000 1 14
446 100000 100000 1 12
331 662 232 1 15
435 870 304 1 13
489 100000 342 2 14 15
489 100000 342 1 18
381 100000 267 1 19
664 1328 465 1 21
425 100000 100000 1 17
450 100000 100000 1 22
664 100000 100000 2 16 23
316 100000 221 2 20 23
607 100000 425 1 25
368 736 100000 1 24
338 676 100000 1 27
529 100000 100000 4 26 28 29 30
641 1282 100000 2 29 30
563 100000 100000 2 29 30
601 1202 100000 1 31
285 100000 200 5 32 33 34 35 36
453 100000 100000 3 34 35 36
412 824 288 3 34 35 36
466 100000 100000 3 34 35 36
376 100000 100000 4 37 38 40 41
787 1574 100000 1 39
628 1256 440 3 39 40 41
265 100000 100000 1 42
635 1270 100000 1 44
573 100000 100000 1 44
687 1374 100000 1 44
668 100000 100000 2 40 43
