# Converted from 50_224.csv
50
567 100000 100000 0
46 92 100000 0
64 100000 45 0
292 100000 100000 0
120 240 84 0
517 100000 362 0
380 100000 100000 0
206 100000 100000 1 2
118 236 100000 1 0
178 100000 125 1 1
138 276 100000 1 3
220 100000 100000 2 3 4
510 100000 357 2 2 4
222 444 100000 1 10
244 488 100000 1 8
52 104 100000 1 7
291 100000 100000 1 11
291 100000 204 1 9
65 130 100000 1 11
130 100000 91 1 11
279 100000 195 1 12
501 100000 351 1 13
323 100000 100000 1 14
145 290 102 1 16
76 100000 100000 1 18
169 338 118 2 4 17
38 76 100000 1 15
96 192 100000 2 10 18
293 586 100000 1 20
93 100000 65 1 19
54 108 38 1 22
109 218 76 1 25
513 1026 100000 1 24
85 170 100000 2 21 23
29 100000 20 1 25
243 100000 170 2 17 28
68 100000 48 2 17 27
61 100000 100000 1 31
228 456 100000 2 30 32
254 508 100000 1 36
49 100000 100000 1 36
72 100000 50 2 27 33
36 100000 100000 2 33 35
199 100000 100000 1 37
409 100000 286 1 38
518 100000 363 1 42
470 940 100000 1 40
406 100000 100000 1 39
48 100000 100000 1 43
45 100000 100000 1 44
