# Converted from 50_256.csv
50
277 554 100000 0
719 100000 503 0
719 100000 503 0
449 100000 100000 0
399 100000 279 0
570 100000 100000 0
550 1100 385 1 0
504 100000 353 1 1
650 100000 455 1 2
585 100000 100000 1 3
440 100000 100000 1 4
640 1280 100000 1 5
352 704 246 2 4 5
306 100000 100000 1 8
672 100000 470 1 9
671 100000 470 1 10
348 696 100000 1 11
497 994 100000 2 6 12
470 100000 100000 2 7 12
549 1098 100000 2 3 12
748 100000 524 1 12
579 1158 405 1 14
489 978 342 1 13
365 100000 100000 1 15
517 100000 100000 2 16 17
480 960 100000 3 17 18 19
436 872 100000 3 3 17 18
390 780 273 1 21
460 100000 100000 6 20 22 23 24 25 26
314 100000 100000 1 25
613 1226 429 2 24 25
566 100000 396 1 27
451 100000 100000 1 29
600 100000 100000 3 20 29 30
504 1008 353 2 28 29
620 1240 100000 1 32
474 948 100000 3 28 31 33
367 100000 100000 2 33 34
572 100000 100000 3 34 35 36
455 910 318 2 36 37
510 100000 100000 1 36
452 904 100000 2 34 36
732 100000 100000 3 37 38 41
610 100000 427 1 42
530 1060 100000 1 42
679 100000 100000 2 40 42
456 100000 319 1 43
644 100000 100000 1 44
361 100000 100000 1 45
748 1496 524 1 45
