# Converted from 50_21.csv
50
196 100000 100000 0
59 118 41 0
187 100000 100000 0
30 60 21 1 2
108 100000 76 1 1
218 100000 100000 1 2
154 308 100000 1 2
83 166 58 1 2
291 100000 100000 1 1
160 320 100000 1 1
106 212 100000 1 2
167 334 100000 1 1
136 272 100000 2 7 10
47 100000 100000 1 5
45 100000 100000 1 5
233 100000 163 1 5
167 334 100000 1 5
75 100000 52 1 7
112 100000 100000 1 10
116 232 100000 1 9
47 94 33 1 10
85 100000 100000 4 0 3 4 12
25 100000 100000 1 15
67 100000 100000 1 13
29 58 20 1 14
35 100000 100000 1 16
95 190 66 1 18
155 100000 100000 2 6 19
148 100000 100000 1 17
179 100000 125 1 21
138 100000 97 1 21
39 100000 27 1 21
49 100000 34 1 21
27 54 100000 1 21
201 100000 100000 1 22
134 100000 94 1 23
51 100000 36 1 26
60 100000 42 1 24
75 100000 52 1 36
155 310 100000 1 35
42 100000 100000 2 29 34
129 258 100000 1 33
181 100000 100000 1 32
102 204 100000 2 32 36
138 100000 97 1 38
74 100000 100000 1 39
121 242 100000 1 42
176 352 100000 1 40
282 564 197 4 20 28 43 44
67 100000 47 2 7 45
