# Converted from 50_293.csv
50
125 100000 100000 0
112 100000 100000 0
237 100000 166 0
83 100000 58 1 0
44 100000 100000 1 1
205 410 144 2 1 2
280 100000 196 2 1 2
318 100000 223 2 1 2
399 798 100000 1 4
121 100000 85 4 3 5 6 7
62 124 100000 3 5 6 7
173 346 121 1 8
67 134 100000 2 9 10
591 100000 100000 2 9 10
27 100000 100000 2 9 10
158 100000 111 2 9 10
168 336 100000 2 9 10
52 104 100000 1 11
477 100000 100000 1 12
93 100000 100000 5 12 13 14 15 16
606 1212 424 5 12 13 14 15 16
180 100000 100000 5 12 13 14 15 16
473 946 100000 1 18
372 744 100000 4 17 19 20 21
31 100000 22 3 19 20 21
110 220 77 3 19 20 21
106 100000 100000 1 22
112 100000 100000 1 23
326 100000 228 1 23
52 104 36 1 24
202 404 141 2 24 25
378 100000 100000 1 26
126 100000 88 1 27
150 300 100000 1 28
558 1116 100000 1 29
538 100000 377 1 30
100 100000 70 1 32
281 100000 100000 1 35
318 636 100000 3 23 24 31
96 100000 67 2 33 35
90 100000 100000 2 23 34
515 1030 100000 1 35
59 118 100000 1 35
80 160 56 1 35
172 100000 100000 1 37
501 100000 100000 1 36
236 100000 100000 2 37 42
20 40 100000 1 44
160 100000 100000 6 38 39 40 41 42 45
525 100000 368 2 41 46
