# Converted from 50_234.csv
50
192 100000 100000 0
265 100000 186 0
185 370 100000 1 0
333 100000 100000 1 1
97 194 100000 1 1
290 100000 100000 1 1
259 100000 100000 2 0 1
134 100000 94 1 3
34 68 24 1 2
322 100000 225 4 3 4 5 6
129 258 100000 4 3 4 5 6
96 100000 100000 1 7
288 100000 202 1 9
58 116 41 1 8
157 100000 100000 2 9 10
63 100000 100000 2 9 10
90 180 100000 2 9 10
103 100000 100000 1 14
253 100000 100000 1 12
148 100000 104 1 13
60 100000 42 4 11 14 15 16
149 100000 100000 3 14 15 16
93 186 100000 3 14 15 16
162 324 113 3 14 15 16
291 100000 204 1 17
107 214 100000 1 18
202 404 141 1 21
91 100000 64 5 19 20 21 22 23
149 100000 104 4 20 21 22 23
127 254 100000 1 24
265 100000 100000 1 25
41 82 29 1 26
61 122 100000 2 27 28
82 164 100000 1 30
218 100000 100000 1 29
60 100000 100000 1 32
229 458 100000 2 31 32
77 100000 100000 1 32
21 42 15 1 33
118 236 100000 1 35
81 100000 100000 3 34 36 37
64 128 45 2 36 37
27 100000 100000 3 38 39 41
207 100000 145 1 40
94 100000 100000 1 41
90 100000 63 1 40
123 246 100000 1 42
146 100000 102 3 40 42 44
57 100000 100000 2 43 45
200 400 140 3 43 44 45
