# Converted from 50_218.csv
50
130 260 100000 0
273 100000 191 0
358 100000 251 0
267 100000 100000 0
121 242 100000 0
145 100000 100000 0
547 100000 383 0
76 152 100000 1 0
42 100000 100000 1 0
488 100000 100000 1 1
453 100000 100000 1 2
488 100000 100000 1 2
167 100000 100000 1 7
168 336 100000 1 8
165 100000 100000 1 9
270 100000 100000 1 10
488 976 342 2 1 11
239 100000 100000 4 1 4 5 11
344 100000 100000 2 4 11
179 358 100000 1 10
303 100000 212 1 13
117 234 100000 1 12
229 458 160 1 15
113 226 100000 1 16
410 820 287 2 0 14
258 516 100000 3 4 5 16
292 100000 100000 4 0 3 11 19
88 176 62 2 16 17
271 542 100000 1 18
109 100000 100000 1 20
242 100000 169 1 23
224 100000 157 1 23
160 320 100000 1 25
54 100000 100000 1 22
124 100000 100000 4 5 16 21 28
182 100000 127 2 24 25
285 100000 100000 1 33
41 82 29 1 30
40 80 28 1 31
49 100000 34 1 32
457 100000 320 2 25 29
514 100000 100000 1 36
111 222 78 1 37
132 264 92 2 25 38
90 100000 63 2 35 39
535 100000 100000 2 23 40
191 100000 100000 1 42
101 202 100000 2 23 41
272 100000 190 2 24 43
124 248 87 1 44
