# Converted from 50_212.csv
50
46 100000 32 0
100 200 100000 0
467 934 100000 0
238 476 100000 0
92 100000 64 0
261 100000 100000 1 1
62 124 43 1 0
231 462 100000 1 2
185 100000 100000 1 2
35 70 100000 1 2
213 100000 149 1 5
338 676 237 1 8
477 954 100000 1 9
60 120 42 1 7
157 314 100000 1 6
43 100000 30 1 9
276 552 100000 1 8
55 100000 100000 1 11
42 100000 29 1 12
533 1066 100000 1 15
21 100000 15 1 13
34 100000 24 2 3 15
134 100000 100000 1 10
77 154 100000 2 14 15
170 340 119 1 21
96 100000 67 1 17
98 100000 100000 1 19
415 100000 100000 2 18 22
133 100000 93 2 1 20
93 186 65 2 8 22
382 100000 267 1 22
263 100000 184 1 24
243 100000 100000 1 25
324 100000 100000 1 26
151 100000 100000 1 27
25 100000 18 1 28
50 100 100000 2 3 27
420 840 100000 1 31
302 100000 211 1 34
445 100000 100000 1 32
33 66 100000 1 33
66 132 100000 1 36
432 100000 100000 1 34
315 100000 100000 1 36
125 250 88 1 38
131 100000 100000 1 37
27 100000 100000 1 39
463 100000 100000 1 40
140 100000 98 2 21 42
146 100000 100000 1 42
