# Converted from 50_275.csv
50
474 948 100000 0
756 1512 529 0
516 100000 361 1 0
548 100000 100000 1 1
487 100000 100000 2 0 1
683 100000 100000 2 0 1
418 100000 100000 1 2
499 100000 349 1 3
445 890 100000 2 4 5
399 100000 279 2 4 5
607 100000 100000 2 4 5
449 898 100000 1 6
528 100000 100000 1 7
500 1000 100000 1 8
531 1062 100000 3 8 9 10
435 870 100000 1 11
493 100000 100000 1 12
504 100000 353 1 13
529 1058 100000 1 14
394 788 100000 1 14
540 1080 100000 1 14
758 100000 531 1 14
364 100000 255 1 17
501 1002 100000 1 18
400 100000 100000 5 15 18 19 20 21
442 100000 309 5 16 18 19 20 21
425 100000 298 4 18 19 20 21
316 100000 221 4 18 19 20 21
496 992 100000 1 24
403 100000 100000 1 26
553 100000 100000 1 22
544 100000 100000 1 23
552 100000 100000 4 24 25 26 27
663 1326 100000 1 28
652 100000 456 1 29
483 966 338 1 30
381 100000 267 2 31 32
475 100000 332 1 32
610 1220 100000 1 32
508 100000 356 1 36
477 100000 100000 1 34
513 1026 359 4 33 36 37 38
502 1004 351 3 35 36 38
281 100000 100000 1 39
774 100000 542 2 40 41
548 100000 384 3 42 43 44
261 100000 100000 2 42 44
641 1282 100000 2 42 44
322 644 100000 2 42 44
408 816 286 1 44
