# Converted from 50_210.csv
50
141 100000 100000 0
137 274 96 0
51 102 36 0
439 878 100000 1 0
125 100000 88 1 1
330 660 100000 1 2
255 100000 178 1 2
62 124 100000 1 1
33 100000 23 2 1 2
490 980 343 1 1
58 116 100000 1 2
91 100000 100000 1 3
115 100000 100000 1 4
211 422 100000 1 5
392 784 274 1 8
158 316 100000 1 7
537 1074 100000 1 9
66 100000 100000 1 7
345 100000 241 1 13
563 100000 100000 1 11
211 100000 148 1 12
466 100000 100000 1 14
215 100000 100000 1 17
228 100000 100000 1 18
568 100000 398 1 21
477 954 334 1 20
88 100000 62 1 21
41 100000 100000 2 7 19
482 964 100000 1 25
92 100000 100000 1 25
136 272 100000 1 23
174 100000 122 1 24
523 100000 366 2 21 25
125 100000 100000 1 26
52 100000 100000 1 28
26 52 100000 1 29
516 1032 100000 1 31
533 1066 100000 1 32
123 100000 86 1 30
617 1234 100000 1 32
503 100000 352 1 32
263 100000 100000 1 33
528 100000 100000 1 33
106 100000 74 1 32
172 344 120 1 36
110 100000 100000 1 37
39 78 100000 1 39
108 100000 100000 3 34 35 38
76 100000 53 1 40
323 100000 226 1 41
