# Converted from 50_200.csv
50
685 100000 479 0
564 1128 100000 0
187 100000 100000 0
257 100000 180 1 0
357 100000 250 1 2
599 1198 419 1 0
650 1300 455 1 1
528 1056 370 1 1
476 952 100000 1 4
347 100000 243 1 5
573 100000 100000 1 3
559 100000 391 1 6
638 1276 100000 1 7
434 100000 100000 1 5
571 100000 100000 1 7
490 100000 343 1 11
363 726 100000 1 8
415 830 100000 1 12
385 770 100000 1 9
638 100000 100000 1 10
591 1182 100000 1 13
442 884 309 1 14
438 876 307 1 11
585 100000 410 1 11
495 100000 100000 1 12
644 100000 100000 1 13
404 100000 100000 1 15
491 100000 100000 1 16
435 870 100000 1 17
478 100000 335 1 18
390 100000 100000 1 20
305 610 100000 3 4 19 25
460 920 100000 2 7 22
430 100000 100000 1 27
338 676 100000 1 28
484 968 100000 1 29
455 100000 318 3 4 26 30
622 100000 100000 1 32
619 100000 433 1 31
458 916 100000 1 32
173 100000 121 1 32
427 100000 299 1 34
402 100000 100000 1 37
596 100000 100000 2 33 35
528 100000 100000 2 36 37
458 916 321 1 40
366 100000 256 1 41
489 978 100000 1 42
390 100000 100000 2 44 45
576 100000 403 1 44
