# Converted from 50_274.csv
50
532 100000 100000 0
546 1092 382 0
453 100000 100000 0
525 100000 368 0
434 100000 100000 1 0
279 100000 100000 1 1
366 732 100000 3 1 2 3
452 100000 316 3 1 2 3
282 100000 100000 1 5
536 1072 375 1 6
253 100000 100000 3 4 6 7
346 692 100000 2 6 7
431 862 100000 2 6 7
526 100000 100000 1 10
597 100000 418 1 8
551 1102 100000 1 10
526 100000 100000 1 9
416 100000 100000 3 10 11 12
546 1092 382 3 10 11 12
609 1218 100000 1 13
730 100000 100000 1 14
442 884 100000 1 15
534 100000 100000 3 16 17 18
655 1310 100000 2 17 18
600 1200 100000 1 20
759 100000 531 3 19 22 23
539 1078 377 3 21 22 23
748 100000 524 2 22 23
295 100000 206 2 22 23
533 100000 373 1 24
489 100000 342 1 27
453 100000 100000 4 25 26 27 28
430 860 100000 3 26 27 28
615 100000 100000 4 25 26 27 28
702 1404 100000 1 31
324 648 227 1 29
617 1234 432 1 30
283 566 100000 2 32 33
402 100000 100000 2 32 33
440 100000 308 1 34
435 870 304 1 36
612 100000 100000 2 35 38
695 100000 486 1 38
599 100000 100000 1 38
589 100000 412 2 37 38
591 1182 100000 1 39
401 802 281 5 37 40 41 42 43
540 100000 100000 1 45
305 100000 100000 1 46
699 100000 489 2 31 46
