# Converted from 50_20.csv
50
152 100000 100000 0
129 258 90 0
97 194 100000 0
124 100000 100000 0
134 100000 100000 0
99 198 69 1 3
63 100000 44 1 0
129 100000 90 1 3
234 100000 100000 1 6
161 100000 113 1 7
58 100000 41 1 7
189 378 132 1 7
163 100000 100000 1 7
114 228 100000 1 7
298 100000 100000 1 9
181 362 100000 1 9
98 100000 69 1 8
194 388 100000 1 13
115 100000 80 1 13
105 100000 74 1 18
244 488 171 1 18
152 304 106 1 14
143 100000 100000 1 17
33 100000 100000 1 15
214 100000 150 1 16
157 314 100000 1 17
179 100000 125 1 18
205 410 100000 1 18
256 512 100000 1 23
177 100000 100000 1 21
251 100000 100000 1 22
288 576 100000 1 24
290 100000 100000 1 26
125 100000 88 1 25
207 414 145 1 27
159 100000 100000 1 25
207 100000 100000 4 5 19 20 28
120 240 84 2 29 31
45 90 100000 1 30
46 100000 100000 1 33
64 128 100000 1 33
148 100000 100000 1 34
109 218 100000 1 36
66 100000 46 1 36
81 100000 57 1 36
75 100000 100000 1 36
230 460 100000 1 36
102 100000 100000 1 37
138 276 100000 1 40
250 100000 175 1 41
