# Converted from 50_278.csv
50
429 100000 100000 0
258 516 181 0
412 100000 288 0
61 122 43 0
422 100000 295 1 0
94 100000 66 1 2
167 100000 100000 1 1
462 100000 100000 2 2 3
62 124 43 1 4
455 910 100000 1 5
55 110 38 1 6
121 100000 100000 1 7
129 100000 100000 1 7
196 100000 100000 1 7
171 342 100000 1 8
200 100000 100000 1 10
333 100000 233 4 9 11 12 13
51 102 100000 3 11 12 13
525 1050 100000 3 11 12 13
562 100000 100000 3 11 12 13
229 100000 100000 3 11 12 13
173 100000 100000 1 14
115 100000 80 6 15 16 17 18 19 20
71 142 100000 1 21
605 1210 424 1 22
72 144 50 1 22
152 100000 106 1 22
508 100000 100000 1 24
123 246 100000 1 24
36 100000 100000 1 23
413 100000 289 1 24
258 516 181 3 24 25 26
112 100000 100000 1 27
123 100000 100000 1 28
211 100000 148 1 30
312 100000 218 1 31
71 142 100000 2 29 31
256 100000 100000 1 31
245 490 172 1 35
248 496 100000 4 32 35 36 37
498 996 100000 3 33 35 36
108 100000 100000 4 34 35 36 37
120 100000 84 3 35 36 37
83 166 58 2 35 36
248 100000 100000 1 35
182 100000 100000 3 35 36 37
114 228 100000 1 38
472 100000 330 3 41 42 43
232 464 100000 2 41 46
88 100000 100000 4 39 40 45 47
