# Converted from 50_223.csv
50
192 100000 100000 0
118 100000 83 0
35 100000 24 0
177 100000 124 0
146 292 102 0
51 100000 100000 1 1
364 728 100000 1 2
40 100000 100000 1 0
337 674 100000 1 1
464 928 100000 1 5
280 100000 196 1 6
147 294 100000 1 7
232 464 162 1 8
129 258 100000 1 8
263 100000 184 1 8
373 746 261 1 8
495 100000 346 1 9
213 100000 100000 1 11
230 100000 100000 1 10
267 100000 100000 1 12
132 100000 92 1 13
607 100000 425 2 13 15
213 100000 100000 1 14
82 100000 57 1 14
82 164 100000 1 18
322 100000 225 1 17
156 100000 109 1 19
202 100000 141 1 16
339 100000 100000 2 20 23
188 100000 100000 1 25
215 430 100000 1 24
154 100000 100000 1 26
67 134 47 1 27
96 100000 100000 1 28
169 338 100000 2 20 27
56 112 100000 1 30
399 798 279 1 29
236 100000 100000 1 31
551 1102 100000 1 32
31 100000 100000 1 33
439 100000 307 1 34
303 100000 100000 1 35
169 338 100000 1 38
81 100000 57 3 27 36 39
221 442 155 2 13 37
114 228 100000 3 3 18 40
66 100000 100000 1 40
408 100000 100000 2 19 40
44 88 100000 1 40
174 348 100000 1 40
