# Converted from 50_204.csv
50
261 522 100000 0
574 1148 402 0
214 100000 100000 0
126 100000 88 0
113 100000 100000 0
431 100000 100000 0
166 332 100000 1 0
386 100000 100000 1 1
153 100000 100000 1 1
125 250 100000 1 4
62 124 43 1 3
226 452 100000 1 4
377 100000 264 1 5
89 178 100000 1 6
168 100000 118 1 7
354 100000 100000 1 9
303 100000 100000 1 10
235 470 164 1 8
128 100000 100000 3 2 3 11
230 100000 161 1 10
319 638 100000 1 10
126 100000 100000 1 13
274 100000 192 1 15
27 54 100000 1 16
146 292 100000 3 2 14 17
130 260 91 2 1 18
150 100000 100000 1 21
231 462 162 1 22
158 100000 100000 2 12 23
358 100000 100000 1 24
206 412 144 1 25
106 100000 74 1 24
127 100000 100000 2 9 25
221 100000 100000 1 26
169 100000 100000 1 27
157 100000 110 1 30
175 100000 122 1 31
141 282 99 1 35
116 100000 81 1 34
225 100000 158 1 33
154 308 100000 1 36
29 58 100000 2 19 36
84 100000 100000 1 36
588 100000 100000 1 37
91 100000 100000 1 38
83 166 58 1 39
317 634 100000 3 5 9 42
42 84 29 2 3 40
174 100000 100000 1 42
85 100000 59 4 9 12 29 42
