# Converted from 50_22.csv
50
324 100000 227 0
24 48 100000 0
24 100000 17 0
47 100000 33 0
277 100000 100000 0
149 298 100000 0
143 286 100000 0
157 100000 100000 5 0 1 2 3 4
209 418 100000 1 5
143 286 100000 1 6
210 100000 147 1 6
53 100000 100000 1 6
67 100000 100000 1 6
135 270 100000 1 6
146 292 100000 1 7
72 144 50 1 7
130 100000 91 1 7
133 266 93 1 7
262 100000 183 1 7
87 174 100000 1 7
63 100000 100000 1 8
116 100000 100000 1 9
238 100000 167 1 19
78 156 100000 1 17
140 100000 98 1 21
208 100000 100000 1 21
120 240 84 1 20
125 100000 88 1 22
184 368 129 1 23
200 100000 140 1 22
207 100000 145 1 24
265 100000 100000 1 24
179 358 100000 1 22
148 100000 100000 1 22
99 100000 69 1 27
35 70 24 1 28
178 356 100000 1 29
65 130 100000 1 33
64 100000 100000 1 31
191 100000 134 1 30
141 100000 100000 1 31
66 100000 100000 1 34
63 100000 44 2 35 36
105 210 100000 1 38
25 100000 100000 1 39
116 100000 100000 1 40
149 298 100000 1 37
127 254 100000 1 41
125 100000 100000 1 45
214 100000 150 1 44
