# Converted from 50_251.csv
50
590 1180 413 0
691 100000 484 0
443 886 100000 0
573 1146 100000 0
385 770 100000 1 0
449 898 100000 1 2
513 1026 359 1 2
446 100000 100000 1 1
621 1242 435 1 3
586 100000 100000 1 3
515 1030 360 1 8
395 100000 276 1 4
276 100000 193 1 5
537 100000 376 1 6
328 100000 100000 2 7 8
522 1044 365 2 2 8
587 1174 100000 3 2 8 9
510 100000 357 1 10
441 100000 100000 1 11
377 100000 100000 5 12 13 14 15 16
400 100000 100000 3 14 15 16
385 770 100000 1 17
604 100000 100000 1 18
293 586 100000 2 19 20
558 100000 100000 2 19 20
525 1050 100000 1 22
421 100000 295 4 14 15 16 21
340 100000 100000 2 23 24
534 100000 100000 1 24
632 100000 100000 2 23 24
279 558 195 2 25 27
662 100000 463 2 27 29
407 814 285 2 27 29
541 100000 379 2 28 29
412 824 288 1 30
565 100000 100000 5 26 30 31 32 33
507 100000 355 2 30 31
701 1402 100000 4 30 31 32 33
477 100000 100000 4 28 30 31 32
275 100000 100000 1 34
506 100000 354 2 26 37
649 100000 454 1 38
485 970 100000 1 40
380 760 100000 1 41
421 100000 295 2 29 39
646 100000 100000 1 41
566 1132 100000 1 42
482 100000 100000 1 43
683 100000 100000 2 31 44
471 100000 100000 3 26 38 44
