# Converted from 50_248.csv
50
55 100000 38 0
254 100000 178 0
72 100000 50 1 0
101 100000 100000 2 0 1
240 480 100000 2 0 1
203 100000 142 1 2
74 148 52 2 3 4
34 100000 24 2 3 4
249 100000 174 1 6
60 100000 100000 3 5 6 7
197 394 100000 2 6 7
235 100000 100000 2 6 7
216 432 151 1 9
183 366 100000 1 8
28 56 100000 1 9
161 100000 113 3 9 10 11
346 100000 100000 3 9 10 11
162 100000 100000 3 9 10 11
171 100000 100000 2 9 10
99 100000 100000 1 12
24 48 17 1 14
163 100000 114 3 13 15 17
141 100000 99 3 15 16 18
166 332 116 3 15 16 17
152 304 100000 3 16 17 18
292 584 100000 1 20
63 100000 44 3 19 22 24
87 174 100000 1 22
141 100000 99 2 21 22
47 94 33 2 23 24
89 178 100000 1 25
67 134 100000 1 27
284 568 100000 3 26 27 28
95 100000 100000 1 27
85 100000 59 3 26 28 29
113 100000 100000 2 22 29
76 100000 53 1 30
39 78 100000 1 32
76 100000 100000 1 31
131 262 100000 1 32
117 100000 100000 3 32 34 35
204 100000 100000 1 40
93 100000 100000 1 36
38 100000 100000 1 37
229 100000 100000 1 39
21 100000 15 2 35 38
31 62 100000 1 41
67 100000 100000 1 42
45 90 100000 4 33 43 44 45
215 430 150 3 32 34 45
