# Converted from 50_208.csv
50
38 100000 100000 0
148 296 104 0
300 100000 100000 0
418 100000 293 0
222 100000 100000 1 0
487 974 100000 1 1
153 306 100000 1 2
97 100000 68 1 2
131 100000 92 1 3
174 348 122 1 3
447 894 313 1 2
494 100000 100000 1 3
429 100000 100000 1 3
563 100000 100000 1 5
96 100000 100000 1 9
246 100000 100000 1 6
469 100000 100000 1 7
240 480 100000 1 8
217 100000 152 1 9
564 100000 100000 1 4
437 874 306 1 10
110 100000 100000 2 2 12
312 100000 100000 1 13
168 336 118 1 14
96 192 67 1 16
117 100000 100000 1 15
52 104 100000 1 18
248 100000 100000 2 2 17
107 214 100000 1 20
434 868 304 1 24
167 100000 117 1 26
562 100000 100000 3 22 23 25
483 100000 100000 3 19 27 28
430 860 301 1 27
116 232 100000 2 11 27
115 230 80 1 29
177 100000 100000 1 30
26 100000 18 3 10 31 34
225 100000 158 2 11 32
245 100000 100000 1 34
148 296 100000 1 32
255 510 178 1 33
232 464 162 1 36
127 100000 100000 1 35
504 100000 100000 1 39
185 100000 130 1 39
234 100000 100000 1 42
127 254 100000 3 38 41 43
116 100000 81 2 20 45
147 294 100000 2 28 45
