# Converted from 50_24.csv
50
147 100000 103 0
62 124 43 0
96 100000 100000 0
105 100000 100000 0
60 120 100000 1 1
163 326 114 1 3
92 100000 100000 1 0
26 52 18 1 2
107 100000 100000 1 3
102 100000 100000 1 3
119 100000 100000 1 6
48 96 100000 1 7
223 100000 156 1 5
53 100000 100000 1 8
214 100000 150 1 5
125 100000 100000 1 5
144 100000 100000 1 7
138 100000 97 1 7
69 100000 100000 1 17
91 100000 64 1 12
37 100000 100000 1 13
264 100000 100000 1 15
34 68 24 1 16
267 100000 187 1 16
62 124 100000 1 17
21 42 100000 1 16
115 230 100000 4 4 10 11 18
122 100000 100000 1 20
366 732 256 1 21
75 100000 52 1 21
93 100000 65 1 19
264 528 185 1 23
117 100000 100000 1 26
45 100000 31 1 26
147 294 100000 1 26
102 204 100000 1 26
233 100000 100000 1 28
131 100000 100000 1 29
26 100000 100000 1 27
209 418 100000 1 31
54 100000 38 1 37
80 100000 100000 2 16 36
165 330 100000 1 35
252 100000 176 1 32
92 184 64 1 32
153 306 100000 1 35
178 100000 100000 1 40
173 346 121 1 41
159 318 100000 1 41
144 288 101 1 43
