# Converted from 50_250.csv
50
90 100000 100000 0
239 478 100000 0
160 100000 112 0
105 100000 100000 0
126 100000 100000 1 0
184 368 129 1 0
193 386 135 1 0
136 272 100000 3 1 2 3
128 256 100000 1 4
29 100000 100000 1 7
58 100000 100000 1 5
162 324 100000 1 6
125 100000 100000 2 0 7
152 304 100000 2 0 7
81 162 100000 1 9
127 100000 100000 1 10
53 106 100000 4 8 11 12 13
275 100000 192 2 12 13
317 100000 100000 3 14 16 17
177 100000 124 3 15 16 17
138 276 100000 2 16 17
267 534 187 2 16 17
88 100000 100000 2 16 17
100 200 70 2 16 17
94 100000 100000 1 22
242 100000 169 1 19
75 100000 52 2 19 20
87 100000 100000 1 24
198 100000 100000 1 25
142 100000 100000 3 20 23 25
124 100000 100000 2 23 24
192 100000 100000 1 27
259 100000 100000 1 28
66 132 100000 1 29
133 100000 93 2 29 30
224 100000 157 3 21 26 29
148 100000 104 4 21 26 29 30
97 100000 100000 2 26 30
157 314 100000 1 34
102 100000 71 1 35
156 312 100000 1 33
69 100000 48 3 31 32 35
43 86 100000 2 34 37
177 100000 100000 1 38
74 148 52 1 39
97 194 68 1 40
160 100000 112 1 41
58 116 41 3 18 34 41
83 100000 58 1 46
53 106 37 3 43 44 45
