# Converted from 50_259.csv
50
462 924 100000 0
574 100000 100000 0
443 886 310 0
622 1244 100000 0
672 1344 470 1 0
510 100000 357 1 1
374 100000 262 1 1
622 1244 100000 1 2
502 1004 100000 3 1 2 3
507 1014 355 3 1 2 3
412 824 288 1 5
600 100000 420 1 6
636 100000 100000 1 7
254 508 178 3 4 8 9
645 1290 451 2 8 9
543 100000 100000 2 8 9
618 100000 100000 1 10
365 100000 255 1 11
565 1130 100000 1 14
485 970 100000 1 12
608 100000 100000 3 13 14 15
640 100000 100000 1 16
280 100000 196 1 17
347 694 243 1 18
599 1198 100000 1 19
484 100000 100000 1 20
426 100000 298 1 20
679 1358 475 1 21
552 1104 100000 1 25
393 786 100000 4 22 23 25 26
442 884 100000 3 24 25 26
356 100000 100000 2 25 26
243 100000 100000 2 25 26
522 100000 100000 2 25 26
666 100000 466 1 28
626 100000 100000 6 27 29 30 31 32 33
397 100000 100000 5 29 30 31 32 33
818 100000 100000 1 35
509 100000 100000 1 36
661 1322 100000 3 34 35 36
589 100000 412 1 38
542 100000 100000 1 37
341 682 239 2 35 38
412 100000 288 2 38 39
439 100000 307 1 40
502 100000 100000 2 41 42
490 100000 100000 1 42
623 100000 100000 1 44
662 100000 100000 3 39 45 46
462 100000 323 3 39 45 46
