# Converted from 50_215.csv
50
508 100000 100000 0
25 100000 100000 0
116 232 81 0
486 972 100000 0
142 100000 100000 0
275 550 100000 0
502 100000 100000 1 0
113 100000 100000 1 1
272 100000 100000 2 2 4
202 100000 141 1 5
67 134 100000 1 6
117 100000 82 1 8
108 100000 100000 1 8
141 100000 100000 1 7
263 526 100000 1 9
38 100000 100000 1 9
36 100000 100000 1 9
230 100000 100000 1 9
105 210 74 1 14
105 100000 100000 1 10
204 100000 143 1 13
169 100000 100000 1 11
43 100000 30 1 14
42 84 29 1 12
373 100000 100000 4 3 14 15 16
174 100000 122 1 15
252 100000 176 1 18
287 574 201 1 20
75 100000 100000 1 22
551 1102 386 3 19 21 23
118 236 100000 1 24
256 512 179 1 25
45 90 100000 1 25
416 100000 100000 1 25
517 1034 362 1 30
295 590 206 1 28
138 276 100000 1 26
122 244 85 1 27
192 384 100000 1 31
110 100000 77 2 16 29
220 440 154 1 30
247 100000 100000 1 34
81 100000 100000 1 35
228 100000 160 3 36 37 39
222 444 155 2 25 36
119 238 100000 2 3 36
110 100000 100000 1 41
228 100000 160 1 42
126 100000 100000 1 44
406 100000 100000 3 8 32 45
