# Converted from 50_279.csv
50
111 222 78 0
107 100000 100000 0
277 100000 100000 0
32 100000 22 0
28 100000 100000 1 0
195 390 136 2 2 3
321 642 225 2 0 2
479 100000 335 1 2
111 222 78 1 1
33 100000 100000 1 5
131 262 92 1 4
22 100000 100000 1 5
102 204 100000 3 5 7 8
503 100000 100000 2 7 8
304 608 213 2 6 8
82 100000 57 1 9
192 100000 100000 1 10
275 100000 100000 1 11
234 100000 100000 3 0 3 13
240 100000 100000 1 18
159 318 111 4 14 15 16 17
88 100000 100000 1 19
210 420 147 2 12 20
225 100000 100000 1 22
123 100000 86 3 6 12 21
523 1046 100000 1 22
110 100000 100000 2 18 22
166 100000 116 1 22
190 100000 100000 1 23
251 502 176 1 27
165 100000 100000 2 26 27
276 100000 193 2 18 25
72 100000 50 1 29
74 100000 100000 1 28
380 760 100000 3 24 29 31
104 208 100000 1 31
378 756 100000 1 29
41 100000 100000 2 30 31
340 100000 238 2 25 29
465 100000 100000 1 32
208 100000 100000 1 34
95 190 100000 1 34
89 100000 62 1 34
513 100000 359 1 33
166 332 100000 2 30 36
161 100000 100000 1 40
588 1176 100000 1 41
77 154 100000 1 42
92 184 100000 1 43
196 392 137 2 37 39
