# Converted from 50_205.csv
50
130 260 100000 0
37 100000 26 0
208 100000 100000 0
597 100000 100000 0
217 434 152 0
202 100000 100000 1 2
160 320 100000 1 0
115 100000 80 1 1
180 100000 126 1 2
51 102 100000 1 4
64 128 100000 1 4
20 100000 100000 1 3
28 100000 100000 1 3
62 124 100000 1 5
134 100000 100000 2 6 7
168 336 100000 1 10
292 100000 100000 1 10
317 100000 100000 1 8
496 992 347 1 13
136 272 100000 1 14
428 856 100000 1 14
112 224 78 2 3 16
496 100000 100000 1 17
286 100000 200 2 15 17
246 100000 100000 1 18
605 100000 100000 1 19
352 704 246 1 20
503 100000 352 1 21
476 100000 333 1 21
587 100000 100000 1 23
264 528 185 1 22
90 180 100000 1 25
47 94 100000 1 29
46 92 32 1 26
152 304 100000 1 27
269 100000 100000 1 28
104 100000 73 1 29
164 100000 100000 1 24
229 458 160 1 32
462 924 323 1 34
274 100000 192 1 36
266 100000 100000 3 31 33 35
498 100000 100000 1 37
280 100000 100000 1 40
148 100000 104 1 38
45 90 31 1 39
43 100000 30 1 42
259 100000 100000 1 41
478 100000 100000 1 42
193 100000 135 1 42
