# Converted from 50_209.csv
50
195 100000 100000 0
58 100000 100000 0
102 204 100000 0
157 314 110 0
166 332 116 0
170 100000 119 0
95 100000 66 0
102 100000 100000 0
191 382 134 1 0
117 100000 82 1 3
521 100000 365 1 1
526 1052 100000 1 2
459 100000 100000 1 6
204 100000 100000 1 3
206 100000 100000 1 6
155 100000 108 1 9
370 100000 100000 1 8
195 100000 100000 1 10
346 692 100000 2 11 14
396 100000 100000 1 12
174 348 122 1 14
170 100000 119 2 4 12
168 100000 118 1 15
170 100000 119 1 16
50 100000 100000 1 17
269 538 188 1 18
61 100000 43 1 21
267 534 100000 1 22
114 100000 100000 2 23 24
47 94 100000 3 5 25 26
253 100000 100000 2 12 25
377 754 264 1 26
67 134 100000 1 27
103 100000 72 1 28
308 100000 100000 2 19 31
161 100000 100000 1 34
99 198 100000 1 32
122 100000 85 1 33
154 308 100000 1 34
190 380 133 2 29 34
256 100000 100000 1 34
162 324 100000 1 34
91 182 64 2 18 34
477 100000 100000 1 34
72 144 100000 1 34
249 100000 100000 1 35
37 100000 100000 2 36 37
78 156 100000 1 43
110 220 100000 2 38 40
542 100000 379 1 40
