# Converted from 50_291.csv
50
489 978 342 0
54 100000 100000 0
38 76 100000 0
539 100000 100000 0
195 390 100000 1 1
401 100000 100000 1 2
506 1012 100000 1 0
30 60 100000 3 1 2 3
222 100000 155 1 7
314 100000 220 1 6
155 100000 100000 1 4
107 214 75 1 5
88 100000 100000 1 7
331 662 100000 1 7
275 100000 192 1 7
249 100000 100000 1 8
131 100000 100000 1 9
150 100000 100000 4 10 12 13 14
274 548 192 4 11 12 13 14
355 710 100000 1 16
183 366 100000 2 17 18
256 512 100000 3 15 17 18
397 100000 100000 1 20
108 100000 100000 3 19 20 21
21 100000 15 2 20 21
257 100000 100000 2 20 21
198 100000 139 2 20 21
114 228 80 1 22
494 100000 346 1 23
85 100000 100000 3 24 25 26
260 520 100000 2 24 25
284 100000 199 1 27
446 100000 100000 1 28
274 548 192 2 29 30
529 100000 100000 2 29 30
89 178 100000 2 23 29
45 100000 100000 1 33
368 736 258 1 31
262 100000 100000 1 32
174 348 122 2 33 34
243 100000 100000 2 33 34
109 100000 76 3 33 34 35
221 100000 155 1 36
76 100000 100000 1 39
231 100000 162 3 37 40 41
265 530 100000 3 35 38 40
115 100000 80 3 35 39 40
21 42 15 2 23 40
57 114 100000 1 43
184 100000 129 1 42
