# Converted from 50_277.csv
50
96 100000 100000 0
196 392 100000 0
212 100000 100000 0
389 778 272 0
80 160 56 1 0
504 1008 353 1 2
85 100000 100000 1 1
28 56 100000 1 3
465 100000 100000 1 3
247 100000 100000 2 2 3
43 100000 100000 1 4
237 100000 166 1 5
65 130 46 1 6
279 100000 100000 1 7
251 100000 100000 3 7 8 9
59 100000 100000 3 7 8 9
83 100000 100000 3 7 8 9
156 100000 109 1 12
32 100000 22 1 13
284 100000 100000 1 10
157 100000 110 4 11 14 15 16
363 726 100000 3 14 15 16
83 100000 100000 1 18
210 100000 100000 1 19
582 1164 100000 3 17 20 21
149 298 100000 2 20 21
502 100000 351 2 20 21
54 108 100000 1 25
218 100000 153 1 23
415 100000 290 4 22 24 25 26
545 100000 100000 3 24 25 26
92 100000 100000 1 29
523 1046 100000 1 27
84 100000 59 3 28 29 30
63 100000 100000 1 29
173 346 100000 1 29
344 100000 241 1 31
394 788 100000 3 32 34 35
322 644 225 1 33
498 100000 349 1 36
310 100000 217 2 30 37
164 100000 115 2 34 38
504 1008 100000 2 37 38
571 1142 100000 1 39
105 210 100000 1 40
182 100000 100000 2 38 40
34 68 100000 2 41 42
108 100000 76 2 41 42
528 1056 370 1 44
114 228 80 3 41 43 45
