# Converted from 50_262.csv
50
273 546 100000 0
516 1032 361 0
628 1256 100000 0
453 100000 317 0
546 100000 100000 0
521 1042 365 1 0
524 1048 100000 1 1
433 100000 303 4 0 2 3 4
647 100000 100000 4 0 2 3 4
400 100000 280 1 7
285 570 200 1 8
181 100000 100000 1 5
656 1312 100000 1 6
200 100000 100000 3 1 7 8
486 100000 100000 3 1 7 8
475 100000 100000 3 1 7 8
424 100000 297 3 1 7 8
324 648 100000 3 1 7 8
409 100000 286 1 9
579 100000 405 1 10
605 1210 424 1 13
435 870 100000 1 11
371 100000 260 1 12
563 100000 394 3 13 14 17
598 100000 419 1 20
525 1050 100000 1 21
617 100000 100000 3 18 19 23
589 100000 100000 2 22 23
572 1144 100000 1 23
339 100000 100000 1 25
552 1104 100000 1 24
332 100000 100000 3 16 27 28
298 100000 209 2 27 28
539 100000 100000 1 29
421 100000 295 3 30 31 32
590 100000 100000 2 33 34
612 1224 428 1 35
512 100000 100000 1 35
473 100000 331 2 15 35
491 982 100000 1 36
520 100000 364 1 37
545 1090 382 1 38
591 1182 414 2 26 38
661 1322 100000 2 26 38
488 100000 100000 1 38
520 1040 100000 1 40
486 100000 100000 1 41
717 100000 100000 3 39 42 43
863 100000 100000 3 42 43 44
578 1156 100000 2 42 43
