# Converted from 50_239.csv
50
207 100000 100000 0
109 100000 76 0
58 100000 100000 1 0
86 100000 60 1 1
187 374 100000 1 1
124 248 100000 1 1
230 460 100000 1 3
41 100000 29 2 4 5
55 100000 100000 3 2 3 5
105 210 74 2 3 5
136 272 100000 1 4
84 100000 100000 2 3 4
93 100000 100000 3 3 4 5
173 100000 121 1 6
230 100000 100000 1 7
204 408 143 5 7 9 10 11 12
68 100000 100000 4 9 10 11 12
256 100000 100000 1 15
211 100000 100000 1 13
83 166 58 1 14
194 100000 136 2 15 16
112 224 78 2 15 16
199 100000 100000 2 15 16
37 74 26 3 8 15 16
126 252 100000 1 17
43 86 30 1 18
208 416 146 5 19 20 21 22 23
107 100000 75 4 20 21 22 23
139 100000 100000 1 26
107 214 100000 1 25
162 324 113 3 24 26 27
89 100000 62 1 28
85 170 59 1 29
86 100000 60 1 30
97 194 100000 1 30
72 100000 50 1 30
41 82 100000 1 30
279 100000 100000 1 30
24 100000 100000 1 34
163 100000 100000 1 32
351 100000 100000 1 33
28 56 100000 1 34
114 100000 100000 4 31 34 35 36
297 100000 100000 1 38
108 216 100000 1 41
280 100000 100000 5 34 35 36 39 40
105 100000 74 4 35 36 43 44
90 100000 63 1 45
257 100000 100000 1 45
196 392 100000 2 42 45
