# Converted from 50_229.csv
50
93 186 100000 0
83 100000 58 0
180 100000 100000 1 0
94 188 100000 2 0 1
77 100000 100000 2 0 1
182 100000 127 2 0 1
66 132 100000 2 0 1
105 100000 100000 1 2
60 100000 100000 1 3
73 100000 51 4 3 4 5 6
61 122 100000 4 3 4 5 6
55 110 100000 4 3 4 5 6
115 100000 100000 1 8
169 338 118 3 7 10 11
43 86 100000 2 10 11
43 86 30 1 12
58 100000 100000 2 13 14
84 168 59 2 13 14
41 100000 100000 1 16
55 110 100000 1 16
478 100000 335 1 15
38 100000 27 2 16 17
117 100000 100000 2 16 17
77 100000 100000 1 18
41 82 29 1 19
130 100000 100000 1 21
173 346 121 1 22
151 302 106 3 20 21 22
55 110 38 2 21 22
70 140 100000 1 23
170 100000 100000 1 25
178 100000 125 1 26
66 100000 100000 2 27 28
84 100000 59 2 27 28
33 100000 23 3 24 27 28
101 100000 100000 1 32
365 100000 100000 1 33
325 100000 100000 1 29
65 100000 100000 1 30
95 190 66 4 31 32 33 34
23 100000 16 1 35
25 50 100000 1 36
47 100000 100000 1 37
324 100000 227 2 38 39
115 100000 100000 1 39
53 100000 37 1 40
25 50 18 1 42
60 120 100000 2 39 41
115 100000 100000 2 9 44
282 564 100000 2 9 43
