# Converted from 50_263.csv
50
491 100000 344 0
611 100000 428 0
378 756 265 0
443 100000 310 0
612 1224 100000 1 0
657 100000 460 1 1
607 100000 100000 1 2
503 100000 100000 1 3
810 100000 100000 1 2
735 1470 514 1 4
417 100000 100000 1 6
387 774 100000 2 5 8
425 100000 100000 2 7 8
626 100000 100000 1 8
533 1066 100000 1 9
541 100000 379 1 12
385 100000 270 1 10
569 100000 398 3 11 12 13
488 976 342 2 11 13
410 100000 100000 1 15
503 1006 100000 1 16
474 100000 332 1 17
572 100000 400 3 14 17 18
234 100000 164 2 12 18
435 870 304 1 20
662 100000 463 1 23
508 100000 100000 1 21
547 1094 100000 2 19 23
502 100000 100000 2 22 23
530 100000 100000 1 25
503 1006 100000 2 27 28
346 692 100000 3 24 27 28
277 554 100000 2 23 26
438 876 307 2 22 27
581 1162 100000 2 27 28
429 100000 100000 1 29
420 840 294 1 30
501 1002 100000 4 30 31 32 34
399 798 279 1 31
597 100000 100000 3 30 31 33
440 100000 100000 1 35
437 100000 306 1 36
642 1284 449 3 37 38 39
484 100000 100000 1 41
621 100000 100000 2 40 42
577 1154 100000 4 37 38 39 43
662 1324 100000 1 44
279 100000 100000 1 44
644 100000 100000 1 44
693 100000 100000 1 44
