# Converted from 50_201.csv
50
105 210 74 0
31 100000 100000 0
235 100000 100000 0
73 146 51 0
273 100000 100000 0
301 602 211 1 0
254 100000 100000 1 1
296 100000 100000 1 2
187 374 100000 1 3
45 100000 31 1 3
64 100000 100000 1 6
88 176 62 1 7
421 842 295 1 5
231 462 100000 1 9
158 316 100000 1 10
74 100000 100000 1 11
454 100000 318 2 9 12
46 100000 100000 1 13
541 100000 379 1 13
476 100000 100000 1 12
489 978 100000 2 12 13
183 100000 100000 1 16
451 902 316 1 14
521 100000 100000 1 16
84 168 100000 1 17
54 100000 100000 1 15
36 100000 100000 2 9 19
169 338 100000 1 18
167 100000 117 1 20
474 100000 100000 1 21
344 688 241 1 22
335 100000 234 1 23
119 100000 83 1 25
57 114 100000 1 24
511 1022 358 2 8 28
81 100000 100000 1 27
253 100000 100000 1 32
527 100000 369 1 33
240 100000 168 1 30
411 100000 288 1 29
495 100000 100000 1 31
510 100000 100000 2 20 35
125 100000 100000 1 34
256 512 179 1 35
112 224 100000 1 35
160 100000 112 1 38
48 96 34 2 36 37
133 266 100000 1 42
214 428 100000 2 34 39
276 100000 100000 2 40 42
