# Converted from 50_222.csv
50
439 100000 307 0
132 100000 100000 0
558 1116 100000 0
266 100000 186 0
240 480 100000 0
87 100000 100000 0
148 100000 100000 1 0
318 636 223 1 0
196 100000 137 1 1
83 166 100000 1 2
88 100000 100000 1 0
458 916 100000 1 3
149 298 100000 1 6
154 100000 100000 1 7
173 346 100000 1 8
38 100000 27 1 9
299 598 100000 1 10
482 100000 337 1 11
508 100000 100000 1 17
512 100000 358 1 15
70 100000 49 1 16
188 100000 100000 1 12
147 100000 100000 1 13
323 646 226 1 14
439 100000 100000 1 17
271 100000 190 1 18
464 928 100000 1 19
277 100000 194 1 23
318 636 100000 2 22 24
160 100000 100000 2 20 24
423 846 100000 1 22
496 992 100000 1 27
73 100000 51 1 25
278 100000 195 1 28
34 68 100000 1 26
157 314 100000 1 29
530 100000 100000 1 27
194 388 136 1 35
274 100000 100000 1 31
219 100000 153 1 33
438 100000 100000 1 34
149 100000 104 1 32
119 238 100000 3 0 4 36
531 100000 100000 3 21 30 35
98 100000 69 3 21 30 36
275 100000 192 1 37
118 100000 100000 1 38
149 298 104 1 39
484 968 100000 2 22 40
159 318 111 1 44
