# Converted from 50_221.csv
50
485 100000 100000 0
103 206 72 0
176 100000 100000 0
355 100000 100000 0
194 100000 136 0
565 100000 396 0
94 188 100000 0
452 904 316 1 0
464 928 325 1 1
54 100000 100000 1 2
233 466 163 1 1
312 100000 100000 1 4
295 100000 100000 1 10
25 100000 100000 1 7
265 100000 100000 1 10
67 100000 47 1 8
246 100000 172 1 9
329 100000 230 2 0 11
240 100000 168 1 12
191 100000 100000 1 14
264 100000 100000 1 15
353 100000 100000 1 16
157 100000 110 1 13
34 68 100000 2 10 17
178 100000 100000 2 10 17
284 100000 199 1 17
326 652 100000 1 19
33 66 23 1 23
76 152 100000 1 21
228 100000 100000 1 18
78 156 55 1 20
218 436 100000 2 3 24
219 100000 153 1 23
245 490 100000 1 28
112 100000 100000 1 27
301 100000 211 1 31
137 274 100000 2 6 26
470 100000 100000 1 30
302 604 100000 1 33
250 100000 100000 1 34
90 100000 100000 1 35
52 104 100000 1 36
164 328 115 3 2 5 37
144 288 100000 1 37
178 356 125 1 39
299 598 100000 1 41
21 100000 15 3 17 29 38
107 214 100000 2 5 40
217 100000 152 3 22 42 43
142 100000 100000 2 23 43
