# Converted from 50_393.csv
50
292 100000 100000 0
101 100000 71 0
187 100000 131 0
66 132 46 0
194 100000 100000 0
82 164 100000 3 1 2 3
93 100000 100000 1 2
109 218 100000 2 2 3
85 100000 100000 1 3
151 302 100000 2 2 3
179 100000 100000 2 0 3
107 100000 100000 4 5 7 8 10
108 100000 76 2 7 10
69 138 48 3 7 8 10
296 592 207 3 6 7 10
86 100000 100000 2 7 10
176 352 123 4 5 7 9 10
295 590 100000 4 11 14 15 16
199 398 139 2 11 16
143 286 100 3 9 13 15
50 100000 100000 3 5 13 14
150 100000 105 1 13
59 118 41 1 11
172 344 100000 3 8 12 14
98 100000 100000 2 17 20
29 100000 100000 2 14 21
103 100000 100000 2 14 21
225 100000 100000 1 20
302 604 100000 1 24
155 310 108 1 24
61 122 100000 3 17 18 27
185 100000 130 3 17 20 26
208 100000 146 1 31
298 596 100000 1 31
136 100000 100000 3 19 29 30
185 100000 100000 2 25 30
109 100000 76 1 35
41 100000 29 3 22 31 34
94 188 66 1 32
142 100000 100000 3 12 24 33
182 100000 100000 1 35
46 100000 100000 2 27 39
42 100000 100000 2 39 40
132 100000 92 2 38 40
58 116 41 2 35 38
32 64 22 3 33 34 40
47 94 100000 3 22 41 44
305 100000 100000 1 42
44 100000 100000 4 36 43 46 47
78 100000 100000 3 45 46 47
