# Converted from 50_386.csv
50
95 190 100000 0
105 210 100000 0
47 100000 100000 0
100 100000 100000 0
252 504 176 0
97 100000 100000 1 2
146 100000 102 2 1 2
210 100000 147 1 1
86 172 100000 2 2 3
143 100000 100000 2 0 3
65 100000 100000 4 6 7 8 9
151 100000 100000 1 10
103 100000 72 2 4 10
31 100000 22 1 10
114 100000 100000 1 11
108 100000 76 1 11
244 488 100000 1 13
50 100000 100000 2 12 13
154 308 108 2 5 11
48 96 34 1 12
135 100000 100000 1 14
186 100000 130 1 14
117 234 100000 2 17 19
167 100000 100000 1 19
188 100000 132 1 15
32 64 22 3 14 15 16
306 100000 214 1 24
248 100000 100000 2 20 25
76 152 100000 2 17 20
121 242 85 2 5 22
48 100000 100000 2 24 25
94 188 100000 2 5 26
95 100000 66 1 27
252 100000 176 2 20 26
303 100000 100000 3 25 26 29
114 228 100000 4 5 19 20 30
165 330 100000 2 34 35
135 270 100000 3 5 25 33
82 100000 57 2 22 31
24 48 17 3 32 33 35
185 370 100000 2 36 38
225 100000 158 2 27 36
115 230 100000 4 12 30 32 37
143 286 100000 2 18 36
21 100000 100000 1 39
138 100000 97 2 17 39
127 100000 100000 2 22 37
68 100000 100000 1 45
144 288 101 2 37 43
111 100000 100000 2 37 45
