# Converted from 50_388.csv
50
34 68 24 0
89 100000 62 0
107 214 75 0
210 100000 147 0
134 268 100000 0
48 100000 100000 0
97 194 68 0
187 100000 100000 0
65 100000 100000 3 2 3 5
70 100000 100000 1 7
99 100000 100000 2 8 9
244 100000 100000 2 8 9
217 434 100000 1 8
67 100000 47 2 1 8
195 100000 100000 3 4 8 9
143 286 100000 2 11 13
206 412 100000 1 11
185 100000 130 3 4 9 13
156 100000 109 1 15
69 138 100000 1 15
114 100000 100000 1 17
135 270 100000 2 14 16
130 260 91 2 15 16
132 100000 92 3 19 21 22
64 100000 45 3 18 19 20
188 100000 132 2 14 18
134 268 100000 3 10 11 20
254 100000 100000 3 4 18 19
247 100000 173 1 20
77 100000 100000 2 14 18
120 240 100000 4 16 25 26 28
113 100000 100000 1 23
123 100000 100000 4 12 23 24 28
264 100000 100000 3 6 18 31
106 212 100000 1 32
36 72 100000 3 6 27 32
141 282 100000 3 27 31 32
66 100000 46 1 30
26 52 18 3 29 35 37
70 100000 49 1 34
225 100000 100000 2 35 36
173 100000 121 3 26 31 34
59 118 41 2 0 36
223 100000 100000 2 39 41
54 100000 38 2 10 39
96 192 100000 1 43
70 100000 100000 1 43
133 266 93 2 26 44
147 100000 100000 1 44
265 530 100000 1 43
