# Converted from 50_383.csv
50
31 62 100000 0
259 100000 181 0
100 100000 100000 0
212 100000 100000 0
73 146 51 0
63 100000 100000 1 4
176 352 123 3 0 2 4
137 274 100000 2 0 4
123 100000 100000 1 3
43 86 30 1 3
123 246 100000 3 6 7 9
229 458 160 2 7 9
27 54 100000 2 2 8
173 100000 100000 2 5 8
62 100000 43 1 7
123 246 86 1 10
49 100000 100000 3 10 11 12
121 100000 100000 1 11
131 100000 100000 2 9 13
217 434 100000 2 17 18
42 100000 29 3 16 17 18
27 100000 100000 3 10 13 17
162 100000 113 1 21
253 100000 100000 1 21
57 100000 100000 1 20
102 204 71 2 15 21
136 100000 100000 1 24
239 478 100000 2 15 24
181 100000 100000 1 25
79 158 55 3 15 21 24
249 100000 174 3 16 23 25
138 100000 100000 3 27 29 30
166 332 116 1 28
188 100000 132 3 14 16 28
63 126 44 1 31
156 312 109 2 12 32
59 100000 100000 2 31 32
202 404 100000 2 28 31
45 100000 31 1 33
54 100000 100000 1 32
135 270 100000 1 31
48 100000 100000 2 19 35
27 54 100000 1 40
155 100000 108 1 36
244 100000 100000 1 39
193 100000 135 3 22 32 40
117 234 100000 1 36
68 100000 100000 3 19 42 44
72 100000 100000 3 19 36 42
234 100000 164 2 39 43
