# Converted from 50_363.csv
50
29 58 100000 0
522 100000 365 0
197 100000 138 0
206 412 100000 1 2
73 100000 100000 1 0
558 100000 391 1 1
109 100000 100000 1 2
87 100000 61 1 2
109 218 100000 1 2
324 100000 100000 1 5
70 100000 100000 1 4
29 100000 100000 1 3
50 100000 35 1 4
231 100000 100000 1 6
333 100000 100000 1 4
55 110 100000 1 4
220 100000 154 1 5
210 420 100000 1 4
355 710 100000 1 6
260 520 182 1 18
462 100000 100000 1 14
124 100000 87 1 18
235 100000 164 3 13 14 18
124 100000 100000 1 13
485 970 340 2 7 13
35 70 24 1 23
214 428 150 1 23
512 1024 358 1 23
118 100000 83 2 19 21
104 208 100000 2 16 21
239 478 100000 1 19
514 100000 100000 1 21
202 100000 100000 3 8 12 30
224 448 100000 1 28
177 100000 100000 1 31
221 442 100000 1 30
156 312 109 2 17 25
414 100000 290 1 28
575 100000 100000 1 25
99 100000 100000 2 14 33
36 72 100000 3 27 30 34
118 236 83 2 32 33
84 100000 100000 2 3 35
595 100000 100000 3 22 31 32
57 114 100000 1 33
22 100000 100000 3 8 10 35
115 100000 80 2 14 33
521 1042 365 1 44
62 100000 43 3 14 38 44
129 100000 100000 1 45
