# Converted from 50_333.csv
50
578 1156 100000 0
437 100000 100000 0
303 100000 100000 0
596 100000 100000 0
456 912 100000 0
453 906 317 1 1
522 100000 100000 1 3
406 100000 284 1 2
683 100000 478 1 2
428 856 300 1 4
433 100000 100000 1 8
594 100000 100000 1 6
446 100000 312 1 9
341 682 239 1 7
674 1348 100000 1 6
437 100000 100000 1 8
398 796 279 1 6
669 100000 468 1 14
482 964 100000 1 15
630 1260 441 1 16
682 1364 100000 1 11
487 100000 100000 1 11
567 100000 397 2 1 13
616 100000 100000 1 16
401 100000 100000 1 22
493 100000 345 1 22
471 100000 330 2 9 23
481 962 100000 1 20
574 100000 100000 1 19
392 784 100000 1 22
361 722 253 2 5 27
441 100000 100000 1 28
355 710 248 1 26
411 100000 100000 1 27
491 100000 100000 1 24
526 1052 368 1 24
495 990 346 1 26
592 1184 414 1 31
530 100000 371 1 30
707 100000 495 1 31
578 100000 100000 1 32
522 100000 100000 2 16 33
581 100000 100000 1 30
576 1152 100000 3 10 15 38
360 720 100000 4 13 18 26 39
428 100000 300 2 25 37
411 822 100000 1 41
399 100000 100000 2 34 39
696 100000 100000 1 39
353 100000 100000 2 32 37
