# Converted from 50_304.csv
50
187 100000 100000 0
117 100000 82 0
89 178 100000 0
37 74 100000 0
179 100000 100000 0
378 756 100000 0
189 378 100000 1 3
185 100000 130 2 1 2
58 100000 100000 1 2
90 100000 100000 1 2
54 100000 100000 1 5
210 100000 147 1 9
79 158 55 1 8
27 100000 100000 1 10
64 128 100000 1 8
134 268 94 1 8
147 100000 103 1 6
61 122 100000 2 4 13
175 350 100000 1 12
202 100000 141 1 13
166 100000 100000 1 15
163 326 100000 1 11
203 100000 142 1 12
240 480 100000 1 17
180 100000 100000 1 19
134 100000 94 1 17
222 444 100000 1 20
34 100000 24 1 18
147 294 103 1 22
85 170 100000 2 9 23
91 100000 100000 1 25
139 100000 100000 2 1 24
170 340 100000 3 3 14 25
37 100000 26 1 26
64 100000 45 1 26
228 100000 100000 1 26
249 100000 174 1 34
70 100000 100000 1 29
94 100000 66 2 7 32
202 404 100000 1 29
70 140 49 3 0 2 30
75 100000 52 2 1 29
199 100000 100000 1 31
66 100000 46 2 16 30
62 100000 100000 2 28 36
56 100000 100000 1 39
152 100000 106 1 38
162 324 100000 1 36
239 478 167 2 18 43
117 234 100000 1 38
