# Converted from 50_322.csv
50
216 432 100000 0
222 100000 100000 0
67 134 100000 0
149 100000 104 0
130 260 91 0
202 100000 100000 0
96 192 100000 0
133 100000 100000 1 2
81 100000 100000 1 3
170 340 100000 1 6
127 100000 100000 1 5
156 100000 109 1 5
158 100000 100000 1 2
77 100000 54 1 4
161 322 100000 1 4
109 100000 76 1 11
37 100000 26 1 14
112 224 78 1 14
314 100000 220 1 14
116 232 100000 2 7 8
125 250 100000 2 13 15
116 232 100000 1 15
300 100000 210 1 19
110 100000 77 1 18
82 100000 100000 1 18
53 106 100000 1 19
260 100000 100000 1 20
21 100000 15 1 25
272 100000 100000 1 20
149 100000 100000 1 20
22 100000 15 1 20
161 100000 100000 1 22
183 366 128 1 20
166 100000 100000 1 31
64 128 100000 2 22 30
56 100000 100000 1 30
53 100000 100000 1 30
83 100000 58 2 6 29
168 336 118 1 36
49 98 34 1 37
126 252 88 1 34
43 100000 100000 1 37
83 100000 100000 1 36
166 100000 100000 1 36
122 244 85 1 41
99 100000 69 1 38
52 104 100000 1 41
148 100000 100000 2 18 38
124 248 87 1 38
229 458 100000 1 42
