# Converted from 50_399.csv
50
245 490 172 0
245 490 172 0
61 100000 100000 0
242 484 169 0
132 100000 100000 2 0 1
200 400 140 1 0
51 102 100000 1 0
96 100000 67 2 1 2
192 100000 134 4 4 5 6 7
210 420 100000 4 2 3 5 6
100 100000 100000 1 8
174 100000 100000 1 8
116 100000 100000 1 8
153 306 100000 1 8
67 134 100000 2 12 13
75 100000 52 2 12 13
208 100000 100000 1 11
293 100000 100000 1 16
36 100000 100000 1 16
80 100000 56 1 14
146 292 102 3 9 14 15
137 100000 100000 1 16
235 100000 164 1 20
86 172 100000 3 16 19 20
154 100000 100000 1 21
50 100000 35 2 16 20
55 100000 100000 2 12 17
203 406 100000 2 17 23
44 100000 100000 2 22 24
291 582 100000 1 24
96 100000 67 2 26 29
56 100000 100000 1 27
196 392 100000 1 27
194 100000 100000 2 27 29
64 128 45 1 28
267 534 100000 1 29
80 100000 56 1 28
133 266 93 2 24 31
110 100000 100000 2 33 36
73 100000 100000 2 22 33
69 100000 100000 2 32 34
88 100000 100000 2 30 34
113 226 79 1 34
331 100000 232 2 20 30
175 350 100000 1 30
119 100000 83 2 39 41
127 100000 100000 2 26 37
139 278 100000 2 26 38
24 48 17 3 18 33 44
150 100000 105 1 42
