# Converted from 50_31.csv
50
483 100000 100000 0
412 824 288 0
336 672 100000 0
448 100000 100000 0
710 100000 100000 0
417 834 100000 0
409 100000 286 1 5
540 1080 378 1 5
441 100000 309 1 2
425 850 100000 1 3
386 100000 270 1 4
347 694 243 1 4
499 998 349 1 4
645 100000 451 1 4
510 1020 100000 1 4
670 1340 469 1 10
572 1144 400 1 9
361 100000 100000 1 10
563 1126 100000 1 8
501 100000 351 1 12
421 100000 100000 1 14
439 878 307 1 13
395 100000 100000 5 0 1 6 7 15
582 1164 407 1 17
482 100000 337 1 16
722 100000 100000 1 18
504 100000 100000 1 19
395 100000 276 1 20
551 1102 386 1 22
551 100000 386 1 22
391 100000 100000 1 22
636 100000 100000 1 22
492 100000 100000 1 23
382 100000 100000 1 24
538 100000 377 1 26
581 100000 100000 1 32
486 972 100000 1 29
692 1384 100000 1 29
310 100000 100000 1 31
482 964 100000 1 36
404 808 100000 1 35
516 100000 100000 1 38
778 100000 100000 1 37
440 100000 308 1 36
442 100000 100000 1 37
367 734 100000 1 39
496 100000 100000 1 40
412 824 100000 1 42
404 100000 283 1 44
595 100000 100000 1 42
