# Converted from 50_390.csv
50
213 100000 149 0
60 100000 42 0
154 308 100000 0
155 100000 100000 0
90 100000 100000 0
73 100000 100000 4 0 2 3 4
55 100000 100000 2 0 2
97 194 68 4 0 1 2 3
295 590 100000 3 0 2 4
138 276 100000 2 0 2
151 302 100000 2 0 2
158 100000 111 1 10
174 100000 100000 2 7 10
111 100000 78 3 1 6 9
155 100000 100000 1 6
180 100000 126 1 10
134 100000 94 3 4 11 14
236 100000 165 3 6 11 15
115 100000 80 2 5 12
198 396 139 3 5 11 15
32 64 100000 5 5 6 8 11 15
77 154 54 3 8 17 19
143 286 100000 3 13 14 20
181 362 100000 1 20
87 174 61 1 20
121 242 100000 3 9 15 18
277 100000 100000 2 5 17
33 66 23 1 25
42 100000 29 2 1 21
262 524 100000 3 13 18 23
211 422 148 3 8 19 25
99 100000 69 2 7 24
284 100000 100000 2 27 28
88 100000 100000 5 16 22 25 28 29
121 100000 85 3 16 25 28
199 398 100000 2 28 29
97 194 100000 1 30
39 100000 100000 1 27
176 352 123 4 24 27 30 34
106 100000 100000 2 32 36
119 100000 100000 4 13 27 28 36
23 100000 100000 2 34 40
100 200 100000 3 32 38 40
157 100000 100000 3 23 39 41
172 100000 100000 2 26 42
117 100000 100000 1 42
138 100000 100000 3 33 35 42
115 230 80 4 22 31 35 41
211 100000 148 2 33 47
182 100000 100000 2 39 46
