# Converted from 50_308.csv
50
89 100000 100000 0
26 52 18 0
57 100000 100000 0
216 432 100000 0
109 100000 100000 0
67 134 47 0
90 180 100000 0
22 100000 15 1 1
221 442 100000 1 1
280 100000 196 1 5
236 472 100000 1 0
303 100000 100000 1 4
333 100000 100000 1 3
46 92 100000 1 10
197 100000 100000 1 8
65 100000 46 1 9
21 42 100000 1 11
204 100000 100000 1 8
235 100000 164 1 9
129 100000 100000 2 9 12
51 100000 100000 1 9
217 100000 100000 2 14 19
74 100000 100000 1 18
46 100000 32 1 17
143 100000 100000 2 2 23
208 100000 100000 1 23
279 558 100000 2 19 23
152 304 100000 1 25
253 100000 177 1 24
26 52 18 1 26
237 100000 100000 1 25
58 100000 100000 1 25
193 386 135 1 26
136 100000 100000 1 26
122 244 85 2 7 31
303 100000 100000 2 14 31
147 100000 103 1 28
92 100000 64 1 29
63 126 44 1 31
190 380 133 1 28
233 100000 163 1 30
69 100000 48 1 38
72 144 100000 1 39
134 268 94 3 6 24 37
100 200 70 2 12 38
188 100000 100000 1 38
48 96 100000 1 37
132 100000 100000 2 33 34
88 100000 62 1 38
67 134 100000 1 39
