# Converted from 50_391.csv
50
237 474 166 0
61 100000 100000 0
64 100000 100000 0
99 100000 69 0
113 100000 79 0
151 302 106 2 1 4
54 108 38 2 1 3
133 100000 100000 2 0 4
116 232 81 1 2
207 414 145 2 0 6
32 64 22 1 5
146 100000 102 1 7
173 100000 100000 2 1 8
32 100000 22 1 5
83 166 100000 3 1 7 8
309 100000 216 1 6
161 100000 100000 2 4 15
157 100000 100000 1 9
200 400 100000 2 9 12
111 100000 100000 1 14
63 126 100000 3 16 17 19
139 100000 97 3 5 16 19
97 100000 68 1 19
234 468 100000 2 13 20
132 100000 100000 2 20 21
137 100000 96 1 20
60 100000 100000 2 20 22
134 268 100000 1 23
316 100000 100000 1 24
39 100000 27 3 11 18 26
61 100000 43 2 23 26
142 284 100000 2 5 26
26 100000 100000 3 13 22 24
68 100000 48 2 13 28
263 526 100000 3 18 30 32
306 100000 100000 2 11 30
151 100000 100000 3 12 27 31
63 100000 100000 2 27 28
222 444 155 3 13 22 28
104 100000 100000 1 36
74 100000 52 2 31 35
243 486 100000 2 30 36
22 100000 100000 2 33 39
265 530 100000 2 34 41
49 98 100000 1 41
213 426 100000 3 10 38 43
24 100000 17 5 10 25 34 38 44
45 90 100000 2 11 43
309 618 100000 4 11 25 43 44
91 100000 100000 2 40 43
