# Converted from 50_359.csv
50
47 94 100000 0
501 100000 100000 0
212 100000 148 0
136 100000 95 0
40 80 28 0
74 148 100000 0
382 764 100000 0
223 446 100000 0
68 100000 48 1 6
209 418 100000 1 1
109 100000 100000 1 1
111 100000 100000 1 6
91 100000 100000 1 11
368 100000 100000 1 9
164 328 115 3 2 9 11
376 752 100000 1 10
308 100000 100000 1 10
388 776 272 1 8
574 100000 402 1 15
455 910 100000 1 17
20 40 14 2 12 17
323 100000 100000 1 13
99 100000 100000 1 13
167 100000 117 1 15
123 246 86 1 12
116 100000 81 1 20
60 100000 100000 1 19
420 100000 100000 1 20
519 100000 100000 1 19
23 100000 100000 2 15 24
112 100000 78 1 19
200 400 100000 1 23
85 100000 59 2 9 26
144 100000 100000 1 29
219 100000 100000 1 31
204 408 100000 1 28
189 100000 132 3 5 28 31
145 100000 100000 3 5 16 28
27 100000 100000 3 5 28 32
132 100000 92 1 35
186 372 130 1 33
205 410 144 1 34
74 148 52 2 14 36
145 290 100000 2 28 40
90 100000 100000 1 41
61 122 100000 1 38
161 100000 100000 1 39
33 100000 100000 2 22 38
40 100000 28 2 14 41
37 74 26 1 40
