# Converted from 50_325.csv
50
53 106 37 0
230 460 161 0
29 58 20 0
54 100000 100000 0
315 630 100000 0
104 100000 73 0
27 100000 100000 0
62 124 43 0
144 100000 100000 1 7
273 546 191 2 0 1
108 216 100000 1 1
174 348 100000 1 0
258 516 181 1 1
153 306 100000 1 12
220 440 100000 1 8
51 100000 100000 1 8
192 100000 100000 1 8
124 100000 100000 1 16
96 100000 67 1 14
235 100000 100000 1 15
176 100000 100000 2 9 15
106 100000 100000 1 16
138 100000 100000 1 13
27 100000 19 1 13
107 214 75 1 15
63 100000 100000 2 22 24
113 100000 100000 1 20
228 456 100000 1 19
107 100000 100000 1 23
99 198 100000 2 11 18
106 100000 74 1 21
119 100000 100000 1 20
156 100000 109 1 27
84 168 100000 2 11 31
138 100000 100000 1 29
97 194 68 2 10 28
38 76 27 2 20 27
184 100000 100000 2 24 27
204 100000 143 1 31
284 100000 100000 1 36
197 394 138 3 17 31 35
217 434 100000 2 3 34
44 100000 31 1 35
82 100000 57 1 33
127 254 100000 1 35
51 100000 36 1 38
246 100000 100000 1 34
91 100000 100000 1 46
170 100000 100000 2 11 39
40 100000 28 1 40
