# Converted from 50_32.csv
50
553 100000 100000 0
521 100000 100000 0
552 1104 100000 0
446 100000 312 0
368 736 258 0
267 100000 187 0
462 100000 100000 1 4
456 912 100000 1 0
304 608 213 1 0
307 614 100000 1 3
541 100000 379 1 2
490 100000 100000 1 2
532 1064 100000 1 11
467 100000 327 1 7
478 100000 100000 1 8
432 864 100000 1 9
595 100000 100000 1 11
376 100000 263 1 9
604 1208 100000 1 10
538 100000 100000 1 10
524 1048 100000 1 13
509 100000 100000 1 15
488 100000 100000 1 14
459 918 321 1 19
271 542 190 1 18
381 100000 100000 1 17
401 100000 100000 1 23
334 668 100000 1 25
639 100000 100000 1 20
379 100000 265 1 21
623 100000 436 1 24
526 100000 368 1 22
624 100000 437 2 9 22
467 100000 100000 1 23
448 896 100000 4 6 12 26 27
549 100000 100000 1 28
607 100000 425 2 1 31
646 100000 452 2 25 29
625 1250 100000 1 30
616 1232 431 1 32
473 100000 331 2 1 31
582 100000 407 1 34
693 100000 100000 1 34
721 1442 505 1 34
419 838 100000 1 34
354 708 248 1 34
540 1080 100000 1 35
435 870 100000 1 40
280 100000 100000 1 46
329 100000 100000 2 32 44
