# Converted from 50_317.csv
50
243 486 170 0
99 198 100000 0
59 100000 100000 0
172 100000 120 0
41 100000 100000 0
155 100000 100000 0
204 100000 143 1 5
160 100000 100000 1 3
136 100000 95 1 4
182 100000 100000 1 2
93 186 100000 1 0
190 100000 133 1 5
102 204 100000 1 5
92 184 100000 1 0
159 318 111 1 6
84 100000 59 1 13
86 100000 60 1 10
181 100000 100000 1 6
120 100000 84 1 8
45 90 100000 1 8
41 82 100000 1 6
324 648 227 1 10
26 100000 18 3 1 6 11
43 86 30 2 7 17
136 100000 95 1 22
159 100000 111 1 17
106 100000 74 1 18
131 262 100000 1 16
21 42 100000 1 18
57 100000 100000 1 28
63 100000 100000 1 23
150 300 100000 2 23 25
112 224 100000 2 30 31
26 100000 100000 1 29
27 54 100000 1 30
233 100000 100000 1 30
112 224 100000 1 31
288 100000 202 2 16 33
44 100000 100000 1 36
91 182 64 1 35
123 100000 86 2 22 32
235 100000 100000 1 36
78 156 100000 1 36
136 100000 100000 2 28 35
157 100000 100000 2 32 33
26 100000 18 1 37
35 70 100000 2 40 41
121 242 100000 1 41
177 100000 100000 1 38
49 100000 34 1 39
