# Converted from 50_373.csv
50
226 100000 100000 0
132 100000 100000 0
117 100000 82 0
25 50 100000 0
317 634 222 0
53 100000 100000 0
86 100000 100000 1 2
320 100000 100000 1 5
223 100000 100000 1 1
107 214 75 1 3
92 100000 100000 1 4
255 510 100000 1 3
74 100000 52 1 1
518 100000 100000 1 4
219 438 100000 1 12
295 100000 206 1 7
252 504 176 1 7
303 100000 100000 1 13
190 100000 133 1 11
66 100000 100000 1 10
410 100000 287 1 12
224 448 157 1 19
72 100000 100000 2 18 19
576 1152 100000 1 15
269 538 188 1 17
57 100000 40 1 19
157 100000 100000 1 19
73 100000 100000 1 20
497 994 348 2 6 19
533 100000 100000 1 24
60 120 100000 1 21
262 100000 183 1 21
106 212 74 1 23
180 360 100000 1 22
178 356 125 3 1 15 25
441 100000 100000 1 23
277 100000 194 2 13 26
145 290 102 2 15 29
276 552 193 1 30
487 974 100000 1 38
195 390 100000 2 0 37
270 540 100000 1 38
277 100000 194 2 23 38
190 100000 100000 4 0 22 23 37
221 100000 155 1 43
90 100000 100000 2 16 43
271 100000 100000 1 40
174 348 100000 2 8 42
112 100000 100000 1 43
544 100000 100000 1 43
