# Converted from 50_385.csv
50
139 100000 97 0
137 100000 96 0
64 100000 100000 0
89 100000 100000 2 1 2
234 100000 100000 3 0 1 2
101 100000 100000 1 2
30 60 100000 2 0 2
30 100000 100000 1 2
144 288 101 2 3 5
96 100000 67 1 3
114 228 100000 3 0 3 7
224 100000 100000 2 3 7
158 100000 100000 1 3
157 314 110 2 1 6
27 100000 19 3 11 12 13
102 100000 100000 2 10 12
208 100000 100000 2 4 11
137 100000 96 2 9 13
73 100000 100000 1 13
41 82 29 3 4 10 14
172 344 120 1 15
125 100000 100000 1 15
255 510 100000 2 16 18
178 356 100000 3 5 10 17
32 64 100000 1 18
166 332 100000 3 16 20 24
82 100000 57 4 14 16 20 24
137 100000 96 2 12 23
107 214 75 2 19 22
131 100000 100000 1 28
36 100000 25 1 26
244 488 100000 2 29 30
126 252 100000 2 22 30
154 100000 100000 4 9 25 29 30
248 496 100000 3 17 29 30
121 100000 100000 3 9 15 29
90 180 100000 2 9 29
257 100000 180 3 9 25 31
40 100000 28 1 33
186 372 100000 2 32 34
57 100000 40 1 33
159 100000 100000 3 23 34 35
286 572 200 2 31 32
46 100000 32 2 38 40
118 236 100000 3 8 39 43
184 100000 129 1 43
226 100000 158 1 43
120 100000 100000 2 5 43
99 198 100000 4 21 27 42 43
297 594 100000 3 5 37 43
