# Converted from 50_320.csv
50
288 100000 100000 0
108 100000 100000 0
149 100000 104 0
174 348 122 0
69 100000 48 0
88 100000 100000 0
140 100000 100000 0
152 304 106 0
128 256 90 1 6
193 100000 135 1 6
109 218 100000 1 5
71 142 100000 1 2
208 100000 146 1 5
117 100000 100000 1 10
348 696 100000 1 12
158 100000 100000 1 9
243 486 170 1 9
124 100000 87 1 8
87 100000 61 1 13
213 426 149 1 13
62 124 100000 1 17
130 100000 91 1 15
192 384 100000 1 14
189 378 132 1 18
262 100000 100000 1 22
76 100000 100000 1 21
169 100000 100000 1 22
79 100000 55 1 21
76 100000 100000 1 22
136 272 95 1 21
147 100000 100000 1 22
93 100000 100000 2 22 29
24 48 100000 2 1 25
250 100000 100000 3 11 22 27
73 146 51 2 22 27
250 500 175 2 28 29
243 100000 100000 1 30
155 100000 100000 1 33
101 202 100000 1 35
118 236 100000 2 2 36
130 260 100000 1 35
78 100000 55 1 35
24 100000 100000 1 36
67 134 47 2 29 32
193 100000 100000 1 40
279 100000 100000 1 42
164 100000 100000 1 37
73 100000 100000 1 40
123 246 86 1 41
77 100000 100000 2 16 41
