# Converted from 50_370.csv
50
163 100000 114 0
201 100000 141 0
165 330 100000 0
390 780 100000 1 2
501 1002 351 1 0
81 162 100000 1 2
135 100000 100000 1 1
93 100000 100000 1 2
371 100000 260 1 2
198 396 139 1 2
114 228 80 1 2
321 100000 225 1 6
514 1028 360 1 10
215 430 100000 2 3 7
182 364 127 1 7
474 100000 100000 1 3
26 52 100000 1 15
182 100000 127 2 12 14
243 486 100000 2 0 15
164 328 100000 1 12
290 580 100000 1 13
244 100000 171 1 15
60 100000 100000 1 15
116 232 100000 1 11
174 100000 100000 1 15
492 100000 344 1 23
34 100000 100000 1 17
297 100000 208 2 16 21
270 540 189 2 10 18
212 424 100000 1 24
21 100000 100000 1 18
108 216 100000 1 22
516 100000 100000 1 22
359 100000 251 3 4 13 29
261 522 100000 1 28
161 100000 113 1 30
102 100000 100000 2 20 25
90 180 63 3 0 9 29
67 100000 100000 2 4 28
152 100000 106 1 28
184 100000 100000 2 13 29
229 100000 100000 1 40
541 1082 100000 2 17 34
214 100000 100000 1 33
30 100000 21 1 34
301 100000 100000 1 39
101 100000 100000 2 16 36
182 100000 100000 1 43
411 100000 288 1 43
280 100000 100000 1 44
