# Converted from 50_355.csv
50
84 100000 100000 0
59 118 41 0
189 100000 132 0
118 100000 100000 0
503 1006 100000 0
134 100000 94 0
100 100000 100000 0
65 130 46 0
253 506 100000 1 1
115 230 80 1 1
476 100000 333 1 7
169 338 118 1 3
117 234 82 1 0
312 624 100000 1 4
95 190 100000 1 3
186 100000 100000 1 13
548 1096 100000 2 11 13
61 100000 100000 1 8
527 100000 369 1 12
52 104 100000 1 13
157 314 100000 1 14
63 100000 100000 2 6 9
215 100000 150 2 1 13
293 100000 100000 1 11
471 100000 330 1 10
128 256 90 1 14
126 100000 100000 1 20
33 66 100000 1 25
180 100000 100000 1 23
222 444 100000 1 23
159 318 100000 1 23
180 100000 126 1 26
403 100000 100000 2 28 29
146 100000 102 1 27
142 100000 100000 2 27 30
77 100000 54 1 34
446 100000 100000 3 9 29 34
110 100000 100000 2 31 33
60 120 42 2 19 33
418 100000 293 2 16 32
146 100000 102 1 35
162 100000 100000 1 36
332 100000 100000 3 9 12 38
292 584 204 1 38
178 100000 125 1 43
77 100000 100000 3 8 40 42
117 234 100000 2 16 40
131 262 100000 1 42
58 100000 100000 1 40
520 100000 100000 2 26 42
