# Converted from 50_392.csv
50
189 100000 100000 0
180 100000 100000 0
95 100000 100000 0
281 100000 197 0
115 230 80 2 2 3
322 100000 225 2 2 3
229 100000 160 1 3
108 100000 76 2 1 3
34 100000 100000 1 3
91 100000 64 1 3
134 268 100000 5 4 5 6 7 8
82 164 100000 1 4
114 100000 100000 1 6
107 100000 100000 2 0 5
240 100000 100000 3 9 10 12
240 480 100000 3 9 10 11
105 100000 100000 1 13
46 92 100000 1 10
277 100000 100000 1 11
91 182 100000 2 7 13
153 306 107 1 17
153 100000 107 2 12 17
64 128 100000 3 7 8 18
22 100000 15 3 11 14 20
185 100000 100000 2 20 22
88 100000 62 5 0 9 20 21 22
250 100000 100000 3 0 14 20
233 466 100000 3 0 9 20
205 100000 144 3 23 26 27
209 100000 100000 3 23 24 27
216 100000 100000 2 12 27
237 100000 166 3 11 16 26
61 100000 43 3 13 15 28
278 100000 195 1 31
36 72 25 2 18 28
115 230 100000 1 28
161 100000 113 2 32 35
143 286 100000 3 15 31 35
127 254 100000 1 34
155 310 108 2 18 35
141 282 100000 2 24 33
91 182 64 2 29 34
165 330 100000 1 32
132 100000 100000 2 18 32
87 100000 100000 3 34 36 39
153 306 107 3 19 34 43
155 310 100000 6 15 19 21 30 40 41
52 100000 100000 5 25 30 40 44 45
58 100000 41 2 37 46
213 426 100000 2 45 46
