# Converted from 50_326.csv
50
384 100000 269 0
499 100000 349 0
756 100000 529 0
638 1276 100000 0
745 100000 522 0
574 1148 100000 0
452 100000 316 1 3
560 100000 100000 1 2
289 578 100000 1 3
617 1234 100000 1 2
462 100000 323 1 9
339 100000 237 1 6
458 916 321 1 6
542 100000 100000 1 7
424 100000 100000 1 8
564 1128 100000 1 9
358 100000 100000 1 12
589 1178 412 1 15
574 1148 100000 1 11
535 100000 100000 1 11
509 1018 356 1 15
550 100000 385 1 14
520 100000 100000 2 1 13
615 100000 430 1 16
652 100000 456 1 18
347 100000 243 2 10 21
827 1654 579 1 22
514 100000 100000 1 17
521 100000 365 2 7 19
522 100000 365 3 1 4 20
632 1264 100000 2 12 21
721 100000 100000 1 24
721 1442 100000 1 29
705 100000 100000 2 13 27
556 100000 100000 1 26
612 1224 100000 1 24
426 100000 100000 1 32
636 1272 445 1 32
545 100000 100000 2 4 34
495 100000 100000 2 0 33
397 100000 100000 2 26 33
499 998 100000 1 32
578 100000 100000 1 37
407 814 285 1 39
546 1092 100000 1 37
416 100000 100000 1 38
666 1332 466 1 41
459 918 100000 1 38
291 100000 100000 2 37 40
446 892 100000 1 38
