# Converted from 50_381.csv
50
173 100000 121 0
116 232 81 0
48 100000 100000 0
24 48 17 0
156 100000 100000 0
104 100000 100000 0
154 308 108 2 2 5
181 362 100000 2 2 3
211 100000 100000 1 1
278 100000 100000 1 4
22 44 15 1 0
146 100000 100000 2 6 7
145 290 102 2 5 7
170 340 100000 3 5 7 8
146 292 100000 2 11 13
26 100000 100000 2 6 12
145 100000 100000 2 6 12
265 530 100000 1 12
374 100000 100000 4 14 15 16 17
76 100000 100000 3 9 15 16
95 100000 100000 3 4 15 17
201 100000 141 3 0 9 15
109 100000 76 1 16
72 100000 100000 4 8 19 20 21
124 100000 100000 2 19 21
65 100000 46 4 14 17 21 22
129 258 90 2 0 22
93 186 100000 1 18
244 100000 100000 3 10 11 19
197 100000 100000 1 28
33 100000 100000 2 19 25
260 100000 100000 2 18 28
87 174 100000 2 9 27
165 330 100000 1 23
112 100000 78 2 31 33
65 130 100000 3 26 30 32
113 226 79 3 21 26 31
161 322 100000 3 24 31 33
108 216 76 1 31
224 448 157 2 27 37
114 100000 80 2 36 38
143 100000 100000 2 34 37
59 100000 41 1 36
357 100000 100000 1 39
182 100000 127 1 40
286 100000 200 3 25 36 39
185 370 130 2 34 42
165 100000 115 1 46
145 290 100000 1 44
75 100000 100000 2 35 43
