# Converted from 50_372.csv
50
89 100000 100000 0
76 152 100000 0
147 294 100000 0
290 100000 203 0
95 190 100000 0
94 188 100000 0
124 100000 87 1 5
167 100000 100000 1 1
223 446 156 1 3
238 100000 100000 1 2
242 484 169 1 4
66 100000 100000 1 8
30 100000 100000 1 9
145 290 100000 1 7
195 100000 100000 1 8
121 242 100000 1 6
466 932 326 1 13
33 66 100000 1 13
36 72 25 2 13 15
100 100000 100000 1 14
163 100000 114 1 15
69 100000 100000 1 15
159 318 100000 1 18
106 100000 74 1 18
282 100000 100000 1 19
510 100000 100000 1 18
287 100000 201 1 16
576 100000 100000 2 12 18
281 100000 197 1 19
106 212 74 2 16 17
88 100000 62 1 24
62 124 43 1 25
496 100000 100000 1 22
86 100000 100000 1 29
77 154 54 1 29
116 232 100000 1 29
68 100000 100000 1 29
115 230 100000 1 31
352 100000 100000 1 35
32 100000 22 2 30 36
76 152 53 1 34
508 100000 100000 1 30
246 100000 172 1 40
121 242 100000 1 40
473 100000 331 1 41
346 100000 100000 1 40
168 100000 100000 1 39
556 100000 389 1 37
59 118 100000 1 39
391 100000 274 1 40
