# Converted from 50_352.csv
50
79 158 100000 0
553 100000 100000 0
93 100000 100000 0
206 412 144 0
39 100000 100000 0
206 100000 100000 0
373 100000 100000 0
102 204 71 1 4
120 240 100000 1 2
212 100000 100000 1 4
132 100000 92 1 4
87 174 100000 1 1
227 100000 159 1 5
239 100000 167 1 3
324 100000 100000 1 2
35 70 24 1 12
358 100000 251 1 11
156 312 100000 1 10
353 100000 247 1 11
485 970 340 1 12
228 100000 160 2 6 15
25 100000 100000 2 9 19
97 100000 100000 1 16
125 250 100000 2 2 19
32 64 100000 2 2 18
426 852 100000 1 17
35 100000 24 1 20
510 100000 100000 1 21
274 548 192 1 25
116 232 100000 1 24
412 100000 100000 1 21
489 100000 100000 1 25
73 100000 100000 1 27
230 100000 100000 1 26
276 100000 193 2 4 26
147 100000 100000 1 30
468 936 100000 3 29 33 34
24 100000 17 1 34
27 54 19 2 22 34
97 100000 68 3 16 33 35
257 100000 100000 1 34
152 304 106 2 27 35
306 612 214 1 32
109 218 76 1 40
112 100000 100000 1 40
53 100000 100000 3 9 19 37
41 100000 100000 2 37 42
124 248 100000 1 37
241 100000 169 1 41
78 156 100000 1 40
