# Converted from 50_300.csv
50
186 372 100000 0
106 212 74 0
419 100000 100000 0
472 100000 100000 0
236 472 100000 1 0
312 100000 100000 1 2
176 100000 123 1 1
142 100000 99 1 2
136 272 95 1 2
224 448 157 1 6
222 100000 100000 1 5
551 100000 100000 3 4 7 8
189 378 132 2 7 8
48 100000 34 2 7 8
245 100000 172 3 3 7 8
286 100000 100000 1 9
131 100000 100000 5 10 11 12 13 14
278 100000 195 4 11 12 13 14
225 450 100000 4 11 12 13 14
266 100000 100000 1 15
531 1062 100000 3 16 17 18
51 102 100000 3 16 17 18
49 98 34 1 19
123 246 100000 2 20 21
313 626 100000 2 20 21
327 654 100000 2 20 21
271 100000 100000 1 23
138 100000 97 1 22
126 100000 100000 3 23 24 25
551 100000 386 3 23 24 25
295 100000 100000 3 23 24 25
107 100000 75 3 23 24 25
44 100000 100000 1 28
263 100000 100000 1 26
337 100000 236 1 28
241 100000 100000 1 27
327 654 229 3 28 29 30
94 188 66 3 28 29 31
28 56 20 1 32
132 100000 100000 1 34
467 934 100000 3 28 33 35
147 100000 100000 2 36 37
161 322 113 1 39
22 100000 100000 1 41
400 800 280 4 30 31 38 40
106 100000 74 1 40
141 100000 100000 3 31 36 40
187 100000 100000 1 43
176 352 100000 4 36 37 42 45
231 100000 100000 2 44 45
