# Converted from 50_340.csv
50
594 1188 416 0
416 832 100000 0
577 100000 100000 0
191 100000 100000 0
459 100000 321 0
425 100000 100000 0
714 100000 100000 0
573 100000 100000 0
686 1372 480 0
641 100000 449 1 3
368 100000 258 1 3
645 100000 451 1 4
604 1208 100000 1 1
374 748 262 1 3
588 1176 100000 1 12
477 100000 100000 1 9
612 100000 428 1 12
628 1256 100000 1 12
644 1288 100000 1 11
455 910 100000 1 17
444 100000 311 1 17
512 100000 358 1 15
374 100000 262 2 0 14
353 706 100000 1 14
476 100000 333 1 17
361 722 253 1 20
642 100000 100000 2 16 22
383 100000 100000 1 20
414 100000 100000 2 18 22
402 804 100000 2 19 23
426 100000 100000 1 19
408 816 286 1 28
547 1094 100000 2 13 30
435 100000 100000 1 25
301 100000 100000 1 30
449 100000 100000 3 22 25 27
499 998 100000 1 28
253 506 100000 1 31
794 100000 100000 1 34
529 100000 100000 4 4 15 32 33
536 100000 375 2 19 35
423 100000 100000 2 32 34
612 1224 100000 2 22 34
582 1164 100000 2 21 33
654 1308 458 3 27 30 33
623 100000 436 1 38
525 1050 368 1 38
493 100000 100000 2 28 42
403 100000 282 1 37
431 100000 302 2 33 40
