# Converted from 50_306.csv
50
25 50 100000 0
66 132 100000 0
184 368 129 0
37 74 100000 0
173 346 121 0
145 100000 100000 0
121 100000 85 0
242 484 100000 1 4
167 100000 100000 1 5
203 100000 100000 1 6
208 100000 100000 1 1
56 100000 39 1 4
31 100000 100000 1 11
153 100000 100000 2 10 11
118 100000 83 1 10
132 264 100000 1 8
28 56 20 1 12
198 396 100000 2 4 14
146 100000 100000 1 13
198 100000 139 1 14
252 504 176 1 13
213 100000 100000 1 14
73 100000 100000 1 20
72 100000 100000 1 18
166 100000 100000 2 3 21
47 100000 33 2 7 20
131 100000 100000 1 19
104 100000 100000 2 2 17
37 74 100000 1 17
35 70 100000 1 19
29 100000 100000 1 24
167 334 117 1 25
37 100000 26 1 23
32 100000 22 1 22
138 276 100000 1 23
46 100000 100000 1 26
252 100000 176 1 27
260 520 182 1 27
67 100000 47 1 24
277 100000 194 1 31
97 100000 100000 1 36
59 118 100000 1 30
44 88 31 1 31
278 100000 100000 1 33
159 318 111 2 29 31
65 100000 46 1 31
243 486 100000 1 41
132 100000 92 1 40
197 100000 100000 2 29 41
53 106 100000 1 42
