# Converted from 50_314.csv
50
52 104 100000 0
48 96 100000 0
141 282 100000 0
299 100000 100000 0
151 302 100000 0
175 100000 122 1 3
44 100000 31 1 4
88 100000 100000 1 3
166 332 100000 1 3
51 100000 36 1 4
146 100000 100000 1 2
120 100000 84 1 3
83 166 100000 1 7
165 100000 100000 1 11
200 400 140 1 10
161 100000 113 1 5
101 202 71 1 9
85 170 59 2 6 8
120 240 100000 1 6
73 100000 100000 1 9
232 100000 162 1 10
142 100000 100000 1 19
30 100000 21 1 14
160 100000 100000 2 13 14
24 100000 17 1 13
279 558 195 1 17
42 84 29 1 25
115 100000 80 2 2 25
249 100000 174 2 4 23
168 100000 100000 1 24
33 66 100000 1 25
167 100000 100000 1 23
95 100000 100000 1 31
212 424 148 1 31
159 100000 100000 1 31
28 100000 20 1 29
132 264 92 1 31
108 100000 100000 1 33
210 100000 100000 1 33
201 402 100000 1 35
92 184 100000 1 35
212 424 100000 1 36
102 100000 100000 1 34
132 100000 100000 1 36
70 140 100000 2 33 39
259 100000 100000 1 41
160 100000 112 1 41
64 100000 45 1 42
190 100000 100000 1 39
181 362 100000 2 38 39
