# Converted from 50_344.csv
50
433 100000 303 0
226 100000 100000 0
578 1156 100000 0
748 1496 524 0
425 850 100000 0
468 100000 100000 0
693 1386 485 1 5
565 100000 100000 1 1
571 100000 400 1 0
472 100000 330 2 1 5
390 780 273 1 7
554 100000 388 2 3 9
602 100000 100000 1 8
541 1082 100000 1 6
578 100000 100000 1 9
592 1184 100000 2 5 8
315 100000 100000 1 13
313 100000 219 1 13
511 100000 100000 1 12
751 1502 526 1 12
716 1432 100000 1 14
487 974 341 1 15
492 100000 100000 1 20
464 100000 100000 1 17
447 894 100000 1 21
621 100000 100000 1 20
455 100000 100000 1 16
579 100000 100000 1 21
543 100000 100000 1 23
259 518 100000 1 24
725 1450 507 2 8 26
390 100000 100000 1 22
423 100000 296 2 17 22
633 1266 100000 1 25
556 100000 100000 2 7 25
532 1064 100000 2 23 26
743 1486 520 1 27
482 964 337 1 28
493 100000 100000 1 33
599 100000 100000 2 18 34
532 100000 372 1 29
718 1436 100000 1 32
391 100000 100000 2 32 33
358 100000 251 2 26 41
613 1226 429 2 13 38
461 922 323 2 4 37
479 100000 335 1 37
232 100000 100000 1 38
562 100000 393 2 33 41
455 100000 100000 1 40
