# Converted from 50_334.csv
50
615 100000 100000 0
530 100000 100000 0
511 1022 358 0
214 100000 150 0
484 968 100000 0
527 1054 100000 1 4
691 100000 100000 1 3
318 100000 100000 1 4
371 100000 100000 1 6
567 1134 397 1 5
590 100000 100000 1 5
608 1216 100000 1 7
558 100000 391 1 5
511 1022 100000 1 5
535 1070 100000 1 6
469 100000 328 2 5 6
376 752 263 1 15
517 100000 362 1 8
499 998 349 1 13
502 100000 100000 1 12
608 100000 100000 1 15
404 808 283 1 9
420 840 100000 1 16
433 100000 303 1 17
711 100000 100000 1 20
563 1126 394 1 20
469 100000 328 1 20
504 100000 353 1 19
643 1286 450 1 22
458 916 100000 2 0 25
460 100000 100000 1 25
508 100000 100000 1 22
572 100000 100000 1 23
537 100000 376 1 24
422 844 295 1 32
528 1056 370 1 33
527 100000 100000 1 32
310 100000 100000 1 32
537 100000 100000 1 33
300 100000 100000 1 31
515 100000 100000 1 33
454 100000 100000 1 39
677 100000 100000 1 40
558 100000 100000 1 37
437 874 100000 1 35
290 580 203 1 39
561 1122 393 2 11 37
488 976 342 1 40
453 100000 100000 1 39
396 100000 100000 1 36
