# Converted from 50_366.csv
50
243 100000 170 0
286 572 100000 0
54 100000 38 0
205 410 144 0
280 100000 100000 0
161 100000 100000 0
361 100000 253 0
233 100000 163 1 5
142 284 99 1 1
193 386 100000 1 5
463 926 324 1 1
348 100000 244 1 6
202 100000 100000 1 0
228 456 100000 1 5
85 170 100000 1 12
264 100000 185 2 9 13
120 240 100000 1 11
76 152 53 1 12
69 138 100000 1 11
344 100000 100000 1 9
522 100000 100000 1 13
44 88 100000 1 15
49 100000 100000 1 20
56 100000 100000 1 18
77 100000 100000 1 14
86 100000 100000 1 24
186 372 100000 1 21
530 100000 100000 1 24
346 100000 242 1 21
236 100000 100000 2 21 23
284 568 199 2 17 23
329 100000 100000 1 24
545 1090 100000 1 27
267 534 187 1 31
147 100000 103 2 8 29
507 1014 100000 1 30
205 410 144 1 28
218 100000 153 2 9 31
118 100000 100000 1 30
317 100000 100000 2 4 26
123 100000 100000 1 34
45 100000 31 2 33 35
535 1070 374 1 38
89 178 62 1 37
413 100000 100000 2 35 36
250 100000 100000 1 36
335 100000 100000 2 23 43
516 1032 100000 2 19 45
441 100000 100000 2 34 45
121 100000 85 1 41
