# Converted from 50_348.csv
50
570 100000 399 0
599 100000 100000 0
494 988 346 0
685 1370 100000 0
315 100000 100000 0
601 1202 421 1 0
530 100000 100000 1 1
542 100000 100000 1 4
611 100000 100000 1 2
558 1116 100000 1 1
533 100000 100000 1 4
381 100000 100000 1 0
408 100000 286 1 7
558 100000 100000 3 2 9 10
501 1002 351 2 7 10
363 100000 100000 1 5
507 100000 355 1 5
432 100000 100000 1 9
337 674 100000 1 6
641 1282 449 1 14
493 100000 100000 1 15
506 100000 100000 1 15
492 100000 344 1 18
250 500 100000 1 13
568 1136 398 1 17
531 1062 372 1 12
418 836 293 1 13
500 100000 350 1 25
339 100000 237 1 24
539 1078 100000 1 22
638 100000 100000 2 22 25
587 100000 100000 1 22
215 430 100000 2 6 20
353 100000 100000 1 32
817 100000 100000 2 6 27
574 1148 100000 2 8 32
336 672 235 1 30
711 100000 100000 1 35
534 100000 374 1 34
508 100000 100000 1 33
545 100000 382 1 35
297 594 208 2 4 33
601 100000 100000 1 33
491 982 100000 1 41
513 100000 100000 1 41
315 100000 100000 1 41
502 1004 351 1 39
359 100000 251 1 38
596 1192 417 2 29 39
342 684 100000 1 41
