# Converted from 50_341.csv
50
558 1116 391 0
640 100000 100000 0
445 890 312 0
345 690 100000 0
526 1052 100000 1 0
566 100000 396 1 0
408 816 100000 1 1
302 100000 211 1 5
489 100000 100000 2 4 5
587 1174 411 2 5 6
689 100000 100000 1 6
457 914 100000 1 4
333 100000 233 1 5
335 100000 100000 1 5
348 696 100000 1 4
658 100000 461 1 8
328 656 230 1 8
491 100000 100000 1 11
497 994 100000 1 13
283 566 100000 1 14
608 100000 100000 1 11
444 888 100000 1 10
496 100000 347 1 13
476 100000 100000 1 17
336 100000 100000 1 19
522 100000 100000 1 20
367 100000 257 1 17
467 100000 100000 1 19
689 100000 100000 1 16
565 1130 100000 1 18
589 100000 100000 1 27
771 100000 100000 1 25
567 100000 397 2 23 25
620 100000 100000 1 24
730 1460 511 2 23 27
437 100000 306 1 27
531 1062 100000 1 29
369 738 100000 1 23
548 1096 100000 1 32
515 100000 100000 1 32
557 1114 390 1 33
323 100000 226 1 35
499 100000 349 1 33
542 100000 379 2 28 34
453 100000 100000 2 39 43
520 1040 100000 2 26 40
609 100000 426 1 43
383 100000 268 2 33 38
310 100000 100000 1 40
547 1094 383 1 38
