# Converted from 50_316.csv
50
144 288 100000 0
237 474 100000 0
61 100000 100000 0
130 260 91 0
87 100000 100000 0
169 100000 100000 0
157 314 100000 1 0
238 100000 100000 1 5
104 208 73 1 2
142 100000 100000 1 1
55 100000 100000 1 3
146 100000 102 1 0
166 100000 100000 1 3
107 100000 100000 1 3
102 100000 100000 1 1
194 388 100000 2 4 14
113 226 79 1 10
141 100000 99 1 9
83 100000 58 1 9
104 208 73 1 9
65 130 46 1 12
39 100000 100000 1 20
159 100000 100000 1 15
35 70 100000 1 20
84 168 59 1 16
270 540 100000 1 18
153 306 107 2 8 18
54 100000 38 1 16
97 100000 100000 2 6 23
323 100000 100000 1 24
227 100000 100000 1 26
60 120 42 1 27
158 316 100000 3 2 15 24
119 100000 83 1 25
321 100000 100000 1 26
218 100000 153 1 28
26 100000 18 2 20 31
73 146 51 2 16 34
335 670 100000 2 21 37
187 100000 100000 1 35
202 100000 100000 1 35
288 576 202 1 40
58 116 100000 1 40
212 100000 148 3 17 32 40
252 100000 100000 3 7 32 40
174 348 100000 1 39
217 100000 152 1 40
44 100000 100000 1 40
60 100000 100000 1 39
201 100000 141 3 13 34 39
