# Converted from 50_313.csv
50
23 46 100000 0
120 240 84 0
228 100000 100000 0
92 100000 100000 0
78 100000 100000 0
79 100000 100000 0
229 458 160 1 0
60 100000 42 1 0
29 100000 100000 1 3
199 100000 139 1 5
188 376 132 1 3
169 338 100000 2 1 2
171 100000 100000 1 4
67 134 100000 1 2
68 136 100000 1 6
121 242 100000 1 11
112 100000 78 2 9 10
179 100000 125 1 8
168 100000 100000 1 17
183 100000 128 1 17
64 100000 45 1 16
180 360 126 1 17
218 436 100000 1 14
290 100000 203 1 18
42 100000 100000 1 20
151 100000 106 1 20
55 110 100000 1 18
203 100000 142 1 21
305 100000 100000 1 19
188 100000 100000 1 20
241 482 100000 2 16 21
289 100000 202 2 13 29
199 100000 139 1 28
168 100000 100000 1 28
137 100000 100000 2 23 28
155 100000 108 2 5 33
282 100000 100000 1 33
69 100000 48 1 34
196 392 100000 2 25 34
117 100000 100000 1 33
80 160 100000 2 5 34
306 612 100000 1 33
211 422 100000 1 35
105 210 100000 1 37
113 100000 100000 2 7 39
57 100000 40 1 39
42 84 100000 1 38
94 188 100000 2 31 39
120 240 84 1 37
35 100000 24 1 41
