# Converted from 50_365.csv
50
262 100000 100000 0
49 100000 100000 0
217 100000 100000 0
322 100000 100000 0
124 100000 87 0
155 310 100000 0
316 100000 100000 1 5
120 100000 84 2 0 5
37 100000 100000 1 4
364 728 100000 1 3
91 100000 100000 1 1
510 100000 100000 1 9
205 100000 100000 1 6
170 340 100000 1 10
198 100000 139 1 10
491 982 344 1 10
39 100000 27 1 7
100 100000 70 1 14
23 46 16 1 12
64 128 45 1 12
108 216 100000 1 15
65 130 46 1 12
316 632 100000 1 12
403 100000 100000 3 9 16 20
112 100000 100000 1 20
245 490 172 1 18
59 118 100000 3 3 17 19
103 206 100000 1 22
218 100000 153 1 17
331 100000 100000 1 24
468 100000 100000 2 22 25
75 100000 100000 1 27
237 100000 100000 1 27
583 1166 100000 2 2 24
154 100000 100000 1 23
113 226 100000 1 25
278 556 195 1 26
262 100000 183 1 30
469 100000 100000 1 35
54 108 38 1 32
145 100000 102 2 30 36
225 100000 100000 1 31
140 280 100000 1 29
151 302 106 1 38
163 100000 114 2 11 42
215 100000 100000 3 8 28 39
77 154 54 3 20 38 39
325 100000 227 1 42
76 152 53 2 29 39
96 100000 100000 1 38
