# Converted from 50_33.csv
50
511 100000 100000 0
450 100000 100000 0
514 1028 360 0
324 100000 100000 0
571 100000 100000 0
457 100000 320 1 3
484 968 100000 1 3
728 100000 100000 1 3
477 100000 334 1 3
380 100000 100000 1 3
510 100000 357 1 3
452 100000 100000 1 3
428 856 100000 1 3
574 1148 402 1 3
382 764 267 5 0 1 2 5 6
361 722 100000 1 7
425 100000 298 1 8
313 626 100000 1 10
564 100000 395 1 13
286 100000 200 1 10
335 670 100000 1 14
429 100000 300 1 14
525 100000 368 1 14
694 1388 486 1 14
443 100000 310 1 14
561 1122 100000 1 16
428 100000 100000 1 15
404 100000 283 1 17
250 500 175 1 14
486 100000 340 1 27
457 914 100000 1 26
292 584 100000 1 25
403 100000 100000 1 21
374 748 262 1 20
403 100000 100000 1 29
585 100000 410 1 30
472 100000 330 1 31
599 1198 100000 1 32
521 100000 100000 1 31
368 736 100000 3 11 20 32
522 1044 100000 1 36
510 100000 357 1 34
423 100000 100000 1 35
514 100000 100000 2 21 36
516 1032 100000 1 40
468 936 100000 3 33 37 43
455 100000 100000 2 28 42
582 100000 100000 2 23 43
550 1100 100000 1 41
594 100000 100000 2 38 43
