# Converted from 50_380.csv
50
216 432 100000 0
142 100000 100000 0
171 100000 120 0
145 100000 100000 0
33 66 23 2 2 3
169 100000 118 1 2
34 100000 100000 1 2
134 268 94 2 1 2
121 242 100000 3 4 5 6
107 214 75 1 5
150 100000 105 3 4 5 6
173 346 100000 2 5 7
240 480 100000 1 6
330 660 231 1 7
74 100000 100000 3 9 10 13
136 100000 100000 1 8
77 100000 54 1 11
107 100000 100000 2 8 13
37 74 26 4 0 3 5 12
63 126 44 2 15 17
155 100000 100000 4 10 12 13 15
50 100000 100000 3 10 15 17
198 100000 100000 3 14 15 18
78 100000 100000 1 20
84 100000 100000 1 20
102 204 100000 1 20
91 100000 64 1 22
130 260 100000 2 19 22
102 100000 71 2 18 24
70 100000 100000 1 27
21 100000 15 1 27
215 100000 150 2 21 25
28 100000 20 2 9 25
108 100000 100000 1 27
177 354 124 3 11 29 32
230 100000 100000 1 33
223 100000 100000 1 30
144 288 100000 1 33
141 282 100000 2 18 32
129 258 90 5 16 28 32 33 36
368 100000 100000 3 28 37 38
190 100000 100000 2 21 36
59 100000 100000 3 31 36 38
153 306 107 2 41 42
106 100000 74 2 21 40
40 80 28 2 36 44
104 100000 100000 2 33 43
213 100000 100000 1 44
79 158 100000 2 33 43
109 218 100000 1 43
