# Converted from 50_356.csv
50
360 720 100000 0
421 100000 100000 0
165 100000 115 0
118 100000 83 0
241 100000 100000 0
182 100000 127 1 4
112 100000 100000 1 2
22 100000 100000 1 2
227 454 159 1 0
519 1038 100000 1 7
595 1190 100000 1 7
517 1034 100000 1 6
193 386 100000 1 8
268 536 100000 1 7
147 294 103 1 7
190 380 100000 1 7
430 100000 100000 1 8
231 100000 162 1 14
214 100000 100000 1 12
103 100000 100000 2 4 11
70 100000 100000 1 9
383 100000 100000 3 0 13 19
494 988 346 1 19
288 576 202 1 19
572 100000 100000 2 10 17
532 100000 372 1 17
414 100000 100000 1 20
442 100000 309 1 24
176 352 100000 1 22
508 100000 100000 1 24
504 100000 353 1 25
426 852 100000 1 21
120 100000 84 2 16 26
269 100000 100000 1 26
464 100000 100000 1 27
79 100000 100000 1 27
105 210 100000 1 27
506 100000 100000 1 27
24 48 17 1 27
481 962 100000 1 33
64 128 45 2 26 28
70 100000 100000 1 30
37 100000 100000 1 32
357 100000 250 3 4 37 41
126 100000 88 1 37
324 648 227 1 41
548 1096 384 1 38
161 100000 113 1 36
253 100000 177 1 40
103 206 100000 2 10 42
