# Converted from 50_302.csv
50
271 542 100000 0
108 216 100000 0
26 52 100000 0
42 84 100000 0
47 100000 33 0
119 100000 100000 0
199 398 100000 0
99 198 100000 1 2
46 100000 100000 1 0
134 100000 100000 1 2
155 310 100000 1 0
95 100000 66 1 3
95 100000 100000 1 6
120 100000 100000 1 6
78 156 100000 1 8
111 222 78 1 13
311 622 218 1 9
73 100000 100000 1 13
82 164 57 1 9
73 100000 51 2 3 13
155 310 100000 2 0 11
122 244 100000 1 19
79 100000 55 3 6 11 18
142 284 99 1 17
54 100000 100000 1 23
107 214 100000 1 21
217 100000 100000 2 19 23
104 100000 73 1 21
149 100000 104 2 2 23
115 100000 100000 2 15 23
283 566 100000 1 23
220 100000 154 2 11 27
237 100000 166 2 19 24
104 100000 100000 1 30
203 100000 100000 2 12 28
117 100000 100000 1 28
261 100000 183 2 4 26
90 100000 63 4 3 16 24 30
39 100000 100000 1 34
137 100000 96 1 33
177 354 124 2 28 36
146 292 100000 1 34
190 100000 100000 2 28 32
79 158 100000 2 25 36
61 100000 43 2 30 35
89 100000 62 3 38 43 44
131 100000 92 2 12 40
122 100000 85 3 3 15 38
169 100000 100000 1 44
124 248 100000 2 26 44
