# Converted from 50_361.csv
50
33 66 100000 0
157 100000 110 0
44 100000 31 0
89 100000 100000 0
310 620 217 0
74 148 52 0
281 562 100000 1 0
567 100000 100000 1 3
77 154 54 1 2
223 446 100000 1 3
165 100000 115 1 5
64 100000 45 1 5
109 218 100000 1 6
112 100000 78 1 8
98 100000 69 1 9
31 62 100000 1 7
117 100000 100000 1 9
170 100000 100000 1 16
128 100000 100000 1 15
348 696 100000 2 9 13
448 100000 100000 2 8 15
235 100000 164 1 16
136 100000 95 2 7 16
117 100000 100000 1 15
99 100000 69 1 23
185 370 100000 1 22
167 100000 100000 1 19
113 226 79 1 23
52 100000 36 1 19
353 706 247 1 23
408 100000 286 1 29
214 428 150 1 24
231 462 100000 2 21 25
505 100000 354 2 25 28
501 100000 100000 1 28
517 100000 100000 1 26
75 150 52 1 33
163 326 100000 1 34
420 100000 100000 1 30
322 644 100000 2 25 35
468 100000 100000 1 31
156 312 100000 1 30
81 162 100000 1 35
276 100000 100000 2 6 32
460 100000 100000 1 32
99 100000 100000 2 31 32
150 100000 105 2 31 38
52 104 100000 1 42
85 100000 100000 1 36
290 100000 100000 1 45
