# Converted from 50_382.csv
50
194 388 100000 0
88 100000 100000 0
209 418 100000 0
55 110 100000 0
104 100000 100000 1 1
106 100000 74 2 0 3
22 100000 100000 1 2
194 100000 100000 1 2
94 100000 100000 1 2
143 100000 100000 1 4
89 178 62 1 4
37 74 26 1 4
175 100000 100000 1 9
134 100000 94 1 9
55 100000 38 2 9 11
148 296 104 2 3 10
63 100000 100000 3 0 14 15
54 108 100000 1 14
57 100000 100000 2 5 14
249 100000 100000 1 18
80 160 56 3 2 17 18
106 100000 74 3 5 7 17
116 232 100000 1 18
38 100000 100000 2 5 16
85 100000 59 3 5 12 17
83 166 100000 1 16
233 466 163 5 19 20 21 24 25
94 100000 66 3 19 20 25
38 76 100000 4 12 20 22 23
60 100000 42 2 20 24
65 100000 46 2 22 26
274 100000 100000 4 6 15 22 29
83 100000 58 1 28
31 62 100000 2 16 31
83 166 100000 2 30 31
82 164 57 2 28 31
141 100000 100000 2 30 32
135 270 94 2 8 30
57 100000 100000 3 8 23 34
74 100000 52 1 35
93 186 65 1 34
184 368 100000 1 33
235 100000 100000 3 23 33 37
61 100000 100000 3 13 35 37
219 438 153 3 13 37 40
100 200 100000 2 13 42
213 100000 100000 2 40 43
24 100000 100000 1 40
149 100000 104 2 26 39
90 100000 100000 1 40
