# Converted from 50_387.csv
50
280 560 196 0
286 572 200 0
92 184 64 0
191 100000 134 0
115 230 100000 0
197 100000 100000 0
307 100000 215 0
218 436 100000 2 2 4
99 100000 100000 3 3 4 6
37 100000 100000 2 2 4
128 256 100000 3 2 3 4
241 100000 169 2 7 8
26 100000 100000 2 9 10
142 100000 100000 2 2 8
301 100000 211 2 5 10
199 100000 100000 2 8 10
167 334 117 3 11 14 15
189 100000 132 1 15
179 358 125 1 14
266 100000 100000 1 14
206 412 100000 1 15
58 100000 100000 1 12
174 100000 122 2 16 19
193 100000 100000 5 7 9 13 17 20
120 100000 100000 2 17 21
98 196 69 2 16 17
95 100000 100000 3 0 5 21
77 100000 100000 2 17 20
93 100000 100000 4 13 25 26 27
35 100000 24 2 26 27
131 100000 100000 2 23 28
122 100000 100000 1 28
139 278 100000 3 1 19 28
137 100000 96 1 29
140 280 98 2 14 29
61 122 43 4 13 24 25 34
109 100000 100000 2 19 31
75 150 100000 2 22 34
194 388 136 1 32
81 100000 100000 2 36 38
234 468 164 1 37
107 214 100000 1 40
190 380 100000 2 31 40
91 182 64 2 39 40
50 100 100000 2 1 40
125 100000 100000 2 39 40
75 100000 100000 3 18 35 45
176 100000 123 2 38 44
126 100000 100000 1 45
102 100000 100000 3 13 25 44
