# Converted from 50_312.csv
50
140 280 100000 0
225 100000 158 0
32 64 100000 0
41 100000 100000 0
94 100000 66 0
211 100000 148 0
21 100000 100000 0
54 100000 38 1 5
108 216 76 1 0
32 100000 22 1 5
69 100000 100000 1 1
203 100000 100000 1 6
49 100000 100000 1 5
145 100000 102 1 2
101 202 100000 1 2
179 358 100000 1 10
36 100000 25 1 7
32 64 100000 1 11
217 100000 152 1 8
81 100000 57 1 13
86 100000 100000 1 12
67 100000 100000 1 14
99 198 100000 1 17
96 100000 100000 1 21
52 100000 100000 1 16
175 350 122 1 24
79 158 100000 2 16 22
146 100000 102 1 23
76 152 53 1 24
133 100000 100000 1 22
173 100000 121 1 22
119 100000 100000 1 24
149 298 100000 1 30
246 100000 172 1 28
171 342 100000 1 30
233 100000 100000 1 28
29 58 20 1 28
282 564 100000 1 26
158 100000 111 1 32
26 52 18 2 27 34
181 362 127 1 37
130 100000 100000 3 23 36 37
57 114 100000 2 8 37
131 262 100000 2 1 39
282 564 100000 2 14 40
153 100000 100000 2 39 41
177 100000 100000 1 40
120 100000 100000 1 41
35 70 100000 1 42
35 100000 24 1 40
