# Converted from 50_327.csv
50
241 482 169 0
258 516 100000 0
397 794 278 0
441 100000 100000 0
339 678 100000 0
293 586 100000 0
537 100000 376 0
599 100000 100000 0
599 100000 100000 1 5
402 100000 281 1 2
651 100000 100000 1 2
532 100000 100000 1 1
306 100000 214 1 2
356 100000 100000 1 0
435 870 100000 1 12
588 100000 100000 1 8
452 100000 100000 1 8
357 714 250 1 10
639 1278 100000 1 8
316 632 100000 1 12
468 100000 328 1 10
612 100000 100000 1 14
630 100000 100000 1 17
540 1080 378 2 14 18
448 896 100000 1 15
605 1210 424 2 17 21
533 100000 373 2 21 23
260 520 182 1 22
510 100000 357 1 23
755 100000 100000 2 19 22
506 100000 354 1 22
609 100000 100000 1 22
640 100000 100000 1 30
424 100000 297 2 5 29
556 1112 389 1 26
579 100000 405 1 28
404 100000 100000 1 25
606 100000 424 1 33
549 1098 100000 1 35
440 100000 308 1 36
636 1272 100000 1 34
322 100000 100000 1 36
459 918 100000 1 34
627 100000 100000 1 41
581 1162 407 1 41
403 806 100000 1 40
535 1070 100000 2 3 38
579 100000 100000 1 39
589 100000 412 1 37
746 100000 100000 2 30 42
