# Converted from 50_364.csv
50
94 100000 66 0
129 100000 100000 0
78 156 100000 0
211 100000 148 0
543 100000 100000 0
375 750 100000 1 3
31 100000 100000 1 1
436 872 305 1 2
172 344 100000 1 0
273 100000 100000 1 3
542 100000 379 1 1
112 224 78 1 0
521 1042 100000 1 0
248 100000 174 3 0 1 3
39 78 27 1 13
541 100000 100000 1 11
220 100000 100000 2 8 12
178 356 100000 1 7
41 82 100000 1 11
110 100000 100000 1 13
273 546 191 3 7 14 15
314 100000 220 2 12 19
306 612 214 1 17
501 100000 351 1 16
139 278 97 1 22
208 100000 100000 1 22
475 100000 332 1 23
522 1044 100000 1 23
112 224 100000 1 22
548 1096 384 1 26
30 60 100000 1 28
386 100000 100000 1 24
89 100000 100000 1 26
123 100000 86 1 26
470 100000 100000 1 31
131 100000 92 2 20 30
157 314 100000 1 32
138 276 97 1 31
239 100000 100000 1 29
79 100000 100000 1 31
231 100000 100000 1 32
42 100000 29 2 10 36
122 100000 100000 2 34 37
257 100000 180 3 16 35 39
27 54 19 1 35
489 100000 100000 2 14 36
271 100000 100000 1 37
466 100000 100000 1 39
36 100000 100000 1 37
182 364 100000 1 39
