# Converted from 50_357.csv
50
33 66 100000 0
234 100000 100000 0
109 218 100000 0
223 446 100000 0
98 100000 100000 0
46 100000 32 1 1
160 320 100000 1 4
422 844 100000 1 3
209 100000 100000 1 3
259 518 100000 1 4
172 344 100000 1 0
263 526 184 1 2
380 760 266 1 1
539 100000 100000 1 1
126 100000 88 1 11
231 100000 100000 1 6
321 100000 225 1 10
222 100000 100000 1 12
28 100000 100000 1 7
22 100000 100000 1 12
138 100000 97 1 12
469 100000 100000 2 7 8
503 100000 352 1 8
220 100000 100000 1 18
260 520 100000 1 21
219 438 153 1 17
24 100000 100000 1 14
136 100000 95 1 19
574 100000 100000 1 26
115 230 100000 2 23 27
143 100000 100 1 27
172 344 120 1 26
478 956 100000 2 4 27
369 100000 100000 1 24
601 100000 421 1 26
156 100000 109 2 12 33
46 100000 100000 1 33
57 100000 40 2 24 30
128 256 100000 2 8 32
584 100000 100000 1 37
200 100000 140 1 38
27 100000 19 3 28 36 37
432 864 100000 1 37
86 172 60 1 36
90 100000 100000 1 42
310 620 217 3 16 23 39
450 100000 315 2 5 41
59 118 41 1 43
223 446 100000 1 43
295 100000 100000 1 43
