# Converted from 50_336.csv
50
212 100000 148 0
532 1064 372 0
406 812 100000 0
375 750 262 0
477 100000 100000 0
524 1048 367 0
526 1052 100000 0
497 100000 100000 1 1
357 100000 100000 1 1
348 100000 244 1 6
586 100000 410 1 0
441 100000 309 1 5
602 100000 100000 1 11
552 100000 100000 1 7
474 948 332 1 7
465 100000 100000 1 8
401 100000 100000 2 2 15
501 100000 351 1 12
637 100000 446 1 13
451 902 100000 1 14
812 1624 568 1 12
651 1302 456 1 14
494 100000 100000 1 15
505 100000 354 1 20
362 724 253 1 16
296 100000 207 2 16 20
612 100000 100000 1 17
465 100000 100000 1 23
175 100000 122 1 23
388 776 100000 1 26
558 100000 100000 1 25
387 774 100000 1 25
649 1298 100000 1 23
543 100000 100000 2 9 23
260 520 100000 1 24
669 100000 100000 1 32
593 1186 100000 1 28
672 100000 100000 1 32
499 998 349 1 33
431 862 100000 2 19 29
293 586 205 1 29
375 100000 100000 1 29
692 100000 100000 1 28
620 100000 434 2 29 34
640 100000 100000 2 41 43
529 1058 100000 1 42
545 100000 100000 1 37
512 100000 358 1 39
363 100000 100000 1 43
488 976 100000 1 43
