# Converted from 50_321.csv
50
71 100000 50 0
54 108 100000 0
67 100000 47 0
109 100000 76 0
208 100000 146 0
190 380 100000 0
34 68 100000 0
191 100000 100000 1 6
86 100000 100000 1 6
33 100000 100000 1 4
76 152 53 1 5
33 100000 100000 1 8
53 100000 37 1 10
174 348 100000 1 8
261 100000 100000 2 4 10
65 130 46 1 8
61 100000 43 1 9
201 100000 100000 1 8
41 82 100000 1 11
79 100000 100000 2 2 13
230 100000 100000 1 17
205 100000 144 1 13
31 100000 22 1 16
152 100000 100000 1 11
220 100000 154 1 18
36 72 100000 2 11 19
106 100000 100000 1 23
38 100000 100000 1 23
80 160 100000 2 11 21
164 100000 100000 1 22
99 100000 69 1 20
98 196 100000 1 22
95 100000 66 1 19
75 100000 100000 3 4 26 30
51 102 36 1 32
100 100000 70 2 24 30
268 100000 100000 1 25
41 100000 100000 1 25
241 100000 100000 2 21 32
172 344 100000 1 33
25 50 100000 4 1 12 17 38
178 100000 100000 1 35
115 100000 100000 1 37
68 136 48 2 0 38
96 192 67 2 0 33
173 346 100000 1 44
136 272 100000 2 7 39
141 282 99 1 41
64 128 45 2 29 42
150 300 105 1 44
