# Converted from 50_335.csv
50
577 100000 404 0
664 100000 100000 0
230 100000 100000 0
563 1126 394 0
508 100000 100000 0
373 100000 261 0
413 100000 100000 1 3
435 100000 100000 1 5
463 926 100000 1 2
482 100000 100000 1 3
745 1490 522 1 4
531 1062 372 2 3 4
789 1578 100000 1 3
605 100000 424 1 3
544 1088 100000 1 12
407 100000 100000 1 9
457 914 100000 1 6
364 100000 255 1 13
758 100000 100000 1 12
535 1070 374 2 10 18
490 980 100000 1 14
250 500 175 1 18
340 100000 238 1 15
279 100000 195 1 15
451 902 100000 1 15
562 1124 393 1 18
588 100000 100000 3 16 19 25
445 100000 100000 1 23
533 100000 373 2 9 20
350 100000 100000 1 24
621 100000 100000 1 19
530 100000 100000 1 28
739 1478 100000 1 26
510 100000 100000 1 30
581 1162 100000 1 26
315 630 100000 2 8 31
584 100000 100000 2 16 31
428 100000 100000 1 34
602 100000 100000 1 31
609 100000 426 1 32
636 1272 100000 1 31
560 100000 100000 1 33
335 100000 234 1 31
488 100000 342 1 32
427 100000 100000 1 41
502 1004 351 2 38 42
400 100000 100000 1 43
488 976 342 2 25 40
568 1136 398 2 22 41
444 888 311 1 42
