# Converted from 50_368.csv
50
266 532 100000 0
142 100000 100000 0
82 100000 100000 0
123 100000 86 0
292 584 204 0
134 268 94 0
222 100000 100000 1 3
63 100000 100000 1 2
82 100000 100000 2 0 2
508 100000 100000 1 2
72 100000 100000 1 4
95 100000 66 1 7
97 194 68 1 8
174 348 122 1 8
25 100000 18 2 9 11
317 100000 100000 1 12
154 308 108 1 11
239 478 100000 1 13
342 100000 239 2 9 13
47 100000 33 1 12
253 100000 177 1 18
288 576 100000 1 15
464 928 100000 1 15
203 406 142 1 17
212 100000 148 1 14
310 620 217 2 4 14
269 100000 188 1 14
141 282 100000 1 17
135 100000 100000 2 17 24
257 100000 100000 1 22
388 776 100000 1 26
117 100000 100000 1 25
63 100000 100000 1 23
471 942 100000 1 27
43 100000 30 1 22
479 958 335 1 25
427 100000 100000 1 30
108 216 100000 1 31
557 1114 100000 1 33
195 100000 100000 1 32
97 100000 100000 1 35
168 100000 100000 1 29
459 918 321 1 29
241 100000 100000 1 39
384 100000 269 1 36
372 744 100000 1 38
221 100000 100000 1 39
145 100000 100000 1 40
157 100000 110 1 41
74 148 100000 1 36
