# Converted from 50_354.csv
50
483 100000 338 0
345 690 241 0
456 100000 319 0
152 100000 106 0
209 100000 146 0
145 100000 100000 0
450 900 100000 0
115 100000 80 0
197 394 100000 0
318 636 223 1 7
71 142 100000 1 8
98 100000 100000 1 4
24 48 100000 1 8
509 100000 100000 1 10
485 970 100000 1 10
200 100000 100000 1 9
150 100000 100000 1 12
93 100000 65 2 9 10
84 100000 100000 1 10
152 100000 100000 1 12
175 350 122 2 3 14
534 1068 100000 1 18
84 100000 59 2 6 17
234 100000 164 1 18
260 100000 100000 1 13
220 440 100000 1 15
521 1042 100000 1 19
176 352 100000 1 17
501 1002 351 2 7 20
508 1016 356 1 20
198 100000 100000 1 23
377 100000 100000 2 12 21
249 100000 174 1 24
445 890 312 2 17 24
162 100000 113 1 21
128 100000 100000 1 24
62 100000 100000 3 17 28 29
103 100000 100000 1 31
504 100000 100000 1 31
84 168 100000 1 32
241 100000 169 2 0 29
460 920 322 3 1 24 28
273 100000 100000 1 33
200 400 140 1 41
109 218 100000 3 19 37 42
310 100000 100000 2 22 41
366 100000 100000 1 43
206 412 100000 1 44
352 100000 246 3 3 14 44
160 100000 100000 1 43
