# Converted from 50_307.csv
50
38 100000 27 0
299 100000 100000 0
181 100000 100000 0
22 44 100000 0
197 100000 138 0
78 100000 55 0
195 390 100000 0
70 140 49 1 4
49 100000 100000 1 4
165 330 100000 1 4
116 100000 100000 1 4
71 100000 50 1 3
152 100000 100000 1 0
145 290 102 1 3
183 100000 128 1 11
117 234 82 1 9
77 100000 54 1 11
61 100000 43 1 11
149 298 104 2 5 8
22 100000 100000 1 17
80 100000 56 1 16
34 100000 100000 1 18
258 100000 100000 1 18
182 100000 100000 1 14
34 68 100000 1 21
83 100000 100000 1 23
92 184 100000 2 2 21
92 100000 64 1 19
115 230 80 1 23
307 614 100000 1 24
186 100000 130 2 24 28
310 620 100000 1 28
71 100000 50 1 28
303 100000 100000 1 28
290 100000 100000 2 10 26
186 372 100000 1 25
205 100000 144 2 4 28
82 164 57 1 25
184 368 100000 1 31
98 196 100000 1 33
33 66 100000 3 12 29 32
179 100000 100000 1 32
125 100000 100000 2 17 29
159 318 100000 1 29
79 158 55 2 38 41
67 100000 100000 1 40
55 110 100000 2 15 40
68 100000 100000 1 39
102 100000 71 1 41
129 100000 100000 2 38 40
