# Converted from 50_347.csv
50
393 100000 275 0
697 1394 100000 0
502 1004 100000 0
376 100000 263 0
562 1124 393 0
638 1276 447 0
543 100000 100000 0
272 544 190 1 4
462 100000 100000 1 2
396 100000 277 1 0
381 762 267 1 4
379 100000 100000 2 4 5
590 100000 413 1 1
503 1006 100000 1 11
451 100000 100000 1 12
267 534 100000 1 11
510 1020 100000 1 10
641 100000 449 1 9
634 100000 100000 1 10
390 780 100000 1 15
557 100000 100000 1 14
651 100000 100000 1 17
359 100000 100000 1 18
566 100000 396 2 15 18
549 1098 384 2 7 16
493 100000 345 1 16
554 1108 388 2 0 16
598 100000 100000 1 26
339 100000 100000 1 23
511 100000 100000 1 22
356 712 100000 1 19
323 100000 226 1 25
542 100000 379 2 11 22
460 920 100000 1 23
274 100000 192 1 28
712 100000 100000 1 30
328 100000 230 1 30
756 100000 100000 1 30
533 1066 373 3 1 21 29
440 100000 308 1 36
476 100000 100000 1 38
551 100000 100000 1 38
573 100000 100000 2 10 36
376 752 100000 2 19 34
474 100000 100000 1 35
537 1074 100000 1 34
557 1114 100000 1 40
388 100000 272 2 30 40
376 752 100000 2 5 41
158 316 100000 2 0 43
