# Converted from 50_398.csv
50
354 100000 248 0
134 268 94 0
145 100000 100000 0
42 100000 100000 0
166 100000 100000 0
90 180 63 0
84 168 59 0
341 100000 239 3 1 2 4
214 100000 100000 1 0
158 100000 100000 1 3
244 488 171 1 5
43 86 100000 1 3
76 100000 100000 2 5 6
44 88 100000 2 7 11
39 100000 100000 2 7 11
230 100000 161 1 11
62 100000 100000 1 10
136 272 95 2 10 11
60 100000 42 4 14 15 16 17
110 100000 100000 3 12 13 17
78 100000 100000 6 8 12 13 15 16 17
90 180 63 3 8 11 16
25 100000 100000 1 15
114 100000 100000 3 7 16 22
133 266 100000 2 17 21
219 438 100000 1 22
164 100000 100000 1 19
21 42 15 2 24 25
68 100000 48 2 8 25
225 100000 158 3 9 24 25
47 100000 100000 2 7 29
125 250 88 4 6 23 28 29
114 228 100000 2 26 27
21 42 100000 4 19 23 27 28
149 100000 104 5 12 14 27 28 29
62 100000 100000 3 14 23 29
112 224 78 1 33
51 100000 100000 3 30 33 35
129 100000 100000 4 14 20 23 30
203 100000 142 1 38
65 130 100000 3 18 20 37
60 100000 100000 1 38
243 486 100000 1 40
128 100000 100000 2 40 41
24 100000 100000 2 35 39
58 100000 41 1 40
219 438 153 1 43
161 100000 100000 1 43
61 122 43 2 43 44
25 50 100000 2 42 43
