# Converted from 50_310.csv
50
45 100000 100000 0
145 100000 100000 0
212 100000 148 0
95 190 100000 0
210 100000 100000 1 2
132 264 92 1 2
270 100000 100000 1 3
159 100000 111 1 0
123 246 100000 1 0
212 424 100000 2 2 3
142 284 100000 1 2
95 100000 66 1 8
218 100000 100000 2 7 10
32 100000 100000 1 5
49 100000 34 1 7
243 100000 170 1 10
160 100000 112 1 7
170 340 100000 1 9
138 100000 97 1 8
42 100000 100000 1 16
182 100000 100000 1 15
111 100000 78 1 15
123 100000 86 1 11
190 100000 100000 1 17
223 100000 100000 1 16
57 114 100000 1 22
236 100000 100000 1 24
127 254 89 2 19 24
275 100000 100000 1 26
202 404 100000 1 27
56 112 100000 1 26
61 122 43 2 8 27
68 136 100000 1 27
211 100000 100000 1 26
102 100000 100000 2 13 25
133 266 93 1 34
289 100000 100000 1 31
79 158 55 1 29
111 222 100000 2 28 30
294 100000 100000 2 29 32
242 100000 169 1 28
113 226 100000 1 40
258 516 100000 1 37
189 100000 100000 1 35
128 256 90 3 10 34 36
204 408 143 1 40
38 100000 100000 1 38
186 100000 130 2 35 38
264 528 185 2 35 37
157 100000 110 1 39
