# Converted from 50_30.csv
50
512 1024 358 0
361 100000 253 0
529 1058 100000 0
523 100000 100000 0
508 100000 356 0
520 100000 100000 0
580 1160 100000 0
639 100000 100000 0
463 100000 100000 0
555 100000 100000 0
533 1066 100000 1 5
499 100000 349 1 8
457 100000 100000 1 2
535 100000 374 1 4
333 666 233 1 3
444 100000 311 1 8
429 100000 100000 1 15
487 100000 341 1 15
606 100000 100000 1 13
241 482 100000 1 12
462 924 100000 1 15
453 906 317 1 14
783 100000 548 1 15
772 100000 540 1 15
357 100000 250 6 0 1 10 11 16 17
527 100000 369 1 20
507 1014 100000 1 18
476 100000 100000 1 21
585 100000 100000 1 20
478 956 335 1 23
359 100000 251 1 24
532 1064 100000 1 24
401 100000 100000 1 24
371 100000 100000 1 24
407 100000 100000 1 24
692 100000 100000 1 24
501 1002 351 1 25
459 918 100000 1 26
675 1350 100000 1 24
281 562 197 1 27
487 100000 100000 1 37
469 100000 100000 1 36
541 1082 100000 1 30
740 100000 100000 1 40
588 1176 412 2 23 41
514 1028 100000 4 24 29 39 41
545 100000 100000 1 45
499 100000 100000 1 44
472 944 330 1 43
285 570 200 1 45
