# Converted from 50_346.csv
50
726 100000 508 0
502 100000 351 0
525 1050 100000 0
298 596 209 0
384 100000 269 0
493 986 100000 0
426 852 298 0
609 100000 100000 0
273 546 191 1 7
347 100000 100000 1 0
496 100000 100000 1 1
393 100000 100000 1 1
563 1126 100000 2 0 7
397 100000 100000 1 7
204 100000 143 1 11
252 504 100000 1 13
672 1344 100000 1 8
591 100000 100000 1 9
355 100000 100000 2 6 10
394 100000 100000 2 7 11
579 100000 405 1 18
701 1402 100000 1 16
377 754 264 1 15
478 956 100000 1 18
534 100000 100000 1 14
758 1516 531 1 23
543 1086 100000 2 11 21
780 100000 100000 2 9 21
517 1034 362 2 2 22
439 100000 307 1 24
676 100000 100000 2 5 20
831 1662 100000 1 26
412 824 100000 1 27
412 100000 100000 1 27
372 100000 260 1 26
474 100000 100000 1 25
418 836 100000 2 1 28
560 100000 392 1 32
429 100000 300 2 20 32
462 100000 100000 1 34
428 100000 100000 1 33
567 100000 397 3 12 23 32
565 100000 100000 2 4 31
509 100000 356 2 12 34
684 1368 100000 2 1 37
383 766 268 1 39
607 1214 425 1 43
201 100000 100000 2 3 40
670 100000 469 1 40
616 100000 100000 1 37
