# Converted from 50_397.csv
50
107 100000 75 0
132 100000 100000 0
251 100000 100000 0
47 94 100000 0
62 124 43 0
26 100000 18 2 3 4
172 100000 100000 1 4
377 754 100000 2 1 4
65 130 46 3 5 6 7
86 172 100000 3 0 1 5
37 74 100000 1 7
35 70 100000 2 2 5
104 100000 73 1 10
149 100000 100000 1 10
150 100000 100000 1 12
220 100000 100000 2 2 12
39 100000 27 2 9 12
22 100000 100000 2 11 12
121 100000 100000 1 13
28 100000 20 3 2 14 16
128 100000 100000 5 11 14 15 16 18
128 256 90 4 11 14 15 16
27 54 100000 1 17
63 126 100000 4 0 11 15 18
71 100000 100000 3 15 17 18
244 100000 100000 2 5 15
93 100000 100000 3 6 21 22
52 100000 100000 3 21 22 25
253 506 177 3 20 21 23
180 360 126 2 23 25
139 100000 100000 3 6 17 20
37 74 100000 1 21
303 100000 100000 4 6 23 24 25
207 414 145 2 6 31
126 100000 88 4 6 17 18 31
94 188 66 2 21 29
22 44 100000 4 8 21 29 30
176 352 100000 4 19 20 26 29
124 100000 87 3 19 30 34
257 100000 100000 2 32 37
230 460 161 2 17 35
75 150 100000 1 38
191 100000 134 2 36 39
28 100000 100000 3 29 32 38
278 100000 100000 1 40
137 100000 100000 3 28 33 40
284 100000 199 3 26 41 44
33 66 23 3 36 44 45
84 100000 59 5 19 27 32 36 44
369 100000 258 4 28 35 39 43
