# Converted from 50_489.csv
50
546 1092 100000 0
461 100000 100000 0
597 100000 100000 2 0 1
594 1188 416 2 0 1
696 100000 487 2 0 1
615 100000 100000 3 2 3 4
742 1484 519 3 2 3 4
450 100000 100000 3 2 3 4
267 100000 187 3 2 3 4
630 100000 441 4 5 6 7 8
413 100000 100000 4 5 6 7 8
486 972 340 4 5 6 7 8
349 100000 100000 3 9 10 11
583 100000 100000 3 9 10 11
763 100000 100000 2 12 13
397 100000 100000 2 12 13
645 1290 451 2 14 15
579 1158 100000 2 14 15
276 100000 193 2 14 15
610 100000 427 3 16 17 18
417 100000 292 3 16 17 18
468 936 100000 3 16 17 18
544 1088 381 3 19 20 21
464 100000 100000 3 19 20 21
625 1250 438 3 19 20 21
620 1240 100000 3 19 20 21
524 1048 367 4 22 23 24 25
600 1200 100000 4 22 23 24 25
528 1056 100000 3 22 23 24
572 100000 100000 2 26 28
514 1028 100000 1 26
532 1064 100000 1 28
401 100000 100000 1 28
383 766 268 3 29 30 31
563 100000 394 1 33
524 100000 100000 1 33
385 100000 100000 1 34
553 100000 100000 1 34
324 648 100000 1 34
658 100000 461 3 27 36 37
396 100000 100000 2 36 37
180 100000 126 2 36 37
542 100000 100000 2 32 40
440 100000 308 2 38 39
624 100000 437 2 40 43
610 100000 100000 1 43
515 100000 360 1 43
320 640 100000 2 40 43
779 1558 100000 1 44
514 1028 100000 2 35 45
