# Converted from 50_476.csv
50
408 100000 100000 0
350 100000 245 0
356 712 100000 0
474 948 100000 3 0 1 2
603 100000 100000 2 1 2
715 100000 500 2 1 2
563 100000 100000 3 0 1 2
264 100000 185 4 3 4 5 6
531 1062 100000 4 3 4 5 6
448 100000 100000 4 3 4 5 6
264 528 100000 3 7 8 9
448 896 100000 3 7 8 9
452 100000 100000 3 7 8 9
501 100000 100000 3 7 8 9
422 100000 295 4 10 11 12 13
498 100000 100000 4 10 11 12 13
547 1094 383 4 10 11 12 13
644 1288 100000 3 14 15 16
476 952 333 3 14 15 16
549 100000 100000 2 17 18
453 906 100000 2 17 18
273 100000 191 2 19 20
536 1072 375 2 19 20
442 100000 100000 2 21 22
683 100000 478 2 21 22
757 1514 100000 1 24
544 100000 100000 1 25
586 1172 100000 1 25
579 100000 100000 1 25
551 1102 100000 2 27 28
423 100000 100000 2 26 28
345 690 100000 1 28
359 100000 251 2 29 31
424 100000 100000 1 31
307 614 100000 2 30 31
718 100000 503 2 32 34
622 100000 100000 3 23 33 34
424 100000 297 1 34
599 100000 419 1 37
375 750 100000 1 35
487 974 341 2 23 35
500 1000 100000 2 35 36
257 100000 100000 2 27 38
414 100000 100000 1 41
469 100000 328 2 38 41
524 100000 367 4 33 39 40 42
517 1034 362 2 42 43
384 100000 269 3 39 40 46
531 100000 372 2 45 46
455 910 318 1 46
