# Converted from 50_441.csv
50
133 100000 93 0
170 100000 100000 0
248 100000 100000 0
198 396 139 0
193 100000 135 0
225 450 100000 3 1 2 3
62 100000 100000 3 1 2 4
274 548 192 2 0 1
498 996 100000 1 5
460 100000 322 1 5
521 1042 365 2 6 7
139 100000 97 1 7
216 100000 151 1 6
194 100000 100000 1 6
102 204 100000 1 12
173 100000 121 1 13
117 100000 100000 3 8 9 11
149 298 104 2 8 12
194 100000 100000 2 8 11
75 100000 52 1 11
124 248 100000 3 4 9 11
73 146 100000 3 14 15 17
99 100000 100000 4 13 14 16 19
207 100000 145 3 8 15 19
68 100000 48 2 21 22
220 440 154 2 16 21
169 100000 100000 1 22
526 100000 100000 3 0 9 21
182 364 100000 2 9 23
413 100000 289 2 19 25
266 532 186 1 28
140 100000 98 1 29
342 100000 100000 2 20 29
207 100000 100000 2 29 30
24 48 100000 3 18 28 29
311 100000 100000 1 33
185 370 100000 1 34
87 174 61 1 32
182 100000 100000 1 35
133 100000 93 2 28 37
84 100000 100000 2 32 35
246 492 100000 1 36
48 96 34 1 36
211 100000 100000 1 36
282 100000 100000 1 35
83 166 100000 1 44
101 100000 100000 4 10 24 37 41
80 160 100000 3 31 41 43
334 668 100000 2 41 43
283 100000 100000 2 22 44
