# Converted from 50_466.csv
50
25 50 18 0
20 40 100000 1 0
66 100000 46 1 0
64 128 100000 2 1 2
64 100000 100000 2 1 2
102 100000 71 2 3 4
44 100000 31 2 3 4
103 100000 100000 2 5 6
152 304 106 2 5 6
262 524 100000 2 5 6
163 100000 100000 3 7 8 9
111 222 100000 3 7 8 9
61 100000 100000 3 7 8 9
52 100000 100000 3 7 8 9
95 190 100000 4 10 11 12 13
374 100000 262 4 10 11 12 13
140 100000 98 2 14 15
87 100000 100000 2 14 15
127 254 100000 2 16 17
68 136 100000 2 16 17
234 100000 164 2 18 19
196 392 100000 2 18 19
123 100000 100000 2 18 19
157 100000 110 2 18 19
86 100000 100000 4 20 21 22 23
333 100000 233 3 20 21 22
318 100000 100000 3 20 21 22
233 466 100000 3 20 21 22
86 100000 100000 3 24 25 27
184 100000 100000 2 25 27
31 100000 22 3 25 26 27
92 184 100000 2 29 30
111 222 100000 1 30
128 256 100000 2 24 30
84 100000 59 1 29
108 100000 76 1 33
164 100000 115 3 31 32 33
57 114 100000 2 28 31
100 100000 100000 4 24 31 32 34
145 290 102 2 35 37
58 100000 100000 2 32 35
45 90 31 3 35 37 38
223 446 100000 2 38 39
148 100000 104 2 40 41
147 294 103 1 41
151 100000 106 2 39 43
113 100000 100000 1 42
27 100000 100000 1 45
104 208 73 2 36 45
80 100000 100000 1 46
