# Converted from 50_436.csv
50
361 722 253 0
301 602 211 0
282 100000 197 0
55 100000 38 0
468 100000 328 2 1 2
135 100000 94 4 0 1 2 3
94 188 100000 2 1 2
112 100000 100000 2 1 2
113 100000 100000 3 0 1 2
455 100000 100000 4 3 6 7 8
52 100000 100000 3 5 7 8
145 290 100000 2 9 10
122 100000 85 2 9 10
172 344 120 1 9
88 100000 100000 1 9
113 100000 100000 1 12
280 100000 100000 1 12
32 64 100000 1 11
237 100000 166 1 11
132 100000 100000 1 18
125 100000 100000 1 18
344 100000 241 2 11 16
39 100000 100000 1 15
256 100000 100000 1 15
60 100000 100000 1 15
257 514 180 1 18
37 74 100000 1 16
76 152 53 1 24
377 100000 264 1 21
120 100000 84 2 15 25
206 100000 100000 2 21 26
161 322 113 1 28
73 100000 100000 5 14 22 27 28 30
270 100000 100000 2 19 30
495 100000 346 1 33
88 176 62 2 31 33
237 474 100000 2 23 32
216 432 100000 1 31
57 114 100000 3 19 20 32
356 100000 100000 3 13 22 33
50 100 100000 1 32
363 726 100000 1 31
496 100000 100000 4 34 35 40 41
269 538 188 3 33 36 40
270 540 100000 1 40
254 100000 178 3 39 41 44
108 100000 100000 3 37 42 43
161 322 100000 2 36 42
257 514 100000 3 35 41 43
223 100000 156 1 42
