# Converted from 50_480.csv
50
526 1052 100000 0
542 1084 100000 0
752 100000 526 0
611 1222 100000 3 0 1 2
579 100000 100000 3 0 1 2
535 1070 100000 2 3 4
466 932 100000 2 3 4
352 100000 100000 2 5 6
538 100000 377 2 5 6
528 100000 370 2 5 6
519 1038 100000 2 5 6
585 1170 410 4 7 8 9 10
547 100000 383 4 7 8 9 10
426 100000 298 4 7 8 9 10
811 100000 100000 3 11 12 13
578 1156 405 3 11 12 13
426 852 298 2 14 15
478 100000 100000 1 14
397 100000 278 1 14
341 100000 100000 1 14
417 100000 292 2 18 19
618 100000 100000 3 16 18 19
469 100000 100000 2 16 18
525 1050 100000 2 21 22
524 100000 367 3 17 21 22
448 100000 314 4 17 20 21 22
653 100000 100000 3 23 24 25
605 1210 100000 1 26
583 100000 100000 1 26
557 1114 100000 1 26
476 952 333 3 27 28 29
387 100000 100000 2 28 29
348 100000 100000 2 27 28
518 100000 100000 2 28 29
407 814 100000 2 30 33
461 100000 100000 1 32
695 1390 486 2 32 33
588 100000 100000 2 30 36
425 100000 298 2 30 36
737 1474 100000 1 38
472 100000 100000 1 38
514 100000 360 1 37
753 100000 527 3 39 40 41
582 100000 100000 1 40
488 976 342 2 40 41
505 1010 100000 2 42 44
690 1380 100000 3 31 39 43
679 1358 100000 2 42 46
610 100000 427 3 34 45 46
363 100000 254 1 46
