# Converted from 50_450.csv
50
228 100000 100000 0
203 406 100000 0
401 802 281 0
310 100000 100000 0
256 512 179 2 1 2
359 718 251 2 1 2
73 146 100000 2 1 2
247 100000 100000 1 6
262 100000 100000 1 6
78 100000 100000 1 5
278 100000 195 2 3 6
543 1086 380 2 8 9
66 100000 46 2 7 9
218 436 100000 2 6 9
88 100000 62 2 0 7
403 100000 100000 1 14
255 510 100000 3 4 8 13
27 54 19 1 12
113 226 79 2 12 14
216 100000 151 3 4 10 13
105 210 100000 2 10 11
45 90 100000 3 10 16 17
279 100000 100000 1 20
69 100000 100000 3 8 10 15
74 100000 100000 2 8 19
489 100000 100000 1 22
62 124 100000 2 9 23
74 148 100000 2 9 23
205 410 144 2 15 21
86 100000 100000 2 22 24
302 604 100000 2 28 29
191 100000 134 2 28 29
59 118 100000 3 16 19 26
164 100000 100000 2 25 28
293 100000 205 1 27
48 100000 34 4 21 24 26 27
165 100000 115 3 18 30 35
261 100000 100000 2 20 34
469 938 100000 2 25 35
79 158 55 2 34 35
74 100000 100000 3 32 37 38
339 100000 100000 2 18 38
131 100000 100000 1 36
478 100000 335 1 37
503 1006 352 2 36 40
150 100000 100000 2 26 43
383 100000 100000 2 36 43
192 100000 100000 2 32 42
74 100000 52 3 39 40 43
47 100000 33 3 28 29 41
