# Converted from 50_493.csv
50
436 100000 305 0
544 100000 100000 0
503 1006 100000 2 0 1
614 100000 100000 1 2
387 774 100000 1 2
393 100000 275 1 2
387 774 271 3 3 4 5
410 820 100000 3 3 4 5
437 100000 306 2 6 7
561 1122 100000 2 6 7
431 100000 302 2 8 9
452 100000 100000 2 8 9
366 100000 256 2 8 9
477 100000 100000 3 10 11 12
203 406 100000 3 10 11 12
625 100000 100000 2 13 14
621 1242 100000 2 13 14
600 100000 420 2 15 16
469 938 100000 2 15 16
735 1470 100000 2 15 16
342 100000 239 3 17 18 19
471 100000 100000 3 17 18 19
620 100000 100000 3 17 18 19
529 1058 100000 3 17 18 19
384 100000 100000 4 20 21 22 23
412 100000 288 4 20 21 22 23
435 100000 304 4 20 21 22 23
491 982 344 3 24 25 26
303 606 100000 3 24 25 26
660 1320 100000 3 24 25 26
636 1272 100000 3 24 25 26
167 100000 100000 3 24 25 26
294 100000 206 3 27 28 29
471 100000 330 2 27 28
514 1028 100000 2 27 28
547 1094 100000 2 32 33
613 1226 100000 2 32 34
591 100000 100000 1 32
453 100000 317 2 35 37
480 100000 100000 1 37
701 100000 491 4 30 31 33 37
597 1194 418 1 37
485 970 100000 1 40
343 100000 240 2 39 41
441 100000 100000 3 35 36 42
495 100000 346 3 36 41 42
614 100000 100000 4 35 36 41 42
483 100000 338 3 38 41 44
643 100000 450 1 46
668 1336 100000 1 46
