# Converted from 50_459.csv
50
42 100000 100000 0
101 202 71 0
235 470 100000 0
151 302 100000 3 0 1 2
59 118 100000 2 1 2
34 100000 100000 3 0 1 2
131 100000 100000 2 1 2
272 100000 100000 3 0 4 6
73 100000 100000 3 4 5 6
48 96 34 2 3 6
360 720 252 2 8 9
21 100000 15 2 7 8
21 100000 100000 1 10
86 172 100000 2 10 11
98 100000 100000 2 10 11
136 100000 100000 3 12 13 14
178 356 100000 3 12 13 14
45 100000 100000 2 15 16
215 100000 150 2 15 16
23 46 16 2 17 18
132 100000 92 2 17 18
146 100000 102 2 17 18
130 100000 100000 3 19 20 21
121 100000 100000 3 19 20 21
102 100000 100000 2 22 23
166 332 100000 2 22 23
242 484 169 2 22 23
128 100000 100000 2 24 25
209 418 100000 2 24 25
287 574 201 2 24 25
172 100000 100000 2 27 29
74 100000 100000 1 28
63 126 44 1 30
265 530 186 1 30
252 504 100000 2 30 31
146 100000 102 2 32 33
140 100000 100000 1 33
169 100000 118 1 34
60 120 42 1 37
281 100000 197 2 34 35
143 286 100 2 35 37
166 100000 116 2 39 40
186 100000 100000 3 38 39 40
26 100000 100000 1 41
35 70 24 2 36 41
189 100000 132 1 42
44 100000 100000 2 26 42
73 100000 100000 2 38 43
71 142 100000 2 44 46
125 100000 100000 2 38 43
