# Converted from 50_437.csv
50
125 250 100000 0
461 100000 100000 0
28 100000 20 0
188 100000 132 2 0 2
123 100000 100000 1 2
484 100000 100000 1 1
196 100000 137 2 3 5
257 514 100000 2 3 4
165 100000 115 3 3 4 5
259 100000 100000 1 5
32 64 22 2 6 9
216 432 100000 3 6 8 9
168 336 100000 2 6 9
131 262 100000 2 7 10
43 86 30 2 8 10
243 486 100000 1 10
195 390 136 2 10 12
547 1094 100000 2 10 11
272 100000 100000 1 10
322 100000 100000 1 12
477 100000 334 3 13 14 15
165 100000 100000 2 14 15
34 100000 24 2 15 18
76 100000 100000 2 4 15
59 118 41 3 20 21 23
489 100000 342 1 20
177 354 100000 1 21
122 244 100000 2 20 23
35 70 100000 2 7 21
80 160 56 2 8 23
163 100000 100000 2 24 28
374 100000 100000 4 17 25 27 29
410 100000 100000 5 17 19 24 27 28
622 100000 100000 2 11 24
189 100000 100000 2 7 26
85 170 59 1 31
431 862 302 4 19 22 28 31
114 228 100000 4 26 27 28 33
175 100000 122 3 27 28 34
549 100000 384 2 19 34
212 100000 148 1 31
199 100000 100000 2 12 30
190 380 133 3 12 21 35
571 100000 100000 2 32 41
296 100000 100000 4 22 39 40 42
575 100000 402 2 28 42
106 100000 100000 1 43
252 504 100000 2 18 43
145 100000 100000 2 32 42
59 100000 41 3 36 42 43
