# Converted from 50_498.csv
50
446 100000 312 0
503 100000 100000 0
672 100000 470 0
443 886 100000 2 1 2
261 100000 100000 2 1 2
454 100000 100000 2 0 2
597 100000 100000 1 1
612 1224 100000 3 3 5 6
457 914 100000 2 3 5
288 576 100000 4 3 4 5 6
388 100000 100000 4 3 4 5 6
559 100000 100000 4 7 8 9 10
352 100000 246 3 8 9 10
483 100000 100000 4 7 8 9 10
277 554 194 3 11 12 13
420 100000 294 3 11 12 13
544 100000 100000 2 14 15
710 1420 100000 2 14 15
444 100000 100000 2 16 17
610 1220 100000 2 16 17
348 100000 244 2 16 17
602 100000 421 3 18 19 20
558 100000 391 3 18 19 20
640 100000 100000 2 18 19
532 1064 100000 2 22 23
251 100000 176 2 21 22
610 100000 427 2 24 25
492 984 100000 1 25
437 100000 306 2 21 24
638 1276 447 1 24
518 1036 100000 2 27 29
569 1138 398 2 28 30
496 992 347 1 30
417 100000 292 2 28 30
663 100000 100000 1 31
608 1216 100000 3 31 32 33
558 1116 100000 2 26 33
413 826 100000 1 34
470 100000 100000 2 34 35
688 100000 100000 1 34
498 996 100000 3 37 38 39
420 100000 100000 2 35 39
522 1044 100000 2 26 40
503 100000 352 1 42
455 910 100000 1 42
421 100000 295 1 42
461 922 323 1 43
357 100000 100000 2 36 44
625 100000 438 2 43 44
521 100000 365 1 44
