# Converted from 50_444.csv
50
26 52 100000 0
278 100000 100000 0
372 100000 260 0
156 100000 100000 0
166 100000 100000 0
207 414 100000 0
500 100000 350 3 1 3 4
187 374 100000 3 3 4 5
172 344 100000 2 0 1
419 838 100000 1 4
45 100000 31 1 5
286 572 100000 3 0 2 3
110 100000 77 3 6 8 11
74 100000 52 2 8 10
202 100000 100000 2 4 10
231 462 162 1 12
61 122 100000 2 8 14
280 100000 100000 2 9 12
235 100000 100000 1 13
224 100000 100000 3 9 12 13
453 906 100000 3 7 11 13
174 100000 100000 2 15 18
145 100000 102 1 20
200 400 100000 3 10 15 17
516 100000 361 1 19
255 100000 100000 2 6 20
406 100000 100000 2 14 24
162 100000 113 2 7 23
80 100000 100000 1 21
71 142 100000 1 26
227 100000 159 1 26
82 100000 57 2 27 28
240 480 100000 2 20 28
404 100000 283 2 16 28
59 118 41 1 31
60 100000 42 2 25 32
34 100000 24 1 29
180 100000 100000 1 33
165 330 100000 2 35 37
443 100000 100000 2 23 37
256 100000 179 3 26 31 37
44 88 100000 3 17 35 37
535 100000 100000 2 38 39
90 180 100000 3 19 38 41
521 100000 365 2 23 38
329 658 100000 1 43
29 58 20 2 30 44
169 100000 100000 3 29 31 44
173 346 121 2 26 42
532 1064 372 2 24 42
