# Converted from 50_419.csv
50
481 100000 337 0
426 852 298 0
596 1192 417 0
421 842 100000 1 2
530 1060 100000 2 1 2
487 974 100000 1 2
622 100000 100000 3 3 4 5
417 100000 100000 1 5
625 1250 438 2 3 4
484 968 339 1 4
709 100000 100000 2 1 5
618 1236 433 1 5
440 880 100000 2 0 7
263 100000 100000 2 1 11
351 100000 246 2 6 7
559 1118 100000 2 3 11
625 100000 438 1 9
564 100000 100000 2 7 11
658 100000 100000 2 16 17
325 100000 227 3 3 4 12
523 100000 366 1 13
618 100000 100000 1 20
587 1174 100000 2 16 20
667 100000 467 2 17 20
495 100000 346 3 0 14 18
583 100000 100000 4 21 22 23 24
488 976 100000 3 8 21 23
452 904 316 2 21 24
491 100000 100000 3 21 23 24
351 702 100000 4 19 26 27 28
731 100000 100000 1 27
451 100000 316 3 8 27 28
554 100000 100000 1 31
665 1330 100000 1 31
761 100000 533 2 10 31
425 850 100000 1 31
530 100000 371 1 30
541 100000 100000 1 29
526 100000 368 2 29 33
398 796 100000 2 25 34
538 100000 100000 1 33
550 100000 385 2 29 36
566 100000 100000 1 34
689 100000 100000 3 22 30 34
498 100000 100000 3 34 37 40
541 1082 100000 4 25 38 41 43
498 996 349 2 39 40
342 100000 239 3 25 29 40
328 656 100000 2 38 42
532 100000 100000 1 38
