# Converted from 50_465.csv
50
170 340 100000 0
264 528 185 0
145 290 102 2 0 1
43 86 100000 2 0 1
143 286 100000 2 0 1
282 100000 100000 3 2 3 4
198 100000 100000 3 2 3 4
119 100000 83 3 2 3 4
347 694 243 3 5 6 7
23 46 16 3 5 6 7
198 100000 139 2 8 9
163 100000 100000 2 8 9
138 100000 100000 2 10 11
207 414 145 2 10 11
149 298 100000 2 10 11
308 100000 100000 3 12 13 14
69 100000 100000 3 12 13 14
101 100000 100000 3 12 13 14
131 262 100000 3 15 16 17
222 444 155 3 15 16 17
56 100000 39 3 15 16 17
228 100000 100000 3 15 16 17
32 100000 100000 3 18 19 20
124 100000 87 4 18 19 20 21
216 100000 151 2 19 20
151 302 100000 2 23 24
264 100000 100000 2 23 24
164 100000 115 2 23 24
68 100000 100000 3 25 26 27
77 154 100000 3 22 25 27
123 100000 86 1 25
164 100000 115 2 28 30
218 100000 100000 2 22 30
68 100000 48 2 22 30
54 100000 38 2 29 31
115 100000 100000 2 28 32
131 100000 92 1 31
64 128 100000 3 28 29 33
152 304 100000 2 34 35
76 100000 100000 2 36 38
182 100000 127 1 38
80 100000 56 1 38
134 268 100000 2 37 38
180 360 126 1 42
191 382 100000 1 39
74 100000 100000 2 43 44
59 100000 100000 1 43
158 316 100000 1 43
239 478 100000 2 36 47
332 100000 100000 1 47
