# Converted from 50_464.csv
50
30 100000 21 0
130 100000 100000 0
43 100000 100000 0
47 100000 33 3 0 1 2
104 100000 73 3 0 1 2
131 100000 92 3 0 1 2
126 100000 88 3 3 4 5
31 100000 22 3 3 4 5
44 100000 100000 2 6 7
50 100 100000 2 6 7
49 100000 100000 2 8 9
94 100000 66 2 8 9
41 100000 29 2 8 9
52 104 100000 3 10 11 12
261 100000 100000 3 10 11 12
123 246 86 2 13 14
172 100000 120 2 13 14
104 100000 100000 2 15 16
78 100000 100000 2 15 16
109 218 76 2 17 18
137 274 96 2 17 18
75 100000 100000 2 17 18
328 100000 100000 2 17 18
77 100000 54 3 19 20 21
60 100000 100000 4 19 20 21 22
101 202 100000 4 19 20 21 22
147 100000 100000 3 23 24 25
194 100000 136 3 23 24 25
39 78 100000 2 24 25
45 90 100000 2 24 25
103 206 100000 2 24 25
136 272 100000 4 23 28 29 30
235 470 100000 2 27 29
220 100000 154 2 31 32
156 100000 100000 2 31 32
115 230 100000 2 27 31
53 100000 100000 1 34
192 384 100000 1 34
27 54 19 1 36
129 258 100000 2 26 36
131 100000 100000 3 33 36 37
113 100000 79 1 36
65 130 46 3 26 33 41
153 306 107 2 39 41
204 100000 100000 3 37 39 41
70 100000 100000 2 42 44
242 484 100000 1 44
156 312 100000 1 42
273 546 100000 1 44
48 100000 34 3 40 46 48
