# Converted from 50_481.csv
50
647 100000 453 0
412 100000 288 0
511 1022 100000 2 0 1
439 100000 100000 2 0 1
310 620 217 2 0 1
352 100000 100000 2 0 1
571 100000 400 4 2 3 4 5
400 100000 100000 3 2 3 5
277 100000 194 3 2 3 5
691 1382 100000 3 2 3 5
621 1242 100000 4 6 7 8 9
445 890 312 4 6 7 8 9
289 100000 202 4 6 7 8 9
528 100000 370 3 10 11 12
680 1360 476 3 10 11 12
488 976 342 3 10 11 12
329 658 230 2 11 12
271 100000 190 3 13 14 15
508 100000 356 3 13 14 15
462 100000 100000 3 13 14 16
566 100000 100000 1 19
550 1100 100000 2 18 19
403 100000 100000 2 20 21
405 100000 100000 1 20
507 1014 100000 2 20 21
460 920 100000 2 20 21
442 100000 100000 3 22 23 25
446 100000 312 2 23 25
319 638 100000 2 26 27
651 1302 100000 1 27
548 1096 384 2 22 29
539 100000 100000 3 17 24 29
406 100000 100000 2 24 29
380 100000 266 4 28 30 31 32
684 1368 100000 1 33
510 100000 100000 1 33
418 100000 293 1 35
347 694 100000 1 34
355 100000 100000 2 36 37
712 1424 498 1 36
578 1156 100000 1 36
409 818 100000 1 38
484 100000 100000 2 37 40
434 100000 304 2 37 39
530 100000 100000 1 42
751 100000 100000 2 41 43
437 100000 100000 1 41
522 100000 365 3 41 43 44
467 100000 100000 2 38 44
536 1072 100000 2 43 46
