# Converted from 50_414.csv
50
318 636 223 0
429 858 100000 0
398 100000 100000 0
673 1346 100000 1 2
464 100000 100000 1 1
766 100000 536 1 1
333 100000 100000 1 1
429 100000 300 2 4 6
478 100000 100000 1 3
855 1710 100000 1 3
672 100000 100000 2 3 7
191 100000 100000 1 8
550 100000 100000 1 9
421 842 100000 2 6 8
585 100000 100000 2 10 11
553 1106 387 2 10 12
406 100000 284 3 7 11 13
600 100000 100000 2 13 14
542 1084 100000 3 14 15 16
386 100000 100000 2 14 16
513 100000 100000 2 12 14
298 596 100000 2 14 15
456 912 100000 3 14 15 16
403 806 100000 3 17 19 21
552 1104 100000 1 21
333 100000 233 2 0 18
351 100000 100000 2 15 17
607 100000 100000 2 24 26
650 100000 100000 2 23 24
664 100000 465 1 26
279 100000 100000 3 5 18 23
397 794 278 2 13 24
388 100000 100000 1 26
440 880 308 1 23
427 100000 100000 2 22 26
497 994 348 4 27 31 33 34
562 100000 393 2 19 29
569 1138 398 3 26 31 33
442 100000 309 3 19 20 27
412 100000 288 2 30 33
405 100000 284 2 29 37
333 666 233 2 29 37
524 1048 367 1 37
438 876 100000 1 35
531 100000 372 6 0 28 29 30 35 37
729 1458 510 1 37
509 1018 100000 5 0 20 39 41 42
530 100000 100000 2 38 44
481 100000 337 1 42
681 100000 100000 1 42
