# Converted from 50_457.csv
50
101 202 71 0
99 198 100000 0
210 100000 100000 0
141 100000 100000 0
113 100000 79 1 3
65 130 100000 3 0 1 3
68 100000 100000 3 2 4 5
137 274 100000 3 2 4 5
280 100000 100000 3 2 4 5
48 100000 100000 3 6 7 8
31 100000 22 3 6 7 8
40 100000 28 3 6 7 8
225 100000 158 3 9 10 11
183 366 100000 3 9 10 11
117 100000 82 3 9 10 11
145 290 102 3 12 13 14
142 100000 99 3 12 13 14
164 100000 115 3 12 13 14
149 298 100000 3 12 13 14
279 558 100000 4 15 16 17 18
141 282 100000 4 15 16 17 18
88 100000 62 2 19 20
75 150 100000 2 19 20
99 100000 69 1 20
123 100000 86 1 20
29 100000 20 2 22 23
307 614 100000 2 22 24
220 100000 100000 1 23
49 98 34 3 25 26 27
152 100000 100000 2 26 27
85 100000 100000 2 26 27
99 100000 100000 3 25 26 27
143 100000 100 2 28 30
208 100000 146 2 21 30
134 268 94 2 32 33
89 100000 62 2 29 33
323 100000 100000 1 34
143 286 100000 3 31 34 35
258 100000 181 1 35
145 100000 102 2 34 35
269 100000 100000 2 32 38
40 80 100000 2 36 37
50 100 100000 1 41
141 282 100000 1 41
258 516 100000 3 38 39 43
170 340 100000 2 42 43
48 100000 100000 1 44
138 100000 100000 1 44
180 100000 100000 1 46
118 236 100000 1 47
