# Converted from 50_456.csv
50
78 156 55 0
32 64 100000 0
232 100000 100000 0
273 546 100000 3 0 1 2
367 734 100000 3 0 1 2
188 376 132 3 0 1 2
202 100000 100000 3 0 1 2
103 100000 72 4 3 4 5 6
26 100000 100000 4 3 4 5 6
269 100000 188 4 3 4 5 6
145 290 102 3 7 8 9
207 414 100000 3 7 8 9
169 338 100000 3 7 8 9
122 244 85 3 10 11 12
43 100000 30 1 13
113 226 100000 1 13
24 100000 17 1 13
259 100000 100000 3 14 15 16
180 100000 126 3 14 15 16
235 100000 164 2 17 18
176 100000 123 2 17 18
173 100000 100000 2 17 18
98 100000 100000 3 19 20 21
74 100000 100000 3 19 20 21
23 100000 100000 3 19 20 21
78 156 55 3 22 23 24
60 120 42 3 22 23 24
115 100000 80 3 22 23 24
92 184 100000 3 25 26 27
118 100000 83 3 25 26 27
178 356 100000 2 28 29
149 100000 100000 2 28 29
71 142 100000 2 28 29
228 100000 100000 1 28
77 100000 54 2 31 32
188 100000 132 1 30
255 510 100000 2 30 31
136 100000 100000 1 31
116 100000 100000 3 33 34 35
169 338 100000 2 32 36
70 100000 49 2 33 39
49 100000 34 1 39
37 100000 100000 2 33 39
95 190 100000 1 40
320 100000 224 1 40
128 256 100000 2 38 44
243 486 100000 1 44
204 100000 100000 2 43 44
161 100000 100000 1 43
61 100000 100000 1 48
