# Converted from 50_413.csv
50
580 100000 406 0
654 100000 100000 0
471 942 330 0
714 1428 100000 2 0 1
361 100000 253 1 1
408 100000 100000 1 2
443 100000 100000 1 1
508 100000 356 2 5 6
528 1056 100000 2 5 6
480 100000 336 2 4 6
522 100000 365 1 3
399 100000 279 1 10
539 1078 377 1 7
350 100000 100000 1 8
367 734 257 2 3 9
482 100000 100000 3 8 11 12
366 100000 100000 2 11 14
531 1062 372 1 13
436 100000 100000 1 13
587 1174 100000 2 16 18
578 1156 405 2 2 16
457 100000 100000 3 15 16 17
719 100000 100000 1 18
395 100000 276 1 19
773 100000 100000 2 8 20
421 842 100000 1 21
510 100000 357 2 3 22
355 710 248 1 19
513 100000 359 3 7 20 22
197 100000 100000 1 21
675 100000 100000 1 23
505 100000 100000 2 23 25
560 1120 392 1 29
520 1040 364 1 25
529 1058 370 2 30 33
441 882 100000 1 32
627 1254 439 2 31 32
455 100000 100000 1 31
665 1330 100000 1 33
464 928 100000 2 31 32
558 1116 100000 1 39
444 100000 100000 1 35
263 100000 100000 3 26 33 39
532 1064 100000 4 26 27 32 37
531 100000 100000 2 29 38
709 100000 100000 2 28 38
516 1032 361 1 42
508 100000 100000 1 41
464 100000 100000 1 42
642 100000 100000 2 40 43
