# Converted from 50_440.csv
50
272 100000 190 0
145 100000 102 0
514 1028 100000 0
408 816 100000 0
103 206 100000 0
317 100000 100000 0
105 100000 100000 0
140 280 100000 0
27 100000 19 3 2 4 6
42 84 100000 1 2
124 248 87 1 5
257 100000 180 5 0 1 2 5 7
105 100000 74 2 0 3
476 100000 333 3 4 9 12
187 374 100000 1 9
228 456 160 2 9 10
419 100000 100000 3 4 9 12
456 100000 100000 1 13
160 320 112 3 15 16 17
71 100000 100000 2 8 17
501 100000 100000 1 17
423 846 100000 2 16 17
85 170 100000 1 21
464 928 100000 3 14 20 21
24 100000 100000 3 1 8 20
77 154 54 3 1 16 20
303 100000 100000 1 18
201 100000 141 4 11 15 22 23
275 100000 100000 5 5 8 14 21 25
497 100000 100000 5 5 8 14 21 25
148 100000 100000 4 7 14 15 22
223 100000 100000 3 18 27 29
133 100000 93 2 19 30
206 100000 100000 1 30
209 100000 100000 1 27
28 56 20 3 10 19 29
368 736 100000 2 28 30
368 736 100000 2 8 27
30 100000 100000 1 35
466 100000 326 2 19 31
109 100000 100000 2 30 35
278 556 195 1 38
152 304 106 5 32 34 38 39 40
212 100000 148 2 39 40
505 100000 354 3 24 37 40
445 890 100000 2 28 42
234 100000 164 2 42 44
55 110 100000 3 26 28 42
122 100000 85 2 33 43
290 100000 100000 3 18 41 44
