# Converted from 50_453.csv
50
259 100000 181 0
155 100000 108 0
124 248 87 0
123 100000 86 3 0 1 2
135 270 100000 1 1
119 238 100000 2 3 4
49 100000 100000 2 3 4
220 100000 154 2 5 6
191 382 100000 2 5 6
26 100000 18 2 7 8
91 100000 64 2 7 8
240 100000 168 2 7 8
350 100000 100000 2 7 8
31 100000 100000 4 9 10 11 12
73 146 100000 3 9 10 11
33 100000 23 2 9 10
217 434 100000 2 13 15
108 100000 100000 2 13 15
249 100000 174 1 14
129 258 90 2 16 17
173 100000 100000 2 16 17
202 100000 141 1 18
213 426 100000 1 18
118 236 100000 3 20 21 22
127 254 89 2 21 22
73 146 100000 3 19 21 22
77 154 100000 2 23 25
38 100000 100000 2 23 24
202 404 141 2 25 27
79 158 55 2 25 27
23 46 16 2 28 29
136 100000 100000 3 26 28 29
93 100000 100000 3 26 28 29
73 100000 51 3 26 28 29
43 100000 100000 3 30 32 33
70 140 49 2 30 32
103 100000 72 2 31 34
133 266 100000 2 31 35
256 100000 100000 2 31 35
175 100000 100000 3 31 34 35
149 100000 100000 3 36 37 39
92 184 100000 1 40
209 100000 100000 1 40
84 100000 100000 1 40
124 100000 87 1 40
94 188 100000 2 41 43
96 100000 100000 2 41 42
95 100000 100000 1 46
21 42 100000 2 43 46
55 100000 100000 1 45
