# Converted from 50_494.csv
50
530 100000 371 0
620 1240 100000 0
340 100000 100000 0
521 100000 100000 0
648 100000 100000 3 1 2 3
241 100000 169 2 1 3
418 836 100000 2 4 5
703 100000 100000 2 4 5
507 100000 100000 2 4 5
662 100000 463 2 4 5
617 1234 100000 4 6 7 8 9
537 100000 376 4 6 7 8 9
518 100000 363 4 6 7 8 9
665 1330 465 3 10 11 12
513 1026 100000 3 10 11 12
646 1292 100000 3 10 11 12
414 100000 100000 3 10 11 12
354 708 100000 4 13 14 15 16
478 956 335 1 17
631 100000 100000 1 17
702 100000 100000 2 18 19
379 100000 100000 2 18 19
520 100000 100000 3 0 20 21
565 1130 396 1 20
511 1022 358 1 20
648 100000 454 3 0 20 21
369 738 100000 2 22 24
623 1246 100000 2 22 24
315 100000 220 3 0 21 24
482 964 337 2 22 24
415 830 100000 2 26 27
562 100000 100000 2 27 29
316 100000 221 1 27
417 100000 292 3 29 30 32
417 100000 292 3 30 31 32
713 1426 100000 3 25 33 34
436 100000 100000 3 23 33 34
490 100000 343 2 33 34
453 100000 317 3 35 36 37
357 714 100000 4 28 35 36 37
372 100000 260 2 38 39
552 1104 100000 1 40
726 100000 100000 1 40
326 100000 100000 1 40
342 100000 239 1 40
498 996 349 2 41 42
528 1056 100000 2 41 43
652 100000 100000 2 45 46
678 1356 100000 1 45
463 100000 100000 1 45
