# Converted from 50_401.csv
50
258 516 100000 0
478 100000 100000 0
461 100000 323 0
713 1426 100000 0
697 100000 100000 0
503 1006 100000 0
578 100000 405 6 0 1 2 3 4 5
599 100000 419 3 0 4 5
455 100000 318 1 3
538 100000 100000 1 2
331 100000 100000 2 1 4
512 100000 358 1 9
748 100000 100000 1 6
800 100000 100000 3 5 8 9
551 100000 100000 1 6
424 848 297 3 8 11 12
447 100000 100000 3 9 10 12
448 100000 100000 1 11
440 880 308 2 4 11
436 100000 100000 1 12
722 1444 100000 2 16 17
502 1004 100000 2 7 15
439 878 307 2 11 16
376 752 100000 3 15 16 18
352 704 246 1 15
285 100000 200 1 22
448 896 100000 1 23
384 768 100000 2 19 23
722 1444 100000 2 15 22
399 100000 100000 2 19 23
638 100000 447 3 20 25 29
430 100000 301 2 26 27
342 100000 239 1 27
408 100000 286 3 7 27 30
473 946 100000 1 32
480 100000 100000 4 7 22 24 31
435 100000 304 4 13 17 25 31
427 100000 299 2 22 32
350 700 100000 3 17 22 34
706 1412 100000 2 17 35
466 932 100000 3 20 35 36
581 100000 100000 2 33 38
399 798 100000 2 29 40
596 100000 417 2 20 38
560 100000 100000 1 39
465 930 100000 3 33 38 40
428 100000 100000 2 41 43
563 100000 394 2 29 44
599 1198 419 4 13 29 43 44
348 100000 244 3 36 39 43
