# Converted from 50_439.csv
50
104 208 73 0
177 354 100000 0
229 458 160 0
215 100000 100000 0
340 680 100000 0
462 100000 100000 3 0 3 4
50 100 100000 1 0
377 100000 100000 2 0 3
484 100000 100000 1 0
152 100000 100000 3 6 7 8
504 1008 353 1 7
152 304 106 1 5
194 100000 136 2 3 6
193 100000 135 2 7 8
319 100000 223 5 9 10 11 12 13
185 100000 130 3 9 10 13
227 100000 159 2 9 10
233 100000 163 2 13 16
176 100000 100000 2 13 16
277 100000 194 3 12 13 16
173 100000 100000 2 12 16
26 100000 100000 3 17 18 20
117 100000 82 4 1 18 19 20
37 74 100000 2 19 20
513 1026 100000 2 18 20
136 100000 100000 1 21
376 752 100000 3 14 21 22
330 100000 100000 1 22
194 100000 100000 2 21 24
23 100000 100000 1 24
60 100000 42 2 14 29
193 386 100000 2 15 25
92 100000 100000 2 26 27
160 100000 100000 1 27
546 1092 382 2 2 29
205 100000 100000 1 27
266 532 186 2 1 31
511 1022 358 1 35
133 100000 93 2 23 30
94 100000 66 4 32 34 36 38
189 100000 100000 3 31 33 37
548 1096 100000 2 32 38
614 1228 100000 3 15 30 37
262 100000 100000 3 28 37 38
258 100000 100000 4 22 34 36 38
194 388 100000 2 40 44
74 100000 52 3 40 41 43
50 100 100000 3 26 43 44
331 662 232 1 43
77 154 100000 3 23 40 42
