# Converted from 50_477.csv
50
635 1270 444 0
534 100000 374 0
472 100000 100000 1 0
370 740 100000 2 0 1
410 100000 100000 1 0
421 100000 100000 2 2 3
455 100000 318 3 1 2 4
304 608 100000 3 2 3 4
603 100000 422 2 3 4
515 1030 360 4 5 6 7 8
379 758 100000 4 5 6 7 8
655 100000 100000 2 9 10
552 100000 386 2 9 10
392 784 100000 2 9 10
627 100000 100000 3 11 12 13
715 100000 100000 3 11 12 13
416 100000 100000 3 11 12 13
423 100000 100000 3 14 15 16
291 582 204 3 14 15 16
353 100000 247 3 14 15 16
511 1022 100000 2 18 19
351 702 100000 2 18 19
553 100000 387 1 19
582 1164 100000 2 20 22
652 1304 100000 1 20
427 854 299 2 17 20
544 1088 381 4 17 21 23 24
543 100000 380 3 21 22 24
431 100000 302 2 21 24
501 100000 100000 2 21 25
439 100000 100000 1 26
591 1182 100000 1 26
588 100000 100000 2 25 31
586 100000 100000 1 30
306 100000 214 1 32
673 100000 471 2 27 32
447 100000 100000 2 29 34
392 784 100000 2 29 34
517 1034 100000 3 30 34 35
362 100000 100000 3 33 36 37
386 100000 100000 4 33 36 37 38
448 896 314 3 28 39 40
369 100000 258 1 41
562 1124 100000 1 41
457 100000 100000 1 41
558 1116 100000 1 41
351 100000 246 3 42 43 44
598 100000 419 3 42 43 44
424 848 100000 1 42
731 100000 512 3 43 44 45
