# Converted from 50_410.csv
50
512 1024 358 0
318 100000 223 0
559 100000 100000 0
412 824 100000 0
488 976 100000 1 0
550 100000 385 2 0 2
686 100000 100000 1 3
375 100000 100000 2 1 3
477 954 100000 1 1
411 822 288 1 1
588 1176 100000 3 4 6 8
234 468 164 2 4 6
465 100000 100000 1 8
315 100000 220 1 10
283 566 100000 2 10 12
759 1518 100000 2 5 12
797 1594 100000 3 4 5 12
698 100000 489 4 9 13 14 15
763 1526 100000 2 14 15
548 1096 384 2 13 15
288 100000 100000 1 15
572 100000 400 2 13 15
450 100000 100000 1 17
479 958 100000 2 11 20
579 100000 405 1 18
532 100000 372 1 22
123 246 100000 2 21 23
302 100000 100000 1 22
593 100000 415 2 9 23
159 318 100000 1 26
455 910 318 1 28
715 100000 100000 3 16 27 28
404 100000 100000 1 28
508 100000 100000 4 9 16 24 26
473 100000 100000 3 16 22 28
662 1324 463 2 25 34
652 1304 100000 3 30 31 33
517 100000 362 3 21 30 34
481 100000 100000 2 29 31
444 100000 100000 2 21 32
295 100000 206 3 14 19 29
328 656 230 2 35 39
678 100000 100000 2 35 38
652 100000 456 1 38
635 100000 100000 2 31 40
524 100000 367 2 35 40
501 1002 100000 1 41
445 100000 100000 2 36 43
657 100000 100000 2 37 42
620 100000 434 3 36 41 45
