# Converted from 50_462.csv
50
40 100000 100000 0
67 134 47 0
151 302 100000 0
73 100000 100000 3 0 1 2
248 100000 100000 3 0 1 2
217 434 100000 3 0 1 2
85 100000 100000 3 0 1 2
91 100000 64 4 3 4 5 6
102 100000 71 4 3 4 5 6
90 100000 63 2 7 8
62 100000 100000 2 7 8
107 100000 100000 2 7 8
187 100000 131 3 9 10 11
252 100000 100000 3 9 10 11
183 366 128 3 9 10 11
48 96 34 3 12 13 14
85 170 100000 1 15
115 230 80 1 15
150 100000 100000 1 16
139 278 100000 1 17
163 100000 100000 2 18 19
195 100000 100000 2 18 19
168 336 118 1 18
108 216 76 2 17 18
227 100000 100000 2 21 23
72 144 50 2 21 23
54 108 38 2 24 25
207 414 145 2 24 25
125 250 88 2 24 25
140 100000 100000 3 26 27 28
103 100000 100000 3 26 27 28
112 100000 78 4 22 26 27 28
340 680 238 2 22 29
200 100000 140 2 29 31
137 274 96 2 29 31
67 134 100000 2 29 31
226 100000 158 2 34 35
59 100000 100000 3 33 34 35
26 100000 100000 2 31 32
73 100000 100000 1 33
120 100000 100000 2 30 37
46 100000 100000 2 37 38
270 100000 100000 2 40 41
175 100000 100000 3 36 39 42
131 262 100000 3 20 36 42
222 444 100000 1 42
197 100000 100000 1 43
53 100000 37 1 43
281 562 100000 2 43 45
53 100000 100000 2 39 45
