# Converted from 50_497.csv
50
420 100000 294 0
623 1246 436 0
539 100000 377 0
441 100000 100000 0
448 100000 100000 4 0 1 2 3
407 814 285 4 0 1 2 3
505 1010 354 4 0 1 2 3
445 890 100000 4 0 1 2 3
346 100000 242 4 4 5 6 7
747 1494 523 4 4 5 6 7
593 100000 100000 4 4 5 6 7
394 788 100000 3 8 9 10
456 100000 100000 3 8 9 10
468 936 100000 2 11 12
606 100000 100000 2 11 12
535 1070 100000 2 11 12
688 100000 100000 3 13 14 15
500 100000 100000 3 13 14 15
388 100000 100000 3 13 14 15
640 100000 100000 3 13 14 15
337 100000 100000 3 13 14 15
450 900 100000 5 16 17 18 19 20
481 100000 100000 1 21
615 1230 100000 1 21
538 100000 377 1 21
505 1010 354 1 21
649 1298 100000 4 22 23 24 25
266 100000 186 3 22 24 25
677 1354 100000 2 22 24
510 100000 100000 2 22 23
473 946 100000 1 27
474 100000 332 1 26
433 866 303 1 30
522 1044 365 2 23 32
458 100000 321 2 31 32
577 100000 404 2 33 34
596 100000 417 2 29 34
543 100000 100000 2 26 33
578 100000 100000 1 35
519 100000 100000 1 35
391 782 274 3 29 37 38
453 100000 317 3 29 38 39
405 810 100000 2 29 38
432 864 100000 3 36 38 39
691 1382 100000 2 40 43
269 100000 100000 1 44
426 100000 298 2 41 44
349 100000 244 1 44
648 100000 100000 3 42 45 47
395 100000 100000 2 42 45
