# Converted from 50_4.csv
50
68 136 48 0
233 100000 163 0
119 100000 100000 0
238 100000 100000 0
112 224 100000 0
216 100000 151 0
250 500 175 0
153 100000 107 1 1
142 100000 100000 1 2
38 100000 27 1 3
86 172 60 1 1
55 110 100000 1 3
86 100000 100000 1 2
46 92 100000 1 4
111 100000 100000 1 11
107 214 100000 1 8
81 100000 100000 1 7
198 396 139 1 9
303 606 212 1 12
186 100000 100000 1 18
182 100000 127 1 18
117 100000 82 1 15
147 100000 100000 1 16
198 100000 139 1 17
105 100000 100000 1 18
224 100000 157 1 24
62 124 100000 1 21
72 100000 100000 1 22
206 412 100000 1 23
124 100000 87 2 9 24
82 100000 57 1 24
67 134 100000 5 0 14 19 20 25
121 242 100000 1 27
64 128 100000 1 28
169 100000 100000 1 26
170 100000 119 1 29
164 328 100000 1 31
82 164 57 1 31
48 100000 100000 1 31
231 100000 100000 1 31
249 100000 100000 1 32
176 100000 100000 1 33
143 286 100000 1 35
158 316 111 1 41
211 422 100000 1 40
33 100000 100000 1 36
105 100000 74 1 39
55 100000 100000 1 37
33 66 23 1 37
77 100000 100000 1 37
