# Converted from 50_44.csv
50
580 1160 100000 0
448 896 100000 0
582 100000 100000 0
617 1234 432 0
520 1040 364 0
276 100000 193 0
530 100000 100000 0
463 100000 100000 0
385 100000 270 1 6
379 100000 265 1 4
627 100000 100000 1 5
247 494 173 1 7
417 100000 292 1 5
368 736 258 5 0 1 2 3 8
328 656 100000 1 9
384 768 269 1 10
467 100000 100000 1 10
732 100000 100000 1 11
550 1100 100000 1 12
533 100000 373 1 13
430 860 100000 1 13
379 758 100000 1 13
281 100000 100000 1 13
426 100000 100000 1 13
535 1070 100000 1 14
494 100000 100000 1 15
326 100000 100000 2 13 17
455 910 318 1 18
346 692 100000 1 19
758 100000 531 1 19
448 100000 100000 1 24
581 100000 407 1 25
321 100000 225 1 26
458 916 100000 1 26
389 778 272 1 23
688 100000 482 1 22
551 100000 100000 1 28
504 100000 353 1 29
455 100000 100000 1 31
410 100000 100000 1 34
367 100000 257 1 35
537 100000 376 1 36
596 100000 100000 1 37
364 728 255 1 38
372 100000 100000 1 39
509 1018 100000 1 38
512 1024 100000 1 40
344 100000 100000 1 38
515 1030 100000 1 45
530 100000 100000 1 43
