# Converted from 50_455.csv
50
158 100000 100000 0
99 100000 69 0
34 68 100000 0
56 100000 39 3 0 1 2
126 100000 88 3 0 1 2
29 100000 100000 3 0 1 2
21 100000 100000 3 3 4 5
144 100000 101 3 3 4 5
236 100000 165 2 6 7
43 100000 100000 2 6 7
160 320 100000 2 6 7
248 100000 100000 2 6 7
112 224 100000 4 8 9 10 11
153 306 100000 3 8 9 10
121 100000 100000 2 12 13
48 100000 100000 2 12 13
226 100000 158 1 13
67 100000 100000 1 15
109 100000 100000 2 15 16
122 244 85 2 17 18
31 100000 22 2 17 18
60 120 42 2 17 18
99 100000 100000 3 19 20 21
54 100000 100000 3 19 20 21
137 274 100000 2 22 23
103 100000 72 2 22 23
142 284 100000 2 22 23
109 218 76 2 24 26
135 100000 100000 2 24 26
71 100000 50 2 25 26
89 178 100000 2 24 26
103 100000 100000 4 27 28 29 30
222 444 100000 3 28 29 30
117 100000 100000 3 28 29 30
67 100000 100000 2 32 33
23 100000 100000 3 31 32 33
162 324 113 3 27 32 33
45 100000 100000 2 35 36
213 426 100000 2 34 36
166 332 116 1 37
73 100000 51 1 37
50 100 100000 1 39
90 180 63 1 39
181 100000 100000 2 40 42
40 80 100000 4 14 40 41 42
137 274 100000 1 44
304 608 213 2 34 43
112 100000 78 2 38 43
104 208 73 2 14 43
85 100000 59 1 43
