# Converted from 50_449.csv
50
153 306 100000 0
86 100000 100000 0
83 100000 58 0
121 100000 100000 0
150 100000 100000 2 1 3
206 412 100000 3 0 1 3
42 100000 29 3 0 1 3
136 272 95 1 1
151 302 100000 3 4 5 6
259 518 100000 1 5
142 100000 100000 2 4 7
207 100000 145 2 4 6
111 222 78 3 6 9 10
387 774 271 1 9
514 1028 100000 3 7 9 11
146 100000 100000 2 0 10
145 290 100000 2 9 10
496 100000 347 3 12 13 15
32 64 22 3 2 12 14
55 110 100000 2 6 15
220 100000 100000 1 16
93 100000 100000 2 8 12
87 100000 61 1 17
320 100000 224 2 8 20
227 100000 159 4 2 14 19 21
336 100000 100000 1 21
68 136 48 4 8 12 19 20
173 346 100000 3 19 23 25
71 142 100000 3 2 14 23
523 100000 366 2 24 26
455 910 318 2 21 26
303 100000 100000 2 17 25
391 100000 100000 2 30 31
207 100000 145 1 28
24 100000 100000 2 16 31
534 100000 100000 3 2 27 30
301 100000 100000 1 30
76 100000 53 2 21 28
56 100000 100000 2 25 29
342 100000 100000 3 29 32 33
112 100000 78 2 32 38
24 100000 100000 3 2 11 34
455 910 100000 2 18 38
307 100000 100000 2 30 38
241 100000 100000 1 43
127 254 89 3 22 27 42
474 948 332 4 18 33 35 44
369 100000 100000 3 28 34 44
91 182 100000 3 18 34 44
45 90 31 3 22 27 44
