# Converted from 50_478.csv
50
370 740 100000 0
548 1096 100000 0
541 100000 100000 0
367 734 257 3 0 1 2
359 718 251 3 0 1 2
493 986 100000 2 3 4
234 468 100000 2 3 4
667 100000 100000 2 5 6
482 100000 337 2 5 6
540 100000 100000 2 7 8
326 100000 100000 2 7 8
662 1324 463 2 9 10
605 1210 100000 2 9 10
390 100000 273 2 11 12
571 1142 100000 1 13
441 100000 309 1 13
485 100000 340 1 13
625 100000 100000 3 14 15 16
481 100000 100000 3 14 15 16
635 100000 444 3 14 15 16
578 1156 405 3 14 15 16
671 100000 100000 4 17 18 19 20
638 100000 100000 4 17 18 19 20
338 676 237 2 21 22
600 100000 420 2 21 22
503 100000 100000 2 21 22
378 100000 100000 2 23 24
303 606 100000 2 23 24
612 1224 428 3 23 24 25
329 100000 100000 3 26 27 28
750 100000 525 3 26 27 28
440 880 100000 3 26 27 28
441 882 100000 1 29
485 100000 340 2 29 30
520 100000 100000 2 29 30
624 100000 100000 1 29
583 1166 408 2 31 35
790 100000 553 2 31 35
336 100000 100000 1 32
617 100000 100000 2 33 37
599 100000 100000 3 30 36 38
350 100000 245 1 36
604 100000 423 2 35 38
590 100000 100000 2 37 42
280 560 100000 2 38 41
558 100000 100000 2 38 39
582 1164 407 1 43
477 100000 100000 3 34 43 45
491 982 344 3 33 43 44
402 804 100000 4 40 43 44 45
