# Converted from 50_403.csv
50
540 1080 100000 0
493 100000 345 0
455 100000 318 0
482 100000 100000 0
789 100000 100000 0
563 100000 100000 1 1
546 1092 100000 1 2
716 100000 501 2 0 1
428 856 100000 1 4
626 1252 100000 2 6 8
620 100000 100000 2 3 6
470 100000 100000 2 4 7
619 1238 100000 2 4 6
634 1268 444 4 3 5 7 8
714 100000 500 2 9 10
462 100000 100000 2 11 14
437 874 306 2 12 14
541 100000 379 1 14
595 100000 100000 1 14
574 100000 100000 1 14
475 950 332 3 5 17 19
565 100000 100000 3 0 16 17
387 100000 271 2 17 19
448 100000 100000 2 16 19
545 100000 100000 1 15
473 100000 331 2 21 24
466 932 326 2 15 22
800 1600 100000 2 21 24
570 100000 100000 2 21 24
634 100000 444 1 28
490 100000 100000 2 27 28
538 1076 377 3 20 24 26
338 676 100000 1 25
567 100000 397 2 12 31
501 1002 100000 3 26 27 32
630 1260 100000 1 29
440 100000 308 1 30
657 100000 460 1 32
559 100000 100000 4 18 26 29 30
553 100000 100000 2 22 35
367 734 100000 2 25 38
568 100000 398 2 36 37
424 848 100000 2 34 38
468 936 328 1 34
619 1238 100000 2 30 39
384 768 100000 3 30 39 43
524 100000 100000 2 30 43
603 100000 100000 2 33 39
432 864 302 3 23 33 41
528 100000 370 2 33 41
