# Converted from 50_485.csv
50
715 100000 500 0
413 100000 100000 0
215 430 100000 2 0 1
546 100000 382 2 0 1
395 790 100000 2 2 3
479 100000 100000 2 2 3
725 1450 507 2 2 3
524 100000 100000 2 2 3
617 100000 432 4 4 5 6 7
432 100000 302 4 4 5 6 7
591 100000 100000 4 4 5 6 7
684 100000 100000 4 4 5 6 7
702 100000 100000 4 8 9 10 11
504 1008 353 4 8 9 10 11
421 100000 295 4 8 9 10 11
709 100000 100000 3 12 13 14
490 980 343 3 12 13 14
356 712 100000 3 12 13 14
586 100000 410 3 15 16 17
368 100000 100000 3 15 16 17
595 1190 416 2 18 19
506 100000 100000 2 18 19
467 100000 100000 2 20 21
448 100000 100000 2 20 21
607 100000 425 2 22 23
800 100000 100000 2 22 23
385 770 270 2 22 23
479 958 335 2 22 23
508 100000 100000 3 24 26 27
443 100000 100000 1 28
416 100000 100000 1 28
616 1232 100000 2 29 30
497 994 100000 2 29 30
210 420 100000 1 30
408 816 100000 3 31 32 33
584 100000 100000 2 31 32
827 1654 579 1 31
492 984 344 4 25 31 32 33
549 100000 384 3 25 34 35
586 100000 100000 3 25 33 36
649 100000 100000 3 25 33 36
356 712 100000 2 37 39
405 100000 284 1 38
611 100000 428 1 40
522 100000 365 1 42
610 100000 100000 1 41
499 998 100000 3 37 40 44
338 676 237 2 37 44
606 1212 100000 2 43 44
457 914 100000 1 44
