# Converted from 50_448.csv
50
250 500 175 0
314 628 100000 0
475 950 100000 0
125 100000 88 1 0
62 100000 100000 1 1
311 622 100000 1 0
454 100000 100000 1 0
363 726 100000 1 1
540 100000 378 3 4 6 7
113 226 100000 2 4 6
115 100000 100000 1 5
253 100000 177 1 5
52 100000 36 1 9
109 100000 76 1 8
177 354 124 2 1 11
193 100000 100000 1 8
168 100000 100000 3 12 14 15
104 208 100000 2 13 14
350 100000 245 1 13
439 100000 100000 2 4 14
60 120 42 2 17 18
349 100000 100000 1 19
63 100000 44 2 16 18
205 100000 100000 2 3 16
90 180 100000 1 23
492 984 344 1 21
389 778 272 1 22
108 100000 76 3 2 7 21
160 100000 100000 2 19 22
484 968 339 2 21 23
339 100000 237 3 10 24 27
119 238 100000 1 28
576 100000 100000 3 17 24 26
198 396 139 4 3 17 25 27
279 558 100000 2 13 29
231 100000 100000 3 26 27 34
118 100000 100000 3 18 24 34
163 326 114 2 30 31
209 418 100000 2 19 32
256 100000 100000 3 20 30 36
152 100000 100000 2 31 38
228 100000 100000 2 33 38
296 100000 100000 4 2 10 21 38
106 212 74 2 29 42
432 864 100000 1 39
163 100000 100000 3 31 39 41
255 100000 100000 2 30 40
126 100000 88 1 41
132 100000 100000 2 38 39
128 100000 90 2 29 42
