# Converted from 50_467.csv
50
247 494 173 0
145 100000 100000 1 0
204 100000 143 1 0
238 476 167 2 1 2
160 100000 112 2 1 2
62 100000 100000 2 1 2
43 86 30 3 3 4 5
64 100000 100000 3 3 4 5
174 100000 100000 3 3 4 5
177 354 100000 3 6 7 8
358 100000 251 3 6 7 8
45 100000 100000 3 6 7 8
96 100000 67 1 10
158 100000 100000 2 9 10
24 100000 17 2 9 10
221 442 100000 2 12 14
158 316 100000 2 13 14
89 100000 100000 2 12 14
289 578 100000 1 14
225 450 100000 4 15 16 17 18
119 100000 83 1 19
220 440 100000 1 19
132 100000 100000 2 20 21
216 100000 100000 2 20 21
192 100000 100000 3 11 20 21
90 100000 63 3 22 23 24
80 160 100000 3 11 22 23
227 454 100000 2 22 23
274 548 100000 3 22 23 24
273 100000 100000 2 25 27
54 108 38 2 26 28
120 240 84 3 24 26 27
204 100000 100000 2 26 28
224 448 100000 2 29 32
224 100000 157 1 30
132 264 92 2 29 30
82 164 100000 2 33 35
267 100000 100000 3 27 32 34
172 100000 100000 2 32 35
39 78 27 2 29 37
158 100000 100000 2 31 36
262 100000 100000 1 36
192 100000 134 1 40
97 100000 68 2 39 40
21 100000 100000 4 38 41 42 43
32 100000 22 3 41 42 43
263 526 100000 1 43
143 100000 100 2 45 46
91 100000 64 3 44 45 46
162 324 100000 1 45
