# Converted from 50_499.csv
50
405 100000 100000 0
666 100000 100000 0
503 1006 352 0
657 100000 100000 3 0 1 2
386 100000 270 3 0 1 2
568 1136 100000 2 3 4
497 994 348 2 3 4
527 100000 100000 2 3 4
518 1036 100000 3 5 6 7
518 100000 100000 3 5 6 7
492 984 100000 3 5 6 7
705 100000 100000 3 5 6 7
483 100000 100000 4 8 9 10 11
492 984 344 1 12
594 100000 416 1 12
567 1134 100000 1 12
553 100000 387 3 13 14 15
452 100000 316 3 13 14 15
139 100000 100000 3 13 14 15
653 1306 457 3 16 17 18
599 1198 100000 3 16 17 18
606 1212 100000 2 19 20
467 934 100000 2 19 20
651 100000 456 2 19 20
509 100000 100000 3 21 22 23
452 100000 100000 2 21 22
708 100000 100000 2 24 25
503 100000 100000 2 24 25
665 1330 465 2 24 25
473 100000 100000 2 24 25
297 594 100000 2 26 27
443 886 100000 2 26 28
368 100000 258 1 26
631 100000 442 2 26 29
369 100000 258 2 31 32
376 100000 100000 3 27 31 32
604 100000 100000 2 30 34
559 100000 391 2 30 34
537 1074 376 3 30 33 34
457 100000 100000 3 35 36 37
540 1080 378 4 29 35 36 37
344 688 100000 3 29 36 37
502 1004 100000 1 39
488 100000 342 2 40 41
422 100000 295 1 40
587 100000 411 2 29 42
603 1206 100000 1 43
414 100000 290 2 39 43
487 974 100000 2 46 47
505 100000 100000 1 46
