# Converted from 50_452.csv
50
189 100000 100000 0
200 400 100000 0
70 140 100000 0
128 100000 90 3 0 1 2
161 322 100000 3 0 1 2
184 368 129 3 0 1 2
234 100000 164 3 0 1 2
52 100000 100000 4 3 4 5 6
287 100000 100000 4 3 4 5 6
64 100000 100000 2 7 8
182 100000 100000 2 7 8
58 116 100000 2 7 8
138 100000 100000 2 7 8
118 100000 83 4 9 10 11 12
218 436 153 4 9 10 11 12
83 166 100000 4 9 10 11 12
254 508 178 3 13 14 15
142 284 99 3 13 14 15
200 100000 140 2 16 17
51 100000 36 2 16 17
45 90 100000 2 18 19
41 100000 100000 2 18 19
104 100000 100000 2 20 21
155 100000 100000 2 20 21
30 100000 21 2 22 23
138 276 97 2 22 23
33 100000 23 2 22 23
167 334 100000 2 24 25
236 100000 100000 3 24 25 26
99 100000 69 2 24 25
115 230 100000 2 24 25
107 100000 75 1 27
241 100000 169 1 28
92 100000 64 2 31 32
183 100000 100000 1 31
239 100000 100000 2 33 34
122 100000 100000 3 29 33 34
115 230 80 2 33 34
333 666 100000 2 36 37
67 134 100000 2 35 37
338 100000 237 2 35 36
31 100000 22 2 29 39
159 100000 100000 1 40
111 100000 100000 2 30 39
107 100000 100000 1 38
185 100000 100000 2 42 43
137 274 100000 2 29 43
61 122 43 2 41 43
236 472 100000 2 45 46
123 246 100000 2 45 46
