# Converted from 50_416.csv
50
478 956 335 0
628 100000 440 0
444 100000 100000 0
515 100000 100000 0
366 100000 256 1 2
572 1144 100000 2 0 2
685 1370 100000 3 0 1 2
491 100000 100000 1 1
462 100000 100000 2 0 1
610 1220 100000 2 1 2
613 100000 100000 3 0 2 3
598 100000 100000 4 4 5 8 10
340 100000 238 1 4
384 100000 269 1 4
369 100000 100000 3 1 4 10
629 1258 440 2 7 11
423 846 296 2 7 11
568 100000 398 2 11 13
419 100000 293 1 11
427 854 100000 1 16
416 832 291 2 12 16
460 920 100000 2 13 15
521 100000 100000 3 14 15 17
509 1018 356 2 7 17
614 100000 430 3 7 13 18
497 100000 100000 4 6 20 21 22
497 100000 348 2 16 22
528 100000 100000 2 9 25
395 790 276 2 25 26
583 100000 100000 3 24 25 26
433 100000 100000 1 26
424 100000 297 1 25
639 1278 100000 1 27
506 1012 100000 1 29
630 100000 100000 1 30
363 726 100000 2 27 30
410 100000 100000 3 21 24 30
535 100000 100000 1 30
420 840 294 3 28 34 35
270 100000 100000 1 37
370 100000 259 2 23 34
522 100000 365 2 24 32
412 824 288 2 24 39
643 1286 100000 2 26 41
384 100000 100000 2 38 42
593 1186 100000 3 36 38 43
566 1132 100000 3 34 35 42
588 100000 412 2 31 42
518 100000 100000 1 43
492 984 100000 1 42
