# Converted from 50_429.csv
50
117 234 82 0
71 142 50 0
470 940 100000 0
142 100000 100000 0
188 376 100000 3 1 2 3
160 100000 112 3 0 1 3
117 234 100000 2 0 1
185 100000 130 2 5 6
215 100000 100000 1 5
208 416 100000 3 4 5 6
226 100000 100000 2 2 6
566 100000 100000 1 7
203 100000 100000 2 7 8
194 100000 136 2 7 10
156 312 109 1 7
34 100000 24 1 9
235 100000 100000 2 11 13
274 100000 192 3 11 14 15
201 100000 141 1 13
108 216 76 2 12 15
98 196 69 3 10 12 14
100 100000 70 2 13 17
532 1064 100000 1 18
323 646 100000 2 13 20
504 1008 100000 2 12 18
170 100000 119 2 16 17
413 100000 100000 2 16 18
216 432 100000 4 11 19 22 23
415 100000 100000 2 22 23
39 100000 100000 2 22 23
448 896 100000 2 16 28
69 100000 48 2 25 28
73 100000 100000 2 9 29
126 100000 100000 1 29
220 440 100000 2 28 29
101 100000 71 3 9 30 34
177 354 100000 2 16 32
223 100000 100000 4 21 24 28 32
326 652 228 1 33
142 100000 99 3 30 32 33
507 100000 100000 2 35 38
199 100000 100000 1 38
73 100000 51 1 36
221 442 100000 1 36
347 100000 100000 1 40
162 100000 113 2 40 43
71 142 100000 2 37 40
104 100000 73 4 27 34 37 42
70 140 100000 3 27 36 41
43 100000 100000 2 32 41
