# Converted from 50_458.csv
50
272 544 190 0
203 100000 142 0
205 100000 144 0
22 44 15 3 0 1 2
229 458 100000 2 1 2
145 100000 102 3 0 1 2
145 100000 102 3 0 1 2
193 386 135 4 3 4 5 6
114 100000 100000 4 3 4 5 6
143 286 100 4 3 4 5 6
231 100000 100000 3 4 5 6
231 100000 100000 3 3 4 6
59 100000 41 4 7 8 10 11
254 100000 100000 3 8 10 11
36 72 100000 2 12 13
185 100000 100000 2 12 13
239 100000 167 2 12 13
70 140 100000 4 9 14 15 16
185 100000 100000 4 9 14 15 16
86 100000 100000 2 17 18
69 100000 100000 2 17 18
125 250 88 2 17 18
231 100000 100000 3 19 20 21
157 100000 100000 1 22
132 264 92 1 23
54 100000 100000 1 23
189 378 100000 1 23
29 100000 100000 1 23
253 506 177 4 24 25 26 27
150 300 100000 4 24 25 26 27
54 108 38 2 28 29
176 100000 100000 2 28 29
88 176 62 2 28 29
55 100000 38 1 31
119 238 100000 3 30 31 32
39 100000 100000 1 32
99 198 100000 1 32
67 100000 47 2 34 35
227 100000 100000 2 31 35
100 100000 100000 1 37
80 100000 100000 1 37
73 146 51 1 38
196 100000 100000 3 39 40 41
176 352 100000 2 40 41
128 256 100000 1 40
128 100000 100000 3 33 38 39
62 100000 100000 3 41 44 45
62 100000 43 2 38 44
61 122 100000 2 42 44
271 100000 190 2 46 48
