# Converted from 50_451.csv
50
143 286 100 0
224 100000 100000 0
98 100000 69 2 0 1
81 100000 100000 1 1
57 100000 40 2 2 3
210 100000 100000 2 2 3
226 100000 100000 2 4 5
269 100000 100000 1 6
162 100000 113 1 6
200 100000 100000 1 6
75 150 100000 3 7 8 9
212 100000 148 3 7 8 9
114 228 80 3 7 8 9
103 100000 100000 1 12
181 362 127 1 12
135 100000 100000 1 12
130 260 100000 4 11 13 14 15
62 124 43 3 13 14 15
260 520 100000 3 13 14 15
247 100000 100000 4 11 13 14 15
116 100000 81 5 10 16 17 18 19
223 446 156 5 10 16 17 18 19
151 302 100000 4 16 17 18 19
57 114 100000 3 20 21 22
242 484 100000 3 20 21 22
341 100000 100000 2 23 24
72 144 50 2 23 24
228 456 160 1 23
48 96 100000 1 27
64 100000 45 2 26 27
209 100000 100000 2 28 29
80 100000 100000 1 28
113 226 100000 2 25 28
207 100000 145 3 30 31 32
138 100000 100000 2 31 32
247 100000 173 2 31 32
164 328 115 2 33 34
190 100000 100000 2 33 34
126 100000 100000 1 37
93 100000 65 1 37
39 100000 100000 2 35 37
84 168 100000 1 36
230 460 100000 1 38
114 100000 80 2 36 40
78 100000 100000 2 38 41
168 100000 100000 1 38
144 100000 101 2 38 41
129 258 100000 2 45 46
185 100000 130 3 42 43 45
94 188 100000 2 43 46
