# Converted from 50_472.csv
50
137 100000 100000 0
308 616 100000 0
145 290 100000 0
63 126 44 2 1 2
129 100000 100000 2 1 2
37 74 26 2 1 2
64 100000 45 3 3 4 5
162 324 100000 3 3 4 5
141 100000 100000 4 0 3 4 5
91 100000 64 4 0 3 4 5
168 336 118 4 6 7 8 9
122 100000 100000 4 6 7 8 9
134 100000 94 2 10 11
108 100000 100000 2 10 11
153 306 100000 2 10 11
214 100000 150 3 12 13 14
268 536 100000 3 12 13 14
121 100000 85 2 15 16
139 278 100000 2 15 16
73 100000 100000 2 17 18
132 100000 100000 2 17 18
110 100000 77 2 17 18
178 100000 100000 2 17 18
105 100000 100000 2 17 18
162 100000 113 5 19 20 21 22 23
146 100000 102 5 19 20 21 22 23
137 100000 100000 5 19 20 21 22 23
166 332 100000 3 24 25 26
206 100000 100000 1 27
87 100000 100000 1 27
126 252 100000 1 27
207 414 100000 1 27
67 134 100000 4 28 29 30 31
42 100000 100000 3 28 29 31
165 100000 115 2 28 30
140 280 98 2 28 30
170 100000 100000 2 30 33
123 246 86 2 34 35
224 448 157 2 33 37
193 386 100000 1 37
154 100000 100000 2 35 36
196 100000 137 1 40
205 410 100000 2 38 41
122 100000 85 1 41
91 100000 100000 1 42
252 100000 176 1 43
259 518 100000 1 42
130 260 91 2 37 45
216 100000 100000 3 38 39 45
115 100000 80 2 44 45
