# Converted from 50_492.csv
50
315 630 100000 0
302 604 211 1 0
656 1312 459 1 0
582 100000 100000 1 0
257 100000 100000 3 1 2 3
482 964 337 3 1 2 3
731 100000 100000 3 1 2 3
451 100000 100000 3 4 5 6
536 1072 375 3 4 5 6
350 100000 245 3 4 5 6
492 100000 100000 3 4 5 6
354 100000 100000 4 7 8 9 10
271 100000 190 4 7 8 9 10
510 100000 100000 4 7 8 9 10
453 906 317 3 11 12 13
239 100000 100000 3 11 12 13
299 598 209 3 11 12 13
476 100000 333 3 11 12 13
565 100000 100000 4 14 15 16 17
401 802 100000 4 14 15 16 17
488 976 100000 2 18 19
294 588 206 2 18 19
683 100000 478 2 18 19
476 100000 100000 2 18 19
447 894 100000 4 20 21 22 23
405 100000 100000 4 20 21 22 23
563 100000 100000 4 20 21 22 23
360 720 252 2 24 25
475 100000 100000 2 24 25
616 100000 431 2 24 25
539 100000 100000 2 28 29
395 790 100000 1 28
372 744 100000 1 31
551 100000 386 2 27 30
410 100000 100000 1 33
596 100000 100000 1 34
511 1022 100000 2 31 35
523 100000 100000 2 32 35
517 100000 362 2 32 35
214 100000 150 2 36 38
544 100000 100000 1 38
629 100000 440 3 36 37 38
526 1052 100000 1 40
215 430 100000 2 39 41
560 1120 100000 1 40
599 100000 419 2 40 41
626 1252 438 1 44
516 100000 100000 2 26 42
611 100000 428 1 42
676 1352 100000 3 37 42 44
