# Converted from 50_496.csv
50
455 100000 100000 0
411 100000 100000 1 0
538 1076 100000 1 0
422 100000 295 1 0
405 810 284 1 0
429 100000 100000 3 1 3 4
461 100000 100000 3 1 3 4
511 100000 100000 3 1 3 4
546 100000 100000 3 5 6 7
445 100000 100000 3 5 6 7
541 100000 379 2 8 9
698 100000 100000 2 8 9
565 1130 100000 2 8 9
560 1120 392 3 10 11 12
599 1198 100000 3 10 11 12
566 100000 100000 4 2 10 11 12
574 1148 402 3 13 14 15
203 100000 142 3 13 14 15
594 100000 100000 3 13 14 15
436 100000 305 3 13 14 15
323 646 226 3 13 14 15
421 100000 100000 5 16 17 18 19 20
526 100000 368 5 16 17 18 19 20
484 100000 339 2 21 22
345 100000 241 2 21 22
470 100000 329 2 21 22
419 838 100000 2 23 25
425 100000 100000 1 23
691 1382 100000 1 23
440 880 100000 3 26 27 28
487 100000 100000 2 26 27
593 1186 415 3 26 27 28
476 100000 333 2 29 30
414 828 100000 3 24 28 30
371 100000 100000 2 30 31
513 100000 359 1 34
416 100000 100000 1 35
747 1494 523 1 35
434 868 304 1 35
578 100000 100000 3 24 36 37
632 1264 100000 2 24 37
474 948 100000 3 24 32 37
484 100000 100000 4 38 39 40 41
342 684 100000 3 38 39 40
601 100000 100000 3 29 38 40
626 1252 100000 2 43 44
530 1060 371 2 43 44
410 100000 100000 3 33 42 44
482 964 337 1 47
317 100000 222 2 45 47
