# Converted from 50_417.csv
50
369 100000 258 0
417 834 100000 0
465 100000 326 0
597 1194 100000 0
403 100000 282 1 2
514 1028 100000 1 1
500 1000 100000 1 3
599 100000 419 1 3
289 578 202 3 4 5 7
730 1460 511 2 2 6
590 100000 100000 2 5 7
525 100000 100000 2 6 7
576 100000 100000 2 4 7
658 100000 100000 2 10 11
468 100000 328 2 0 11
385 100000 100000 1 8
482 100000 337 1 10
339 678 100000 2 9 12
648 100000 454 1 10
512 100000 100000 3 14 17 18
661 1322 463 3 13 15 17
430 100000 100000 1 16
505 100000 354 1 19
880 100000 100000 3 0 4 21
352 100000 100000 2 19 21
548 1096 384 1 24
393 100000 100000 1 24
460 920 100000 1 24
395 790 276 2 21 22
350 100000 245 3 13 25 28
575 100000 100000 2 8 27
578 100000 405 2 27 28
533 1066 373 3 23 25 28
517 100000 362 1 27
424 848 100000 1 31
481 962 100000 1 31
662 1324 100000 1 30
373 100000 100000 1 32
472 100000 330 2 30 33
559 1118 100000 1 30
404 100000 100000 1 35
667 100000 100000 1 38
710 100000 100000 2 36 38
507 1014 355 2 31 38
627 1254 100000 3 35 37 39
447 894 100000 1 39
662 100000 100000 1 43
434 100000 100000 2 40 44
472 944 330 2 13 45
860 100000 100000 2 23 43
