# Converted from 50_402.csv
50
549 1098 100000 0
600 1200 420 0
512 100000 358 0
382 100000 100000 0
437 100000 306 0
452 904 100000 0
442 100000 309 1 5
278 100000 195 2 2 5
381 762 100000 1 5
667 100000 100000 2 0 4
649 1298 100000 1 4
501 1002 100000 4 6 7 8 10
716 100000 100000 3 8 9 10
334 100000 234 2 6 8
375 100000 100000 4 0 3 7 13
489 978 100000 1 12
483 966 338 1 11
691 100000 100000 2 2 12
435 870 100000 1 11
464 100000 325 1 14
435 100000 304 3 0 1 18
467 934 327 1 19
489 100000 100000 2 9 20
549 100000 384 2 12 20
223 446 100000 2 16 19
332 100000 100000 1 19
572 1144 400 1 22
510 100000 100000 2 24 25
541 100000 100000 2 26 27
327 654 229 2 24 26
573 100000 100000 3 17 18 27
674 100000 100000 1 26
484 100000 100000 1 27
514 1028 100000 2 17 27
514 1028 360 2 25 26
648 100000 100000 2 19 31
496 100000 100000 4 17 28 31 32
808 100000 100000 1 34
478 956 100000 2 24 31
473 100000 331 1 36
444 100000 100000 3 17 25 35
487 974 100000 3 32 33 37
470 940 100000 1 36
454 908 318 2 36 37
499 100000 349 3 21 23 41
433 100000 303 3 21 23 41
486 100000 340 3 23 33 39
571 100000 100000 2 38 41
830 100000 100000 1 39
347 694 243 2 30 42
