# Converted from 50_469.csv
50
246 492 172 0
86 100000 100000 1 0
40 80 28 1 0
139 100000 100000 1 0
129 258 90 1 0
75 150 52 3 1 3 4
274 100000 100000 3 2 3 4
113 100000 100000 4 1 2 3 4
229 458 100000 4 1 2 3 4
124 100000 100000 4 5 6 7 8
262 100000 183 4 5 6 7 8
115 100000 100000 2 9 10
126 100000 88 2 9 10
103 100000 100000 2 9 10
127 254 100000 2 9 10
207 414 100000 4 11 12 13 14
75 100000 52 3 11 12 13
204 100000 143 3 11 12 13
117 100000 100000 3 11 12 13
62 100000 100000 3 15 17 18
172 344 100000 1 19
197 100000 100000 1 19
124 248 87 3 16 20 21
379 100000 100000 2 20 21
136 100000 95 1 21
35 100000 100000 2 20 21
131 262 100000 3 16 20 21
182 100000 100000 3 22 24 25
104 100000 100000 3 22 24 26
195 100000 100000 3 22 24 26
129 258 100000 3 27 28 29
42 100000 100000 2 23 30
181 362 127 1 30
171 100000 100000 2 23 30
188 100000 132 2 31 33
135 270 94 1 31
154 100000 108 2 31 32
134 268 94 1 33
51 102 100000 2 32 33
264 100000 100000 3 31 32 37
96 192 100000 2 35 39
52 100000 100000 2 38 39
159 100000 111 1 39
170 340 119 2 40 41
357 714 100000 3 36 40 41
138 100000 97 3 35 41 42
234 468 100000 1 43
96 192 67 2 43 44
55 100000 100000 1 47
101 100000 71 2 42 46
