# Converted from 50_405.csv
50
393 100000 275 0
455 100000 318 0
521 100000 100000 0
692 100000 100000 0
375 750 262 1 2
371 100000 100000 1 1
406 100000 284 1 1
284 100000 199 1 2
434 100000 304 1 3
416 100000 100000 1 3
512 100000 100000 2 4 5
598 100000 419 3 4 6 9
294 100000 206 2 7 9
489 978 100000 2 5 9
397 794 278 3 2 5 8
412 100000 100000 3 6 12 13
597 100000 418 2 4 13
613 100000 100000 3 10 11 12
627 1254 100000 1 11
552 1104 100000 3 6 10 12
492 100000 100000 3 16 17 18
569 100000 100000 1 17
432 864 302 3 8 17 18
611 100000 100000 2 20 22
635 1270 100000 3 14 21 22
602 1204 421 1 21
340 100000 238 1 20
366 100000 100000 1 22
621 1242 435 1 20
495 100000 100000 2 23 24
493 986 345 2 15 23
550 1100 100000 1 25
351 702 246 1 28
473 946 100000 2 24 26
395 100000 100000 2 25 33
343 686 100000 2 16 31
442 100000 100000 3 19 29 30
715 1430 100000 1 29
512 100000 358 1 36
644 100000 451 1 37
641 1282 100000 3 22 26 35
759 1518 100000 1 34
488 100000 100000 1 37
434 868 304 2 23 34
329 100000 100000 2 36 40
569 100000 100000 2 23 40
374 748 100000 1 44
346 100000 242 1 44
694 1388 100000 2 38 44
684 100000 100000 3 32 41 45
