# Converted from 50_433.csv
50
321 100000 225 0
321 642 225 0
21 100000 100000 0
137 274 96 0
250 100000 100000 0
158 100000 100000 2 2 4
117 100000 82 1 2
53 100000 100000 3 2 3 4
98 196 100000 2 2 4
465 100000 326 2 2 3
179 100000 100000 4 1 5 7 8
563 100000 394 2 7 8
267 100000 100000 2 5 7
117 234 100000 2 6 7
110 100000 77 3 9 10 11
138 100000 97 1 10
316 100000 221 3 1 8 13
80 100000 100000 2 10 13
95 100000 100000 2 16 17
33 100000 100000 2 15 17
43 100000 100000 2 16 17
478 956 335 2 14 17
542 1084 379 2 15 17
130 100000 91 4 0 11 18 22
84 100000 100000 1 19
49 98 34 3 0 15 20
129 258 100000 2 18 19
158 316 100000 3 11 15 18
230 100000 100000 1 23
565 100000 100000 2 0 27
66 132 46 2 28 29
171 100000 100000 2 20 29
172 344 100000 3 19 23 29
497 994 348 1 28
223 100000 100000 2 25 28
242 484 100000 1 30
100 100000 100000 2 9 30
57 100000 40 1 32
400 800 100000 2 20 30
447 100000 100000 2 34 38
98 100000 100000 2 20 36
145 100000 100000 1 35
137 274 100000 1 37
449 898 314 3 24 34 37
444 888 100000 1 36
79 158 100000 2 40 44
95 190 100000 3 38 41 44
153 100000 107 4 21 24 26 42
591 1182 414 3 21 40 42
309 100000 216 3 35 38 43
