# Converted from 50_475.csv
50
304 608 100000 0
148 296 104 0
34 68 100000 0
99 100000 100000 3 0 1 2
47 100000 100000 3 0 1 2
136 272 100000 3 0 1 2
143 100000 100000 3 3 4 5
72 144 50 1 6
115 230 80 1 6
201 100000 141 1 6
30 60 21 3 7 8 9
121 100000 100000 3 7 8 9
120 100000 84 3 7 8 9
57 114 100000 3 10 11 12
35 100000 24 3 10 11 12
61 100000 43 2 13 14
128 100000 90 2 13 14
164 328 100000 2 13 14
63 100000 44 3 15 16 17
115 100000 100000 3 15 16 17
194 100000 100000 3 15 16 17
107 100000 75 3 18 19 20
88 100000 100000 2 18 19
348 696 244 2 21 22
71 100000 100000 2 21 22
49 100000 100000 1 23
71 100000 100000 1 23
71 142 100000 1 23
322 100000 100000 4 24 25 26 27
117 100000 82 2 24 25
317 100000 100000 2 24 25
63 100000 100000 3 27 29 30
26 100000 100000 3 27 29 30
32 64 100000 2 31 32
222 444 100000 2 31 32
210 100000 147 2 31 32
82 164 57 1 32
113 100000 100000 4 28 33 34 36
59 118 41 1 33
52 100000 100000 2 33 35
45 90 31 1 39
164 328 100000 2 36 38
82 100000 100000 1 37
134 100000 100000 2 35 37
166 332 116 3 37 39 41
149 100000 100000 2 38 43
135 100000 94 2 41 43
48 96 34 2 44 45
70 100000 100000 1 44
117 234 100000 1 44
