# Converted from 50_454.csv
50
110 100000 100000 0
125 250 88 0
261 522 100000 2 0 1
64 100000 100000 2 0 1
221 100000 100000 2 2 3
140 100000 98 2 2 3
223 100000 100000 2 2 3
136 100000 95 3 4 5 6
56 100000 39 3 4 5 6
74 100000 100000 3 4 5 6
131 100000 100000 3 7 8 9
23 100000 16 3 7 8 9
87 100000 100000 2 10 11
116 232 81 2 10 11
145 290 100000 2 10 11
42 84 100000 2 10 11
115 100000 80 2 10 11
213 426 149 5 12 13 14 15 16
396 100000 100000 3 14 15 16
172 100000 100000 5 12 13 14 15 16
158 100000 100000 3 17 18 19
125 250 100000 3 17 18 19
175 100000 100000 3 17 18 19
47 100000 100000 3 17 18 19
125 100000 100000 4 20 21 22 23
118 236 83 3 20 22 23
143 286 100 2 24 25
199 398 100000 1 25
252 504 176 1 24
93 100000 100000 2 24 27
67 134 47 1 28
67 100000 100000 1 26
261 522 183 1 31
201 100000 100000 2 28 29
36 100000 100000 2 29 31
202 100000 141 1 33
87 100000 61 1 33
253 506 100000 2 33 34
234 100000 100000 3 32 35 37
43 100000 30 1 36
214 100000 100000 1 37
52 104 36 2 32 36
38 76 100000 2 38 41
102 100000 100000 1 38
98 100000 69 2 34 39
90 180 100000 3 42 43 44
25 50 18 3 40 43 44
293 586 100000 1 45
194 388 136 2 45 46
144 100000 100000 2 47 48
