# Converted from 50_490.csv
50
441 882 100000 0
344 688 241 0
571 1142 400 2 0 1
672 100000 470 2 0 1
539 100000 377 2 0 1
481 100000 100000 3 2 3 4
469 100000 100000 3 2 3 4
513 100000 100000 3 2 3 4
394 100000 100000 3 2 3 4
371 742 260 4 5 6 7 8
556 100000 100000 4 5 6 7 8
501 100000 351 4 5 6 7 8
417 834 292 3 9 10 11
484 100000 339 3 9 10 11
215 430 100000 3 9 10 11
580 100000 406 3 12 13 14
602 100000 100000 3 12 13 14
553 100000 387 2 15 16
472 944 100000 2 15 16
299 100000 209 2 17 18
484 968 100000 2 17 18
493 100000 345 2 17 18
610 100000 100000 2 17 18
525 1050 100000 4 19 20 21 22
503 100000 100000 4 19 20 21 22
357 100000 100000 2 23 24
453 906 317 2 23 24
537 1074 100000 2 23 24
408 100000 286 2 25 27
618 100000 100000 2 26 27
427 854 100000 1 27
503 100000 100000 1 26
577 1154 404 1 30
589 1178 100000 1 31
447 894 100000 3 28 30 31
666 100000 466 2 32 34
389 100000 100000 2 28 33
569 1138 100000 2 32 34
589 100000 100000 3 25 31 32
514 1028 360 1 38
356 100000 249 2 37 38
580 100000 100000 1 35
589 1178 100000 2 39 40
387 100000 271 2 39 40
509 100000 100000 4 29 33 35 43
606 100000 424 2 29 43
484 968 100000 2 44 45
479 100000 100000 1 44
503 100000 100000 2 41 46
388 776 100000 1 46
