# Converted from 50_435.csv
50
108 100000 100000 0
266 100000 100000 0
320 100000 224 0
141 282 99 0
167 334 100000 0
287 100000 100000 0
97 194 68 2 0 4
56 112 39 3 3 4 5
127 100000 100000 2 4 5
142 284 100000 1 2
104 100000 73 1 2
39 78 27 1 0
293 100000 100000 2 6 7
261 522 100000 1 6
116 100000 81 1 6
177 100000 100000 2 6 11
456 100000 100000 1 12
32 100000 22 3 9 12 13
565 100000 396 2 12 13
80 100000 100000 1 14
87 100000 100000 1 12
492 100000 100000 2 3 15
360 100000 100000 2 7 15
124 248 87 4 11 16 17 18
198 100000 100000 3 16 17 18
339 100000 237 4 12 13 19 22
82 100000 57 3 1 10 18
251 502 100000 3 16 25 26
123 100000 100000 1 26
117 234 100000 2 15 23
77 154 100000 2 11 26
142 284 100000 4 9 27 28 30
279 100000 100000 1 27
234 100000 100000 1 29
219 100000 153 1 27
402 804 281 2 17 34
292 100000 204 3 21 31 33
174 100000 100000 2 27 33
187 100000 100000 1 37
411 822 288 1 37
36 72 100000 1 36
209 418 100000 3 21 35 39
507 100000 100000 2 31 38
303 100000 212 1 38
29 100000 100000 1 40
88 176 62 3 35 39 42
171 342 100000 1 42
298 100000 209 1 42
200 400 100000 3 35 37 44
129 258 90 2 38 41
