# Converted from 50_443.csv
50
442 884 309 0
67 134 100000 0
148 100000 100000 0
546 1092 382 0
111 222 100000 0
284 100000 100000 3 1 2 3
340 680 238 2 2 3
226 100000 100000 2 0 3
368 736 258 1 1
99 100000 100000 1 4
209 418 100000 1 4
321 100000 100000 2 9 10
340 680 100000 1 8
199 100000 139 4 5 6 7 8
375 750 262 2 8 9
136 100000 95 1 13
77 100000 100000 1 11
154 308 108 2 12 13
54 100000 100000 1 14
193 100000 135 3 10 17 18
23 46 16 2 16 18
56 100000 39 2 8 16
122 244 85 2 11 18
534 100000 100000 2 20 21
400 100000 100000 4 15 20 21 22
163 100000 100000 2 6 21
215 100000 100000 1 19
28 100000 100000 3 11 15 19
61 100000 43 2 19 23
556 100000 389 2 23 26
147 100000 100000 3 0 2 23
347 694 243 1 27
124 100000 100000 2 23 27
47 100000 33 2 31 32
49 98 100000 2 27 28
222 100000 100000 2 25 30
132 264 100000 2 29 32
64 128 45 2 28 29
29 100000 100000 3 30 34 36
78 100000 100000 1 35
506 1012 354 2 17 35
41 100000 100000 3 25 29 33
115 230 100000 2 7 35
311 622 100000 2 26 40
123 100000 86 3 5 39 42
500 100000 350 2 43 44
239 100000 100000 4 24 38 40 44
129 100000 100000 1 43
525 100000 100000 2 29 43
165 330 100000 2 31 44
