# Converted from 50_422.csv
50
407 100000 100000 0
434 100000 304 0
333 100000 100000 0
447 894 100000 2 1 2
391 100000 100000 3 0 1 2
747 1494 523 2 1 2
581 100000 407 2 3 4
590 1180 413 2 3 4
584 1168 100000 2 3 4
469 938 328 2 3 5
524 1048 100000 2 3 5
322 100000 225 3 6 8 9
551 100000 386 2 6 8
526 1052 100000 1 7
684 100000 100000 1 8
419 100000 100000 1 14
729 1458 100000 1 11
496 992 347 3 5 6 14
567 100000 397 1 15
587 1174 100000 2 12 16
462 924 100000 2 9 17
506 1012 100000 1 17
388 776 100000 2 13 15
403 100000 100000 2 6 15
674 1348 100000 5 10 11 20 22 23
609 100000 426 1 20
531 1062 100000 1 20
532 1064 100000 2 5 18
391 100000 100000 3 19 22 23
421 100000 295 2 21 26
551 100000 100000 2 24 26
477 100000 334 3 7 17 27
474 100000 100000 2 21 24
425 850 298 1 24
586 100000 410 5 7 10 11 26 27
503 1006 100000 2 33 34
548 100000 384 2 30 33
561 100000 100000 2 29 33
614 100000 100000 1 33
527 100000 369 3 12 29 33
401 802 281 1 38
361 100000 253 3 16 32 39
226 100000 158 2 16 36
397 100000 100000 3 25 35 39
301 100000 211 1 37
646 100000 100000 3 34 36 37
279 558 100000 3 35 44 45
536 100000 100000 3 31 32 42
468 100000 100000 2 36 43
451 100000 100000 3 30 31 44
