# Converted from 50_427.csv
50
199 398 100000 0
52 100000 36 0
199 398 139 0
164 100000 100000 0
34 100000 100000 1 0
321 100000 100000 1 0
53 100000 100000 1 3
132 100000 92 1 1
28 56 100000 1 0
265 100000 100000 2 5 8
119 238 83 2 5 7
145 100000 102 2 5 8
526 1052 100000 2 4 6
254 508 100000 2 4 8
561 100000 100000 2 9 13
122 100000 100000 1 9
432 864 302 2 6 14
65 100000 100000 1 14
121 242 100000 3 2 11 14
587 100000 100000 3 10 14 15
323 100000 100000 2 1 14
144 100000 100000 3 1 17 18
475 950 332 1 19
385 770 100000 3 2 12 19
33 100000 23 1 19
114 228 80 2 10 16
466 100000 100000 2 2 19
73 100000 100000 1 21
123 100000 86 2 2 22
519 1038 363 1 26
123 246 86 2 16 26
237 100000 100000 2 12 26
297 594 100000 2 21 23
54 100000 100000 5 20 29 30 31 32
154 100000 100000 2 20 30
146 292 102 2 30 32
597 100000 100000 2 22 33
42 100000 29 1 33
69 100000 48 1 33
218 100000 153 2 11 34
152 100000 100000 2 28 34
174 100000 122 4 12 24 27 34
64 100000 100000 1 37
521 1042 365 3 23 29 39
36 100000 25 1 37
51 102 100000 1 36
124 100000 87 3 43 44 45
553 1106 100000 2 44 45
47 94 100000 2 43 45
397 794 100000 2 25 45
