# Converted from 50_425.csv
50
698 100000 489 0
496 100000 347 0
506 1012 100000 0
543 1086 100000 1 2
821 100000 575 1 0
411 100000 100000 1 0
686 1372 100000 1 1
502 100000 351 2 0 1
601 100000 100000 1 0
524 1048 100000 1 4
613 100000 429 2 4 5
592 100000 100000 1 7
806 100000 100000 1 6
602 100000 421 1 9
424 100000 297 2 1 10
692 100000 100000 2 4 12
344 688 100000 1 9
663 100000 100000 1 9
606 1212 100000 3 4 5 12
679 100000 100000 3 7 8 10
575 100000 100000 2 9 12
670 1340 469 4 2 13 16 19
474 948 100000 4 14 16 17 18
521 1042 100000 3 2 13 18
642 1284 100000 3 13 14 18
522 100000 100000 3 13 16 18
470 940 100000 1 23
655 100000 100000 2 2 24
488 100000 342 4 19 23 24 25
473 946 100000 3 3 15 21
574 100000 402 2 3 24
338 100000 100000 4 15 26 27 30
523 1046 100000 3 26 27 29
653 1306 457 2 26 29
566 100000 100000 3 20 27 29
444 888 100000 4 26 27 29 30
392 100000 274 2 31 32
405 100000 100000 4 25 31 34 35
688 100000 100000 2 31 35
464 100000 325 3 25 31 33
494 988 346 2 22 39
594 1188 100000 2 28 38
554 100000 100000 1 38
537 1074 376 1 36
457 100000 320 1 38
204 100000 100000 1 41
667 100000 467 3 22 28 43
490 100000 343 3 33 37 42
382 764 267 2 17 47
535 1070 374 2 46 47
