# Converted from 50_415.csv
50
452 904 100000 0
448 100000 314 0
309 618 216 0
534 100000 374 0
478 100000 100000 2 2 3
280 560 196 2 2 3
747 100000 100000 2 0 1
437 100000 306 1 0
452 904 100000 1 3
595 1190 100000 4 4 5 6 8
494 100000 100000 3 4 5 7
492 100000 100000 2 0 4
352 704 100000 2 4 6
447 100000 100000 1 6
549 100000 384 1 6
584 1168 409 2 9 13
732 100000 512 3 12 13 14
278 100000 195 1 11
425 100000 100000 2 12 13
665 100000 100000 1 18
536 100000 100000 1 15
578 1156 100000 2 13 17
454 100000 100000 1 20
313 100000 100000 3 10 20 21
458 916 321 2 19 21
376 100000 100000 1 20
526 100000 100000 3 10 15 19
542 100000 379 3 17 19 20
676 100000 473 2 15 24
492 984 100000 3 16 24 25
534 100000 374 1 22
510 1020 100000 2 7 22
557 100000 390 2 10 28
461 100000 100000 3 17 19 31
557 1114 390 2 29 31
254 100000 178 1 29
511 1022 100000 1 30
579 1158 405 3 28 29 30
446 100000 312 2 27 33
611 1222 100000 3 31 32 36
422 844 100000 2 32 33
503 100000 100000 2 29 40
423 100000 296 2 26 40
466 100000 100000 2 27 40
534 1068 100000 2 25 42
515 100000 100000 2 41 42
269 538 188 1 43
600 1200 100000 3 23 36 43
578 100000 100000 2 42 43
574 1148 100000 1 43
