# Converted from 50_434.csv
50
27 54 100000 0
67 100000 47 0
594 100000 100000 0
154 308 100000 0
135 100000 94 0
517 1034 100000 0
52 100000 100000 2 3 4
53 100000 100000 3 2 3 4
179 100000 125 2 2 4
550 100000 385 1 3
141 100000 99 2 7 8
606 100000 424 2 7 8
492 984 100000 3 6 7 8
72 100000 50 2 10 11
179 100000 100000 1 12
88 176 62 3 1 6 11
23 46 16 2 6 11
153 100000 100000 2 10 12
352 100000 100000 3 13 15 17
289 100000 100000 3 0 13 14
101 202 100000 2 5 15
116 100000 81 2 5 16
150 100000 105 2 18 21
177 100000 124 1 18
241 100000 100000 2 9 20
278 100000 195 1 20
418 836 100000 2 9 20
147 294 103 2 0 22
99 198 100000 3 5 16 23
243 486 170 1 25
261 522 183 4 0 17 21 24
182 100000 100000 1 30
163 326 100000 3 0 9 28
70 100000 49 2 0 29
53 100000 100000 3 9 10 33
73 100000 100000 2 24 32
105 210 100000 2 31 33
86 100000 60 2 31 33
532 1064 100000 1 32
67 134 100000 2 19 35
168 100000 100000 2 33 35
76 100000 100000 3 27 35 36
375 100000 100000 2 35 36
303 606 100000 4 13 14 31 34
157 100000 100000 3 26 30 35
214 428 150 1 35
112 100000 78 2 39 40
290 580 100000 4 19 26 42 43
151 302 100000 2 40 43
461 100000 100000 4 26 30 33 45
