# Converted from 50_487.csv
50
450 100000 100000 0
474 100000 332 0
451 100000 100000 1 1
753 1506 100000 2 0 1
482 964 337 1 1
445 100000 100000 3 0 2 4
339 100000 100000 3 2 3 4
423 100000 100000 3 2 3 4
663 1326 100000 3 5 6 7
595 1190 100000 2 5 7
432 100000 100000 3 5 6 7
606 100000 100000 3 8 9 10
800 100000 560 3 8 9 10
463 926 100000 2 11 12
754 100000 100000 2 11 12
650 100000 100000 2 13 14
494 100000 346 2 13 14
466 100000 326 2 13 14
416 832 100000 2 13 14
377 100000 264 4 15 16 17 18
476 100000 333 4 15 16 17 18
531 1062 372 1 19
569 1138 100000 1 19
431 100000 302 1 19
394 788 100000 2 19 20
588 100000 412 3 21 23 24
420 100000 100000 2 22 23
675 100000 472 1 23
496 992 100000 2 22 25
514 100000 360 3 20 26 27
470 940 100000 3 21 24 29
557 100000 100000 1 29
716 1432 501 3 28 30 31
506 1012 100000 3 28 30 31
501 1002 351 3 25 30 31
428 100000 100000 3 32 33 34
490 100000 343 1 35
371 100000 100000 1 35
450 900 100000 1 35
515 100000 100000 1 35
797 1594 100000 1 35
527 1054 369 1 38
444 888 100000 1 37
524 100000 367 2 38 39
483 100000 338 1 41
311 100000 100000 2 42 43
593 100000 415 1 44
402 804 100000 1 45
284 100000 199 1 45
613 1226 100000 2 37 44
