# Converted from 50_423.csv
50
196 392 100000 0
575 1150 402 0
433 100000 303 0
478 100000 100000 0
494 988 100000 0
744 100000 521 3 1 3 4
689 100000 482 2 3 4
581 100000 407 2 3 4
538 100000 100000 1 4
324 100000 100000 1 2
279 100000 195 1 1
408 816 286 3 7 9 10
624 1248 437 2 2 6
446 100000 100000 2 0 10
569 1138 100000 2 4 10
479 100000 335 2 2 6
285 100000 200 1 11
415 830 290 1 12
360 720 100000 1 11
500 1000 350 2 13 15
230 100000 100000 3 8 10 15
482 964 100000 2 11 12
517 100000 362 2 12 13
459 100000 321 2 10 12
554 100000 100000 1 23
332 664 232 5 0 14 17 20 23
578 1156 100000 4 15 16 21 22
311 622 100000 1 16
523 100000 100000 2 24 27
669 100000 100000 1 26
779 100000 100000 3 0 18 24
699 100000 100000 3 8 24 29
470 940 100000 2 25 28
396 792 277 1 29
531 100000 100000 2 19 30
506 100000 100000 1 31
572 1144 100000 2 17 34
353 706 100000 2 5 32
467 100000 100000 3 25 33 34
502 100000 100000 2 32 34
512 1024 100000 3 36 37 39
375 100000 100000 2 32 36
718 1436 503 2 35 38
633 100000 443 2 30 35
680 100000 100000 5 14 17 33 34 43
363 100000 100000 3 32 38 43
713 1426 499 1 45
522 100000 100000 1 45
652 100000 456 2 41 45
569 100000 100000 1 45
