# Converted from 50_482.csv
50
386 772 270 0
384 768 269 0
197 100000 100000 2 0 1
448 100000 100000 2 0 1
502 1004 351 2 0 1
490 980 343 2 0 1
534 100000 100000 4 2 3 4 5
605 100000 424 4 2 3 4 5
623 1246 100000 4 2 3 4 5
431 862 302 3 6 7 8
660 100000 100000 2 6 7
388 100000 100000 2 6 7
676 100000 473 3 6 7 8
458 100000 321 4 9 10 11 12
530 100000 371 1 13
349 100000 244 1 13
418 100000 100000 2 14 15
646 1292 100000 2 14 15
270 100000 189 2 14 15
522 1044 100000 2 16 17
500 1000 350 1 17
568 1136 100000 1 18
470 100000 100000 1 19
508 100000 100000 2 20 21
598 1196 100000 1 19
628 100000 440 1 19
426 100000 100000 4 22 23 24 25
455 100000 318 2 22 23
483 100000 338 2 20 25
312 100000 100000 2 27 28
520 1040 100000 3 26 27 28
522 1044 100000 2 29 30
627 100000 100000 2 29 30
413 826 100000 2 31 32
577 100000 100000 2 31 32
327 654 229 2 33 34
598 100000 419 1 34
612 1224 100000 1 36
481 962 337 2 33 36
474 100000 332 2 35 36
521 100000 100000 2 35 36
466 932 100000 2 37 38
408 816 100000 2 37 40
369 100000 100000 2 37 39
301 100000 211 2 38 39
336 672 100000 1 42
405 100000 100000 1 41
230 100000 100000 1 45
424 100000 100000 2 43 45
634 100000 100000 2 38 45
