# Converted from 50_428.csv
50
57 114 40 0
370 100000 100000 0
454 100000 318 0
101 202 100000 1 0
111 222 78 1 0
39 78 100000 1 0
290 100000 100000 1 0
453 906 317 1 0
470 100000 329 1 0
217 434 100000 3 4 5 8
95 100000 66 3 5 7 8
319 100000 100000 1 5
147 100000 103 3 6 9 11
56 100000 39 1 10
173 100000 121 1 11
82 164 100000 1 10
175 100000 122 2 1 14
484 100000 100000 3 7 12 14
135 100000 94 3 2 13 15
336 672 100000 2 12 13
154 308 100000 2 12 14
140 100000 100000 1 17
59 100000 100000 2 18 19
515 1030 360 2 4 16
127 254 100000 1 20
148 100000 100000 3 4 6 18
375 750 100000 1 19
79 158 100000 3 1 21 24
305 100000 100000 2 18 21
379 758 100000 2 3 23
455 910 100000 3 19 20 23
66 100000 100000 4 3 17 23 26
287 100000 201 4 16 20 21 26
110 100000 77 1 31
224 100000 157 3 18 27 31
455 100000 100000 4 13 15 20 29
108 216 100000 3 3 19 27
171 100000 120 2 27 33
171 100000 120 4 22 27 31 35
290 580 100000 2 34 35
288 100000 202 2 29 37
451 100000 316 3 29 34 37
259 518 100000 3 30 37 38
232 100000 100000 2 25 37
176 352 100000 2 34 38
129 100000 100000 1 41
230 460 100000 4 29 32 34 43
423 100000 100000 2 39 40
624 100000 437 1 43
271 100000 100000 2 22 40
