# Converted from 50_446.csv
50
46 92 32 0
141 100000 100000 0
98 100000 100000 0
249 100000 100000 0
240 100000 100000 0
460 920 322 0
30 60 100000 0
145 100000 100000 0
478 100000 100000 2 4 5
121 100000 100000 1 6
465 930 326 2 2 5
131 262 92 1 5
135 100000 94 1 7
179 100000 100000 3 4 10 11
430 100000 100000 2 9 10
216 100000 151 2 5 12
496 100000 347 1 11
40 100000 28 1 13
240 100000 168 3 10 15 16
368 736 100000 2 14 16
62 100000 100000 4 3 7 9 17
348 100000 100000 2 17 19
503 1006 100000 2 9 18
547 1094 100000 1 19
54 100000 100000 3 0 3 18
218 436 100000 3 1 8 18
538 100000 377 2 20 25
76 100000 100000 3 1 20 22
69 138 100000 2 1 21
76 100000 100000 2 23 26
168 100000 100000 2 19 27
95 100000 100000 2 19 27
94 100000 100000 1 28
70 100000 49 2 31 32
384 768 100000 2 30 31
271 542 190 1 32
245 100000 100000 1 34
126 252 88 2 27 35
50 100000 100000 2 24 34
406 100000 100000 2 21 34
210 420 147 2 34 35
338 676 237 2 25 36
243 486 170 2 29 37
447 894 313 3 25 38 40
187 100000 131 3 26 35 38
172 344 100000 1 44
54 108 100000 1 43
304 100000 213 2 36 42
444 888 311 3 21 26 41
216 100000 100000 1 43
