# Converted from 50_426.csv
50
303 100000 212 0
69 138 100000 0
37 100000 26 0
249 498 100000 0
34 100000 100000 0
194 100000 136 3 2 3 4
237 474 166 2 2 4
276 552 193 2 0 4
285 570 100000 1 1
188 376 100000 1 3
45 100000 100000 3 6 7 9
49 100000 100000 2 0 5
514 1028 360 2 4 8
537 100000 100000 3 10 11 12
182 364 127 1 10
205 100000 100000 1 11
108 100000 76 2 7 12
285 100000 100000 1 11
74 100000 100000 2 16 17
38 100000 100000 1 17
224 100000 100000 1 15
395 790 276 3 6 9 15
182 100000 100000 2 5 14
508 100000 100000 2 11 14
161 100000 113 2 18 23
64 100000 100000 2 15 23
185 370 130 4 18 19 21 22
493 986 100000 3 15 19 22
331 100000 232 2 10 20
41 82 100000 2 25 26
309 618 216 1 27
241 100000 169 2 12 25
79 158 100000 3 12 20 25
191 100000 100000 3 24 25 30
119 100000 83 2 16 31
223 446 100000 2 22 31
283 100000 100000 1 31
30 100000 21 2 30 32
404 808 283 4 32 33 34 36
410 100000 100000 4 28 32 33 34
217 100000 152 2 17 35
149 100000 100000 2 36 37
29 58 20 1 36
548 100000 100000 1 40
167 100000 100000 3 26 39 42
35 70 100000 2 16 41
203 100000 100000 3 21 32 40
202 100000 100000 2 39 42
375 750 262 3 33 42 46
99 198 100000 3 44 45 47
