# Converted from 50_445.csv
50
408 100000 100000 0
400 100000 280 0
214 100000 100000 0
26 52 100000 0
465 100000 100000 0
25 100000 100000 4 1 2 3 4
549 100000 100000 2 1 3
125 100000 100000 1 2
298 100000 209 1 6
45 100000 100000 2 5 6
158 316 111 1 7
497 100000 348 1 5
222 444 100000 1 6
154 100000 108 2 5 6
184 100000 100000 2 5 7
51 100000 100000 3 10 11 14
455 100000 100000 2 11 14
159 318 111 2 9 10
150 300 100000 1 12
238 100000 167 1 17
465 100000 326 2 12 16
147 294 100000 2 13 17
589 1178 100000 1 17
201 100000 141 2 14 19
141 282 100000 3 14 21 22
293 100000 205 2 13 19
52 100000 100000 3 12 23 24
268 536 188 2 0 23
79 100000 100000 3 8 23 24
330 660 100000 1 25
31 100000 22 1 29
81 100000 100000 2 25 26
174 348 122 3 15 27 29
470 940 100000 3 25 27 28
144 288 101 1 33
222 100000 100000 2 11 30
318 100000 100000 2 26 30
93 100000 100000 2 24 35
185 370 100000 3 11 34 36
169 338 100000 2 34 35
45 100000 100000 2 32 34
583 100000 100000 3 15 30 34
44 88 100000 2 20 34
396 100000 277 3 27 31 36
142 284 99 3 26 40 42
276 100000 193 1 43
29 58 20 4 28 32 37 43
130 260 100000 2 37 42
32 64 22 2 20 40
302 100000 211 4 18 35 38 41
