# Converted from 50_53.csv
50
551 1102 386 0
55 100000 100000 0
144 100000 100000 0
190 380 100000 0
61 100000 43 0
388 100000 100000 0
300 100000 210 0
269 538 100000 0
68 136 48 0
143 100000 100 1 5
163 100000 100000 1 7
366 100000 100000 1 5
160 320 100000 1 3
129 100000 100000 1 4
254 100000 178 1 6
475 100000 100000 1 7
534 100000 100000 1 8
71 100000 100000 1 8
134 100000 94 1 7
301 602 100000 5 0 1 2 9 10
93 186 65 1 11
304 608 100000 2 12 13
58 100000 100000 2 5 14
429 858 300 1 17
133 266 100000 1 18
423 100000 296 1 19
38 100000 100000 1 19
541 1082 100000 1 19
157 100000 100000 1 19
107 100000 75 1 19
514 100000 100000 1 20
84 100000 59 1 22
304 100000 100000 1 21
550 1100 385 1 31
330 660 231 1 30
560 100000 100000 1 29
207 414 100000 1 26
75 150 52 1 35
129 100000 90 1 33
78 100000 100000 1 34
339 678 100000 2 18 34
49 98 100000 2 6 35
189 100000 132 1 35
402 100000 281 1 37
249 498 100000 3 22 39 42
179 100000 125 1 39
109 218 100000 1 39
222 444 100000 3 24 39 43
49 100000 34 2 24 45
336 100000 100000 3 6 36 45
