# Converted from 50_516.csv
50
84 168 100000 0
179 358 125 0
203 100000 100000 2 0 1
261 522 100000 1 1
82 100000 100000 1 1
58 116 100000 1 0
248 100000 174 2 3 5
537 100000 376 3 2 3 4
557 1114 390 2 2 3
75 100000 100000 3 6 7 8
104 208 100000 3 6 7 8
534 100000 100000 3 6 7 8
82 164 100000 3 9 10 11
179 358 125 3 9 10 11
150 100000 100000 3 9 10 11
47 94 100000 3 12 13 14
131 100000 100000 3 12 13 14
79 100000 55 2 15 16
186 100000 130 2 15 16
385 100000 100000 2 15 16
443 100000 100000 3 17 18 19
84 100000 100000 3 17 18 19
359 100000 100000 3 17 18 19
65 100000 100000 3 20 21 22
351 702 246 3 20 21 22
127 254 89 2 23 24
186 100000 100000 2 23 24
345 100000 241 2 23 24
111 100000 100000 3 25 26 27
273 546 100000 3 25 26 27
187 374 131 3 25 26 27
344 688 241 3 28 29 30
34 68 100000 3 28 29 30
186 372 100000 2 31 32
218 100000 153 1 31
464 100000 325 1 31
34 100000 24 1 33
402 804 100000 1 34
271 100000 100000 1 34
105 100000 74 1 37
296 100000 207 1 38
65 130 46 2 36 39
260 520 100000 2 39 40
195 100000 136 1 39
51 102 100000 1 43
150 100000 100000 1 42
443 100000 100000 1 41
55 100000 100000 2 35 41
471 100000 330 1 47
163 100000 100000 1 46
