# Converted from 50_506.csv
50
106 100000 74 0
78 100000 55 0
26 100000 18 0
185 370 100000 2 1 2
563 1126 100000 2 1 2
25 100000 18 2 1 2
70 100000 100000 3 3 4 5
75 150 100000 4 0 3 4 5
28 56 100000 4 0 3 4 5
429 100000 100000 3 6 7 8
296 100000 207 3 6 7 8
118 236 83 2 9 10
40 100000 100000 2 9 10
498 996 349 2 9 10
73 100000 100000 2 9 10
268 536 100000 2 9 10
561 100000 393 5 11 12 13 14 15
201 100000 100000 5 11 12 13 14 15
63 100000 100000 3 11 13 14
51 102 36 2 17 18
250 100000 175 2 17 18
276 552 193 2 19 20
151 302 100000 3 16 19 20
81 162 100000 2 19 20
40 80 28 1 23
126 252 100000 1 21
28 100000 100000 2 24 25
586 1172 100000 2 24 25
147 100000 103 1 27
89 100000 100000 2 26 27
29 100000 100000 2 26 27
113 226 79 3 28 29 30
337 100000 100000 4 16 28 29 30
266 100000 100000 4 16 28 29 30
82 100000 100000 3 22 31 33
357 714 100000 2 31 33
179 358 100000 1 34
123 100000 86 1 34
57 100000 100000 1 36
422 100000 100000 1 37
219 438 153 2 38 39
337 100000 100000 2 37 38
328 100000 100000 2 37 38
125 100000 88 3 32 41 42
513 1026 100000 2 40 41
287 574 201 3 35 39 41
222 100000 100000 3 32 39 41
197 100000 138 2 40 42
220 100000 154 2 43 44
187 100000 100000 2 44 47
