# Converted from 50_5.csv
50
25 100000 100000 0
169 100000 118 0
64 128 100000 0
133 266 100000 0
233 466 100000 0
112 224 78 0
51 100000 36 1 5
60 120 42 2 1 4
126 252 88 1 0
157 100000 110 1 4
46 100000 32 1 2
244 488 100000 1 2
35 100000 100000 1 3
220 440 154 1 8
198 100000 100000 1 9
104 100000 100000 1 9
146 292 102 1 11
175 100000 100000 1 11
142 284 99 1 11
25 100000 18 1 12
274 548 100000 3 9 10 12
128 100000 100000 1 10
287 100000 201 1 16
49 100000 34 1 14
160 320 112 1 16
89 178 62 1 15
56 100000 100000 1 16
65 100000 46 1 17
131 262 100000 1 27
79 100000 100000 1 24
32 100000 100000 1 25
247 100000 173 2 17 23
115 100000 100000 1 26
31 100000 100000 2 17 26
20 100000 100000 1 26
170 340 100000 6 6 7 13 22 26 28
22 44 100000 1 32
178 100000 100000 1 29
252 100000 176 2 30 31
216 432 100000 2 31 32
247 100000 100000 1 32
132 264 100000 1 32
269 100000 100000 1 35
156 100000 100000 1 35
310 100000 100000 1 35
165 330 100000 1 35
62 100000 100000 1 36
49 100000 100000 1 37
107 214 75 1 46
215 100000 150 1 42
