# Converted from 50_524.csv
50
414 828 290 0
100 200 70 0
229 100000 160 0
166 100000 100000 3 0 1 2
504 100000 100000 3 0 1 2
493 986 345 3 0 1 2
299 100000 209 3 0 1 2
505 100000 354 4 3 4 5 6
159 318 100000 4 3 4 5 6
317 634 100000 4 3 4 5 6
635 100000 100000 3 7 8 9
506 1012 354 3 7 8 9
207 100000 100000 3 7 8 9
182 100000 100000 3 7 8 9
269 100000 188 4 10 11 12 13
335 670 100000 4 10 11 12 13
77 154 54 4 10 11 12 13
143 100000 100 3 14 15 16
86 172 60 3 14 15 16
549 100000 100000 3 14 15 16
210 100000 100000 1 19
93 100000 100000 3 17 18 19
247 100000 100000 2 17 19
275 550 100000 3 20 21 22
56 112 39 3 20 21 22
226 452 100000 3 20 21 22
45 100000 31 3 23 24 25
246 100000 100000 2 23 24
139 278 97 2 26 27
333 666 100000 1 26
122 100000 100000 1 29
162 100000 100000 1 29
159 318 111 1 29
392 100000 274 2 31 32
83 100000 100000 3 27 31 32
244 100000 100000 3 28 30 31
140 100000 100000 1 30
110 220 100000 2 33 36
519 100000 363 2 31 36
164 328 100000 2 33 38
230 460 100000 2 37 39
182 100000 127 2 37 39
128 100000 90 3 35 37 39
532 100000 100000 2 41 42
280 560 100000 1 40
131 100000 100000 2 28 44
512 100000 100000 1 44
114 228 80 3 43 45 46
43 100000 100000 1 45
489 100000 100000 2 35 45
