# Converted from 50_50.csv
50
460 100000 322 0
685 100000 479 0
438 100000 100000 0
279 558 100000 0
351 100000 100000 0
476 100000 100000 0
553 100000 387 0
426 100000 298 0
462 100000 323 0
426 100000 100000 1 6
449 100000 100000 1 5
580 100000 100000 1 8
485 100000 340 1 8
435 100000 100000 1 5
572 100000 100000 1 5
346 692 242 1 7
711 100000 100000 1 15
479 958 335 4 3 10 11 12
549 100000 100000 1 15
550 100000 100000 1 15
253 506 177 5 0 1 2 9 16
593 1186 100000 1 17
584 1168 100000 1 17
402 804 281 1 17
682 1364 100000 1 17
442 884 309 1 18
697 100000 488 1 19
230 460 100000 1 18
534 100000 374 1 18
720 100000 504 1 19
585 1170 410 1 20
465 930 100000 1 20
641 100000 449 1 20
491 982 344 1 20
400 100000 100000 4 4 13 14 21
511 1022 100000 1 26
543 100000 100000 1 29
544 100000 100000 1 34
630 1260 441 1 34
371 742 100000 1 34
537 1074 100000 1 34
481 962 100000 1 34
411 100000 100000 1 35
522 100000 100000 1 32
671 1342 470 1 43
492 100000 100000 1 39
509 100000 100000 1 42
329 100000 100000 1 46
436 872 305 1 46
379 100000 100000 1 46
