# Converted from 50_507.csv
50
439 878 100000 0
154 100000 100000 0
149 100000 100000 2 0 1
442 100000 100000 1 1
384 768 269 2 0 1
28 100000 20 2 2 3
292 100000 100000 3 2 3 4
463 100000 324 2 3 4
24 100000 100000 3 5 6 7
297 594 208 3 5 6 7
240 100000 100000 3 5 6 7
70 140 100000 3 8 9 10
211 100000 148 3 8 9 10
534 1068 100000 3 8 9 10
59 118 41 3 8 9 10
507 100000 355 4 11 12 13 14
484 968 339 4 11 12 13 14
155 310 108 4 11 12 13 14
161 322 113 3 15 16 17
122 244 100000 3 15 16 17
515 100000 100000 2 18 19
129 100000 100000 2 18 19
171 100000 120 2 18 19
458 100000 321 3 20 21 22
139 278 97 2 20 21
122 244 100000 2 20 21
89 100000 100000 2 20 21
73 100000 100000 4 23 24 25 26
68 100000 100000 3 23 24 25
318 100000 223 3 23 24 25
231 462 162 1 28
237 100000 100000 1 28
149 100000 104 1 27
212 100000 100000 2 28 29
206 412 100000 2 31 32
453 906 100000 1 32
115 230 100000 1 35
379 100000 265 2 29 35
362 100000 100000 2 29 35
270 540 100000 3 33 36 38
411 100000 100000 3 34 37 39
231 100000 100000 1 39
96 100000 67 1 39
106 212 100000 2 34 39
221 100000 100000 2 40 41
426 100000 298 1 44
256 512 179 1 44
96 100000 100000 2 42 44
215 430 100000 2 43 45
87 100000 100000 2 43 46
