# Converted from 50_502.csv
50
151 100000 100000 0
32 100000 22 0
51 100000 100000 0
322 100000 100000 0
278 556 100000 4 0 1 2 3
220 440 154 4 0 1 2 3
71 100000 100000 4 0 1 2 3
543 100000 380 4 0 1 2 3
140 100000 98 4 4 5 6 7
216 100000 100000 4 4 5 6 7
213 426 100000 2 8 9
194 388 136 2 8 9
90 100000 100000 2 10 11
138 100000 97 2 10 11
61 122 100000 2 12 13
41 82 100000 2 12 13
118 236 83 2 14 15
505 100000 100000 1 16
112 100000 78 1 16
177 354 124 1 16
119 100000 100000 3 17 18 19
198 100000 100000 3 17 18 19
198 396 139 3 17 18 19
119 238 100000 3 20 21 22
102 204 71 3 20 21 22
65 130 100000 3 20 21 22
45 100000 100000 3 20 21 22
325 650 100000 3 23 24 25
97 100000 100000 3 23 24 25
97 100000 68 3 23 24 26
129 100000 90 1 27
131 100000 92 1 29
93 100000 100000 1 27
411 100000 100000 1 28
496 100000 347 2 31 33
531 1062 100000 2 29 30
493 100000 345 2 28 35
201 100000 141 1 34
59 100000 100000 2 34 35
70 100000 100000 2 35 37
142 100000 100000 2 36 37
209 418 100000 1 38
563 1126 100000 1 41
70 140 49 1 39
306 100000 214 1 40
225 450 100000 1 44
53 106 100000 2 37 42
136 100000 100000 2 45 46
48 100000 100000 1 45
107 214 75 4 32 43 45 46
