# Converted from 50_505.csv
50
87 100000 100000 0
199 398 139 0
113 226 100000 2 0 1
114 100000 100000 1 1
106 212 74 2 0 1
108 100000 100000 3 2 3 4
365 730 100000 3 2 3 4
81 100000 57 3 2 3 4
196 100000 100000 3 2 3 4
443 100000 310 3 5 6 7
51 100000 36 3 5 6 7
471 100000 100000 1 9
79 100000 100000 2 8 9
22 44 15 2 9 10
505 1010 100000 2 9 10
37 100000 26 2 13 14
438 100000 100000 4 11 12 13 14
416 832 291 2 15 16
156 100000 109 1 15
85 100000 59 2 12 15
167 100000 117 3 17 18 19
545 100000 100000 3 17 18 19
103 206 72 2 20 21
127 100000 100000 2 20 21
412 100000 100000 2 20 21
439 100000 307 3 22 23 24
126 252 100000 3 22 23 24
33 66 100000 3 22 23 24
171 342 120 2 25 26
517 100000 362 2 25 27
481 962 100000 2 25 26
216 432 100000 2 29 30
458 100000 100000 2 27 30
340 100000 100000 2 26 29
110 220 100000 2 28 33
167 334 100000 2 28 31
198 100000 100000 3 28 29 32
93 186 100000 1 34
557 100000 100000 2 34 36
596 1192 417 2 30 34
333 100000 233 3 37 38 39
81 100000 100000 1 40
218 100000 153 1 41
205 100000 100000 1 41
59 118 100000 1 41
122 100000 85 1 41
77 154 100000 2 42 44
551 100000 386 1 42
126 252 100000 2 43 45
22 100000 100000 1 43
