# Converted from 50_508.csv
50
214 428 100000 0
150 100000 100000 0
144 100000 100000 0
189 100000 132 0
489 978 342 3 1 2 3
241 100000 169 3 1 2 3
79 158 55 3 1 2 3
480 100000 100000 2 4 6
466 932 326 1 6
633 100000 100000 2 7 8
43 100000 100000 3 0 7 8
522 100000 100000 3 0 7 8
537 100000 376 3 9 10 11
244 488 171 1 12
105 100000 100000 1 12
119 238 83 2 13 14
281 562 100000 2 13 14
204 100000 100000 2 13 14
145 290 100000 3 15 16 17
48 100000 34 3 15 16 17
579 1158 405 3 15 16 17
281 100000 100000 3 5 18 19
265 100000 100000 3 5 18 20
457 100000 320 3 5 18 20
58 100000 100000 3 5 18 20
611 100000 100000 3 5 18 20
57 100000 100000 3 21 23 25
113 226 100000 2 24 26
289 578 100000 2 22 26
83 166 100000 2 24 26
28 100000 20 3 27 28 29
125 250 100000 2 27 28
278 100000 195 2 22 27
235 470 164 3 30 31 32
108 100000 76 2 30 31
243 100000 100000 2 31 32
181 100000 100000 2 33 35
241 482 169 2 33 35
605 100000 100000 2 34 36
162 100000 100000 2 36 37
271 100000 190 1 38
92 184 100000 1 39
387 774 100000 1 38
185 100000 130 1 38
132 100000 92 2 40 41
197 100000 100000 2 38 41
157 314 100000 1 40
264 528 100000 1 46
48 100000 34 2 43 46
303 606 100000 2 44 45
