# Converted from 50_510.csv
50
150 100000 100000 0
121 242 85 0
116 232 81 1 1
112 224 100000 1 0
61 100000 43 1 0
249 100000 100000 3 2 3 4
136 272 95 3 2 3 4
223 100000 100000 3 1 3 4
180 360 100000 2 2 3
240 100000 168 4 5 6 7 8
195 390 100000 4 5 6 7 8
107 214 100000 2 9 10
257 514 100000 2 9 10
527 100000 100000 2 9 10
201 100000 100000 2 9 10
149 100000 104 4 11 12 13 14
53 100000 37 4 11 12 13 14
129 100000 100000 3 12 13 14
342 684 100000 4 11 12 13 14
263 100000 100000 4 15 16 17 18
144 288 101 4 15 16 17 18
309 618 100000 4 15 16 17 18
97 100000 100000 2 19 21
152 100000 100000 2 19 21
206 100000 100000 3 19 20 21
132 264 92 1 21
185 100000 130 2 22 24
137 274 96 3 22 23 24
315 100000 100000 3 22 23 25
470 100000 100000 1 25
56 100000 39 3 27 28 29
40 100000 100000 1 30
223 446 100000 1 30
321 642 100000 2 26 31
142 284 99 1 32
104 100000 100000 2 26 31
117 100000 82 2 26 31
167 100000 117 1 32
286 100000 100000 2 33 35
117 100000 100000 1 38
282 564 100000 1 39
126 100000 100000 2 36 39
52 100000 36 3 32 36 39
270 100000 189 2 34 42
117 100000 100000 3 34 37 41
220 100000 100000 1 40
431 862 100000 3 37 42 45
552 1104 386 1 46
153 100000 107 3 34 41 46
80 160 56 3 41 43 46
