# Converted from 50_55.csv
50
506 100000 354 0
160 100000 100000 0
117 100000 100000 0
86 172 60 1 2
435 870 100000 1 2
354 100000 248 1 0
177 354 124 1 1
219 100000 100000 1 0
135 270 100000 1 2
135 100000 94 1 2
51 102 36 1 2
290 100000 100000 1 1
125 250 88 1 6
344 100000 241 1 5
172 100000 100000 1 6
222 100000 100000 1 10
116 100000 100000 1 11
78 100000 100000 1 11
197 394 138 1 16
481 962 100000 1 17
445 890 100000 1 13
448 100000 100000 1 14
474 948 332 1 15
299 100000 209 1 17
63 100000 44 1 15
557 1114 100000 5 3 4 12 18 19
288 100000 100000 1 20
252 100000 176 1 22
26 52 100000 1 23
159 318 100000 1 21
61 100000 43 1 23
290 100000 100000 1 24
130 100000 100000 1 25
62 124 100000 1 25
339 100000 100000 1 25
475 950 100000 1 25
540 100000 378 1 28
90 180 100000 1 26
321 100000 100000 1 27
223 446 156 1 25
213 100000 100000 1 31
88 100000 62 1 32
268 100000 100000 1 36
173 100000 100000 1 37
46 100000 100000 1 33
319 638 100000 1 41
571 100000 400 1 42
192 100000 134 1 43
270 540 100000 1 43
145 290 102 1 44
