# Converted from 50_512.csv
50
127 100000 89 0
150 100000 100000 0
427 100000 100000 2 0 1
406 100000 284 2 0 1
42 100000 100000 2 2 3
338 100000 100000 2 2 3
71 100000 100000 2 2 3
72 144 100000 3 4 5 6
442 884 100000 3 4 5 6
151 100000 100000 3 4 5 6
128 256 100000 3 7 8 9
75 150 52 3 7 8 9
257 100000 180 3 7 8 9
77 154 100000 3 10 11 12
329 100000 100000 3 10 11 12
170 340 119 3 10 11 12
307 614 215 3 13 14 15
57 100000 40 3 13 14 15
96 192 100000 2 13 15
215 430 150 3 13 14 15
527 100000 369 4 16 17 18 19
257 514 100000 3 16 18 19
213 100000 149 2 20 21
141 100000 100000 2 20 21
524 1048 100000 2 20 21
31 62 100000 2 22 23
248 496 100000 2 22 23
28 100000 20 2 25 26
272 100000 190 2 25 26
439 100000 307 2 27 28
263 100000 100000 2 27 28
583 100000 100000 1 27
326 652 228 1 27
80 160 100000 2 30 32
214 100000 100000 2 24 31
523 1046 100000 1 30
243 100000 100000 2 34 35
76 100000 53 1 33
271 542 100000 2 24 37
431 100000 302 2 29 36
118 100000 83 2 24 37
361 722 100000 1 39
294 100000 100000 1 39
133 100000 100000 3 32 41 42
101 100000 71 2 40 42
182 100000 100000 2 32 42
170 340 119 2 38 41
292 100000 100000 2 44 46
101 202 71 3 44 45 46
231 100000 100000 2 33 45
