# Converted from 50_52.csv
50
270 100000 100000 0
252 504 100000 0
423 100000 296 0
611 100000 100000 0
301 100000 211 0
131 262 92 0
88 176 100000 0
162 324 113 0
31 62 100000 1 6
32 100000 100000 1 7
355 710 100000 1 4
469 100000 100000 1 2
34 100000 100000 1 4
38 100000 100000 1 3
153 306 107 1 4
47 100000 100000 1 7
166 332 116 1 5
147 294 100000 4 0 1 8 9
170 100000 119 1 10
490 100000 100000 1 12
98 196 100000 1 11
40 100000 28 1 13
65 100000 100000 1 16
495 100000 100000 1 14
74 148 52 1 17
162 324 100000 1 17
156 100000 100000 1 17
117 234 82 1 17
346 100000 100000 2 18 19
59 100000 100000 1 17
495 990 100000 1 17
199 398 100000 1 22
148 100000 100000 1 27
155 100000 100000 1 30
139 100000 97 1 28
217 100000 152 1 25
95 100000 66 1 29
479 100000 335 1 33
37 100000 26 1 36
34 100000 100000 1 34
314 100000 100000 1 36
371 100000 260 1 37
160 320 100000 1 40
158 100000 111 1 40
32 64 22 1 37
66 132 100000 1 38
491 100000 100000 1 41
115 100000 80 1 42
473 946 331 1 43
240 480 100000 1 45
