# Converted from 50_500.csv
50
499 100000 100000 0
533 100000 100000 0
610 1220 100000 0
563 1126 394 3 0 1 2
337 674 100000 3 0 1 2
497 100000 100000 2 3 4
528 1056 100000 2 3 4
328 656 100000 2 5 6
489 100000 100000 2 5 6
489 978 342 2 5 6
481 100000 100000 3 7 8 9
600 100000 100000 3 7 8 9
406 812 100000 3 7 8 9
736 100000 100000 3 10 11 12
413 826 289 3 10 11 12
368 100000 100000 2 13 14
632 100000 442 2 13 14
673 100000 471 2 13 14
513 1026 359 3 15 16 17
614 100000 430 3 15 16 17
253 506 100000 3 15 16 17
704 100000 100000 3 15 16 17
528 100000 370 3 18 19 20
592 100000 100000 4 18 19 20 21
347 100000 100000 3 18 19 21
379 758 100000 3 22 23 24
486 100000 340 1 23
398 100000 279 1 23
390 780 273 1 24
560 100000 100000 1 26
369 738 258 2 26 28
275 100000 100000 1 28
627 100000 439 3 22 26 31
408 100000 100000 2 30 31
570 1140 399 3 27 30 31
606 100000 100000 4 25 32 33 34
611 100000 100000 2 33 34
579 100000 100000 2 27 33
291 582 100000 3 35 36 37
667 100000 467 2 22 36
503 100000 352 2 35 36
617 1234 100000 2 38 39
559 1118 100000 1 41
772 100000 100000 2 29 41
430 860 301 1 43
483 100000 100000 2 42 43
638 100000 100000 1 42
463 926 324 2 40 46
644 1288 451 1 46
777 100000 544 1 44
