# Converted from 50_504.csv
50
70 100000 49 0
138 276 100000 0
126 100000 88 2 0 1
462 100000 100000 2 0 1
74 100000 52 2 0 1
232 100000 100000 2 0 1
179 100000 100000 4 2 3 4 5
466 932 326 4 2 3 4 5
32 100000 22 2 6 7
228 456 100000 2 6 7
71 100000 100000 2 6 7
118 236 83 3 8 9 10
63 126 100000 3 8 9 10
259 100000 100000 2 11 12
156 312 100000 2 11 12
34 68 24 2 11 12
289 100000 100000 3 13 14 15
48 100000 34 2 14 15
238 100000 100000 2 16 17
296 100000 100000 2 16 17
182 100000 127 2 16 17
191 100000 134 2 16 17
75 150 100000 2 16 17
87 100000 100000 2 19 22
35 70 24 4 18 19 21 22
303 100000 212 3 18 19 21
235 470 164 3 20 24 25
121 242 85 2 20 24
130 260 100000 2 26 27
201 100000 100000 2 26 27
203 100000 100000 2 26 27
351 100000 100000 2 29 30
261 100000 183 2 23 29
299 100000 209 2 28 29
180 100000 100000 3 28 30 32
463 926 100000 2 31 33
142 284 100000 1 35
301 602 100000 1 34
541 1082 379 1 35
194 100000 100000 1 37
469 938 328 1 36
91 100000 100000 2 36 39
312 100000 100000 2 36 39
343 100000 100000 1 42
128 100000 100000 2 38 42
486 100000 340 1 41
90 180 100000 1 41
41 82 29 1 42
299 100000 100000 2 43 46
218 436 100000 2 43 45
