# Converted from 50_509.csv
50
188 376 132 0
281 100000 100000 0
193 386 100000 0
166 100000 116 3 0 1 2
318 636 223 3 0 1 2
247 100000 100000 3 0 1 2
360 720 100000 3 3 4 5
94 100000 100000 3 3 4 5
456 100000 319 3 3 4 5
226 452 158 3 6 7 8
154 308 100000 3 6 7 8
336 100000 235 3 6 7 8
484 100000 339 3 9 10 11
537 100000 100000 3 9 10 11
181 362 100000 3 9 10 11
475 100000 332 3 9 10 11
217 100000 152 4 12 13 14 15
523 100000 100000 4 12 13 14 15
152 100000 100000 2 16 17
111 100000 100000 2 16 17
558 1116 100000 2 16 17
119 100000 83 2 16 17
97 100000 100000 4 18 19 20 21
90 100000 63 4 18 19 20 21
143 100000 100000 2 22 23
343 686 100000 2 22 23
50 100 35 2 22 23
292 584 204 2 24 25
38 100000 100000 2 26 27
172 344 120 1 27
516 1032 100000 1 27
130 260 100000 2 26 27
191 100000 100000 1 29
248 100000 100000 3 29 30 31
392 784 100000 1 28
214 428 150 1 33
196 100000 100000 3 30 31 32
200 100000 140 2 35 36
523 100000 366 1 35
149 298 100000 1 38
77 154 100000 1 37
257 100000 180 2 32 38
304 608 213 1 40
105 100000 100000 2 36 41
202 100000 141 3 28 39 43
195 100000 100000 2 28 43
196 100000 100000 2 37 45
171 100000 100000 2 37 44
74 148 100000 3 34 39 45
138 100000 100000 1 44
