# Converted from 50_521.csv
50
99 198 100000 0
112 224 100000 0
104 208 100000 2 0 1
74 100000 100000 2 0 1
40 100000 28 2 0 1
297 594 100000 3 2 3 4
354 708 100000 3 2 3 4
261 522 183 3 2 3 4
111 222 78 3 5 6 7
264 100000 100000 3 5 6 7
210 420 100000 3 5 6 7
477 100000 100000 3 5 6 7
152 100000 100000 3 5 6 7
150 300 105 5 8 9 10 11 12
128 100000 100000 5 8 9 10 11 12
118 100000 100000 5 8 9 10 11 12
43 100000 100000 3 13 14 15
136 100000 100000 3 13 14 15
358 716 251 2 16 17
34 68 24 1 18
194 100000 136 1 18
438 100000 100000 2 19 20
81 100000 100000 2 19 20
461 100000 323 2 19 20
130 100000 91 3 21 22 23
197 100000 100000 2 21 22
157 100000 100000 2 21 22
236 100000 165 2 21 22
191 100000 100000 2 25 27
564 1128 395 1 27
144 288 101 1 25
176 352 123 2 26 29
218 100000 153 3 24 28 29
123 100000 100000 2 23 31
283 100000 198 2 30 32
151 100000 100000 2 33 34
51 100000 100000 2 28 33
154 308 108 1 34
121 100000 85 2 35 37
106 212 100000 1 35
78 100000 55 1 35
237 100000 166 1 37
508 1016 100000 2 40 41
120 100000 100000 2 38 41
85 170 100000 2 26 41
137 100000 100000 1 39
24 48 100000 3 43 44 45
107 100000 100000 1 46
125 250 88 2 40 46
234 100000 100000 2 40 46
