# Converted from 50_513.csv
50
69 100000 100000 0
562 100000 100000 0
122 100000 100000 1 1
83 100000 58 1 1
139 100000 97 2 2 3
79 158 100000 2 2 3
444 100000 311 2 2 3
52 100000 100000 3 4 5 6
224 100000 100000 3 4 5 6
171 100000 100000 4 0 4 5 6
140 100000 98 4 0 4 5 6
129 258 100000 4 7 8 9 10
554 1108 100000 4 7 8 9 10
204 100000 100000 4 7 8 9 10
90 180 100000 3 11 12 13
216 432 151 3 11 12 13
41 100000 100000 1 14
188 376 132 1 14
201 100000 100000 2 16 17
172 100000 120 2 16 17
314 100000 100000 2 16 17
207 414 145 3 18 19 20
215 430 100000 2 18 20
581 1162 407 2 18 20
96 100000 67 2 18 20
129 258 90 4 21 22 23 24
263 100000 184 4 21 22 23 24
248 100000 100000 2 25 26
533 100000 100000 2 25 26
301 100000 100000 2 25 26
72 144 50 2 25 26
66 100000 46 3 27 28 30
487 100000 341 1 30
311 100000 100000 2 15 28
93 100000 100000 1 29
538 1076 100000 3 31 32 34
170 340 119 3 32 33 34
323 100000 100000 3 15 32 34
132 264 100000 2 35 37
54 100000 100000 2 35 37
264 528 100000 2 31 37
434 868 100000 2 35 40
104 208 100000 1 39
135 100000 100000 3 33 38 40
279 100000 195 2 42 43
123 100000 100000 2 36 44
125 100000 88 2 36 44
180 360 100000 1 45
269 538 188 1 45
102 204 71 2 41 45
