# Converted from 50_59.csv
50
84 100000 100000 0
88 100000 100000 0
215 100000 100000 0
373 100000 100000 0
346 692 242 0
242 100000 169 0
37 100000 100000 0
156 100000 100000 1 3
90 180 100000 1 4
167 334 117 1 6
42 84 29 1 1
279 100000 100000 1 2
179 358 125 1 5
55 110 38 1 6
451 100000 100000 1 2
251 100000 100000 1 4
116 232 81 1 10
210 420 147 1 11
126 100000 100000 1 14
454 908 100000 1 14
171 100000 120 1 13
409 100000 100000 1 14
217 434 100000 1 14
66 100000 46 1 17
235 470 100000 1 16
399 100000 279 1 18
54 100000 38 1 20
121 242 85 1 21
154 100000 100000 1 22
107 100000 75 1 22
489 100000 100000 5 0 7 8 9 23
91 100000 100000 1 24
327 100000 229 1 25
412 100000 100000 1 25
70 140 49 1 29
115 230 100000 1 30
31 100000 22 1 30
499 998 100000 1 30
149 298 100000 1 30
170 100000 100000 1 30
541 100000 100000 1 31
547 100000 100000 1 32
144 100000 100000 1 35
488 976 342 1 40
86 100000 60 1 35
108 216 100000 1 37
98 196 69 1 42
190 100000 100000 1 44
167 100000 100000 1 45
118 236 100000 1 44
