# Converted from 50_511.csv
50
148 100000 100000 0
208 100000 146 0
204 408 143 0
512 1024 100000 0
335 100000 234 4 0 1 2 3
244 100000 171 4 0 1 2 3
43 100000 30 4 0 1 2 3
169 100000 118 4 0 1 2 3
29 58 100000 4 4 5 6 7
507 1014 100000 4 4 5 6 7
103 100000 100000 4 4 5 6 7
548 1096 384 4 4 5 6 7
216 100000 151 4 8 9 10 11
69 100000 48 4 8 9 10 11
568 1136 398 4 8 9 10 11
88 100000 100000 3 12 13 14
379 100000 265 3 12 13 14
459 918 100000 3 12 13 14
33 100000 100000 3 15 16 17
35 100000 24 3 15 16 17
58 116 100000 3 15 16 17
127 100000 100000 3 18 19 20
288 100000 100000 3 18 19 20
30 60 21 2 21 22
228 456 100000 2 21 22
488 100000 100000 2 21 22
542 100000 100000 3 23 24 25
149 100000 100000 3 23 24 25
99 100000 100000 1 26
35 100000 100000 1 27
108 100000 100000 1 27
114 100000 100000 1 28
422 100000 100000 1 28
186 372 100000 2 31 32
94 100000 66 2 30 31
123 100000 100000 1 31
46 92 32 2 29 32
299 598 209 1 36
559 1118 100000 2 33 35
115 100000 80 3 30 33 35
131 262 100000 2 38 39
314 100000 100000 1 40
87 174 61 2 34 40
282 100000 100000 1 40
293 586 100000 3 36 41 42
150 300 100000 2 42 43
343 686 100000 1 45
157 314 110 1 45
189 100000 132 1 47
426 100000 100000 2 29 46
