# Converted from 50_523.csv
50
29 58 100000 0
238 100000 167 0
524 100000 100000 0
448 100000 314 3 0 1 2
227 454 100000 3 0 1 2
251 100000 100000 3 0 1 2
269 100000 188 3 3 4 5
232 100000 100000 1 6
166 332 100000 1 6
107 100000 100000 1 6
178 356 100000 1 6
120 240 100000 4 7 8 9 10
511 1022 100000 4 7 8 9 10
362 100000 253 4 7 8 9 10
57 100000 40 4 7 8 9 10
59 100000 100000 4 11 12 13 14
205 100000 100000 4 11 12 13 14
172 344 100000 4 11 12 13 14
38 76 27 4 11 12 13 14
211 422 100000 4 15 16 17 18
112 224 100000 4 15 16 17 18
211 100000 148 4 15 16 17 18
165 330 115 3 19 20 21
45 90 31 1 19
531 100000 372 2 19 21
163 100000 114 2 20 24
84 100000 100000 2 20 24
112 224 78 1 25
288 100000 202 1 25
237 474 100000 1 26
188 100000 100000 2 22 26
31 62 100000 1 30
483 100000 338 3 23 29 31
166 100000 100000 2 23 31
117 234 100000 2 23 31
40 100000 100000 1 34
78 100000 55 3 25 33 34
255 100000 178 3 25 32 34
502 100000 351 3 35 36 37
357 100000 100000 4 27 28 36 37
75 150 100000 2 38 39
177 354 124 1 39
294 100000 100000 1 40
206 412 100000 1 40
151 100000 100000 1 41
73 146 100000 2 40 41
51 100000 100000 2 38 44
103 100000 72 1 45
55 100000 100000 1 43
45 100000 31 1 48
