# Converted from 50_517.csv
50
288 100000 202 0
80 100000 100000 0
89 100000 62 2 0 1
302 100000 100000 2 0 1
91 100000 100000 2 0 1
485 100000 340 3 2 3 4
179 358 100000 3 2 3 4
292 100000 204 2 5 6
30 100000 21 2 5 6
231 462 100000 2 7 8
366 732 100000 1 9
442 884 309 1 9
113 226 100000 1 9
391 782 274 1 9
195 390 100000 4 10 11 12 13
133 100000 100000 4 10 11 12 13
549 100000 384 2 14 15
84 168 100000 2 14 15
299 598 209 2 14 15
133 266 93 3 16 17 18
141 282 100000 3 16 17 18
584 100000 100000 2 19 20
424 848 100000 2 19 20
319 100000 100000 2 19 20
427 854 299 3 21 22 23
456 912 319 3 21 22 23
167 100000 117 3 21 22 23
163 100000 100000 2 24 26
184 368 100000 2 24 26
268 100000 188 3 24 25 26
498 100000 100000 1 25
355 100000 100000 2 27 29
175 100000 122 2 28 29
70 100000 100000 2 31 32
27 100000 100000 1 31
209 100000 100000 2 28 31
172 100000 120 2 30 31
401 802 281 1 36
184 100000 100000 2 35 36
155 100000 100000 3 34 35 36
208 100000 146 3 30 33 35
163 326 100000 3 33 37 38
355 100000 100000 2 39 40
84 100000 100000 1 38
620 100000 100000 2 41 43
231 462 100000 1 42
356 100000 100000 1 43
39 100000 27 1 44
30 60 21 1 46
96 192 100000 1 45
