# Converted from 50_57.csv
50
244 100000 171 0
164 100000 115 0
193 100000 100000 0
311 100000 218 0
111 222 78 0
210 100000 100000 0
460 920 100000 0
502 100000 351 4 0 1 2 3
94 188 100000 1 4
115 100000 100000 1 6
215 100000 100000 1 6
204 408 143 1 4
139 278 100000 1 4
267 100000 187 1 7
161 100000 100000 1 7
497 100000 100000 1 7
190 100000 100000 1 7
194 388 100000 1 7
389 100000 100000 1 8
97 194 100000 1 9
527 1054 369 1 12
104 100000 100000 1 10
61 100000 100000 1 7
132 100000 100000 1 19
456 912 100000 1 18
520 100000 364 1 22
156 100000 100000 1 22
133 266 100000 1 24
520 100000 364 1 23
183 100000 100000 1 26
142 284 100000 1 24
199 100000 139 1 25
483 100000 100000 1 25
310 100000 217 1 26
221 100000 155 1 27
301 100000 211 1 29
497 994 100000 1 28
111 222 78 1 32
282 100000 197 1 33
397 100000 100000 1 36
507 100000 100000 1 35
43 86 100000 1 34
35 100000 100000 1 38
212 424 100000 1 38
405 810 284 1 37
106 100000 74 2 30 38
166 332 116 1 36
49 98 100000 1 39
102 204 100000 1 40
242 484 169 1 45
