# Converted from 50_514.csv
50
25 100000 100000 0
70 100000 100000 0
262 100000 100000 0
182 100000 100000 2 1 2
363 100000 100000 3 0 1 2
248 100000 174 2 3 4
102 100000 71 2 3 4
165 100000 100000 2 5 6
417 834 100000 2 5 6
378 100000 265 2 5 6
133 266 93 2 5 6
102 100000 100000 4 7 8 9 10
333 100000 233 4 7 8 9 10
279 558 100000 4 7 8 9 10
112 224 100000 3 11 12 13
156 312 109 3 11 12 13
70 100000 100000 3 11 12 13
57 114 100000 3 14 15 16
166 332 116 3 14 15 16
118 100000 83 3 14 15 16
402 804 100000 3 17 18 19
167 334 117 3 17 18 19
215 100000 100000 3 17 18 19
339 678 100000 3 17 18 19
70 140 49 4 20 21 22 23
76 152 100000 4 20 21 22 23
424 848 100000 4 20 21 22 23
257 514 180 3 24 25 26
345 690 100000 3 24 25 26
23 100000 16 3 24 25 26
199 100000 139 2 27 28
480 100000 336 1 29
261 100000 100000 1 30
30 100000 100000 1 32
37 100000 100000 1 32
185 100000 130 1 32
104 100000 73 1 32
198 396 139 2 33 35
539 100000 100000 2 35 36
133 100000 100000 2 33 35
248 100000 174 2 29 37
162 100000 100000 2 31 40
231 100000 100000 1 40
316 100000 100000 2 38 42
146 292 102 2 36 42
456 100000 100000 2 36 42
293 586 205 2 38 41
520 100000 100000 1 43
169 338 100000 3 43 44 45
155 310 100000 2 44 45
