# Converted from 50_519.csv
50
122 100000 85 0
276 100000 193 0
224 448 157 0
79 158 55 1 0
208 416 146 1 2
97 194 68 1 0
195 390 136 1 2
273 100000 100000 1 0
188 100000 100000 4 3 4 6 7
240 100000 168 4 3 4 6 7
340 100000 238 3 4 6 7
384 100000 100000 3 8 9 10
564 100000 100000 3 8 9 10
139 278 97 2 11 12
90 100000 100000 2 11 12
123 100000 100000 2 11 12
183 366 128 3 13 14 15
530 1060 100000 3 1 13 14
153 306 107 4 1 13 14 15
77 154 54 2 13 14
254 100000 100000 3 16 18 19
250 100000 100000 3 5 18 19
491 100000 100000 3 16 18 19
103 100000 100000 3 20 21 22
104 100000 100000 3 20 21 22
125 100000 88 2 23 24
124 248 100000 2 23 24
51 102 100000 2 23 24
91 100000 100000 2 23 24
256 100000 100000 4 25 26 27 28
604 1208 100000 4 17 25 26 27
517 1034 100000 2 17 29
159 100000 100000 2 29 30
92 100000 100000 2 31 32
210 420 147 2 30 31
231 100000 100000 1 33
249 498 100000 2 34 35
123 100000 86 2 34 35
417 100000 100000 2 36 37
136 100000 95 2 36 37
202 100000 100000 2 36 37
309 100000 100000 2 38 40
68 136 100000 1 38
63 126 100000 2 38 40
416 100000 291 2 38 39
383 100000 100000 1 40
213 426 149 2 42 44
233 100000 100000 2 43 45
358 100000 251 1 46
95 190 100000 2 46 47
