# Converted from 50_65.csv
50
142 284 100000 0
338 100000 237 0
319 638 100000 0
206 100000 100000 0
134 100000 94 1 2
189 100000 100000 1 3
458 100000 321 1 2
205 410 144 1 2
247 494 173 1 1
177 100000 100000 1 3
259 518 100000 1 3
202 100000 100000 1 1
80 160 56 1 2
494 100000 100000 5 0 4 5 6 7
149 100000 100000 1 9
567 100000 100000 1 8
469 100000 100000 1 11
190 100000 133 1 9
161 322 100000 1 9
76 100000 100000 1 12
430 100000 301 1 11
211 422 100000 1 13
158 316 100000 1 13
198 100000 100000 1 13
241 100000 169 1 13
78 156 55 1 14
263 526 184 1 15
57 114 100000 2 18 20
443 886 100000 2 2 20
45 100000 100000 1 19
148 100000 104 1 26
225 100000 158 2 2 25
151 100000 106 1 29
305 610 100000 1 21
119 100000 100000 2 18 24
227 100000 159 1 30
140 100000 100000 1 32
216 432 100000 1 31
231 100000 100000 1 33
43 100000 100000 2 21 32
44 100000 31 1 36
22 44 100000 1 35
567 1134 397 1 37
324 100000 227 1 38
270 100000 100000 2 34 37
137 274 96 2 12 37
58 116 100000 1 38
505 1010 354 1 41
180 100000 100000 2 18 40
287 100000 100000 1 45
