# Converted from 50_64.csv
50
66 132 46 0
107 100000 100000 0
81 100000 100000 0
507 100000 100000 0
110 100000 100000 0
198 396 100000 0
236 472 165 0
103 100000 72 2 5 6
476 100000 100000 1 1
204 100000 143 1 5
155 100000 100000 1 2
265 530 186 1 6
238 476 100000 1 6
562 100000 100000 1 12
451 100000 316 1 9
240 100000 100000 1 8
47 94 33 1 10
581 100000 407 1 12
261 100000 100000 1 12
186 372 130 1 10
441 100000 100000 1 9
35 70 100000 1 20
82 164 100000 1 14
148 100000 104 1 17
499 100000 100000 1 16
305 610 214 1 15
167 100000 117 1 17
42 84 29 1 20
406 100000 100000 4 0 7 13 21
71 142 100000 1 23
216 100000 151 1 24
467 934 327 2 22 25
24 100000 17 1 25
493 100000 100000 1 28
473 100000 100000 1 28
40 100000 100000 1 28
46 100000 100000 1 28
468 100000 328 1 28
537 100000 100000 1 29
402 804 100000 1 30
85 170 59 1 28
75 150 100000 1 31
106 212 74 1 38
323 646 100000 1 36
105 100000 100000 1 40
88 100000 100000 1 35
323 100000 100000 1 42
211 100000 100000 1 44
143 286 100 1 43
116 232 100000 3 25 44 45
