# Converted from 50_6.csv
50
115 100000 100000 0
33 100000 100000 0
181 362 100000 0
137 100000 100000 0
94 100000 100000 0
84 168 59 0
157 100000 100000 0
227 100000 100000 0
165 100000 115 0
158 100000 111 5 0 1 2 3 4
71 100000 100000 1 5
104 208 100000 1 6
78 156 100000 1 7
154 100000 100000 1 7
63 126 44 1 8
80 100000 100000 2 7 8
35 100000 100000 1 7
83 166 100000 1 9
70 100000 49 1 9
222 100000 155 1 9
79 100000 100000 1 9
117 234 82 1 13
154 100000 100000 1 10
82 164 100000 1 11
115 230 100000 1 12
71 100000 100000 1 16
103 100000 100000 1 21
160 320 112 1 22
65 130 100000 2 20 23
57 100000 40 1 24
78 156 55 1 20
166 332 116 1 17
74 148 100000 1 19
62 100000 43 1 25
280 100000 100000 1 26
134 100000 100000 1 31
108 216 100000 1 34
160 100000 100000 2 7 35
20 40 100000 1 35
148 296 104 1 35
167 334 117 1 35
231 462 162 1 35
132 100000 92 2 14 35
192 384 134 1 36
279 100000 195 1 40
39 100000 27 2 37 38
22 100000 100000 1 40
77 100000 100000 2 42 45
108 100000 100000 1 43
36 100000 25 2 40 45
