# Converted from 50_62.csv
50
141 100000 99 0
68 100000 100000 0
576 100000 403 0
259 518 100000 0
566 1132 100000 0
138 276 100000 0
223 100000 100000 0
487 100000 341 0
115 100000 80 1 5
212 100000 100000 1 2
612 1224 100000 1 2
296 100000 100000 1 2
244 100000 171 1 5
221 100000 100000 2 3 5
153 306 100000 1 2
549 1098 384 1 9
121 100000 100000 1 10
508 100000 100000 1 12
255 510 100000 1 14
129 258 90 1 13
249 498 100000 1 17
454 100000 100000 1 15
80 100000 56 2 13 16
112 100000 100000 1 17
151 100000 100000 2 3 17
195 390 136 1 19
101 202 100000 1 17
83 100000 58 1 21
25 100000 100000 1 20
130 100000 100000 1 25
226 100000 158 2 4 25
316 632 221 1 26
181 100000 127 3 17 21 22
159 100000 100000 5 0 1 3 8 27
185 100000 130 1 28
69 100000 100000 1 29
48 96 100000 1 30
470 100000 100000 2 18 29
582 100000 407 1 33
238 476 100000 1 33
478 956 100000 1 33
150 300 105 1 33
317 100000 100000 1 34
524 100000 367 1 35
380 100000 100000 2 32 36
226 452 100000 1 43
63 126 44 2 4 42
78 156 100000 1 39
161 100000 113 1 40
230 460 161 2 22 41
