# Converted from 50_69.csv
50
192 100000 100000 0
342 100000 239 0
36 72 25 0
323 100000 226 0
120 240 84 0
473 100000 100000 0
494 988 100000 1 1
120 100000 84 1 0
214 428 150 1 1
199 398 100000 1 4
96 100000 67 1 1
600 100000 100000 1 1
277 554 194 1 11
170 100000 100000 1 7
222 444 100000 1 8
84 100000 59 1 9
222 444 100000 1 10
169 100000 118 1 11
102 100000 71 1 11
116 232 100000 1 10
29 100000 100000 1 11
208 416 100000 1 14
403 806 100000 1 16
446 892 100000 1 15
604 100000 100000 1 13
518 100000 363 1 17
32 64 22 1 18
276 100000 193 2 24 25
47 94 100000 1 22
539 100000 100000 1 23
71 142 50 1 24
191 100000 100000 1 26
178 100000 125 1 26
58 100000 41 1 25
210 420 100000 1 25
137 100000 100000 4 6 12 21 27
542 100000 100000 1 30
135 100000 100000 2 28 29
123 100000 86 1 31
126 252 100000 1 32
228 456 160 1 35
238 100000 100000 1 35
268 100000 100000 1 35
412 100000 100000 1 35
146 100000 100000 1 35
294 588 206 1 36
92 100000 100000 1 35
48 100000 100000 1 40
114 100000 100000 1 45
526 1052 100000 1 45
