# Converted from 50_66.csv
50
312 624 100000 0
43 100000 100000 0
189 100000 100000 0
202 404 100000 0
149 100000 104 0
229 458 100000 0
552 100000 386 0
473 100000 331 1 2
81 100000 100000 1 5
35 100000 24 1 1
488 100000 100000 1 5
390 100000 273 2 2 6
504 100000 353 1 6
237 100000 100000 1 2
46 100000 32 1 11
338 676 237 1 13
284 100000 199 1 10
221 100000 155 1 9
225 450 100000 1 11
230 460 100000 1 14
99 100000 100000 1 15
160 320 100000 1 16
30 60 100000 1 17
79 100000 100000 1 21
230 100000 100000 1 19
180 100000 100000 1 21
196 100000 100000 1 20
79 158 55 2 13 21
122 100000 100000 2 18 21
276 100000 100000 1 26
187 374 131 1 23
145 290 100000 1 24
464 928 325 1 25
175 100000 100000 1 27
250 100000 100000 1 28
236 100000 100000 1 27
81 162 100000 4 0 7 8 29
36 100000 100000 1 30
487 974 100000 1 31
110 100000 77 1 32
168 336 100000 1 35
210 420 100000 1 35
501 100000 100000 1 36
136 272 95 1 36
151 100000 100000 1 36
521 1042 365 1 36
186 372 130 1 37
155 310 108 2 28 36
404 100000 283 2 6 40
482 100000 337 1 41
