# Converted from 50_68.csv
50
474 948 100000 0
328 100000 100000 0
148 100000 104 0
155 100000 100000 0
212 100000 100000 0
70 100000 49 0
42 84 29 0
309 618 216 0
31 62 22 4 0 1 2 3
166 100000 100000 1 4
74 148 100000 1 5
122 244 100000 1 6
516 100000 361 1 7
154 308 108 1 7
448 100000 100000 1 7
94 100000 66 1 7
137 274 100000 1 7
31 62 22 1 7
47 94 100000 1 8
72 144 100000 1 8
60 120 100000 1 8
250 500 100000 1 8
466 100000 100000 1 9
410 820 287 1 10
220 100000 154 1 12
486 100000 100000 1 11
194 100000 100000 1 17
451 902 100000 1 23
59 100000 100000 1 24
247 100000 100000 1 22
365 730 100000 1 20
241 482 100000 1 21
85 100000 100000 1 18
41 100000 29 1 28
66 100000 100000 1 27
143 100000 100 1 30
250 100000 100000 1 33
260 100000 182 1 34
364 728 255 1 34
70 100000 100000 2 8 34
290 100000 100000 2 12 39
305 100000 214 1 36
285 570 100000 2 35 39
39 100000 100000 3 8 16 41
304 100000 100000 1 40
487 100000 100000 2 26 41
243 100000 170 1 42
216 432 151 1 40
445 100000 312 1 42
43 100000 30 3 15 19 42
