# Converted from 50_63.csv
50
91 100000 64 0
208 100000 146 0
67 100000 47 0
264 528 100000 0
468 936 100000 0
555 100000 100000 0
143 100000 100000 0
268 536 188 1 2
29 58 100000 1 1
282 100000 100000 1 2
28 56 100000 1 2
254 508 100000 1 6
293 100000 100000 1 4
166 100000 116 1 12
249 498 100000 1 9
339 100000 237 1 11
238 100000 167 1 10
219 100000 100000 1 8
191 100000 134 1 12
128 100000 90 1 11
295 100000 100000 1 15
195 390 100000 1 16
35 70 100000 1 14
247 494 100000 1 18
280 560 100000 1 19
509 100000 356 1 19
92 100000 100000 1 23
160 320 100000 1 23
59 118 100000 1 20
162 324 113 1 21
309 100000 216 1 24
187 374 131 1 23
480 960 336 1 25
130 260 100000 5 0 7 13 17 26
156 100000 109 1 27
510 100000 100000 1 28
95 100000 66 1 31
224 100000 100000 1 29
407 100000 100000 1 33
527 100000 100000 1 33
209 100000 146 1 33
121 100000 100000 1 33
212 424 100000 1 33
64 128 45 1 34
104 100000 73 1 36
118 100000 83 1 39
357 100000 100000 1 40
406 100000 100000 1 38
51 102 100000 1 40
33 100000 100000 1 38
