# Converted from 50_74.csv
50
221 442 100000 0
171 342 100000 0
317 634 222 0
46 100000 100000 0
135 100000 94 0
307 100000 215 0
249 498 174 0
191 382 134 1 4
33 100000 100000 1 6
21 42 100000 1 3
116 100000 81 1 2
109 100000 100000 1 4
84 100000 100000 1 5
319 100000 100000 1 5
362 724 253 1 3
194 100000 100000 5 0 1 7 8 14
204 100000 100000 1 9
156 100000 100000 1 12
439 878 307 1 10
518 100000 363 1 11
77 154 100000 1 12
270 100000 189 1 15
310 620 217 1 15
42 100000 29 1 15
129 258 90 1 15
37 100000 100000 1 15
66 132 100000 1 17
193 386 100000 1 16
514 100000 100000 1 15
173 100000 100000 1 17
490 100000 100000 1 26
25 100000 18 1 28
212 424 100000 1 27
533 100000 100000 1 28
265 530 100000 1 21
133 100000 100000 1 21
450 100000 100000 1 32
162 324 100000 1 31
95 100000 100000 1 30
87 174 100000 1 35
219 100000 100000 1 32
41 100000 29 1 36
138 100000 100000 1 37
156 100000 109 1 38
586 100000 410 1 40
156 312 100000 1 40
466 100000 100000 1 41
485 970 340 1 44
467 100000 327 1 42
40 80 28 1 43
