# Converted from 50_77.csv
50
100 100000 70 0
161 322 113 0
59 100000 100000 0
126 252 100000 0
143 100000 100 1 3
269 100000 188 1 3
101 100000 71 1 3
73 146 100000 1 3
103 206 100000 1 3
224 448 157 1 8
267 100000 187 1 8
42 100000 29 1 8
112 100000 100000 1 8
69 138 100000 2 7 8
159 318 100000 5 4 5 9 10 13
71 142 50 2 12 13
86 100000 100000 2 7 12
88 100000 100000 1 12
65 130 100000 1 12
120 100000 100000 1 14
140 100000 100000 1 14
86 100000 100000 1 14
196 392 100000 1 14
73 146 51 1 14
199 398 100000 4 2 6 15 16
268 100000 100000 1 17
66 132 46 10 0 1 11 19 20 21 22 23 24 25
249 498 100000 1 24
299 100000 100000 1 24
28 56 100000 1 24
133 100000 93 1 24
91 100000 100000 1 24
134 100000 100000 1 24
166 332 100000 4 12 20 21 22
88 100000 100000 1 26
107 214 100000 1 26
176 100000 123 1 26
36 100000 25 1 26
202 100000 141 4 18 26 27 28
165 100000 100000 5 18 26 27 28 33
48 100000 34 4 34 37 38 39
116 100000 100000 3 34 36 39
230 100000 161 1 38
159 100000 111 2 41 42
121 242 85 3 34 37 42
197 100000 138 3 35 40 41
193 100000 100000 3 30 40 41
105 210 100000 2 43 45
154 308 100000 4 29 30 42 45
167 100000 100000 4 31 46 47 48
