# Converted from 50_72.csv
50
76 100000 100000 0
54 100000 38 0
240 100000 100000 0
358 100000 100000 0
253 100000 177 0
110 220 100000 1 4
307 100000 215 1 2
136 100000 100000 1 1
358 100000 100000 1 2
318 636 223 1 2
86 100000 60 1 2
213 426 149 1 3
231 462 162 1 3
59 118 100000 1 11
219 438 100000 1 8
35 100000 24 1 8
483 100000 100000 1 8
90 100000 100000 1 7
243 100000 170 1 12
211 100000 148 1 14
152 100000 100000 1 15
522 100000 100000 1 16
113 100000 100000 1 17
555 1110 388 1 17
76 100000 100000 1 23
104 208 73 1 20
42 100000 100000 1 19
58 116 41 1 21
435 870 100000 1 22
127 254 89 1 22
194 388 100000 1 23
132 264 100000 1 22
35 100000 100000 1 22
322 100000 100000 5 0 5 6 13 24
193 386 100000 1 25
116 100000 100000 1 31
420 840 100000 1 28
188 376 100000 1 29
187 100000 131 1 32
553 1106 100000 1 28
188 376 132 1 33
77 100000 54 1 33
130 100000 100000 1 33
238 100000 100000 1 33
188 100000 100000 1 33
119 238 100000 1 34
187 100000 131 1 45
256 100000 179 1 44
113 226 79 1 42
164 100000 100000 1 42
