# Converted from 50_70.csv
50
160 320 100000 0
139 100000 100000 0
225 100000 158 0
290 100000 100000 0
52 104 100000 0
242 100000 100000 0
129 100000 100000 0
131 100000 92 1 4
268 100000 100000 1 1
21 100000 100000 1 2
48 96 34 1 4
104 208 100000 1 5
234 100000 100000 1 2
614 1228 100000 1 6
153 100000 107 1 10
252 100000 176 1 11
265 100000 186 1 9
54 108 38 1 8
443 100000 310 2 10 13
32 100000 22 1 10
87 100000 61 1 10
57 100000 100000 1 16
136 100000 100000 1 19
164 100000 100000 1 14
401 802 100000 1 15
116 232 100000 1 17
110 100000 100000 2 11 20
25 100000 100000 1 19
444 888 100000 1 23
63 100000 44 1 24
93 100000 100000 1 26
474 100000 100000 1 25
243 486 170 1 26
25 100000 18 5 0 7 21 22 28
24 48 17 1 29
578 1156 405 2 18 32
67 134 100000 1 29
237 100000 100000 2 3 29
146 292 100000 1 30
51 100000 36 1 33
145 100000 100000 1 33
572 100000 400 1 33
141 282 99 1 33
234 468 100000 1 33
26 52 100000 1 34
169 338 118 1 37
305 100000 100000 1 44
501 1002 100000 2 25 45
98 196 100000 1 45
156 100000 109 2 38 43
