# Converted from 50_73.csv
50
326 652 100000 0
94 188 100000 0
268 536 100000 0
400 100000 280 1 2
115 100000 100000 1 1
244 488 171 1 2
76 152 53 1 2
545 1090 100000 1 2
235 470 164 1 2
157 314 110 1 2
146 100000 102 1 4
45 100000 100000 2 5 8
215 100000 150 1 9
655 100000 100000 1 7
55 100000 100000 1 9
67 134 47 1 11
91 100000 100000 1 11
32 64 22 1 12
113 100000 100000 1 14
208 100000 146 1 13
241 100000 169 1 12
118 100000 83 1 15
179 100000 100000 1 20
477 100000 100000 1 16
36 72 100000 1 20
501 100000 100000 2 5 17
510 100000 100000 1 24
119 100000 100000 1 22
244 100000 171 1 22
206 100000 100000 1 21
216 432 151 1 23
167 100000 100000 1 22
181 362 100000 1 22
54 108 100000 1 23
119 100000 83 2 6 23
502 100000 100000 4 0 3 10 26
551 100000 386 1 29
76 100000 100000 1 27
35 70 100000 1 28
245 490 100000 1 33
96 100000 100000 1 35
320 100000 224 1 35
43 100000 100000 1 35
50 100 100000 1 35
272 100000 100000 1 35
31 100000 22 1 35
459 918 321 1 36
112 224 78 1 37
60 120 100000 1 38
170 100000 100000 1 39
