# Converted from 50_71.csv
50
50 100 35 0
351 100000 246 0
96 100000 100000 0
476 952 333 0
219 100000 100000 0
194 388 100000 0
99 100000 69 0
516 1032 100000 1 6
389 778 272 1 1
57 114 100000 1 3
246 492 100000 1 2
148 100000 104 1 6
62 100000 100000 1 3
277 554 194 1 4
508 100000 356 1 4
246 492 100000 1 11
422 844 295 1 11
337 674 236 1 9
211 422 100000 1 8
159 100000 100000 1 10
557 1114 390 1 14
106 100000 100000 1 11
192 384 134 2 3 11
181 362 100000 1 12
554 100000 388 1 11
382 100000 100000 1 24
179 358 100000 1 20
172 100000 100000 1 16
59 100000 41 1 17
81 100000 100000 1 20
303 100000 100000 6 0 5 7 15 25 26
190 100000 100000 1 27
81 100000 100000 1 29
180 100000 100000 1 29
366 732 256 1 29
81 100000 57 1 30
70 100000 100000 1 30
357 100000 250 1 30
98 100000 100000 1 30
70 100000 100000 2 31 34
114 100000 80 1 30
278 556 100000 1 34
564 100000 395 2 28 34
201 100000 100000 1 32
503 100000 100000 1 35
421 100000 295 1 42
471 100000 100000 1 38
120 240 100000 1 44
107 214 100000 1 46
497 100000 100000 1 45
