# Converted from 50_87.csv
50
114 100000 100000 0
64 100000 45 0
207 100000 145 0
60 100000 100000 0
141 100000 100000 0
20 40 14 5 0 1 2 3 4
114 228 80 1 4
331 662 100000 1 4
302 100000 100000 1 4
128 100000 100000 1 4
211 422 100000 1 4
105 210 100000 1 5
190 100000 100000 1 5
100 100000 70 1 5
209 100000 146 1 5
191 100000 100000 1 5
128 100000 100000 3 5 8 10
71 100000 50 3 8 13 14
26 52 18 5 8 9 13 14 15
115 100000 100000 2 15 16
156 100000 100000 2 8 12
120 240 100000 4 13 14 19 20
105 100000 100000 3 14 19 20
93 186 100000 3 10 14 20
230 460 100000 2 22 23
206 412 100000 1 23
41 100000 29 2 22 23
161 322 100000 2 22 25
246 100000 172 1 26
134 268 94 2 22 25
22 100000 100000 1 26
226 100000 158 2 24 25
192 100000 134 6 6 7 11 17 27 31
153 100000 100000 3 13 25 30
26 52 18 2 29 30
191 382 100000 1 32
68 100000 100000 1 32
324 648 100000 1 32
209 418 100000 1 32
58 100000 41 1 32
134 100000 100000 2 33 34
59 118 41 3 24 33 34
275 100000 100000 4 18 21 28 40
100 100000 70 2 26 35
73 146 51 3 30 36 39
240 100000 168 1 42
180 360 100000 1 42
131 100000 100000 1 42
292 584 100000 1 42
123 100000 86 1 42
