# Converted from 50_85.csv
50
214 100000 150 0
26 100000 100000 0
40 100000 100000 1 0
201 402 141 1 0
158 100000 111 1 1
102 204 100000 1 1
60 100000 100000 1 0
292 100000 100000 1 0
106 100000 100000 1 0
116 100000 81 1 6
44 88 100000 1 5
211 422 100000 1 8
76 152 53 1 7
260 520 100000 2 5 7
209 100000 100000 1 7
48 100000 100000 1 13
131 262 100000 2 13 14
133 100000 100000 6 4 9 10 11 12 14
189 100000 100000 1 14
207 414 100000 1 17
183 100000 128 1 17
139 278 100000 1 17
213 426 100000 1 17
150 100000 100000 1 17
207 100000 145 1 17
139 100000 100000 2 17 18
386 772 100000 3 18 19 24
105 210 100000 1 24
70 100000 100000 3 13 19 24
119 238 83 1 21
125 250 100000 5 2 15 16 26 27
40 100000 28 2 22 29
125 100000 100000 1 29
220 100000 100000 1 30
151 302 100000 1 30
175 100000 122 1 30
139 278 97 1 30
80 100000 56 1 31
208 416 146 2 29 36
86 100000 60 2 34 36
227 454 159 2 36 37
70 100000 49 2 34 36
168 336 100000 5 3 23 28 38 39
86 172 100000 4 20 35 40 41
109 100000 76 3 35 40 41
26 100000 18 1 42
75 100000 52 1 42
99 100000 100000 1 42
190 100000 100000 1 42
251 100000 176 1 43
