# Converted from 50_89.csv
50
42 100000 29 0
157 100000 110 0
163 100000 100000 0
130 260 100000 0
128 100000 100000 0
276 100000 193 5 0 1 2 3 4
110 220 100000 1 4
328 656 100000 1 4
130 260 91 1 4
39 100000 27 1 4
85 170 59 1 4
125 250 100000 1 5
95 100000 100000 1 5
226 100000 158 1 5
131 262 100000 1 5
164 100000 100000 3 5 8 9
149 298 100000 3 5 9 10
88 100000 100000 3 5 9 10
140 100000 100000 4 9 10 12 14
160 100000 100000 5 9 10 12 13 14
121 242 85 3 10 12 15
80 100000 100000 2 19 20
23 100000 100000 2 19 20
110 100000 100000 2 8 18
69 138 48 3 8 18 19
131 262 100000 4 8 17 18 19
103 206 100000 1 24
195 390 136 1 24
116 100000 100000 1 27
281 100000 197 1 26
182 100000 100000 1 26
82 100000 100000 2 27 29
179 358 100000 3 16 20 30
158 316 100000 6 7 11 16 22 23 28
198 100000 139 2 15 29
148 100000 104 4 6 21 31 32
152 304 100000 1 33
203 100000 142 1 33
98 100000 100000 1 33
150 100000 105 1 33
100 200 70 3 16 20 34
156 100000 100000 2 33 34
77 154 100000 1 35
272 100000 190 1 35
28 100000 20 1 35
88 100000 62 1 35
125 250 100000 2 35 41
162 324 113 4 34 42 43 45
30 100000 100000 3 42 44 46
65 100000 100000 2 40 45
