# Converted from 50_88.csv
50
153 306 107 0
175 100000 122 0
141 100000 99 0
200 100000 100000 0
114 100000 100000 1 2
194 100000 100000 1 3
34 100000 100000 2 2 3
273 546 100000 1 2
191 100000 100000 1 2
190 100000 133 1 8
217 100000 152 1 8
150 100000 100000 1 8
179 358 125 1 8
49 100000 100000 1 8
222 444 100000 2 3 8
71 100000 50 2 3 8
180 360 100000 2 3 8
105 210 100000 5 0 4 5 9 10
117 234 100000 2 15 16
129 258 100000 1 15
144 100000 101 2 15 16
91 182 64 1 17
289 578 100000 1 17
116 232 81 1 17
133 266 100000 1 17
96 192 67 1 17
236 472 165 2 15 17
250 100000 175 5 7 13 14 17 19
169 100000 100000 2 17 20
221 442 100000 2 17 20
239 478 100000 13 1 6 11 12 18 22 23 24 25 26 27 28 29
56 100000 100000 1 27
226 452 100000 1 27
100 100000 70 1 27
81 100000 100000 1 27
89 100000 100000 1 27
85 100000 59 7 22 23 24 25 27 28 29
47 100000 100000 1 30
142 100000 99 1 30
21 100000 100000 1 30
228 100000 100000 1 30
160 320 112 5 31 34 36 37 38
42 84 100000 5 31 32 36 39 40
136 100000 100000 3 35 36 39
32 100000 100000 7 21 31 33 35 36 37 38
211 100000 100000 2 35 41
266 100000 100000 2 32 45
60 100000 42 3 21 42 46
206 412 144 3 21 42 46
99 100000 69 4 21 33 39 46
