# Converted from 50_81.csv
50
185 100000 130 0
99 100000 100000 0
60 100000 42 0
144 100000 101 0
88 100000 62 0
39 78 27 0
133 100000 93 1 5
43 100000 100000 4 0 1 2 3
203 406 100000 1 5
24 48 17 2 4 5
86 172 100000 1 4
139 100000 100000 1 7
239 100000 100000 1 7
294 588 206 1 7
118 236 100000 1 7
82 100000 57 1 7
94 100000 100000 1 10
230 100000 100000 3 11 15 16
127 254 100000 2 12 15
148 296 104 3 13 15 16
61 100000 100000 1 14
32 64 100000 2 4 11
184 100000 100000 5 8 9 14 18 19
159 318 100000 1 20
326 100000 228 1 20
137 100000 100000 3 22 23 24
150 100000 100000 1 22
205 100000 144 1 22
48 96 100000 1 22
149 100000 100000 1 22
51 100000 100000 2 10 24
31 100000 22 2 22 30
101 202 100000 2 24 27
104 208 100000 2 23 32
250 100000 100000 1 32
42 100000 100000 2 11 33
110 220 77 2 30 33
31 100000 22 3 28 33 34
141 282 99 3 26 31 33
253 506 177 5 6 17 25 35 36
177 354 100000 1 37
159 318 100000 1 37
72 100000 50 1 37
41 82 29 2 34 38
107 100000 100000 1 39
113 226 79 1 39
39 100000 100000 1 39
53 100000 100000 1 39
185 100000 100000 1 39
271 100000 100000 2 40 43
