# Converted from 50_96.csv
50
89 178 100000 0
155 100000 100000 0
106 212 100000 0
61 122 100000 0
379 758 100000 0
112 224 100000 0
26 100000 100000 2 4 5
53 106 37 1 4
158 100000 111 5 0 1 2 3 4
60 100000 42 1 4
92 184 64 2 4 5
206 100000 100000 2 4 5
34 68 100000 1 5
55 100000 100000 1 5
93 186 100000 1 8
59 100000 41 1 8
132 264 100000 1 8
265 100000 186 1 8
75 100000 100000 3 11 12 13
93 186 100000 4 10 15 16 18
189 100000 132 2 13 17
114 228 80 1 18
181 362 100000 1 18
43 86 100000 1 18
136 100000 95 3 11 14 17
362 100000 100000 2 16 24
52 100000 36 4 9 21 22 23
70 140 100000 2 10 24
193 100000 135 3 12 16 24
134 100000 94 1 26
130 100000 91 1 26
40 100000 100000 1 26
195 100000 100000 1 26
51 100000 36 1 26
244 488 100000 2 13 28
244 100000 100000 3 14 16 30
161 100000 100000 2 31 34
81 100000 57 3 27 32 33
123 246 100000 8 6 7 19 20 25 35 36 37
313 626 219 3 27 32 36
197 100000 100000 3 15 36 37
224 100000 157 1 38
88 100000 100000 1 38
79 100000 55 1 38
144 288 101 1 38
113 100000 100000 1 38
93 186 65 1 42
33 100000 100000 3 41 43 45
247 100000 100000 3 40 46 47
84 100000 100000 2 44 47
