# Converted from 50_91.csv
50
276 552 193 0
150 100000 105 0
203 406 100000 0
123 100000 100000 0
172 344 100000 0
94 100000 100000 0
87 100000 100000 0
281 562 197 1 6
182 100000 100000 2 5 6
381 100000 267 1 8
48 96 34 1 8
122 244 100000 5 1 2 3 9 10
83 100000 58 1 10
25 50 18 1 10
201 100000 100000 1 11
227 100000 100000 1 11
105 100000 74 1 11
264 100000 100000 1 11
53 100000 100000 1 11
122 244 100000 1 12
200 400 100000 1 14
42 84 100000 3 4 16 17
142 284 100000 2 16 19
172 100000 120 2 16 17
84 168 100000 2 14 16
132 100000 100000 2 21 24
56 112 100000 2 23 24
94 100000 100000 2 13 23
160 320 100000 2 13 22
72 100000 100000 3 14 21 22
209 418 100000 1 23
36 100000 100000 3 12 14 30
222 100000 155 5 7 18 20 27 28
100 100000 70 2 13 30
98 100000 69 1 30
126 100000 100000 7 0 25 26 31 32 33 34
139 100000 100000 1 32
105 100000 100000 1 32
92 184 64 1 32
100 200 70 1 32
127 254 89 3 21 30 32
182 100000 100000 1 35
146 100000 100000 1 35
154 308 108 1 35
86 100000 100000 1 35
203 100000 142 4 29 30 36 38
162 100000 100000 2 38 40
36 100000 25 2 37 43
72 100000 50 3 34 45 46
57 114 40 3 36 41 43
