# Converted from 50_90.csv
50
100 100000 100000 0
121 242 85 0
156 100000 100000 0
148 296 100000 0
141 100000 99 0
244 488 171 1 4
111 222 78 4 0 1 2 3
85 170 59 1 4
85 100000 100000 1 4
221 442 155 1 4
128 100000 100000 1 6
31 62 22 1 6
184 368 100000 1 6
84 100000 59 1 6
95 190 100000 2 8 9
88 176 100000 2 8 9
79 158 55 2 10 13
223 446 100000 2 10 14
230 100000 161 2 10 14
208 416 100000 2 12 14
223 100000 100000 2 18 19
57 100000 100000 1 19
145 290 100000 1 19
81 100000 57 1 22
36 72 100000 2 10 22
153 100000 107 2 18 22
147 100000 103 2 7 25
49 100000 100000 1 25
136 100000 100000 1 24
203 100000 100000 1 25
147 100000 103 2 7 25
224 100000 157 2 15 25
68 100000 100000 7 5 16 20 23 26 27 31
48 100000 100000 2 11 28
80 160 100000 1 30
208 100000 146 2 15 30
338 100000 100000 1 32
114 100000 100000 1 32
208 100000 146 1 32
215 100000 100000 1 32
81 162 57 2 32 34
145 290 102 2 32 35
148 100000 100000 1 34
178 100000 100000 5 17 21 33 36 40
85 170 100000 3 11 24 38
232 100000 100000 1 43
115 230 100000 1 43
96 100000 67 1 43
130 100000 100000 1 43
109 100000 100000 1 43
