# Converted from 50_99.csv
50
116 100000 100000 0
313 100000 100000 0
170 100000 119 0
105 210 74 0
77 100000 54 0
210 100000 100000 1 3
241 482 169 2 3 4
113 100000 79 1 3
142 100000 100000 1 4
21 100000 100000 1 3
87 100000 100000 6 0 1 5 6 7 9
94 188 100000 2 4 9
54 108 38 1 9
169 100000 100000 1 9
23 100000 16 1 10
91 100000 64 1 10
62 100000 100000 1 10
273 546 191 1 10
170 340 100000 1 10
142 100000 100000 1 10
101 100000 100000 1 10
105 210 100000 2 17 18
33 100000 100000 6 8 11 12 15 17 19
152 304 100000 2 13 15
200 400 100000 1 18
255 510 178 3 16 17 20
89 100000 100000 1 23
156 312 100000 1 22
157 314 100000 1 22
160 100000 100000 1 22
103 100000 100000 1 22
71 142 100000 1 22
179 358 125 1 24
129 100000 100000 4 23 25 28 30
217 100000 152 3 29 30 31
155 100000 100000 2 25 29
164 100000 115 2 25 31
177 100000 100000 3 13 20 29
123 246 100000 5 2 21 26 33 37
130 260 91 3 13 28 35
43 100000 100000 5 18 23 28 35 36
102 204 71 1 38
28 100000 100000 1 38
216 100000 151 1 38
134 268 94 1 38
97 100000 68 3 30 39 40
69 138 48 3 32 42 45
372 100000 100000 2 40 44
120 100000 84 1 46
68 136 100000 1 46
