# Converted from 50_97.csv
50
187 374 100000 0
300 100000 100000 0
213 100000 100000 0
126 252 100000 0
232 464 100000 3 1 2 3
323 646 100000 3 1 2 3
77 100000 54 1 5
63 100000 44 1 5
194 100000 136 1 5
83 100000 58 1 5
198 100000 100000 2 8 9
76 100000 100000 2 8 9
127 100000 89 2 8 9
200 400 140 2 8 9
30 60 100000 2 12 13
241 482 100000 2 12 13
157 314 100000 2 12 13
154 308 100000 2 15 16
168 336 100000 2 15 16
37 100000 26 2 15 16
131 262 92 2 15 16
29 100000 20 5 4 10 11 17 20
80 160 100000 1 20
398 100000 100000 1 20
78 100000 55 1 20
47 100000 100000 1 20
132 100000 100000 1 20
135 100000 100000 1 21
142 100000 100000 1 21
144 100000 101 1 21
138 276 100000 1 21
121 242 85 1 21
74 100000 52 1 21
83 100000 58 4 21 24 25 26
127 100000 100000 5 27 28 29 30 33
117 234 100000 2 28 33
62 124 100000 6 24 25 26 27 30 32
31 100000 22 7 6 14 18 22 23 31 34
184 368 129 5 0 7 19 32 35
52 100000 100000 2 33 36
224 100000 100000 1 36
149 100000 100000 1 37
113 100000 79 1 37
199 398 139 1 37
270 100000 100000 1 37
145 100000 100000 1 38
142 284 100000 1 38
52 100000 36 1 38
59 100000 41 1 38
66 132 100000 1 38
