# Converted from 50_9.csv
50
176 100000 123 0
196 392 137 0
81 100000 100000 0
161 100000 113 0
101 100000 100000 0
146 292 100000 0
180 100000 126 0
206 412 100000 1 3
154 100000 100000 1 5
117 234 82 1 2
116 100000 100000 1 1
189 100000 100000 1 5
160 320 112 1 11
149 298 104 1 9
190 100000 100000 1 10
120 240 84 1 11
273 100000 100000 1 11
191 100000 100000 1 11
200 100000 140 1 14
321 642 100000 1 13
242 100000 100000 1 17
127 100000 89 1 20
155 100000 100000 1 18
140 100000 100000 1 20
168 100000 100000 1 20
180 100000 126 1 20
89 100000 100000 1 19
195 390 136 5 0 7 8 12 21
117 100000 82 1 22
102 204 100000 1 22
204 408 143 1 22
67 100000 47 1 23
35 100000 100000 1 24
281 100000 100000 1 25
153 306 100000 1 27
57 100000 100000 1 27
223 100000 156 1 27
59 100000 41 1 27
72 144 100000 1 27
62 100000 100000 1 27
195 390 100000 1 30
307 614 100000 1 28
244 488 100000 1 29
187 100000 100000 1 32
229 100000 160 1 40
57 114 100000 1 41
230 460 161 2 23 42
209 418 146 2 31 38
215 100000 100000 1 35
83 166 100000 1 43
