# Converted from 50_92.csv
50
181 100000 100000 0
62 100000 100000 0
28 100000 100000 1 1
83 100000 100000 1 1
46 100000 100000 1 1
205 410 100000 1 1
141 100000 99 1 1
103 100000 100000 1 1
66 132 100000 1 6
126 100000 100000 1 7
55 100000 38 1 9
50 100000 35 6 0 2 3 4 7 8
90 180 63 1 9
120 100000 84 1 9
91 182 100000 1 9
287 100000 100000 1 11
194 100000 136 1 11
273 546 191 1 11
46 92 100000 1 11
25 100000 18 1 11
96 192 67 1 14
107 100000 100000 2 13 20
83 166 100000 2 16 17
297 100000 100000 2 9 16
114 100000 100000 2 15 18
141 282 99 1 16
249 100000 100000 5 5 12 21 22 23
187 374 131 1 24
120 100000 84 1 24
247 494 100000 1 24
299 598 100000 2 24 25
204 408 143 3 13 16 28
163 326 100000 1 26
95 100000 100000 1 26
181 100000 100000 1 26
21 42 15 1 26
151 100000 100000 2 16 28
166 332 116 3 25 26 27
145 100000 100000 2 27 32
266 100000 186 2 30 35
22 100000 100000 3 27 30 33
135 100000 94 5 10 31 38 39 40
113 100000 100000 2 19 40
146 292 102 2 32 40
52 104 36 3 19 29 40
147 100000 100000 1 41
267 534 100000 1 41
103 100000 100000 1 41
153 306 100000 1 41
132 100000 92 1 41
