276 253
0 128 129 130 131 5 132 133 134 135 136 137 138 139 23 24 25 26 28 29 30 31 32 33 34 35 36 37 38 39 40 41 42 43 44 48 68 87 105 123 124 125 126 127 
0 1 128 129 130 5 131 132 133 134 135 136 137 138 139 24 25 26 28 29 30 31 32 33 34 35 36 37 38 39 40 41 42 43 44 45 46 47 49 50 51 52 53 54 55 56 57 58 59 60 61 62 63 64 65 68 87 105 123 124 125 126 127 
0 128 129 130 4 5 131 132 133 134 135 136 137 138 139 23 24 25 28 29 30 31 32 33 34 35 36 37 38 39 40 41 42 43 44 47 48 67 68 86 87 106 107 108 109 110 111 112 113 114 115 116 117 118 119 120 121 122 123 124 125 126 127 
0 128 129 130 131 5 132 133 8 134 135 136 137 141 138 139 23 24 25 26 28 29 156 31 32 33 34 35 36 37 38 39 40 41 42 171 172 173 174 175 48 176 177 51 178 179 180 181 182 183 184 68 71 87 43 90 44 105 108 123 124 126 127 
0 128 129 130 131 5 132 133 134 135 10 136 137 138 139 143 23 24 25 26 28 29 30 31 158 33 34 35 36 37 38 39 40 41 42 43 172 44 48 53 185 68 198 199 200 73 201 202 203 204 205 206 207 208 209 87 92 105 110 123 124 125 126 
0 128 129 131 132 5 133 134 135 136 137 138 139 13 146 23 24 25 26 28 29 30 31 32 33 34 161 36 37 38 39 40 41 42 43 44 175 48 56 188 68 200 76 211 87 221 95 231 232 105 233 234 235 236 237 238 239 113 123 124 125 126 127 
0 128 129 130 131 5 133 134 135 136 137 138 139 15 148 23 24 25 26 28 29 30 31 32 33 34 35 36 163 38 39 40 41 42 43 44 48 177 58 190 68 202 78 213 87 253 223 97 232 105 251 240 115 252 254 248 249 250 123 124 125 126 127 
0 128 129 130 131 5 132 133 134 135 257 262 266 137 270 138 271 139 272 19 23 24 25 26 152 28 29 30 31 32 33 34 35 36 37 38 39 40 167 42 43 44 48 181 62 194 68 206 82 87 217 227 101 105 236 251 244 119 123 124 125 126 127 
0 1 3 5 24 26 28 29 30 31 32 33 34 35 36 37 38 39 40 41 42 43 44 45 47 49 50 51 52 53 54 55 56 57 58 59 60 61 62 63 64 65 66 68 86 88 89 90 91 92 93 94 95 96 97 98 99 100 101 102 103 104 105 123 124 125 126 127 128 129 130 131 132 133 134 135 136 137 138 139 
0 1 5 6 24 25 26 29 30 31 32 33 34 35 36 37 38 39 40 41 42 43 44 45 46 47 50 51 52 53 54 55 56 57 58 59 60 61 62 63 64 65 68 69 87 88 105 106 124 125 126 127 128 129 130 131 132 133 134 135 136 137 138 139 140 141 142 143 144 145 146 147 148 149 150 151 152 153 154 155 
0 1 5 7 24 25 26 28 30 31 32 33 34 35 36 37 38 39 40 41 42 43 44 45 46 47 49 51 52 53 54 55 56 57 58 59 60 61 62 63 64 65 68 70 87 89 105 107 123 125 126 127 128 129 130 131 132 133 134 135 136 137 138 139 140 156 157 158 159 160 161 162 163 164 165 166 167 168 169 170 
0 1 5 11 24 25 26 28 29 30 31 32 34 35 36 37 38 39 40 41 42 43 44 45 46 47 49 50 51 52 53 55 56 57 58 59 60 61 62 63 64 65 68 74 87 93 105 111 123 124 125 126 127 129 130 131 132 133 134 135 136 137 138 139 144 159 173 186 198 210 211 212 213 214 215 216 217 218 219 220 
0 1 5 16 24 25 26 28 29 30 31 32 33 34 35 36 37 39 40 41 42 43 44 45 46 47 49 50 51 52 53 54 55 56 57 58 60 61 62 63 64 65 68 79 87 98 105 116 123 124 125 126 127 128 129 130 131 132 134 135 136 137 138 139 149 164 178 191 203 214 224 233 241 248 255 256 257 258 259 260 
0 1 5 17 24 25 26 28 29 30 31 32 33 34 35 36 37 38 40 41 42 43 44 45 46 47 49 50 51 52 53 54 55 56 57 58 59 61 62 63 64 65 68 80 87 99 105 117 123 124 125 126 127 128 129 130 131 132 133 135 136 137 138 139 150 165 179 192 204 215 225 234 242 249 255 261 262 263 264 265 
0 2 5 13 23 25 26 28 29 30 31 32 33 34 36 37 38 39 40 41 42 43 44 45 48 56 66 67 69 70 71 72 73 74 75 77 78 79 80 81 82 83 84 85 87 95 105 113 123 124 125 126 127 128 129 131 132 133 134 135 136 137 138 139 146 161 175 188 200 211 221 231 232 233 234 235 236 237 238 239 
0 5 9 13 23 24 25 26 28 29 30 32 33 34 36 37 38 39 40 41 42 43 44 48 52 56 68 72 76 87 91 95 105 109 113 123 124 125 127 128 129 131 132 133 134 135 136 137 138 139 142 146 157 161 171 175 185 186 187 189 190 191 192 193 194 195 196 197 200 211 221 231 232 233 234 235 236 237 238 239 
0 5 13 14 23 24 25 26 28 29 30 31 32 33 34 37 38 39 40 41 42 43 44 48 56 57 68 76 77 87 95 96 105 113 114 123 124 125 126 127 128 129 132 133 134 135 136 137 138 139 146 147 161 162 175 176 188 189 200 201 211 212 221 222 232 233 234 235 236 237 238 239 240 241 242 243 244 245 246 247 
0 5 13 22 23 24 25 26 28 29 30 31 32 33 34 36 37 38 39 40 41 42 43 48 56 65 68 76 85 87 95 104 105 113 122 123 124 125 126 127 128 129 131 132 133 134 135 136 137 138 146 155 161 170 175 184 188 197 200 209 211 220 221 230 231 232 233 234 235 236 237 238 247 254 260 265 269 272 274 275 
0 5 12 19 23 24 25 26 28 29 30 31 32 33 35 36 37 38 39 40 42 43 44 48 55 62 68 75 82 87 94 101 105 112 119 123 124 125 126 127 128 130 131 132 133 134 135 137 138 139 145 152 160 167 174 181 187 194 199 206 210 217 221 222 223 224 225 226 228 229 230 236 244 251 257 262 266 270 271 272 
0 5 18 19 23 24 25 26 28 29 30 31 32 33 34 35 36 37 38 39 42 43 44 48 61 62 68 81 82 87 100 101 105 118 119 123 124 125 126 127 128 129 130 131 132 133 134 137 138 139 151 152 166 167 180 181 193 194 205 206 216 217 226 227 235 236 243 244 250 251 256 257 261 262 267 268 269 270 271 272 
0 5 19 20 23 24 25 26 28 29 30 31 32 33 34 35 36 37 38 39 40 43 44 48 62 63 68 82 83 87 101 102 105 119 120 123 124 125 126 127 128 129 130 131 132 133 134 135 138 139 152 153 167 168 181 182 194 195 206 207 217 218 227 228 236 237 244 245 251 252 257 258 262 263 266 267 271 272 273 274 
0 5 19 21 23 24 25 26 28 29 30 31 32 33 34 35 36 37 38 39 40 42 44 48 62 64 68 82 84 87 101 103 105 119 121 123 124 125 126 127 128 129 130 131 132 133 134 135 137 139 152 154 167 169 181 183 194 196 206 208 217 219 227 229 236 238 244 246 251 253 257 259 262 264 266 268 270 272 273 275 
1 3 23 25 45 47 48 49 50 51 52 53 54 55 56 57 58 59 60 61 62 63 64 65 66 86 87 88 89 90 91 92 93 94 95 96 97 98 99 100 101 102 103 104 
128 1 129 130 131 5 132 133 134 135 136 137 138 139 23 27 45 46 47 49 50 51 52 53 54 55 56 57 58 59 60 61 62 63 64 65 68 87 105 123 124 125 126 127 
1 6 140 141 142 143 144 145 146 147 148 149 150 23 151 152 153 154 28 155 45 46 47 48 50 51 52 53 54 55 56 57 58 59 60 61 62 63 64 65 69 88 106 123 
1 7 140 23 156 157 29 158 159 160 161 162 163 164 165 166 167 168 169 170 45 46 47 48 49 51 52 53 54 55 56 57 58 59 60 61 62 63 64 65 70 89 107 124 
128 1 11 144 23 159 33 45 46 47 48 49 50 51 52 53 173 55 56 57 186 58 59 60 61 62 63 64 65 198 74 210 211 212 213 214 215 216 217 218 219 220 93 111 
1 130 13 146 23 161 35 45 46 47 48 49 50 51 52 53 54 55 175 57 58 59 188 60 61 62 63 64 65 200 76 211 221 95 231 232 233 234 235 236 237 238 239 113 
256 1 257 258 259 133 260 16 149 23 164 38 45 46 47 48 49 50 51 52 53 54 55 56 57 58 178 60 61 62 191 63 64 65 203 79 214 224 98 233 241 116 248 255 
1 261 134 262 263 264 265 17 150 23 165 39 45 46 47 48 49 50 51 52 53 54 55 56 57 58 59 179 61 62 63 192 64 65 204 80 215 225 99 234 242 117 249 255 
1 257 262 136 266 270 271 272 19 23 152 167 41 45 46 47 48 49 50 51 52 53 54 55 56 57 58 59 60 61 181 63 64 65 194 206 82 217 227 101 236 244 119 251 
128 1 129 130 4 5 131 132 133 134 135 136 137 138 139 23 26 27 45 46 49 50 51 52 53 54 55 56 57 58 59 60 61 62 63 64 65 67 68 86 87 106 107 108 109 110 111 112 113 114 115 116 117 118 119 120 121 122 123 124 125 126 127 
128 1 129 130 131 5 132 133 8 178 134 179 135 141 180 136 181 137 138 139 182 23 183 27 156 30 184 171 172 45 46 47 173 49 50 174 52 53 54 55 56 57 58 59 60 61 62 63 64 65 68 71 87 90 177 105 108 175 176 123 124 126 127 
128 1 129 130 131 5 132 133 134 135 10 136 137 138 139 143 23 27 158 32 172 45 46 47 49 50 51 52 54 55 56 185 57 58 59 60 61 62 63 64 65 68 198 199 200 73 201 202 203 204 205 206 207 208 209 87 92 105 110 123 124 125 126 
128 1 129 130 131 5 133 134 135 136 137 138 139 15 148 23 27 163 37 45 46 47 49 50 51 52 53 54 55 56 57 177 59 60 61 190 62 63 64 65 68 202 78 213 87 253 223 97 232 105 251 240 115 252 254 248 249 250 123 124 125 126 127 
1 2 130 13 146 23 24 161 35 46 47 48 49 50 51 52 53 54 55 175 57 58 59 188 60 61 62 63 64 66 67 68 69 70 71 72 73 74 75 200 77 78 79 80 81 82 211 83 84 85 221 95 231 232 233 234 235 236 237 238 65 239 113 
1 130 9 13 142 146 23 157 31 161 35 171 45 46 47 48 49 50 51 175 53 54 55 63 185 186 187 57 189 58 190 59 191 60 192 61 193 62 194 72 200 195 64 76 196 65 211 91 221 95 197 231 232 233 234 235 236 109 237 238 239 113 126 
1 130 131 13 14 146 147 23 161 162 35 36 45 46 47 48 49 50 51 52 53 54 55 175 176 58 59 188 189 60 61 62 63 64 65 200 201 76 77 211 212 247 221 222 95 96 232 233 234 235 236 237 238 239 240 113 114 241 242 243 244 245 246 
1 130 260 265 139 13 269 272 146 274 275 22 23 155 184 161 35 170 44 45 46 47 48 49 50 51 52 53 54 55 175 57 58 59 188 60 61 62 63 64 197 200 76 209 211 85 220 221 95 230 231 232 233 234 235 236 237 238 104 113 247 122 254 
1 129 257 262 136 266 12 270 181 271 145 272 19 23 152 160 34 167 41 45 46 47 48 49 50 51 52 53 54 174 56 57 58 187 59 60 61 63 64 65 194 199 75 206 210 82 217 221 94 222 223 224 225 226 228 101 229 230 236 112 244 119 251 
256 1 257 261 262 135 136 267 268 269 270 271 272 18 19 23 151 152 166 167 40 41 45 46 47 48 49 50 51 52 53 54 55 56 57 58 59 60 180 181 63 64 193 194 65 205 206 81 82 216 217 226 227 100 101 235 236 243 244 118 119 250 251 
1 257 258 262 263 136 137 266 267 271 272 273 274 19 20 23 152 153 167 168 41 42 45 46 47 48 49 50 51 52 53 54 55 56 57 58 59 60 61 181 182 64 65 194 195 206 207 82 83 217 218 227 228 101 102 236 237 244 245 119 120 251 252 
1 257 259 262 136 264 266 138 268 270 272 273 19 275 21 23 152 154 167 41 169 43 45 46 47 48 49 50 51 52 53 54 55 56 57 58 59 60 61 181 63 183 65 194 196 206 208 82 84 217 219 227 101 229 103 236 238 244 246 119 121 251 253 
2 130 13 146 24 161 35 45 175 56 188 66 67 68 69 70 71 72 73 74 75 200 77 78 79 80 81 82 211 83 84 85 221 95 231 232 233 234 235 236 237 238 239 113 
128 129 2 131 132 5 133 134 135 136 137 138 139 13 146 24 27 161 35 45 175 48 56 188 66 67 69 70 71 72 73 74 75 200 77 78 79 80 81 82 211 83 84 85 87 221 95 231 232 105 233 234 235 236 237 238 239 113 123 124 125 126 127 
2 130 9 13 142 146 24 157 31 161 35 171 45 175 52 56 185 186 187 189 190 191 192 193 66 67 68 69 70 71 200 73 74 75 195 77 78 79 80 81 82 211 194 83 84 85 91 196 221 95 197 231 232 233 234 235 236 109 237 238 239 113 126 
2 130 131 13 14 146 147 24 161 162 35 36 45 175 176 56 57 188 189 66 67 68 69 70 71 72 73 74 75 200 201 78 79 80 81 82 211 212 83 84 85 247 221 222 95 96 232 233 234 235 236 237 238 239 240 113 114 241 242 243 244 245 246 
257 2 130 262 136 266 13 270 271 272 146 19 24 152 161 35 167 41 45 175 181 56 188 62 66 67 68 69 70 71 72 73 74 75 200 77 78 79 80 81 194 211 206 83 84 85 217 221 95 227 101 231 232 233 234 235 237 238 239 113 244 119 251 
2 130 260 265 139 13 269 272 146 274 275 22 24 155 161 35 170 44 45 175 56 184 188 65 66 67 68 69 70 71 72 73 74 75 200 77 78 79 80 81 82 211 83 84 209 220 221 95 197 230 231 232 233 234 235 236 237 238 104 113 247 122 254 
1 2 3 13 23 24 25 35 47 48 49 50 51 52 53 54 55 57 58 59 60 61 62 63 64 65 67 68 69 70 71 72 73 74 75 77 78 79 80 81 82 83 84 85 86 87 88 89 90 91 92 93 94 96 97 98 99 100 101 102 103 104 113 130 146 161 175 188 200 211 221 231 232 233 234 235 236 237 238 239 
1 2 6 13 23 24 28 35 46 47 48 50 51 52 53 54 55 57 58 59 60 61 62 63 64 65 66 67 68 70 71 72 73 74 75 77 78 79 80 81 82 83 84 85 88 95 106 113 123 130 140 141 142 143 144 145 147 148 149 150 151 152 153 154 155 161 175 188 200 211 221 231 232 233 234 235 236 237 238 239 
1 2 7 13 23 24 29 35 46 47 48 49 51 52 53 54 55 57 58 59 60 61 62 63 64 65 66 67 68 69 71 72 73 74 75 77 78 79 80 81 82 83 84 85 89 95 107 113 124 130 140 146 156 157 158 159 160 162 163 164 165 166 167 168 169 170 175 188 200 211 221 231 232 233 234 235 236 237 238 239 
1 2 11 13 23 24 33 35 46 47 48 49 50 51 52 53 55 57 58 59 60 61 62 63 64 65 66 67 68 69 70 71 72 73 75 77 78 79 80 81 82 83 84 85 93 95 111 113 128 130 144 146 159 161 173 175 186 188 198 200 210 212 213 214 215 216 217 218 219 220 221 231 232 233 234 235 236 237 238 239 
1 2 13 16 23 24 35 38 46 47 48 49 50 51 52 53 54 55 57 58 60 61 62 63 64 65 66 67 68 69 70 71 72 73 74 75 77 78 80 81 82 83 84 85 95 98 113 116 130 133 146 149 161 164 175 178 188 191 200 203 211 214 221 224 231 232 234 235 236 237 238 239 241 248 255 256 257 258 259 260 
1 2 13 17 23 24 35 39 46 47 48 49 50 51 52 53 54 55 57 58 59 61 62 63 64 65 66 67 68 69 70 71 72 73 74 75 77 78 79 81 82 83 84 85 95 99 113 117 130 134 146 150 161 165 175 179 188 192 200 204 211 215 221 225 231 232 233 235 236 237 238 239 242 249 255 261 262 263 264 265 
2 4 5 13 24 26 27 35 45 47 48 56 66 69 70 71 72 73 74 75 77 78 79 80 81 82 83 84 85 86 87 95 106 107 108 109 110 111 112 114 115 116 117 118 119 120 121 122 123 124 125 126 127 128 129 131 132 133 134 135 136 137 138 139 146 161 175 188 200 211 221 231 232 233 234 235 236 237 238 239 
2 5 8 13 24 27 30 35 45 48 51 56 66 67 69 70 72 73 74 75 77 78 79 80 81 82 83 84 85 87 90 95 105 108 113 123 124 126 127 128 129 131 132 133 134 135 136 137 138 139 141 146 156 161 171 172 173 174 176 177 178 179 180 181 182 183 184 188 200 211 221 231 232 233 234 235 236 237 238 239 
2 5 10 13 24 27 32 35 45 48 53 56 66 67 69 70 71 72 74 75 77 78 79 80 81 82 83 84 85 87 92 95 105 110 113 123 124 125 126 128 129 131 132 133 134 135 136 137 138 139 143 146 158 161 172 175 185 188 198 199 201 202 203 204 205 206 207 208 209 211 221 231 232 233 234 235 236 237 238 239 
2 5 13 15 24 27 35 37 45 48 56 58 66 67 69 70 71 72 73 74 75 77 79 80 81 82 83 84 85 87 95 97 105 113 115 123 124 125 126 127 128 129 131 133 134 135 136 137 138 139 146 148 161 163 175 177 188 190 200 202 211 213 221 223 231 233 234 235 236 237 238 239 240 248 249 250 251 252 253 254 
2 12 13 19 24 34 35 41 45 55 56 62 66 67 68 69 70 71 72 73 74 77 78 79 80 81 83 84 85 94 95 101 112 113 119 129 130 136 145 146 152 160 161 167 174 175 181 187 188 194 199 200 206 210 211 217 222 223 224 225 226 228 229 230 231 232 233 234 235 237 238 239 244 251 257 262 266 270 271 272 
2 13 18 19 24 35 40 41 45 56 61 62 66 67 68 69 70 71 72 73 74 75 77 78 79 80 83 84 85 95 100 101 113 118 119 130 135 136 146 151 152 161 166 167 175 180 181 188 193 194 200 205 206 211 216 217 221 226 227 231 232 233 234 237 238 239 243 244 250 251 256 257 261 262 267 268 269 270 271 272 
2 13 19 20 24 35 41 42 45 56 62 63 66 67 68 69 70 71 72 73 74 75 77 78 79 80 81 84 85 95 101 102 113 119 120 130 136 137 146 152 153 161 167 168 175 181 182 188 194 195 200 206 207 211 217 218 221 227 228 231 232 233 234 235 238 239 244 245 251 252 257 258 262 263 266 267 271 272 273 274 
2 13 19 21 24 35 41 43 45 56 62 64 66 67 68 69 70 71 72 73 74 75 77 78 79 80 81 83 85 95 101 103 113 119 121 130 136 138 146 152 154 161 167 169 175 181 183 188 194 196 200 206 208 211 217 219 221 227 229 231 232 233 234 235 237 239 244 246 251 253 257 259 262 264 266 268 270 272 273 275 
128 1 129 3 130 5 131 132 133 134 135 136 137 138 139 23 25 27 45 47 49 50 51 52 53 54 55 56 57 58 59 60 61 62 63 64 65 66 68 86 88 89 90 91 92 93 94 95 96 97 98 99 100 101 102 103 104 105 123 124 125 126 127 
1 3 6 140 141 142 143 144 145 146 147 148 149 150 23 151 25 152 153 28 154 155 45 47 48 50 51 52 53 54 55 56 57 58 59 60 61 62 63 64 65 66 69 86 87 89 90 91 92 93 94 95 96 97 98 99 100 101 102 103 104 106 123 
1 3 7 140 23 25 156 29 157 158 159 160 161 162 163 164 165 166 167 168 169 170 45 47 48 49 51 52 53 54 55 56 57 58 59 60 61 62 63 64 65 66 70 86 87 88 90 91 92 93 94 95 96 97 98 99 100 101 102 103 104 107 124 
128 1 3 11 144 23 25 159 220 33 45 173 47 48 49 50 51 52 53 55 56 57 186 58 59 60 215 61 216 62 66 63 217 64 198 65 218 74 219 210 211 212 213 86 87 88 89 90 91 92 214 94 95 96 97 98 99 100 101 102 103 104 111 
1 130 3 13 146 23 25 161 35 45 47 48 49 50 51 52 53 54 55 175 57 58 59 188 60 61 62 63 64 66 65 200 76 211 86 87 88 89 90 91 92 93 94 221 96 97 98 99 100 101 102 231 232 233 234 235 236 237 103 238 104 113 239 
256 1 257 3 258 133 259 260 16 149 23 25 164 38 45 47 48 49 50 51 52 53 54 55 56 57 58 178 214 60 61 191 62 63 66 64 65 203 79 86 87 88 89 90 91 92 93 94 95 96 97 224 99 100 101 102 103 104 233 241 116 248 255 
1 3 261 134 262 263 264 265 17 150 23 25 165 39 45 47 48 49 50 51 52 53 54 55 56 57 58 59 179 215 61 62 192 63 66 64 65 204 80 86 87 88 89 90 91 92 93 94 95 96 97 98 225 100 101 102 103 104 234 242 117 249 255 
1 257 3 262 136 266 270 271 272 19 23 152 25 167 41 45 47 48 49 50 51 52 53 54 55 56 57 58 59 60 61 181 63 64 65 66 194 217 206 82 86 87 88 89 90 91 92 93 94 95 96 97 98 99 100 227 102 103 104 236 244 119 251 
1 3 4 5 23 25 26 27 45 49 50 51 52 53 54 55 56 57 58 59 60 61 62 63 64 65 66 67 68 88 89 90 91 92 93 94 95 96 97 98 99 100 101 102 103 104 106 107 108 109 110 111 112 113 114 115 116 117 118 119 120 121 122 123 124 125 126 127 128 129 130 131 132 133 134 135 136 137 138 139 
1 3 5 8 23 25 27 30 45 47 49 50 52 53 54 55 56 57 58 59 60 61 62 63 64 65 66 68 71 86 88 89 91 92 93 94 95 96 97 98 99 100 101 102 103 104 105 108 123 124 126 127 128 129 130 131 132 133 134 135 136 137 138 139 141 156 171 172 173 174 175 176 177 178 179 180 181 182 183 184 
1 3 5 10 23 25 27 32 45 47 49 50 51 52 54 55 56 57 58 59 60 61 62 63 64 65 66 68 73 86 88 89 90 91 93 94 95 96 97 98 99 100 101 102 103 104 105 110 123 124 125 126 128 129 130 131 132 133 134 135 136 137 138 139 143 158 172 185 198 199 200 201 202 203 204 205 206 207 208 209 
1 3 5 15 23 25 27 37 45 47 49 50 51 52 53 54 55 56 57 59 60 61 62 63 64 65 66 68 78 86 88 89 90 91 92 93 94 95 96 98 99 100 101 102 103 104 105 115 123 124 125 126 127 128 129 130 131 133 134 135 136 137 138 139 148 163 177 190 202 213 223 232 240 248 249 250 251 252 253 254 
1 3 9 13 23 25 31 35 45 47 48 49 50 51 53 54 55 57 58 59 60 61 62 63 64 65 66 72 76 86 87 88 89 90 92 93 94 96 97 98 99 100 101 102 103 104 109 113 126 130 142 146 157 161 171 175 185 186 187 189 190 191 192 193 194 195 196 197 200 211 221 231 232 233 234 235 236 237 238 239 
1 3 13 14 23 25 35 36 45 47 48 49 50 51 52 53 54 55 58 59 60 61 62 63 64 65 66 76 77 86 87 88 89 90 91 92 93 94 97 98 99 100 101 102 103 104 113 114 130 131 146 147 161 162 175 176 188 189 200 201 211 212 221 222 232 233 234 235 236 237 238 239 240 241 242 243 244 245 246 247 
1 3 13 22 23 25 35 44 45 47 48 49 50 51 52 53 54 55 57 58 59 60 61 62 63 64 66 76 85 86 87 88 89 90 91 92 93 94 96 97 98 99 100 101 102 103 113 122 130 139 146 155 161 170 175 184 188 197 200 209 211 220 221 230 231 232 233 234 235 236 237 238 247 254 260 265 269 272 274 275 
1 3 12 19 23 25 34 41 45 47 48 49 50 51 52 53 54 56 57 58 59 60 61 63 64 65 66 75 82 86 87 88 89 90 91 92 93 95 96 97 98 99 100 102 103 104 112 119 129 136 145 152 160 167 174 181 187 194 199 206 210 217 221 222 223 224 225 226 228 229 230 236 244 251 257 262 266 270 271 272 
1 3 18 19 23 25 40 41 45 47 48 49 50 51 52 53 54 55 56 57 58 59 60 63 64 65 66 81 82 86 87 88 89 90 91 92 93 94 95 96 97 98 99 102 103 104 118 119 135 136 151 152 166 167 180 181 193 194 205 206 216 217 226 227 235 236 243 244 250 251 256 257 261 262 267 268 269 270 271 272 
1 3 19 20 23 25 41 42 45 47 48 49 50 51 52 53 54 55 56 57 58 59 60 61 64 65 66 82 83 86 87 88 89 90 91 92 93 94 95 96 97 98 99 100 103 104 119 120 136 137 152 153 167 168 181 182 194 195 206 207 217 218 227 228 236 237 244 245 251 252 257 258 262 263 266 267 271 272 273 274 
1 3 19 21 23 25 41 43 45 47 48 49 50 51 52 53 54 55 56 57 58 59 60 61 63 65 66 82 84 86 87 88 89 90 91 92 93 94 95 96 97 98 99 100 102 104 119 121 136 138 152 154 167 169 181 183 194 196 206 208 217 219 227 229 236 238 244 246 251 253 257 259 262 264 266 268 270 272 273 275 
128 129 130 131 4 5 132 133 134 135 136 137 138 139 26 27 47 48 67 68 86 87 106 107 108 109 110 111 112 113 114 115 116 117 118 119 120 121 122 123 124 125 126 127 
128 129 130 131 4 5 132 133 8 134 135 136 137 141 138 139 26 27 156 30 171 172 173 174 47 48 175 176 51 177 178 179 180 181 182 183 184 67 68 71 86 87 90 106 107 109 110 111 112 113 114 115 116 117 118 119 120 121 122 123 124 126 127 
128 129 130 131 4 5 132 133 134 135 10 136 137 138 139 143 26 27 158 32 172 47 48 53 185 67 68 198 199 200 73 201 202 203 204 205 206 207 208 209 86 87 92 106 107 108 109 111 112 113 114 115 116 117 118 119 120 121 122 123 124 125 126 
128 129 131 4 5 132 133 134 135 136 137 138 13 139 146 26 27 235 161 35 236 237 238 47 48 175 239 56 188 67 68 200 76 211 86 87 221 95 231 232 233 106 107 108 109 110 111 112 234 114 115 116 117 118 119 120 121 122 123 124 125 126 127 
128 129 130 131 4 5 133 134 135 136 137 138 139 15 148 26 27 163 37 251 47 48 177 58 190 67 68 252 202 78 254 213 86 87 120 253 223 97 121 122 232 106 107 108 109 110 111 112 113 114 240 116 117 118 119 248 249 250 123 124 125 126 127 
128 129 130 131 4 5 132 133 134 135 257 262 266 137 270 138 271 139 272 19 152 26 27 236 167 41 47 48 181 62 194 67 68 206 82 86 87 217 120 227 101 106 107 108 109 110 111 112 113 114 115 116 117 118 244 251 121 122 123 124 125 126 127 
1 4 5 6 23 26 27 28 45 46 50 51 52 53 54 55 56 57 58 59 60 61 62 63 64 65 67 68 69 86 87 88 107 108 109 110 111 112 113 114 115 116 117 118 119 120 121 122 124 125 126 127 128 129 130 131 132 133 134 135 136 137 138 139 140 141 142 143 144 145 146 147 148 149 150 151 152 153 154 155 
1 4 5 7 23 26 27 29 45 46 49 51 52 53 54 55 56 57 58 59 60 61 62 63 64 65 67 68 70 86 87 89 106 108 109 110 111 112 113 114 115 116 117 118 119 120 121 122 123 125 126 127 128 129 130 131 132 133 134 135 136 137 138 139 140 156 157 158 159 160 161 162 163 164 165 166 167 168 169 170 
1 4 5 11 23 26 27 33 45 46 49 50 51 52 53 55 56 57 58 59 60 61 62 63 64 65 67 68 74 86 87 93 106 107 108 109 110 112 113 114 115 116 117 118 119 120 121 122 123 124 125 126 127 129 130 131 132 133 134 135 136 137 138 139 144 159 173 186 198 210 211 212 213 214 215 216 217 218 219 220 
1 4 5 16 23 26 27 38 45 46 49 50 51 52 53 54 55 56 57 58 60 61 62 63 64 65 67 68 79 86 87 98 106 107 108 109 110 111 112 113 114 115 117 118 119 120 121 122 123 124 125 126 127 128 129 130 131 132 134 135 136 137 138 139 149 164 178 191 203 214 224 233 241 248 255 256 257 258 259 260 
1 4 5 17 23 26 27 39 45 46 49 50 51 52 53 54 55 56 57 58 59 61 62 63 64 65 67 68 80 86 87 99 106 107 108 109 110 111 112 113 114 115 116 118 119 120 121 122 123 124 125 126 127 128 129 130 131 132 133 135 136 137 138 139 150 165 179 192 204 215 225 234 242 249 255 261 262 263 264 265 
4 5 9 13 26 27 31 35 47 48 52 56 67 68 72 76 86 87 91 95 106 107 108 110 111 112 114 115 116 117 118 119 120 121 122 123 124 125 127 128 129 131 132 133 134 135 136 137 138 139 142 146 157 161 171 175 185 186 187 189 190 191 192 193 194 195 196 197 200 211 221 231 232 233 234 235 236 237 238 239 
4 5 13 14 26 27 35 36 47 48 56 57 67 68 76 77 86 87 95 96 106 107 108 109 110 111 112 115 116 117 118 119 120 121 122 123 124 125 126 127 128 129 132 133 134 135 136 137 138 139 146 147 161 162 175 176 188 189 200 201 211 212 221 222 232 233 234 235 236 237 238 239 240 241 242 243 244 245 246 247 
4 5 13 22 26 27 35 44 47 48 56 65 67 68 76 85 86 87 95 104 106 107 108 109 110 111 112 114 115 116 117 118 119 120 121 123 124 125 126 127 128 129 131 132 133 134 135 136 137 138 146 155 161 170 175 184 188 197 200 209 211 220 221 230 231 232 233 234 235 236 237 238 247 254 260 265 269 272 274 275 
4 5 12 19 26 27 34 41 47 48 55 62 67 68 75 82 86 87 94 101 106 107 108 109 110 111 113 114 115 116 117 118 120 121 122 123 124 125 126 127 128 130 131 132 133 134 135 137 138 139 145 152 160 167 174 181 187 194 199 206 210 217 221 222 223 224 225 226 228 229 230 236 244 251 257 262 266 270 271 272 
4 5 18 19 26 27 40 41 47 48 61 62 67 68 81 82 86 87 100 101 106 107 108 109 110 111 112 113 114 115 116 117 120 121 122 123 124 125 126 127 128 129 130 131 132 133 134 137 138 139 151 152 166 167 180 181 193 194 205 206 216 217 226 227 235 236 243 244 250 251 256 257 261 262 267 268 269 270 271 272 
4 5 19 20 26 27 41 42 47 48 62 63 67 68 82 83 86 87 101 102 106 107 108 109 110 111 112 113 114 115 116 117 118 121 122 123 124 125 126 127 128 129 130 131 132 133 134 135 138 139 152 153 167 168 181 182 194 195 206 207 217 218 227 228 236 237 244 245 251 252 257 258 262 263 266 267 271 272 273 274 
4 5 19 21 26 27 41 43 47 48 62 64 67 68 82 84 86 87 101 103 106 107 108 109 110 111 112 113 114 115 116 117 118 120 122 123 124 125 126 127 128 129 130 131 132 133 134 135 137 139 152 154 167 169 181 183 194 196 206 208 217 219 227 229 236 238 244 246 251 253 257 259 262 264 266 268 270 272 273 275 
128 129 130 131 132 5 133 134 8 135 136 137 138 141 139 27 156 30 171 172 173 174 175 48 176 177 51 178 179 180 181 182 183 184 68 71 87 90 105 108 123 124 126 127 
128 129 130 131 132 5 133 134 135 136 10 137 138 139 143 27 158 32 172 48 53 185 68 198 199 200 73 201 202 203 204 205 206 207 208 209 87 92 105 110 123 124 125 126 
128 129 131 132 5 133 134 135 136 137 138 139 13 146 27 161 35 175 48 56 188 68 200 76 211 87 221 95 231 232 105 233 234 235 236 237 238 239 113 123 124 125 126 127 
128 129 130 131 5 133 134 135 136 137 138 139 15 148 27 163 37 48 177 58 190 68 202 78 213 87 253 223 97 232 105 251 240 115 252 254 248 249 250 123 124 125 126 127 
128 129 130 131 132 5 133 134 135 257 262 266 137 138 270 271 139 272 19 152 27 167 41 48 181 62 194 68 206 82 87 217 227 101 105 236 251 244 119 123 124 125 126 127 
128 1 129 130 131 5 6 132 133 134 135 136 140 141 142 143 144 145 146 147 148 149 150 23 151 152 153 27 28 138 154 155 45 46 47 50 51 52 53 54 55 56 57 58 59 60 61 62 63 64 65 139 68 69 87 88 105 106 137 124 125 126 127 
128 1 129 130 131 5 132 7 133 134 135 136 140 137 138 139 23 27 156 29 157 158 159 160 161 162 163 164 165 166 167 168 169 170 45 46 47 49 51 52 53 54 55 56 57 58 59 60 61 62 63 64 65 68 70 87 89 105 107 123 125 126 127 
1 129 130 131 5 132 133 134 135 136 11 137 138 139 144 23 27 159 33 45 46 47 173 49 50 51 52 53 55 56 57 186 58 59 60 61 62 63 64 65 68 198 74 210 211 212 213 214 87 215 216 217 218 219 93 220 105 111 123 124 125 126 127 
128 1 129 130 131 5 132 134 255 135 256 136 137 138 257 139 16 258 149 23 259 27 260 164 38 45 46 47 49 50 51 52 53 54 55 56 57 58 178 60 61 62 191 63 64 65 68 203 79 214 87 224 98 105 233 241 116 248 123 124 125 126 127 
128 1 129 130 131 5 132 133 255 135 261 136 262 137 263 138 264 17 139 265 150 23 27 165 39 45 46 47 49 50 51 52 53 54 55 56 57 58 59 179 61 62 63 192 64 65 68 204 80 87 215 225 99 105 234 242 117 249 123 124 125 126 127 
128 129 131 132 5 133 134 135 9 136 137 138 13 142 139 146 27 157 31 161 35 171 175 48 52 56 185 186 187 189 190 191 192 193 194 195 68 196 197 72 200 76 211 87 91 221 95 231 232 105 233 234 235 109 236 237 238 113 239 123 124 125 127 
128 129 132 5 133 134 135 136 137 138 139 13 14 146 147 27 161 162 35 36 175 48 176 239 56 57 188 189 68 200 201 76 77 211 212 87 247 221 222 95 96 232 105 233 234 235 236 237 238 240 113 114 241 242 243 244 245 246 123 124 125 126 127 
128 129 131 132 5 133 134 135 136 137 138 260 13 265 269 272 146 274 275 22 27 155 161 35 170 44 175 48 56 184 188 65 68 197 200 76 209 211 254 85 87 220 221 95 230 231 232 105 233 234 235 236 237 238 104 113 247 122 123 124 125 126 127 
128 257 130 131 132 5 133 134 135 262 266 137 12 138 270 271 139 145 272 19 152 27 160 34 167 41 174 48 181 55 187 62 194 68 199 75 206 210 82 87 217 221 94 222 223 224 225 226 228 101 229 230 105 236 251 112 244 119 123 124 125 126 127 
128 129 130 131 132 5 133 134 256 261 257 262 137 267 270 138 268 271 18 19 139 269 272 151 152 27 166 167 40 41 48 180 181 61 62 193 194 68 205 206 81 82 87 216 217 226 227 100 101 105 235 236 251 243 244 118 119 250 123 124 125 126 127 
128 129 130 131 132 5 133 134 135 257 262 266 263 267 138 271 139 273 272 19 20 258 274 152 153 27 167 168 41 42 48 181 182 62 63 194 195 68 206 207 82 83 87 217 218 227 228 101 102 105 236 237 251 244 245 252 119 120 123 124 125 126 127 
128 129 130 131 132 5 133 134 135 257 262 266 137 264 270 268 139 273 272 19 275 21 152 259 154 27 167 41 169 43 48 181 183 62 64 194 68 196 206 208 82 84 87 217 219 253 227 101 229 103 105 236 238 251 244 246 119 121 123 124 125 126 127 
1 6 7 155 141 142 143 144 145 146 147 148 149 150 23 151 152 153 154 28 29 156 157 158 159 160 161 162 163 164 165 166 167 168 169 170 45 46 47 48 51 52 53 54 55 56 57 58 59 60 61 62 63 64 65 69 70 88 89 106 107 123 124 
128 1 6 11 140 141 142 143 145 146 147 148 149 150 23 151 152 153 154 28 155 159 33 45 46 47 48 173 50 51 52 53 55 56 57 186 58 59 60 61 62 63 64 65 69 198 74 210 211 212 213 214 215 88 216 217 218 219 93 220 106 111 123 
1 130 6 140 13 141 142 143 144 145 147 148 149 150 23 151 152 153 154 28 155 161 35 45 46 47 48 175 50 51 52 53 54 55 57 58 59 188 60 61 62 63 64 65 69 200 76 211 88 221 95 231 232 233 106 234 235 236 237 238 239 113 123 
256 1 257 258 259 133 6 260 140 141 142 143 16 144 145 146 147 148 150 23 151 152 153 154 28 155 164 38 45 46 47 48 50 51 52 53 54 55 56 57 58 178 60 61 62 191 63 64 65 69 203 79 214 88 224 98 233 106 241 116 248 123 255 
1 261 6 134 262 263 264 265 140 141 142 143 144 17 145 146 147 148 149 23 151 152 153 154 28 155 165 39 45 46 47 48 50 51 52 53 54 55 56 57 58 59 179 61 62 63 192 64 65 69 204 80 215 88 225 99 106 234 242 117 249 123 255 
1 257 6 262 136 266 140 141 142 143 144 145 146 19 147 148 149 23 150 151 153 154 28 155 167 41 45 46 47 48 50 51 52 53 54 55 56 57 58 59 60 61 181 63 64 65 194 69 206 270 82 271 88 217 272 227 101 106 236 251 244 119 123 
1 5 6 8 23 27 28 30 45 46 47 50 52 53 54 55 56 57 58 59 60 61 62 63 64 65 68 69 71 87 88 90 105 106 108 124 126 127 128 129 130 131 132 133 134 135 136 137 138 139 140 142 143 144 145 146 147 148 149 150 151 152 153 154 155 156 171 172 173 174 175 176 177 178 179 180 181 182 183 184 
1 5 6 10 23 27 28 32 45 46 47 50 51 52 54 55 56 57 58 59 60 61 62 63 64 65 68 69 73 87 88 92 105 106 110 124 125 126 128 129 130 131 132 133 134 135 136 137 138 139 140 141 142 144 145 146 147 148 149 150 151 152 153 154 155 158 172 185 198 199 200 201 202 203 204 205 206 207 208 209 
1 5 6 15 23 27 28 37 45 46 47 50 51 52 53 54 55 56 57 59 60 61 62 63 64 65 68 69 78 87 88 97 105 106 115 124 125 126 127 128 129 130 131 133 134 135 136 137 138 139 140 141 142 143 144 145 146 147 149 150 151 152 153 154 155 163 177 190 202 213 223 232 240 248 249 250 251 252 253 254 
1 6 9 13 23 28 31 35 45 46 47 48 50 51 53 54 55 57 58 59 60 61 62 63 64 65 69 72 76 88 91 95 106 109 113 123 126 130 140 141 143 144 145 147 148 149 150 151 152 153 154 155 157 161 171 175 185 186 187 189 190 191 192 193 194 195 196 197 200 211 221 231 232 233 234 235 236 237 238 239 
1 6 13 14 23 28 35 36 45 46 47 48 50 51 52 53 54 55 58 59 60 61 62 63 64 65 69 76 77 88 95 96 106 113 114 123 130 131 140 141 142 143 144 145 148 149 150 151 152 153 154 155 161 162 175 176 188 189 200 201 211 212 221 222 232 233 234 235 236 237 238 239 240 241 242 243 244 245 246 247 
1 6 13 22 23 28 35 44 45 46 47 48 50 51 52 53 54 55 57 58 59 60 61 62 63 64 69 76 85 88 95 104 106 113 122 123 130 139 140 141 142 143 144 145 147 148 149 150 151 152 153 154 161 170 175 184 188 197 200 209 211 220 221 230 231 232 233 234 235 236 237 238 247 254 260 265 269 272 274 275 
1 6 12 19 23 28 34 41 45 46 47 48 50 51 52 53 54 56 57 58 59 60 61 63 64 65 69 75 82 88 94 101 106 112 119 123 129 136 140 141 142 143 144 146 147 148 149 150 151 153 154 155 160 167 174 181 187 194 199 206 210 217 221 222 223 224 225 226 228 229 230 236 244 251 257 262 266 270 271 272 
1 6 18 19 23 28 40 41 45 46 47 48 50 51 52 53 54 55 56 57 58 59 60 63 64 65 69 81 82 88 100 101 106 118 119 123 135 136 140 141 142 143 144 145 146 147 148 149 150 153 154 155 166 167 180 181 193 194 205 206 216 217 226 227 235 236 243 244 250 251 256 257 261 262 267 268 269 270 271 272 
1 6 19 20 23 28 41 42 45 46 47 48 50 51 52 53 54 55 56 57 58 59 60 61 64 65 69 82 83 88 101 102 106 119 120 123 136 137 140 141 142 143 144 145 146 147 148 149 150 151 154 155 167 168 181 182 194 195 206 207 217 218 227 228 236 237 244 245 251 252 257 258 262 263 266 267 271 272 273 274 
1 6 19 21 23 28 41 43 45 46 47 48 50 51 52 53 54 55 56 57 58 59 60 61 63 65 69 82 84 88 101 103 106 119 121 123 136 138 140 141 142 143 144 145 146 147 148 149 150 151 153 155 167 169 181 183 194 196 206 208 217 219 227 229 236 238 244 246 251 253 257 259 262 264 266 268 270 272 273 275 
128 1 7 11 140 144 23 156 157 29 158 160 33 161 162 163 164 165 166 167 168 169 170 45 46 47 48 49 173 51 52 53 55 56 57 186 58 59 60 61 62 63 64 65 70 198 74 210 211 212 213 214 215 216 89 217 218 219 93 220 107 111 124 
1 130 7 140 13 146 23 156 157 29 158 159 160 162 35 163 164 165 166 167 168 169 170 45 46 47 48 49 175 51 52 53 54 55 57 58 59 188 60 61 62 63 64 65 70 200 76 211 89 221 95 231 232 233 234 107 235 236 237 238 239 113 124 
256 1 257 258 259 133 260 7 140 16 149 23 156 157 29 158 159 160 161 162 163 165 38 166 167 168 169 170 45 46 47 48 49 178 51 52 53 54 55 56 57 58 60 61 62 191 63 64 65 70 203 79 214 89 224 98 233 107 241 116 248 124 255 
1 261 134 7 262 263 264 265 140 17 150 23 156 157 29 158 159 160 161 162 163 164 166 39 167 168 169 170 45 46 47 48 49 51 52 53 54 55 56 57 58 59 179 61 62 63 192 64 65 70 204 80 215 89 225 99 234 107 242 117 249 124 255 
1 257 262 7 136 266 140 270 271 272 19 23 152 156 157 29 158 159 160 161 162 163 164 165 166 168 41 169 170 45 46 47 48 49 51 52 53 54 55 56 57 58 59 60 61 181 63 64 65 194 70 206 82 89 217 227 101 107 236 244 119 251 124 
1 5 7 8 23 27 29 30 45 46 47 49 52 53 54 55 56 57 58 59 60 61 62 63 64 65 68 70 71 87 89 90 105 107 108 123 126 127 128 129 130 131 132 133 134 135 136 137 138 139 140 141 157 158 159 160 161 162 163 164 165 166 167 168 169 170 171 172 173 174 175 176 177 178 179 180 181 182 183 184 
1 5 7 10 23 27 29 32 45 46 47 49 51 52 54 55 56 57 58 59 60 61 62 63 64 65 68 70 73 87 89 92 105 107 110 123 125 126 128 129 130 131 132 133 134 135 136 137 138 139 140 143 156 157 159 160 161 162 163 164 165 166 167 168 169 170 172 185 198 199 200 201 202 203 204 205 206 207 208 209 
1 5 7 15 23 27 29 37 45 46 47 49 51 52 53 54 55 56 57 59 60 61 62 63 64 65 68 70 78 87 89 97 105 107 115 123 125 126 127 128 129 130 131 133 134 135 136 137 138 139 140 148 156 157 158 159 160 161 162 164 165 166 167 168 169 170 177 190 202 213 223 232 240 248 249 250 251 252 253 254 
1 7 9 13 23 29 31 35 45 46 47 48 49 51 53 54 55 57 58 59 60 61 62 63 64 65 70 72 76 89 91 95 107 109 113 124 126 130 140 142 146 156 158 159 160 162 163 164 165 166 167 168 169 170 171 175 185 186 187 189 190 191 192 193 194 195 196 197 200 211 221 231 232 233 234 235 236 237 238 239 
1 7 13 14 23 29 35 36 45 46 47 48 49 51 52 53 54 55 58 59 60 61 62 63 64 65 70 76 77 89 95 96 107 113 114 124 130 131 140 146 147 156 157 158 159 160 163 164 165 166 167 168 169 170 175 176 188 189 200 201 211 212 221 222 232 233 234 235 236 237 238 239 240 241 242 243 244 245 246 247 
1 7 13 22 23 29 35 44 45 46 47 48 49 51 52 53 54 55 57 58 59 60 61 62 63 64 70 76 85 89 95 104 107 113 122 124 130 139 140 146 155 156 157 158 159 160 162 163 164 165 166 167 168 169 175 184 188 197 200 209 211 220 221 230 231 232 233 234 235 236 237 238 247 254 260 265 269 272 274 275 
1 7 12 19 23 29 34 41 45 46 47 48 49 51 52 53 54 56 57 58 59 60 61 63 64 65 70 75 82 89 94 101 107 112 119 124 129 136 140 145 152 156 157 158 159 161 162 163 164 165 166 168 169 170 174 181 187 194 199 206 210 217 221 222 223 224 225 226 228 229 230 236 244 251 257 262 266 270 271 272 
1 7 18 19 23 29 40 41 45 46 47 48 49 51 52 53 54 55 56 57 58 59 60 63 64 65 70 81 82 89 100 101 107 118 119 124 135 136 140 151 152 156 157 158 159 160 161 162 163 164 165 168 169 170 180 181 193 194 205 206 216 217 226 227 235 236 243 244 250 251 256 257 261 262 267 268 269 270 271 272 
1 7 19 20 23 29 41 42 45 46 47 48 49 51 52 53 54 55 56 57 58 59 60 61 64 65 70 82 83 89 101 102 107 119 120 124 136 137 140 152 153 156 157 158 159 160 161 162 163 164 165 166 169 170 181 182 194 195 206 207 217 218 227 228 236 237 244 245 251 252 257 258 262 263 266 267 271 272 273 274 
1 7 19 21 23 29 41 43 45 46 47 48 49 51 52 53 54 55 56 57 58 59 60 61 63 65 70 82 84 89 101 103 107 119 121 124 136 138 140 152 154 156 157 158 159 160 161 162 163 164 165 166 168 170 181 183 194 196 206 208 217 219 227 229 236 238 244 246 251 253 257 259 262 264 266 268 270 272 273 275 
128 129 130 131 132 5 133 134 8 135 10 136 137 141 138 143 139 27 156 30 158 32 171 173 174 175 48 176 177 51 178 53 179 180 181 185 182 183 184 68 198 71 199 73 200 201 202 203 204 205 206 207 208 209 87 90 92 105 108 110 123 124 126 
128 129 131 132 5 133 134 8 135 136 137 138 13 141 139 146 27 156 30 161 35 171 172 173 174 48 176 177 51 178 179 180 181 56 182 183 184 188 68 71 200 76 211 87 90 221 95 231 232 105 233 234 108 235 236 237 238 113 239 123 124 126 127 
128 129 130 131 5 133 134 8 135 136 137 138 141 139 15 148 27 156 30 163 37 171 172 173 174 175 48 176 178 51 179 180 181 182 183 184 58 190 68 71 202 78 213 87 90 223 97 232 105 108 251 240 115 252 254 248 249 250 123 124 253 126 127 
128 129 130 131 132 5 133 134 8 135 257 262 266 141 137 270 138 271 139 19 272 152 27 156 30 167 41 171 172 173 174 175 48 176 177 51 178 179 180 182 183 184 62 194 68 71 206 82 87 217 90 227 101 105 108 236 251 244 119 123 124 126 127 
1 5 8 11 23 27 30 33 45 46 47 49 50 52 53 55 56 57 58 59 60 61 62 63 64 65 68 71 74 87 90 93 105 108 111 123 124 126 127 129 130 131 132 133 134 135 136 137 138 139 141 144 156 159 171 172 174 175 176 177 178 179 180 181 182 183 184 186 198 210 211 212 213 214 215 216 217 218 219 220 
1 5 8 16 23 27 30 38 45 46 47 49 50 52 53 54 55 56 57 58 60 61 62 63 64 65 68 71 79 87 90 98 105 108 116 123 124 126 127 128 129 130 131 132 134 135 136 137 138 139 141 149 156 164 171 172 173 174 175 176 177 179 180 181 182 183 184 191 203 214 224 233 241 248 255 256 257 258 259 260 
1 5 8 17 23 27 30 39 45 46 47 49 50 52 53 54 55 56 57 58 59 61 62 63 64 65 68 71 80 87 90 99 105 108 117 123 124 126 127 128 129 130 131 132 133 135 136 137 138 139 141 150 156 165 171 172 173 174 175 176 177 178 180 181 182 183 184 192 204 215 225 234 242 249 255 261 262 263 264 265 
5 8 9 13 27 30 31 35 48 51 52 56 68 71 72 76 87 90 91 95 105 108 109 113 123 124 127 128 129 131 132 133 134 135 136 137 138 139 141 142 146 156 157 161 172 173 174 176 177 178 179 180 181 182 183 184 185 186 187 189 190 191 192 193 194 195 196 197 200 211 221 231 232 233 234 235 236 237 238 239 
5 8 13 14 27 30 35 36 48 51 56 57 68 71 76 77 87 90 95 96 105 108 113 114 123 124 126 127 128 129 132 133 134 135 136 137 138 139 141 146 147 156 161 162 171 172 173 174 177 178 179 180 181 182 183 184 188 189 200 201 211 212 221 222 232 233 234 235 236 237 238 239 240 241 242 243 244 245 246 247 
5 8 13 22 27 30 35 44 48 51 56 65 68 71 76 85 87 90 95 104 105 108 113 122 123 124 126 127 128 129 131 132 133 134 135 136 137 138 141 146 155 156 161 170 171 172 173 174 176 177 178 179 180 181 182 183 188 197 200 209 211 220 221 230 231 232 233 234 235 236 237 238 247 254 260 265 269 272 274 275 
5 8 12 19 27 30 34 41 48 51 55 62 68 71 75 82 87 90 94 101 105 108 112 119 123 124 126 127 128 130 131 132 133 134 135 137 138 139 141 145 152 156 160 167 171 172 173 175 176 177 178 179 180 182 183 184 187 194 199 206 210 217 221 222 223 224 225 226 228 229 230 236 244 251 257 262 266 270 271 272 
5 8 18 19 27 30 40 41 48 51 61 62 68 71 81 82 87 90 100 101 105 108 118 119 123 124 126 127 128 129 130 131 132 133 134 137 138 139 141 151 152 156 166 167 171 172 173 174 175 176 177 178 179 182 183 184 193 194 205 206 216 217 226 227 235 236 243 244 250 251 256 257 261 262 267 268 269 270 271 272 
5 8 19 20 27 30 41 42 48 51 62 63 68 71 82 83 87 90 101 102 105 108 119 120 123 124 126 127 128 129 130 131 132 133 134 135 138 139 141 152 153 156 167 168 171 172 173 174 175 176 177 178 179 180 183 184 194 195 206 207 217 218 227 228 236 237 244 245 251 252 257 258 262 263 266 267 271 272 273 274 
5 8 19 21 27 30 41 43 48 51 62 64 68 71 82 84 87 90 101 103 105 108 119 121 123 124 126 127 128 129 130 131 132 133 134 135 137 139 141 152 154 156 167 169 171 172 173 174 175 176 177 178 179 180 182 184 194 196 206 208 217 219 227 229 236 238 244 246 251 253 257 259 262 264 266 268 270 272 273 275 
130 9 13 142 146 157 31 161 35 171 175 52 56 185 186 187 189 190 191 192 193 194 195 196 197 72 200 76 211 91 221 95 231 232 233 234 235 236 109 237 238 239 113 126 
130 131 9 13 14 142 146 147 157 31 161 162 35 36 171 175 176 239 52 56 185 186 187 57 190 191 192 193 194 195 196 197 72 200 201 76 77 211 212 91 247 221 222 95 96 232 233 234 235 236 109 237 238 240 113 114 241 242 243 244 245 246 126 
257 130 262 136 9 266 13 142 270 271 272 146 19 152 157 31 161 35 167 41 171 175 52 181 56 185 186 187 189 190 191 192 193 62 195 196 197 72 200 76 206 82 211 217 91 221 95 227 101 231 232 233 234 235 109 237 238 239 113 244 119 251 126 
130 260 9 265 139 13 142 269 272 146 274 275 22 155 157 31 161 35 170 171 44 175 52 56 185 186 187 184 189 190 191 192 193 194 195 196 65 72 200 76 209 211 254 85 91 220 221 95 230 231 232 233 234 235 236 109 237 238 104 113 247 122 126 
1 9 11 13 23 31 33 35 45 46 47 48 49 50 51 53 55 57 58 59 60 61 62 63 64 65 72 74 76 91 93 95 109 111 113 126 128 130 142 144 146 157 159 161 171 173 175 185 187 189 190 191 192 193 194 195 196 197 198 200 210 212 213 214 215 216 217 218 219 220 221 231 232 233 234 235 236 237 238 239 
1 9 13 16 23 31 35 38 45 46 47 48 49 50 51 53 54 55 57 58 60 61 62 63 64 65 72 76 79 91 95 98 109 113 116 126 130 133 142 146 149 157 161 164 171 175 178 185 186 187 189 190 192 193 194 195 196 197 200 203 211 214 221 224 231 232 234 235 236 237 238 239 241 248 255 256 257 258 259 260 
1 9 13 17 23 31 35 39 45 46 47 48 49 50 51 53 54 55 57 58 59 61 62 63 64 65 72 76 80 91 95 99 109 113 117 126 130 134 142 146 150 157 161 165 171 175 179 185 186 187 189 190 191 193 194 195 196 197 200 204 211 215 221 225 231 232 233 235 236 237 238 239 242 249 255 261 262 263 264 265 
5 9 10 13 27 31 32 35 48 52 53 56 68 72 73 76 87 91 92 95 105 109 110 113 123 124 125 128 129 131 132 133 134 135 136 137 138 139 142 143 146 157 158 161 171 172 175 186 187 189 190 191 192 193 194 195 196 197 198 199 201 202 203 204 205 206 207 208 209 211 221 231 232 233 234 235 236 237 238 239 
5 9 13 15 27 31 35 37 48 52 56 58 68 72 76 78 87 91 95 97 105 109 113 115 123 124 125 127 128 129 131 133 134 135 136 137 138 139 142 146 148 157 161 163 171 175 177 185 186 187 189 191 192 193 194 195 196 197 200 202 211 213 221 223 231 233 234 235 236 237 238 239 240 248 249 250 251 252 253 254 
9 12 13 19 31 34 35 41 52 55 56 62 72 75 76 82 91 94 95 101 109 112 113 119 126 129 130 136 142 145 146 152 157 160 161 167 171 174 175 181 185 186 189 190 191 192 193 195 196 197 199 200 206 210 211 217 222 223 224 225 226 228 229 230 231 232 233 234 235 237 238 239 244 251 257 262 266 270 271 272 
9 13 18 19 31 35 40 41 52 56 61 62 72 76 81 82 91 95 100 101 109 113 118 119 126 130 135 136 142 146 151 152 157 161 166 167 171 175 180 181 185 186 187 189 190 191 192 195 196 197 200 205 206 211 216 217 221 226 227 231 232 233 234 237 238 239 243 244 250 251 256 257 261 262 267 268 269 270 271 272 
9 13 19 20 31 35 41 42 52 56 62 63 72 76 82 83 91 95 101 102 109 113 119 120 126 130 136 137 142 146 152 153 157 161 167 168 171 175 181 182 185 186 187 189 190 191 192 193 196 197 200 206 207 211 217 218 221 227 228 231 232 233 234 235 238 239 244 245 251 252 257 258 262 263 266 267 271 272 273 274 
9 13 19 21 31 35 41 43 52 56 62 64 72 76 82 84 91 95 101 103 109 113 119 121 126 130 136 138 142 146 152 154 157 161 167 169 171 175 181 183 185 186 187 189 190 191 192 193 195 197 200 206 208 211 217 219 221 227 229 231 232 233 234 235 237 239 244 246 251 253 257 259 262 264 266 268 270 272 273 275 
128 129 131 132 5 133 134 135 136 10 137 138 13 139 143 146 27 158 32 161 35 172 175 48 53 56 185 188 68 198 199 73 201 202 76 203 204 205 206 207 208 211 209 87 92 221 95 231 232 105 233 234 235 236 110 237 238 113 239 123 124 125 126 
128 129 130 131 5 133 134 135 136 10 137 138 139 15 143 148 27 158 32 163 37 172 48 177 53 185 58 190 68 198 199 200 73 201 203 204 205 78 206 207 208 209 213 87 92 253 223 97 232 105 110 251 240 115 252 254 248 249 250 123 124 125 126 
128 129 130 131 132 5 133 134 135 257 10 262 266 137 270 143 138 271 139 19 272 152 27 158 32 167 41 172 48 53 181 185 62 194 68 198 199 200 73 201 202 203 204 205 207 208 209 82 87 217 92 227 101 105 236 110 251 244 119 123 124 125 126 
1 5 10 11 23 27 32 33 45 46 47 49 50 51 52 55 56 57 58 59 60 61 62 63 64 65 68 73 74 87 92 93 105 110 111 123 124 125 126 129 130 131 132 133 134 135 136 137 138 139 143 144 158 159 172 173 185 186 199 200 201 202 203 204 205 206 207 208 209 210 211 212 213 214 215 216 217 218 219 220 
1 5 10 16 23 27 32 38 45 46 47 49 50 51 52 54 55 56 57 58 60 61 62 63 64 65 68 73 79 87 92 98 105 110 116 123 124 125 126 128 129 130 131 132 134 135 136 137 138 139 143 149 158 164 172 178 185 191 198 199 200 201 202 204 205 206 207 208 209 214 224 233 241 248 255 256 257 258 259 260 
1 5 10 17 23 27 32 39 45 46 47 49 50 51 52 54 55 56 57 58 59 61 62 63 64 65 68 73 80 87 92 99 105 110 117 123 124 125 126 128 129 130 131 132 133 135 136 137 138 139 143 150 158 165 172 179 185 192 198 199 200 201 202 203 205 206 207 208 209 215 225 234 242 249 255 261 262 263 264 265 
5 10 13 14 27 32 35 36 48 53 56 57 68 73 76 77 87 92 95 96 105 110 113 114 123 124 125 126 128 129 132 133 134 135 136 137 138 139 143 146 147 158 161 162 172 175 176 185 188 189 198 199 202 203 204 205 206 207 208 209 211 212 221 222 232 233 234 235 236 237 238 239 240 241 242 243 244 245 246 247 
5 10 13 22 27 32 35 44 48 53 56 65 68 73 76 85 87 92 95 104 105 110 113 122 123 124 125 126 128 129 131 132 133 134 135 136 137 138 143 146 155 158 161 170 172 175 184 185 188 197 198 199 201 202 203 204 205 206 207 208 211 220 221 230 231 232 233 234 235 236 237 238 247 254 260 265 269 272 274 275 
5 10 12 19 27 32 34 41 48 53 55 62 68 73 75 82 87 92 94 101 105 110 112 119 123 124 125 126 128 130 131 132 133 134 135 137 138 139 143 145 152 158 160 167 172 174 181 185 187 194 198 200 201 202 203 204 205 207 208 209 210 217 221 222 223 224 225 226 228 229 230 236 244 251 257 262 266 270 271 272 
5 10 18 19 27 32 40 41 48 53 61 62 68 73 81 82 87 92 100 101 105 110 118 119 123 124 125 126 128 129 130 131 132 133 134 137 138 139 143 151 152 158 166 167 172 180 181 185 193 194 198 199 200 201 202 203 204 207 208 209 216 217 226 227 235 236 243 244 250 251 256 257 261 262 267 268 269 270 271 272 
5 10 19 20 27 32 41 42 48 53 62 63 68 73 82 83 87 92 101 102 105 110 119 120 123 124 125 126 128 129 130 131 132 133 134 135 138 139 143 152 153 158 167 168 172 181 182 185 194 195 198 199 200 201 202 203 204 205 208 209 217 218 227 228 236 237 244 245 251 252 257 258 262 263 266 267 271 272 273 274 
5 10 19 21 27 32 41 43 48 53 62 64 68 73 82 84 87 92 101 103 105 110 119 121 123 124 125 126 128 129 130 131 132 133 134 135 137 139 143 152 154 158 167 169 172 181 183 185 194 196 198 199 200 201 202 203 204 205 207 209 217 219 227 229 236 238 244 246 251 253 257 259 262 264 266 268 270 272 273 275 
128 1 130 11 13 144 146 23 159 33 161 35 45 46 47 48 49 50 51 52 53 173 55 175 57 186 58 188 59 60 61 62 63 64 65 198 200 74 76 210 212 213 214 215 216 217 218 219 220 93 221 95 231 232 233 234 235 236 237 238 111 239 113 
128 1 178 256 257 133 258 259 260 11 16 144 149 23 159 33 164 38 45 46 47 48 49 50 51 52 53 173 55 56 57 186 58 60 61 62 191 63 64 65 198 74 203 79 210 211 212 213 215 216 217 218 219 220 93 224 98 233 111 241 116 248 255 
128 1 179 134 261 262 263 264 11 265 144 17 150 23 159 33 165 39 45 46 47 48 49 50 51 52 53 173 55 56 57 186 58 59 61 62 63 192 64 65 198 74 204 80 210 211 212 213 214 216 217 218 219 220 93 225 99 234 111 242 117 249 255 
128 1 257 262 136 266 11 270 181 144 271 272 19 23 152 159 33 167 41 45 46 47 48 49 50 51 52 53 173 55 56 57 186 58 59 60 61 63 64 65 194 198 74 206 210 211 212 213 214 215 216 82 218 219 220 93 227 101 236 111 244 119 251 
1 5 11 15 23 27 33 37 45 46 47 49 50 51 52 53 55 56 57 59 60 61 62 63 64 65 68 74 78 87 93 97 105 111 115 123 124 125 126 127 129 130 131 133 134 135 136 137 138 139 144 148 159 163 173 177 186 190 198 202 210 211 212 214 215 216 217 218 219 220 223 232 240 248 249 250 251 252 253 254 
1 11 13 14 23 33 35 36 45 46 47 48 49 50 51 52 53 55 58 59 60 61 62 63 64 65 74 76 77 93 95 96 111 113 114 128 130 131 144 146 147 159 161 162 173 175 176 186 188 189 198 200 201 210 213 214 215 216 217 218 219 220 221 222 232 233 234 235 236 237 238 239 240 241 242 243 244 245 246 247 
1 11 13 22 23 33 35 44 45 46 47 48 49 50 51 52 53 55 57 58 59 60 61 62 63 64 74 76 85 93 95 104 111 113 122 128 130 139 144 146 155 159 161 170 173 175 184 186 188 197 198 200 209 210 212 213 214 215 216 217 218 219 221 230 231 232 233 234 235 236 237 238 247 254 260 265 269 272 274 275 
1 11 12 19 23 33 34 41 45 46 47 48 49 50 51 52 53 56 57 58 59 60 61 63 64 65 74 75 82 93 94 101 111 112 119 128 129 136 144 145 152 159 160 167 173 174 181 186 187 194 198 199 206 211 212 213 214 215 216 218 219 220 221 222 223 224 225 226 228 229 230 236 244 251 257 262 266 270 271 272 
1 11 18 19 23 33 40 41 45 46 47 48 49 50 51 52 53 55 56 57 58 59 60 63 64 65 74 81 82 93 100 101 111 118 119 128 135 136 144 151 152 159 166 167 173 180 181 186 193 194 198 205 206 210 211 212 213 214 215 218 219 220 226 227 235 236 243 244 250 251 256 257 261 262 267 268 269 270 271 272 
1 11 19 20 23 33 41 42 45 46 47 48 49 50 51 52 53 55 56 57 58 59 60 61 64 65 74 82 83 93 101 102 111 119 120 128 136 137 144 152 153 159 167 168 173 181 182 186 194 195 198 206 207 210 211 212 213 214 215 216 219 220 227 228 236 237 244 245 251 252 257 258 262 263 266 267 271 272 273 274 
1 11 19 21 23 33 41 43 45 46 47 48 49 50 51 52 53 55 56 57 58 59 60 61 63 65 74 82 84 93 101 103 111 119 121 128 136 138 144 152 154 159 167 169 173 181 183 186 194 196 198 206 208 210 211 212 213 214 215 216 218 220 227 229 236 238 244 246 251 253 257 259 262 264 266 268 270 272 273 275 
129 257 262 136 266 12 270 271 272 145 19 152 160 34 167 41 174 181 55 187 62 194 199 75 206 210 82 217 221 222 94 224 225 223 226 228 101 229 230 236 112 244 119 251 
129 130 257 262 136 266 12 13 270 271 272 145 146 19 152 160 161 34 35 167 41 174 175 181 55 56 187 188 62 194 199 200 75 76 206 210 211 82 217 94 95 222 223 224 225 226 101 228 231 232 233 234 235 229 237 238 230 112 113 239 244 119 251 
256 129 257 261 262 135 136 267 12 268 270 271 269 145 18 19 272 151 152 160 34 166 167 40 41 174 180 181 55 187 61 62 193 194 199 75 205 206 81 210 82 216 217 221 222 94 224 223 225 100 101 228 229 230 235 236 112 243 244 118 119 250 251 
129 257 258 262 263 136 137 266 267 12 271 272 145 273 19 20 274 152 153 160 34 167 168 41 42 174 181 182 55 187 62 63 194 195 199 75 206 207 210 82 83 217 218 221 222 94 224 223 225 226 101 102 229 230 236 237 112 244 245 119 120 251 252 
129 257 259 262 136 264 266 138 12 268 270 272 145 273 19 275 21 152 154 160 34 167 41 169 43 174 181 55 183 187 62 64 194 196 199 75 206 208 210 82 84 217 219 221 222 94 224 223 225 226 228 101 230 103 236 238 112 244 246 119 121 251 253 
1 12 16 19 23 34 38 41 45 46 47 48 49 50 51 52 53 54 56 57 58 60 61 63 64 65 75 79 82 94 98 101 112 116 119 129 133 136 145 149 152 160 164 167 174 178 181 187 191 194 199 203 206 210 214 217 221 222 223 225 226 228 229 230 233 236 241 244 248 251 255 256 258 259 260 262 266 270 271 272 
1 12 17 19 23 34 39 41 45 46 47 48 49 50 51 52 53 54 56 57 58 59 61 63 64 65 75 80 82 94 99 101 112 117 119 129 134 136 145 150 152 160 165 167 174 179 181 187 192 194 199 204 206 210 215 217 221 222 223 224 226 228 229 230 234 236 242 244 249 251 255 257 261 263 264 265 266 270 271 272 
5 12 15 19 27 34 37 41 48 55 58 62 68 75 78 82 87 94 97 101 105 112 115 119 123 124 125 126 127 128 130 131 133 134 135 137 138 139 145 148 152 160 163 167 174 177 181 187 190 194 199 202 206 210 213 217 221 222 224 225 226 228 229 230 232 236 240 244 248 249 250 252 253 254 257 262 266 270 271 272 
12 13 14 19 34 35 36 41 55 56 57 62 75 76 77 82 94 95 96 101 112 113 114 119 129 130 131 136 145 146 147 152 160 161 162 167 174 175 176 181 187 188 189 194 199 200 201 206 210 211 212 217 223 224 225 226 228 229 230 232 233 234 235 237 238 239 240 241 242 243 245 246 247 251 257 262 266 270 271 272 
12 13 19 22 34 35 41 44 55 56 62 65 75 76 82 85 94 95 101 104 112 113 119 122 129 130 136 139 145 146 152 155 160 161 167 170 174 175 181 184 187 188 194 197 199 200 206 209 210 211 217 220 222 223 224 225 226 228 229 231 232 233 234 235 237 238 244 247 251 254 257 260 262 265 266 269 270 271 274 275 
130 131 13 14 146 147 161 162 35 36 175 176 56 57 188 189 200 201 76 77 211 212 247 221 222 95 96 232 233 234 235 236 237 238 239 240 113 114 241 242 243 244 245 246 
257 130 262 136 266 13 270 271 272 146 19 152 161 35 167 41 175 181 56 188 62 194 200 76 206 82 211 217 221 95 227 101 231 232 233 234 235 237 238 239 113 244 119 251 
130 260 265 139 13 269 272 146 274 275 22 155 161 35 170 44 175 56 184 188 65 197 200 76 209 211 85 220 221 95 230 231 232 233 234 235 236 237 238 104 113 247 122 254 
256 1 130 257 258 133 259 260 13 16 146 149 23 161 35 164 38 45 46 47 48 49 50 51 52 53 54 55 175 57 58 178 188 60 61 191 62 63 64 65 200 203 76 79 211 214 221 95 224 98 231 232 234 235 236 237 238 239 113 241 116 248 255 
1 130 179 134 261 262 263 264 265 13 17 146 150 23 161 35 165 39 45 46 47 48 49 50 51 52 53 54 55 175 57 58 59 188 61 62 63 192 64 65 200 76 204 80 211 215 221 95 225 99 231 232 233 235 236 237 238 239 113 242 117 249 255 
128 129 131 5 133 134 135 136 137 138 139 13 15 146 148 27 161 35 163 37 175 48 177 56 58 188 190 68 200 202 76 78 211 213 87 221 253 95 223 97 231 105 233 234 235 236 237 251 240 113 238 115 252 239 254 248 249 250 123 124 125 126 127 
256 257 130 261 262 135 136 267 268 13 270 271 269 272 18 19 146 151 152 161 35 166 167 40 41 175 180 181 56 188 61 62 193 194 200 76 205 206 81 82 211 216 217 221 95 226 227 100 101 231 232 233 234 237 238 239 113 243 244 118 119 250 251 
257 130 258 262 263 136 137 266 267 13 271 272 273 146 19 20 274 152 153 161 35 167 168 41 42 175 181 182 56 188 62 63 194 195 200 76 206 207 82 211 83 217 218 221 95 227 228 101 102 231 232 233 234 235 238 239 113 244 245 119 120 251 252 
257 130 259 262 136 264 266 138 268 13 270 272 273 146 19 275 21 152 154 161 35 167 41 169 43 175 181 183 56 188 62 64 194 196 200 76 206 208 82 211 84 217 219 221 95 227 101 229 231 232 233 234 235 103 237 239 113 244 246 119 121 251 253 
257 130 131 262 136 266 13 14 270 271 272 146 19 147 152 161 162 35 36 167 41 175 176 181 56 57 188 189 62 194 200 201 76 77 206 82 211 212 217 247 221 222 95 96 227 101 232 233 234 235 237 238 239 240 113 114 241 242 243 245 119 246 251 
130 131 260 265 139 13 14 269 272 146 147 274 275 22 155 161 162 35 36 170 44 175 176 56 57 184 188 189 65 197 200 201 76 77 209 211 212 85 220 221 222 95 96 230 232 233 234 235 236 237 238 104 240 113 114 241 242 243 244 245 246 122 254 
1 13 14 16 23 35 36 38 45 46 47 48 49 50 51 52 53 54 55 58 60 61 62 63 64 65 76 77 79 95 96 98 113 114 116 130 131 133 146 147 149 161 162 164 175 176 178 188 189 191 200 201 203 211 212 214 221 222 224 232 234 235 236 237 238 239 240 242 243 244 245 246 247 248 255 256 257 258 259 260 
1 13 14 17 23 35 36 39 45 46 47 48 49 50 51 52 53 54 55 58 59 61 62 63 64 65 76 77 80 95 96 99 113 114 117 130 131 134 146 147 150 161 162 165 175 176 179 188 189 192 200 201 204 211 212 215 221 222 225 232 233 235 236 237 238 239 240 241 243 244 245 246 247 249 255 261 262 263 264 265 
5 13 14 15 27 35 36 37 48 56 57 58 68 76 77 78 87 95 96 97 105 113 114 115 123 124 125 126 127 128 129 133 134 135 136 137 138 139 146 147 148 161 162 163 175 176 177 188 189 190 200 201 202 211 212 213 221 222 223 233 234 235 236 237 238 239 241 242 243 244 245 246 247 248 249 250 251 252 253 254 
13 14 18 19 35 36 40 41 56 57 61 62 76 77 81 82 95 96 100 101 113 114 118 119 130 131 135 136 146 147 151 152 161 162 166 167 175 176 180 181 188 189 193 194 200 201 205 206 211 212 216 217 221 222 226 227 232 233 234 237 238 239 240 241 242 245 246 247 250 251 256 257 261 262 267 268 269 270 271 272 
13 14 19 20 35 36 41 42 56 57 62 63 76 77 82 83 95 96 101 102 113 114 119 120 130 131 136 137 146 147 152 153 161 162 167 168 175 176 181 182 188 189 194 195 200 201 206 207 211 212 217 218 221 222 227 228 232 233 234 235 238 239 240 241 242 243 246 247 251 252 257 258 262 263 266 267 271 272 273 274 
13 14 19 21 35 36 41 43 56 57 62 64 76 77 82 84 95 96 101 103 113 114 119 121 130 131 136 138 146 147 152 154 161 162 167 169 175 176 181 183 188 189 194 196 200 201 206 208 211 212 217 219 221 222 227 229 232 233 234 235 237 239 240 241 242 243 245 247 251 253 257 259 262 264 266 268 270 272 273 275 
128 129 130 131 257 5 133 134 135 262 266 137 138 139 270 15 271 272 19 148 152 27 163 37 167 41 48 177 181 58 190 62 194 68 202 78 206 82 254 213 87 217 253 223 97 227 101 232 105 236 240 115 244 252 119 248 249 250 123 124 125 126 127 
1 5 15 16 23 27 37 38 45 46 47 49 50 51 52 53 54 55 56 57 60 61 62 63 64 65 68 78 79 87 97 98 105 115 116 123 124 125 126 127 128 129 130 131 134 135 136 137 138 139 148 149 163 164 177 178 190 191 202 203 213 214 223 224 232 233 240 241 249 250 251 252 253 254 255 256 257 258 259 260 
1 5 15 17 23 27 37 39 45 46 47 49 50 51 52 53 54 55 56 57 59 61 62 63 64 65 68 78 80 87 97 99 105 115 117 123 124 125 126 127 128 129 130 131 133 135 136 137 138 139 148 150 163 165 177 179 190 192 202 204 213 215 223 225 232 234 240 242 248 250 251 252 253 254 255 261 262 263 264 265 
5 13 15 22 27 35 37 44 48 56 58 65 68 76 78 85 87 95 97 104 105 113 115 122 123 124 125 126 127 128 129 131 133 134 135 136 137 138 146 148 155 161 163 170 175 177 184 188 190 197 200 202 209 211 213 220 221 223 230 231 233 234 235 236 237 238 240 247 248 249 250 251 252 253 260 265 269 272 274 275 
5 15 18 19 27 37 40 41 48 58 61 62 68 78 81 82 87 97 100 101 105 115 118 119 123 124 125 126 127 128 129 130 131 133 134 137 138 139 148 151 152 163 166 167 177 180 181 190 193 194 202 205 206 213 216 217 223 226 227 232 235 236 240 243 244 248 249 252 253 254 256 257 261 262 267 268 269 270 271 272 
5 15 19 20 27 37 41 42 48 58 62 63 68 78 82 83 87 97 101 102 105 115 119 120 123 124 125 126 127 128 129 130 131 133 134 135 138 139 148 152 153 163 167 168 177 181 182 190 194 195 202 206 207 213 217 218 223 227 228 232 236 237 240 244 245 248 249 250 253 254 257 258 262 263 266 267 271 272 273 274 
5 15 19 21 27 37 41 43 48 58 62 64 68 78 82 84 87 97 101 103 105 115 119 121 123 124 125 126 127 128 129 130 131 133 134 135 137 139 148 152 154 163 167 169 177 181 183 190 194 196 202 206 208 213 217 219 223 227 229 232 236 238 240 244 246 248 249 250 252 254 257 259 262 264 266 268 270 272 273 275 
256 1 257 258 259 133 134 261 262 263 264 260 265 16 17 149 150 23 164 165 38 39 45 46 47 48 49 50 51 52 53 54 55 56 57 58 178 179 61 62 191 192 63 64 65 203 204 79 80 214 215 224 225 98 99 233 234 241 242 116 117 248 249 
256 1 258 259 260 133 262 136 266 270 271 16 272 19 149 23 152 164 38 167 41 45 46 47 48 49 50 51 52 53 54 55 56 57 58 178 60 61 181 191 63 64 194 65 203 206 79 82 214 217 224 98 227 101 233 236 241 116 244 119 248 251 255 
1 13 16 22 23 35 38 44 45 46 47 48 49 50 51 52 53 54 55 57 58 60 61 62 63 64 76 79 85 95 98 104 113 116 122 130 133 139 146 149 155 161 164 170 175 178 184 188 191 197 200 203 209 211 214 220 221 224 230 231 232 234 235 236 237 238 241 247 248 254 255 256 257 258 259 265 269 272 274 275 
1 16 18 19 23 38 40 41 45 46 47 48 49 50 51 52 53 54 55 56 57 58 60 63 64 65 79 81 82 98 100 101 116 118 119 133 135 136 149 151 152 164 166 167 178 180 181 191 193 194 203 205 206 214 216 217 224 226 227 233 235 236 241 243 244 248 250 251 255 258 259 260 261 262 267 268 269 270 271 272 
1 16 19 20 23 38 41 42 45 46 47 48 49 50 51 52 53 54 55 56 57 58 60 61 64 65 79 82 83 98 101 102 116 119 120 133 136 137 149 152 153 164 167 168 178 181 182 191 194 195 203 206 207 214 217 218 224 227 228 233 236 237 241 244 245 248 251 252 255 256 259 260 262 263 266 267 271 272 273 274 
1 16 19 21 23 38 41 43 45 46 47 48 49 50 51 52 53 54 55 56 57 58 60 61 63 65 79 82 84 98 101 103 116 119 121 133 136 138 149 152 154 164 167 169 178 181 183 191 194 196 203 206 208 214 217 219 224 227 229 233 236 238 241 244 246 248 251 253 255 256 258 260 262 264 266 268 270 272 273 275 
1 257 261 134 263 136 264 266 265 270 271 272 17 19 150 23 152 165 39 167 41 45 46 47 48 49 50 51 52 53 54 55 56 57 58 59 179 61 181 63 192 64 194 65 204 206 80 82 215 217 225 99 227 101 234 236 242 244 117 119 249 251 255 
1 13 17 22 23 35 39 44 45 46 47 48 49 50 51 52 53 54 55 57 58 59 61 62 63 64 76 80 85 95 99 104 113 117 122 130 134 139 146 150 155 161 165 170 175 179 184 188 192 197 200 204 209 211 215 220 221 225 230 231 232 233 235 236 237 238 242 247 249 254 255 260 261 262 263 264 269 272 274 275 
1 17 18 19 23 39 40 41 45 46 47 48 49 50 51 52 53 54 55 56 57 58 59 63 64 65 80 81 82 99 100 101 117 118 119 134 135 136 150 151 152 165 166 167 179 180 181 192 193 194 204 205 206 215 216 217 225 226 227 234 235 236 242 243 244 249 250 251 255 256 257 263 264 265 267 268 269 270 271 272 
1 17 19 20 23 39 41 42 45 46 47 48 49 50 51 52 53 54 55 56 57 58 59 61 64 65 80 82 83 99 101 102 117 119 120 134 136 137 150 152 153 165 167 168 179 181 182 192 194 195 204 206 207 215 217 218 225 227 228 234 236 237 242 244 245 249 251 252 255 257 258 261 264 265 266 267 271 272 273 274 
1 17 19 21 23 39 41 43 45 46 47 48 49 50 51 52 53 54 55 56 57 58 59 61 63 65 80 82 84 99 101 103 117 119 121 134 136 138 150 152 154 165 167 169 179 181 183 192 194 196 204 206 208 215 217 219 225 227 229 234 236 238 242 244 246 249 251 253 255 257 259 261 263 265 266 268 270 272 273 275 
256 257 261 262 135 136 267 268 269 270 271 272 18 19 151 152 166 167 40 41 180 181 61 62 193 194 205 206 81 82 216 217 226 227 100 101 235 236 243 244 118 119 250 251 
256 257 258 261 262 135 136 137 263 268 269 271 272 273 18 19 20 274 151 152 153 166 167 40 41 42 168 180 181 182 61 62 63 193 194 195 205 206 207 81 82 83 216 217 218 226 227 100 101 102 228 235 236 237 243 244 245 118 119 120 250 251 252 
256 257 259 261 262 135 136 264 138 267 269 270 272 273 18 19 275 21 151 152 154 166 167 40 41 169 43 180 181 183 61 62 64 193 194 196 205 206 208 81 82 84 216 217 219 226 227 100 101 229 103 235 236 238 243 244 118 119 246 121 250 251 253 
13 18 19 22 35 40 41 44 56 61 62 65 76 81 82 85 95 100 101 104 113 118 119 122 130 135 136 139 146 151 152 155 161 166 167 170 175 180 181 184 188 193 194 197 200 205 206 209 211 216 217 220 221 226 227 230 231 232 233 234 237 238 243 244 247 250 251 254 256 257 260 261 262 265 267 268 270 271 274 275 
257 258 262 263 136 137 266 267 271 272 273 274 19 20 152 153 167 168 41 42 181 182 62 63 194 195 206 207 82 83 217 218 227 228 101 102 236 237 244 245 119 120 251 252 
257 259 262 136 264 266 138 268 270 272 273 19 275 21 152 154 167 41 169 43 181 183 62 64 194 196 206 208 82 84 217 219 227 101 229 103 236 238 244 246 119 121 251 253 
257 130 260 262 136 265 266 139 13 270 271 269 146 19 274 275 22 152 155 161 35 167 41 170 44 175 181 56 184 188 62 65 194 197 200 76 206 209 82 211 85 217 247 220 221 95 227 101 230 231 232 233 234 235 104 237 238 113 244 119 122 251 254 
257 258 259 262 263 136 137 266 267 138 264 268 272 274 19 20 21 275 152 153 154 167 168 41 42 43 169 181 182 183 62 63 64 194 195 196 206 207 208 82 83 84 217 218 219 227 228 101 102 103 229 236 237 238 244 245 246 119 120 121 251 252 253 
13 19 20 22 35 41 42 44 56 62 63 65 76 82 83 85 95 101 102 104 113 119 120 122 130 136 137 139 146 152 153 155 161 167 168 170 175 181 182 184 188 194 195 197 200 206 207 209 211 217 218 220 221 227 228 230 231 232 233 234 235 238 244 245 247 251 252 254 257 258 260 262 263 265 266 267 269 271 273 275 
13 19 21 22 35 41 43 44 56 62 64 65 76 82 84 85 95 101 103 104 113 119 121 122 130 136 138 139 146 152 154 155 161 167 169 170 175 181 183 184 188 194 196 197 200 206 208 209 211 217 219 220 221 227 229 230 231 232 233 234 235 237 244 246 247 251 253 254 257 259 260 262 264 265 266 268 269 270 273 274 
