Nodes: 18 Opti: 152

  0   0  -6  -6   2  -5   0   7   0   3  -7  -9   0  -7  -5  -8  -7  -2
  0   0   0  -3  -4   8   0   5   0   6   0  -1   7   8   6  -4   3   3
 -6   0   0   2   0   0   0   6  -3   0   0   0   3   0  -6   0   5  -8
 -6  -3   2   0   0   6   0  -4  10  -9   0  -8  10  10   0   6  -8   0
  2  -4   0   0   0   0   5   7   0   9   7  -7  -1  -5  10  -8   4   7
 -5   8   0   6   0   0   0  -8   0   7   6   0   9   0   7   4   4   0
  0   0   0   0   5   0   0  -2   5   5   4  -2   9   0   4  10   0   0
  7   5   6  -4   7  -8  -2   0  -6   6  -8  -8   0  -1   0  -8  -2   3
  0   0  -3  10   0   0   5  -6   0  -6  -2   0   0   2   0   0  -8   0
  3   6   0  -9   9   7   5   6  -6   0   2   3   5   5   0  10   5   0
 -7   0   0   0   7   6   4  -8  -2   2   0  -1   0  -3   3   0   0  -6
 -9  -1   0  -8  -7   0  -2  -8   0   3  -1   0   0   6   0  -2  -8   4
  0   7   3  10  -1   9   9   0   0   5   0   0   0  -8   0  -6   0   0
 -7   8   0  10  -5   0   0  -1   2   5  -3   6  -8   0  -5   4   0  10
 -5   6  -6   0  10   7   4   0   0   0   3   0   0  -5   0   7  -1   9
 -8  -4   0   6  -8   4  10  -8   0  10   0  -2  -6   4   7   0   0  -1
 -7   3   5  -8   4   4   0  -2  -8   5   0  -8   0   0  -1   0   0   0
 -2   3  -8   0   7   0   0   3   0   0  -6   4   0  10   9  -1   0   0