Nodes: 11 Opti: 98

  0  -5  -7  10  -6   6  -2   6  -4   9  -8
 -5   0   0   2  -8   0  -2   6  -6   7   7
 -7   0   0  -3  -9  -9  -3   9   6   9   8
 10   2  -3   0   4   4   5   0  -6   8  -3
 -6  -8  -9   4   0  10   8  -5  -6   2   5
  6   0  -9   4  10   0   3  -9   4   0   0
 -2  -2  -3   5   8   3   0  -2  -7  10   8
  6   6   9   0  -5  -9  -2   0   0  -9  -9
 -4  -6   6  -6  -6   4  -7   0   0  -9  10
  9   7   9   8   2   0  10  -9  -9   0   4
 -8   7   8  -3   5   0   8  -9  10   4   0