Nodes: 14 Opti: 122

  0  -4   0  -4   6  -8  -8   0   8   8  -6   9   8   2
 -4   0  10  -7   3  -8  -2   0   0  10   4   0  -7  -4
  0  10   0   0  -1  -9   2   0  -2   9   4  -9   4  -5
 -4  -7   0   0   3   4   9   4  -3  -3  -7   4  -9  -2
  6   3  -1   3   0  -4  -7   8   7  -1   8   0   2  10
 -8  -8  -9   4  -4   0   4   3  -8  -3  -1  -9   7  -4
 -8  -2   2   9  -7   4   0   0   5   4  -6  -2   2   0
  0   0   0   4   8   3   0   0  -4  -3   5   6   9   8
  8   0  -2  -3   7  -8   5  -4   0   2   0  -9  10  10
  8  10   9  -3  -1  -3   4  -3   2   0   0   0   3   4
 -6   4   4  -7   8  -1  -6   5   0   0   0   8   7  10
  9   0  -9   4   0  -9  -2   6  -9   0   8   0  -9  -6
  8  -7   4  -9   2   7   2   9  10   3   7  -9   0  -8
  2  -4  -5  -2  10  -4   0   8  10   4  10  -6  -8   0