Nodes: 12 Opti: 56

  0  -1  -8   0  10   0  -2   0   0  -8  -9   0
 -1   0   5  -1  -2  -1   3  -3  -9   8   6  -3
 -8   5   0  -7   7  -7  -8  -4   6  -1  -2  -6
  0  -1  -7   0   2   0  -5  -3  -1  -5  -8   4
 10  -2   7   2   0  -1   7   9  -8  -5   3   3
  0  -1  -7   0  -1   0  -7  -9  -2   0  -3  -9
 -2   3  -8  -5   7  -7   0   0  -1  -5   6  -4
  0  -3  -4  -3   9  -9   0   0   7  -1   3   8
  0  -9   6  -1  -8  -2  -1   7   0  -3  -7   9
 -8   8  -1  -5  -5   0  -5  -1  -3   0  -4  -3
 -9   6  -2  -8   3  -3   6   3  -7  -4   0  -4
  0  -3  -6   4   3  -9  -4   8   9  -3  -4   0