25 261
62 58 67 14 33 94 26 27 48 96 8 37 13 64 78 7 64 64 65 73 75 74 50 69 75 
59 12 0 0 61 70 0 0 0 0 0 0 0 0 0 0 0 0 0 0 0 0 50 0 0 
12 0 0 3 78 10 0 0 76 0 84 0 0 0 0 0 0 0 0 0 67 0 77 30 0 
0 0 0 0 0 17 0 0 0 0 0 92 0 0 0 0 26 0 93 0 0 0 78 0 0 
0 3 0 0 17 62 13 0 70 0 48 0 44 0 81 0 0 0 48 0 0 0 56 34 0 
61 78 0 17 90 96 0 0 0 0 0 0 0 0 0 0 0 0 53 0 0 0 0 0 68 
70 10 17 62 96 49 66 0 0 0 0 17 0 0 0 39 0 0 0 0 0 94 0 0 0 
0 0 0 13 0 66 0 35 0 68 0 0 0 0 0 0 23 0 0 0 0 0 0 0 42 
0 0 0 0 0 0 35 6 0 0 32 0 0 72 0 0 0 23 0 89 0 0 0 0 0 
0 76 0 70 0 0 0 0 0 0 95 0 0 0 82 0 0 90 0 0 0 0 0 39 0 
0 0 0 0 0 0 68 0 0 0 0 0 0 94 0 13 0 0 0 0 0 0 78 0 87 
0 84 0 48 0 0 0 32 95 0 0 0 0 0 77 0 0 0 0 0 0 38 0 40 0 
0 0 92 0 0 17 0 0 0 0 0 38 81 0 0 0 0 0 0 96 0 51 0 0 0 
0 0 0 44 0 0 0 0 0 0 0 81 51 0 0 0 0 0 0 65 0 0 71 0 0 
0 0 0 0 0 0 0 72 0 94 0 0 0 0 35 0 0 56 69 0 0 0 0 0 0 
0 0 0 81 0 0 0 0 82 0 77 0 0 35 25 0 0 0 40 0 0 36 0 21 0 
0 0 0 0 0 39 0 0 0 13 0 0 0 0 0 0 0 0 99 46 99 44 0 0 97 
0 0 26 0 0 0 23 0 0 0 0 0 0 0 0 0 0 0 0 0 0 0 0 19 8 
0 0 0 0 0 0 0 23 90 0 0 0 0 56 0 0 0 34 0 0 53 0 0 0 0 
0 0 93 48 53 0 0 0 0 0 0 0 0 69 40 99 0 0 80 0 0 0 0 0 0 
0 0 0 0 0 0 0 89 0 0 0 96 65 0 0 46 0 0 0 0 0 0 36 0 0 
0 67 0 0 0 0 0 0 0 0 0 0 0 0 0 99 0 53 0 0 0 99 0 0 0 
0 0 0 0 0 94 0 0 0 0 38 51 0 0 36 44 0 0 0 0 99 78 0 0 0 
50 77 78 56 0 0 0 0 0 78 0 0 71 0 0 0 0 0 0 36 0 0 0 0 87 
0 30 0 34 0 0 0 0 39 0 40 0 0 0 21 0 19 0 0 0 0 0 0 0 0 
0 0 0 0 68 0 42 0 0 87 0 0 0 0 0 97 8 0 0 0 0 0 87 0 64 
