100 3205
8 14 89 17 54 68 89 75 38 63 3 56 20 91 94 66 93 85 80 15 50 65 0 10 10 6 3 98 53 6 35 14 35 27 8 99 23 60 74 47 97 14 64 45 56 28 23 98 18 19 14 37 86 31 28 40 90 41 56 72 50 55 30 18 55 20 85 11 81 39 14 17 77 39 28 8 15 89 79 17 30 31 42 78 69 85 64 68 18 68 6 28 34 78 18 38 33 49 58 5 
0 0 20 95 0 17 31 48 57 0 0 27 31 0 89 59 41 0 60 32 59 74 95 0 27 0 36 72 0 0 0 0 0 0 0 0 44 65 10 0 0 58 0 46 0 0 16 0 25 40 82 75 0 2 77 54 72 0 46 38 0 0 64 0 27 39 58 0 15 0 42 0 81 0 8 0 0 0 42 36 0 0 67 0 95 0 61 0 0 0 0 96 0 0 9 40 1 60 14 92 
0 0 5 80 0 0 2 0 0 0 76 0 0 36 0 50 100 91 0 0 0 17 69 90 76 0 0 47 23 0 0 0 3 0 0 0 92 0 0 0 0 58 70 0 0 18 53 40 84 72 15 0 0 0 90 93 0 0 0 0 72 0 0 0 0 69 0 32 0 0 0 96 22 0 0 0 0 67 0 0 0 63 50 92 0 0 54 43 55 16 0 85 23 0 82 0 46 26 0 6 
20 5 86 0 0 86 74 92 42 100 0 0 38 68 37 64 0 82 10 48 46 0 0 0 17 0 0 0 0 0 0 25 57 0 75 10 0 32 14 0 97 17 0 0 0 0 0 46 54 5 3 0 63 0 0 76 0 42 79 4 25 0 0 63 67 29 0 42 73 0 41 86 99 95 57 0 0 0 0 12 22 94 34 51 38 53 0 0 0 79 55 0 58 85 87 0 0 78 46 11 
95 80 0 56 0 0 0 0 36 0 44 0 0 0 62 48 85 0 80 64 65 0 0 0 0 0 0 0 40 0 13 49 0 0 0 0 58 32 0 79 0 0 0 0 63 0 0 0 53 0 0 0 0 53 15 0 0 0 0 0 63 0 0 17 0 0 66 96 0 42 60 57 0 73 0 0 0 69 0 0 88 0 34 0 0 0 31 0 19 0 0 0 0 67 0 0 0 0 11 0 
0 0 0 0 71 84 98 71 0 0 45 0 80 84 0 66 0 0 0 92 0 0 0 64 52 0 0 85 11 17 95 0 13 0 19 82 100 43 16 0 56 51 59 0 0 18 94 0 44 96 0 0 39 0 0 41 79 19 0 12 73 92 18 0 7 45 79 0 27 0 0 0 48 0 68 0 88 0 0 95 7 14 0 81 0 48 86 0 81 0 94 0 74 0 66 18 0 30 3 0 
17 0 86 0 84 19 71 0 0 50 0 36 0 0 0 99 0 0 32 14 49 49 94 0 0 76 0 22 0 19 8 0 0 0 0 0 0 0 0 0 0 25 35 18 55 85 0 0 0 53 93 43 0 38 97 45 41 0 0 0 0 0 0 81 77 84 0 43 38 11 0 0 0 0 43 68 0 50 0 0 26 0 91 82 39 0 67 36 0 96 6 18 0 0 17 87 71 50 0 50 
31 2 74 0 98 71 18 0 0 63 57 55 0 0 0 0 0 0 0 27 0 19 42 18 46 94 0 50 0 0 73 60 26 45 0 0 0 0 0 0 13 2 0 0 0 0 0 0 0 42 30 0 0 90 0 11 79 0 94 65 0 0 0 0 0 60 7 0 0 0 89 24 0 0 21 71 87 0 38 77 0 0 0 53 63 0 20 74 0 0 0 43 0 25 0 0 0 0 79 32 
48 0 92 0 71 0 0 52 12 62 19 0 0 49 0 0 0 0 81 0 0 97 57 17 0 4 67 78 0 13 0 0 68 97 0 0 58 0 75 67 0 93 0 0 0 0 83 0 14 0 95 0 22 88 27 57 50 82 98 0 0 0 0 53 23 0 0 0 0 42 17 0 0 0 22 0 55 0 0 0 4 0 0 4 28 0 4 45 32 0 78 0 0 0 99 0 33 59 0 50 
57 0 42 36 0 0 0 12 19 0 37 0 0 98 0 0 20 0 79 0 86 99 0 49 0 0 0 98 56 0 0 75 71 92 0 75 97 45 39 69 57 8 0 0 9 88 0 0 66 56 98 19 0 0 0 0 0 41 0 0 0 49 0 0 0 0 88 0 0 0 0 54 60 0 8 0 0 2 18 80 41 0 7 3 49 83 89 35 0 69 0 71 0 0 87 0 0 79 28 0 
0 0 100 0 0 50 63 62 0 33 98 0 80 72 0 94 72 4 0 54 0 34 15 0 57 22 0 0 55 35 0 0 63 0 32 0 70 0 0 0 0 82 0 0 0 34 56 14 75 40 88 4 6 15 31 0 1 86 0 95 0 25 18 0 21 24 9 36 34 14 0 0 92 0 0 60 36 94 0 12 0 0 0 54 54 47 93 74 69 0 4 0 0 0 0 55 0 0 26 20 
0 76 0 44 45 0 57 19 37 98 0 0 93 0 0 0 9 50 0 0 0 0 0 51 0 0 0 2 0 0 0 0 0 0 0 19 0 0 26 59 0 0 0 4 27 0 73 89 5 0 27 0 90 93 0 51 0 20 0 4 0 59 0 17 92 0 37 0 0 23 0 79 0 0 60 87 36 6 89 83 0 65 0 0 0 18 46 2 0 0 5 0 0 0 0 20 57 0 43 0 
27 0 0 0 0 36 55 0 0 0 0 94 51 11 67 0 0 0 27 0 0 0 0 6 0 0 36 0 88 0 0 0 0 13 61 47 3 94 53 72 53 19 0 0 0 15 0 0 29 0 0 90 0 0 10 0 0 16 76 77 0 30 3 100 0 0 29 0 29 44 19 0 0 88 25 0 0 39 0 57 9 17 28 87 77 30 0 96 33 0 75 55 13 0 0 48 24 37 0 55 
31 0 38 0 80 0 0 0 0 80 93 51 15 0 0 0 0 0 0 19 0 0 63 48 0 0 6 0 96 0 38 0 97 0 0 77 69 50 0 8 90 0 0 0 0 0 0 0 10 0 42 0 96 67 75 0 0 50 77 0 41 0 0 0 0 87 33 36 6 0 0 0 8 85 0 0 0 0 64 0 86 0 0 0 87 22 88 84 9 0 95 63 0 12 61 0 0 88 19 0 
0 36 68 0 84 0 0 49 98 72 0 11 0 88 0 87 95 0 0 0 74 0 78 60 5 0 0 60 69 0 45 69 68 0 34 53 67 36 94 18 13 71 7 5 0 35 0 33 0 66 98 0 54 0 58 0 0 0 11 0 0 57 0 0 43 26 97 0 17 0 0 19 70 0 81 4 0 0 74 0 20 91 0 99 0 89 0 10 21 48 52 0 59 27 15 0 67 83 0 0 
89 0 37 62 0 0 0 0 0 0 0 67 0 0 0 20 6 56 0 91 79 0 19 15 0 83 0 0 54 0 79 0 0 0 0 56 0 0 87 32 0 0 0 25 0 0 0 2 8 0 33 55 0 0 0 83 0 53 0 23 9 52 70 0 0 54 54 0 0 40 79 0 0 0 20 29 56 0 38 0 56 44 73 23 0 31 53 95 0 18 0 0 96 0 85 57 70 0 0 68 
59 50 64 48 66 99 0 0 0 94 0 0 0 87 20 0 0 60 0 1 0 4 98 0 27 0 0 91 54 0 0 0 48 0 23 0 67 29 60 17 0 26 0 51 37 96 6 0 0 0 0 20 75 0 0 0 89 0 64 0 0 43 0 51 13 0 0 43 0 74 48 52 0 83 15 48 18 0 0 0 90 51 0 0 18 30 0 0 0 60 0 0 80 26 0 0 60 0 0 97 
41 100 0 85 0 0 0 0 20 72 9 0 0 95 6 0 53 0 25 0 0 0 52 37 0 69 0 97 0 54 0 0 0 0 0 0 23 0 0 0 0 0 0 49 0 7 7 58 88 22 69 2 30 84 0 14 0 63 0 0 0 53 53 93 0 53 25 54 0 0 0 26 79 87 92 0 19 50 0 0 96 0 40 20 83 47 23 0 18 20 64 0 12 0 0 91 0 93 13 0 
0 91 82 0 0 0 0 0 0 4 50 0 0 0 56 60 0 0 47 0 65 58 74 0 55 7 73 0 0 78 84 71 0 26 0 60 22 0 78 10 0 0 100 83 0 0 58 83 85 0 4 40 0 1 74 80 31 0 52 90 14 57 69 28 0 0 8 51 97 58 0 0 0 7 0 85 12 17 0 0 0 18 76 6 72 0 81 0 0 84 41 44 0 0 15 0 0 0 0 69 
60 0 10 80 0 32 0 81 79 0 0 27 0 0 0 0 25 47 0 0 21 0 49 4 15 85 33 0 0 54 0 8 98 43 0 25 0 0 0 0 0 90 59 0 0 57 0 93 21 3 96 94 95 0 11 65 92 9 0 0 0 0 20 0 0 0 0 51 23 0 0 0 56 42 79 0 79 96 0 0 0 96 0 7 0 0 0 25 96 61 0 4 0 7 72 0 80 0 48 7 
32 0 48 64 92 14 27 0 0 54 0 0 19 0 91 1 0 0 0 0 88 89 0 0 14 0 24 76 0 0 22 0 0 0 31 0 0 86 0 0 0 0 45 0 0 28 0 0 74 71 0 98 61 0 52 63 0 88 0 52 0 70 20 0 0 39 9 0 0 70 3 0 0 91 79 59 32 13 12 0 45 0 0 9 0 8 7 71 60 28 0 18 18 51 80 0 47 66 5 0 
59 0 46 65 0 49 0 0 86 0 0 0 0 74 79 0 0 65 21 88 63 52 0 0 0 40 24 0 86 20 70 42 8 91 76 0 0 42 0 16 27 16 0 0 89 55 53 0 48 0 82 0 95 0 0 0 74 0 0 0 0 54 19 91 54 33 43 0 0 19 0 0 64 57 45 0 57 79 0 0 0 0 88 40 70 0 0 0 41 86 0 0 0 5 47 90 0 0 21 97 
74 17 0 0 0 49 19 97 99 34 0 0 0 0 0 4 0 58 0 89 52 0 0 93 44 0 23 5 83 0 69 0 5 0 81 0 0 88 0 48 73 17 84 0 7 0 0 69 47 0 0 0 0 0 75 25 0 6 22 0 0 0 0 43 20 0 0 0 55 0 86 30 0 0 41 39 0 36 33 0 0 0 65 0 0 0 61 0 37 57 0 0 68 0 96 0 0 57 11 0 
95 69 0 0 0 94 42 57 0 15 0 0 63 78 19 98 52 74 49 0 0 0 0 0 61 0 0 0 78 0 8 0 0 0 0 0 53 60 0 0 10 30 37 35 28 0 0 0 0 0 46 85 0 0 70 0 6 0 3 0 13 22 64 0 7 16 41 0 0 0 80 0 0 47 0 0 0 0 94 41 0 0 85 0 0 75 0 10 80 0 2 56 0 4 41 37 0 77 0 0 
0 90 0 0 64 0 18 17 49 0 51 6 48 60 15 0 37 0 4 0 0 93 0 0 0 56 81 21 100 0 80 25 6 9 0 0 0 0 0 3 53 0 25 77 0 33 0 0 89 42 0 1 32 0 0 0 0 0 61 0 11 19 24 0 0 0 53 79 76 41 67 0 87 68 0 16 0 0 0 0 56 17 0 0 15 71 0 79 0 0 96 74 53 29 0 0 65 67 17 44 
27 76 17 0 52 0 46 0 0 57 0 0 0 5 0 27 0 55 15 14 0 44 61 0 96 94 0 0 0 63 0 0 0 0 43 30 87 21 91 0 51 38 48 79 0 89 0 0 0 3 93 0 0 85 0 61 3 0 82 59 0 0 0 75 76 49 72 0 83 0 33 13 0 0 0 0 71 28 43 21 0 0 5 0 0 90 0 42 0 100 7 18 0 57 40 0 0 70 0 0 
0 0 0 0 0 76 94 4 0 22 0 0 0 0 83 0 69 7 85 0 40 0 0 56 94 0 2 31 0 80 39 78 0 35 56 60 36 31 0 0 48 0 57 0 0 0 64 56 0 0 6 0 0 5 0 15 60 84 11 0 28 0 0 0 19 0 9 0 0 0 41 0 48 81 33 93 38 0 0 0 45 35 97 58 7 0 34 0 0 60 27 0 0 10 27 0 49 32 0 0 
36 0 0 0 0 0 0 67 0 0 0 36 6 0 0 0 0 73 33 24 24 23 0 81 0 2 0 74 0 0 0 0 5 80 0 0 65 0 77 0 0 18 19 0 0 0 98 3 0 82 30 0 91 0 0 21 0 0 17 61 72 70 0 0 40 0 15 0 0 18 28 55 0 89 84 0 0 0 0 11 51 0 74 80 0 85 0 45 7 2 0 0 61 81 10 0 91 89 1 0 
72 47 0 0 85 22 50 78 98 0 2 0 0 60 0 91 97 0 0 76 0 5 0 21 0 31 74 10 0 0 0 10 96 0 0 0 0 75 0 84 30 0 0 0 0 0 19 17 61 0 0 8 0 0 52 47 0 53 0 22 34 25 0 95 0 88 0 0 57 0 1 0 0 47 20 0 48 0 41 0 0 0 77 89 7 53 0 17 0 41 0 0 0 46 0 0 95 0 0 0 
0 23 0 40 11 0 0 0 56 55 0 88 96 69 54 54 0 0 0 0 86 83 78 100 0 0 0 0 10 0 0 88 0 67 7 0 0 28 0 4 0 0 0 44 50 0 0 57 0 0 91 0 1 0 0 35 0 0 71 0 0 0 0 0 38 0 0 0 0 0 21 80 77 87 59 41 29 0 0 10 4 0 0 0 50 70 0 0 0 0 0 38 0 9 30 38 32 91 28 0 
0 0 0 0 17 19 0 13 0 35 0 0 0 0 0 0 54 78 54 0 20 0 0 0 63 80 0 0 0 51 0 0 0 27 39 7 0 47 0 0 0 23 26 40 0 0 0 0 0 0 0 0 0 0 30 0 0 0 22 0 0 0 0 0 0 0 0 69 74 81 54 82 0 0 0 0 0 0 62 99 43 48 0 0 0 0 77 82 0 59 0 0 0 0 61 32 0 99 31 23 
0 0 0 13 95 8 73 0 0 0 0 0 38 45 79 0 0 84 0 22 70 69 8 80 0 39 0 0 0 0 37 0 6 0 2 0 3 0 75 0 0 59 85 18 0 0 60 0 0 0 50 15 53 0 0 54 0 84 0 91 58 27 0 0 0 16 81 0 0 0 47 45 34 0 0 43 30 0 61 0 21 23 0 65 0 0 0 41 76 68 0 0 0 0 0 43 74 43 0 7 
0 0 25 49 0 0 60 0 75 0 0 0 0 69 0 0 0 71 8 0 42 0 0 25 0 78 0 10 88 0 0 41 0 0 95 100 94 78 0 28 0 63 0 54 64 82 68 0 0 29 36 1 35 2 0 0 0 43 55 11 0 16 0 0 0 41 2 91 0 27 0 5 64 0 15 89 70 0 0 0 28 75 4 97 62 79 0 77 41 0 19 83 0 0 0 37 0 49 0 39 
0 3 57 0 13 0 26 68 71 63 0 0 97 68 0 48 0 0 98 0 8 5 0 6 0 0 5 96 0 0 6 0 26 0 0 56 91 0 0 0 75 55 40 0 4 0 91 71 0 72 52 0 0 0 74 94 36 0 47 0 0 0 0 0 0 42 86 0 80 0 0 28 0 93 47 0 39 66 0 0 89 88 85 0 3 50 90 0 0 0 23 97 51 4 0 0 13 0 55 0 
0 0 0 0 0 0 45 97 92 0 0 13 0 0 0 0 0 26 43 0 91 0 0 9 0 35 80 0 67 27 0 0 0 21 71 0 0 84 92 14 0 33 0 32 0 0 89 13 0 0 87 0 0 97 0 0 0 0 88 0 50 0 62 89 0 58 0 0 32 0 42 7 74 0 0 92 13 0 13 0 0 63 65 0 0 0 7 8 0 0 0 0 38 2 0 68 29 63 51 0 
0 0 75 0 19 0 0 0 0 32 0 61 0 34 0 23 0 0 0 31 76 81 0 0 43 56 0 0 7 39 2 95 0 71 0 51 0 0 0 59 0 0 0 0 0 29 0 0 0 68 0 0 72 0 0 0 0 0 0 0 0 39 7 15 0 0 0 40 0 0 0 0 0 66 88 11 0 57 6 80 92 34 14 0 30 0 75 0 64 0 0 0 17 0 26 0 0 75 45 8 
0 0 10 0 82 0 0 0 75 0 19 47 77 53 56 0 0 60 25 0 0 0 0 0 30 60 0 0 0 7 0 100 56 0 51 52 1 38 37 31 5 0 0 0 0 3 65 0 0 0 0 0 47 0 0 51 0 43 60 47 0 0 24 0 44 0 15 0 56 0 38 0 0 0 0 0 0 0 47 100 0 16 0 0 0 0 57 89 83 0 0 0 0 74 1 0 0 44 90 0 
44 92 0 58 100 0 0 58 97 70 0 3 69 67 0 67 23 22 0 0 0 0 53 0 87 36 65 0 0 0 3 94 91 0 0 1 0 72 0 17 0 65 44 0 70 0 21 99 59 60 90 0 0 0 0 0 65 0 0 9 14 0 0 78 0 0 0 0 38 5 0 0 0 54 77 0 0 95 0 11 0 0 0 69 16 0 0 18 69 80 43 0 33 40 58 0 12 50 0 0 
65 0 32 32 43 0 0 0 45 0 0 94 50 36 0 29 0 0 0 86 42 88 60 0 21 31 0 75 28 47 0 78 0 84 0 38 72 60 28 29 0 56 0 22 73 0 49 0 0 0 48 0 51 0 47 0 0 79 0 32 0 12 0 86 0 53 0 0 0 0 0 0 0 0 82 0 53 13 0 0 33 72 0 88 0 50 0 0 48 88 0 0 0 0 76 73 65 29 0 96 
10 0 14 0 16 0 0 75 39 0 26 53 0 94 87 60 0 78 0 0 0 0 0 0 91 0 77 0 0 0 75 0 0 92 0 37 0 28 0 22 14 0 0 13 0 85 92 64 33 0 0 0 65 0 63 0 0 0 32 57 0 68 73 98 19 0 49 0 0 84 0 43 51 49 78 0 0 98 0 83 66 0 0 0 0 0 83 0 0 0 60 0 0 0 33 0 0 69 0 0 
0 0 0 79 0 0 0 67 69 0 59 72 8 18 32 17 0 10 0 0 16 48 0 3 0 0 0 84 4 0 0 28 0 14 59 31 17 29 22 25 77 0 12 0 63 88 79 15 90 45 0 0 92 0 0 61 0 0 0 0 0 0 84 0 0 27 21 53 0 0 0 0 0 88 0 0 92 1 0 0 0 58 0 0 0 26 0 26 1 78 0 36 0 30 0 0 46 0 0 0 
0 0 97 0 56 0 13 0 57 0 0 53 90 13 0 0 0 0 0 0 27 73 10 53 51 48 0 30 0 0 0 0 75 0 0 5 0 0 14 77 0 11 0 4 72 0 0 25 0 85 0 0 98 0 100 4 0 40 11 0 69 0 0 55 0 66 95 14 45 0 80 92 0 38 93 0 80 0 66 0 0 0 88 0 0 0 30 35 72 0 36 0 0 28 0 38 60 0 19 16 
58 58 17 0 51 25 2 93 8 82 0 19 0 71 0 26 0 0 90 0 16 17 30 0 38 0 18 0 0 23 59 63 55 33 0 0 65 56 0 0 11 85 0 15 63 0 0 4 98 0 43 0 17 0 87 0 99 87 32 0 33 0 31 68 0 28 85 59 46 30 62 0 0 0 0 80 27 0 0 78 0 64 70 0 0 0 86 0 78 0 0 0 0 0 0 0 0 0 24 0 
0 70 0 0 59 35 0 0 0 0 0 0 0 7 0 0 0 100 59 45 0 84 37 25 48 57 19 0 0 26 85 0 40 0 0 0 44 0 0 12 0 0 0 59 0 8 0 0 62 30 53 97 28 0 0 0 0 0 0 89 63 10 0 0 0 0 78 0 0 16 17 0 85 43 67 0 0 0 91 0 0 80 57 25 0 33 0 0 0 0 0 0 98 64 16 93 0 0 0 19 
46 0 0 0 0 18 0 0 0 0 4 0 0 5 25 51 49 83 0 0 0 0 35 77 79 0 0 0 44 40 18 54 0 32 0 0 0 22 13 0 4 15 59 0 0 0 0 17 0 65 19 0 14 38 0 4 2 0 0 13 0 62 81 35 2 0 0 0 41 0 0 0 0 79 0 0 15 56 17 21 0 5 0 0 0 1 0 0 68 62 0 0 58 76 26 53 56 0 0 0 
0 0 0 63 0 55 0 0 9 0 27 0 0 0 0 37 0 0 0 0 89 7 28 0 0 0 0 0 50 0 0 64 4 0 0 0 70 73 0 63 72 63 0 0 8 98 50 54 12 0 0 25 17 0 0 0 0 0 0 0 90 0 0 0 0 0 0 59 27 0 0 79 0 0 0 57 88 0 0 0 62 67 0 70 0 0 95 0 61 0 0 0 97 4 0 0 0 0 16 0 
0 18 0 0 18 85 0 0 88 34 0 15 0 35 0 96 7 0 57 28 55 0 0 33 89 0 0 0 0 0 0 82 0 0 29 3 0 0 85 88 0 0 8 0 98 0 25 33 50 0 13 84 0 10 0 11 18 97 62 0 81 43 0 86 0 0 6 65 99 2 0 48 53 17 42 44 0 0 85 0 73 0 95 0 71 45 0 0 44 0 83 0 11 0 61 0 0 0 0 0 
16 53 0 0 94 0 0 83 0 56 73 0 0 0 0 6 7 58 0 0 53 0 0 0 0 64 98 19 0 0 60 68 91 89 0 65 21 49 92 79 0 0 0 0 50 25 31 25 0 47 0 0 63 0 0 0 29 0 9 0 78 79 37 45 0 0 19 0 0 0 0 0 45 0 0 0 9 0 0 30 57 0 50 77 16 0 0 0 0 26 0 65 0 46 0 90 55 0 0 54 
0 40 46 0 0 0 0 0 0 14 89 0 0 33 2 0 58 83 93 0 0 69 0 0 0 56 3 17 57 0 0 0 71 13 0 0 99 0 64 15 25 4 0 17 54 33 25 0 0 0 0 0 0 0 0 0 0 76 7 36 50 4 0 90 0 0 84 0 41 4 100 45 0 48 56 0 0 35 0 81 40 0 28 96 0 0 0 0 0 61 0 59 50 0 0 0 0 0 0 0 
25 84 54 53 44 0 0 14 66 75 5 29 10 0 8 0 88 85 21 74 48 47 0 89 0 0 0 61 0 0 0 0 0 0 0 0 59 0 33 90 0 98 62 0 12 50 0 0 0 8 0 0 0 41 31 0 0 0 0 0 0 0 20 0 37 0 43 100 90 97 0 0 84 60 0 0 0 85 0 19 0 99 0 59 0 65 61 3 57 0 95 53 84 0 66 0 0 0 76 0 
40 72 5 0 96 53 42 0 56 40 0 0 0 66 0 0 22 0 3 71 0 0 0 42 3 0 82 0 0 0 0 29 72 0 68 0 60 0 0 45 85 0 30 65 0 0 47 0 8 0 8 76 0 87 27 49 45 81 0 0 4 0 0 0 0 53 0 0 87 0 97 0 0 59 10 18 73 4 0 0 0 5 0 96 0 54 0 62 0 73 0 0 0 66 33 0 0 0 0 0 
82 15 3 0 0 93 30 95 98 88 27 0 42 98 33 0 69 4 96 0 82 0 46 0 93 6 30 0 91 0 50 36 52 87 0 0 90 48 0 0 0 43 53 19 0 13 0 0 0 8 93 68 0 30 0 17 0 0 0 0 67 44 97 71 55 40 0 0 43 53 94 38 0 99 98 0 0 57 90 0 0 63 0 31 0 0 0 54 0 0 72 0 0 0 83 78 0 0 72 0 
75 0 0 0 0 43 0 0 19 4 0 90 0 0 55 20 2 40 94 98 0 0 85 1 0 0 0 8 0 0 15 1 0 0 0 0 0 0 0 0 0 0 97 0 25 84 0 0 0 76 68 0 0 0 57 0 74 89 35 43 0 47 0 0 91 43 63 46 79 83 0 0 0 0 0 79 0 86 36 74 0 0 0 0 0 15 0 63 79 0 0 0 0 20 87 29 0 71 60 38 
0 0 63 0 39 0 0 22 0 6 90 0 96 54 0 75 30 0 95 61 95 0 0 32 0 0 91 0 1 0 53 35 0 0 72 47 0 51 65 92 98 17 28 14 17 0 63 0 0 0 0 0 60 95 0 91 0 46 9 0 75 21 0 44 0 0 0 0 0 51 0 22 2 0 0 0 0 46 88 42 0 95 44 0 0 95 0 38 0 0 0 10 0 0 0 0 0 75 60 49 
2 0 0 53 0 38 90 88 0 15 93 0 67 0 0 0 84 1 0 0 0 0 0 0 85 5 0 0 0 0 0 2 0 97 0 0 0 0 0 0 0 0 0 38 0 10 0 0 41 87 30 0 95 36 0 0 16 66 13 0 0 0 0 84 4 0 0 83 0 44 0 56 0 0 8 65 51 0 62 0 0 0 75 11 0 48 7 0 7 0 96 0 99 52 75 0 0 0 21 0 
77 90 0 15 0 97 0 27 0 31 0 10 75 58 0 0 0 74 11 52 0 75 70 0 0 0 0 52 0 30 0 0 74 0 0 0 0 47 63 0 100 87 0 0 0 0 0 0 31 27 0 57 0 0 0 0 0 78 0 20 0 11 0 0 64 39 94 7 0 0 48 50 0 89 0 55 64 0 6 0 24 53 0 0 15 0 0 0 0 0 0 73 0 0 31 24 0 0 90 5 
54 93 76 0 41 45 11 57 0 0 51 0 0 0 83 0 14 80 65 63 0 25 0 0 61 15 21 47 35 0 54 0 94 0 0 51 0 0 0 61 4 0 0 4 0 11 0 0 0 49 17 0 91 0 0 0 0 35 0 79 0 0 0 0 0 6 69 0 0 0 0 49 68 77 0 34 64 90 0 0 0 73 0 0 0 0 55 0 0 17 21 9 0 0 57 73 0 0 0 0 
72 0 0 0 79 41 79 50 0 1 0 0 0 0 0 89 0 31 92 0 74 0 6 0 3 60 0 0 0 0 0 0 36 0 0 0 65 0 0 0 0 99 0 2 0 18 29 0 0 45 0 74 0 16 0 0 9 0 8 0 0 0 0 89 15 0 50 20 0 38 0 0 0 0 24 99 67 36 0 0 0 0 32 46 0 39 79 0 0 0 0 51 0 0 0 12 0 0 0 25 
0 0 42 0 19 0 0 82 41 86 20 16 50 0 53 0 63 0 9 88 0 6 0 0 0 84 0 53 0 0 84 43 0 0 0 43 0 79 0 0 40 87 0 0 0 97 0 76 0 81 0 89 46 66 78 35 0 0 0 0 0 0 20 89 0 15 9 0 0 39 0 42 94 61 0 19 8 40 14 0 92 0 85 0 0 0 18 0 0 0 31 0 9 0 0 98 36 90 62 0 
46 0 79 0 0 0 94 98 0 0 0 76 77 11 0 64 0 52 0 0 0 22 3 61 82 11 17 0 71 22 0 55 47 88 0 60 0 0 32 0 11 32 0 0 0 62 9 7 0 0 0 35 9 13 0 0 8 0 0 0 0 0 0 0 0 0 23 98 89 62 0 75 0 85 69 72 4 6 5 28 17 0 26 0 0 0 0 11 52 0 74 0 0 92 0 3 0 0 0 81 
38 0 4 0 12 0 65 0 0 95 4 77 0 0 23 0 0 90 0 52 0 0 0 0 59 0 61 22 0 0 91 11 0 0 0 47 9 32 57 0 0 0 89 13 0 0 0 36 0 0 0 43 0 0 20 79 0 0 0 0 0 85 0 0 0 29 53 99 0 0 0 0 0 0 14 63 0 0 29 43 43 23 37 0 98 0 47 0 32 0 0 46 0 0 58 64 0 87 0 35 
0 72 25 63 73 0 0 0 0 0 0 0 41 0 9 0 0 14 0 0 0 0 13 11 0 28 72 34 0 0 58 0 0 50 0 0 14 0 0 0 69 33 63 0 90 81 78 50 0 4 67 0 75 0 0 0 0 0 0 0 0 5 98 6 54 28 0 93 6 41 0 0 0 0 68 50 70 38 0 0 0 4 0 24 0 14 78 21 0 88 0 0 25 14 0 0 0 0 0 0 
0 0 0 0 92 0 0 0 49 25 59 30 0 57 52 43 53 57 0 70 54 0 22 19 0 0 70 25 0 0 27 16 0 0 39 0 0 12 68 0 0 0 10 62 0 43 79 4 0 0 44 47 21 0 11 0 0 0 0 85 5 16 47 0 0 52 76 86 98 0 2 28 0 0 5 97 0 0 84 0 57 18 0 0 35 0 0 0 0 0 0 0 97 65 85 0 17 42 11 0 
64 0 0 0 18 0 0 0 0 18 0 3 0 0 70 0 53 69 20 20 19 0 64 24 0 0 0 0 0 0 0 0 0 62 7 24 0 0 73 84 0 31 0 81 0 0 37 0 20 0 97 0 0 0 0 0 0 20 0 0 98 47 0 0 3 0 39 36 56 78 74 0 0 0 0 95 0 80 0 0 32 0 29 0 0 48 0 0 97 2 48 32 0 0 28 60 0 2 0 42 
0 0 63 17 0 81 0 53 0 0 17 100 0 0 0 51 93 28 0 0 91 43 0 0 75 0 0 95 0 0 0 0 0 89 15 0 78 86 98 0 55 68 0 35 0 86 45 90 0 0 71 0 44 84 0 0 89 89 0 0 6 0 0 0 47 52 0 32 98 9 0 0 34 0 67 62 75 32 95 18 0 34 0 29 0 0 0 3 100 0 0 97 67 0 99 0 0 0 0 98 
27 0 67 0 7 77 0 23 0 21 92 0 0 43 0 13 0 0 0 0 54 20 7 0 76 19 40 0 38 0 0 0 0 0 0 44 0 0 19 0 0 0 0 2 0 0 0 0 37 0 55 91 0 4 64 0 15 0 0 0 54 0 3 47 0 0 42 0 0 0 0 0 80 0 0 0 0 17 89 50 0 0 98 0 0 0 0 48 84 76 62 47 28 17 60 0 0 0 92 0 
39 69 29 0 45 84 60 0 0 24 0 0 87 26 54 0 53 0 0 39 33 0 16 0 49 0 0 88 0 0 16 41 42 58 0 0 0 53 0 27 66 28 0 0 0 0 0 0 0 53 40 43 0 0 39 6 0 15 0 29 28 52 0 52 0 0 59 68 0 22 0 96 77 0 0 5 0 0 99 55 13 0 23 0 0 0 77 0 0 0 0 53 24 2 0 0 0 88 98 6 
58 0 0 66 79 0 7 0 88 9 37 29 33 97 54 0 25 8 0 9 43 0 41 53 72 9 15 0 0 0 81 2 86 0 0 15 0 0 49 21 95 85 78 0 0 6 19 84 43 0 0 63 0 0 94 69 50 9 23 53 0 76 39 0 42 59 66 83 100 0 0 0 0 45 100 86 68 10 99 55 60 33 0 0 0 0 83 0 45 0 64 70 38 99 0 2 55 0 0 61 
0 32 42 96 0 43 0 0 0 36 0 0 36 0 0 43 54 51 51 0 0 0 0 79 0 0 0 0 0 69 0 91 0 0 40 0 0 0 0 53 14 59 0 0 59 65 0 0 100 0 0 46 0 83 7 0 20 0 98 99 93 86 36 32 0 68 83 0 0 38 46 0 72 35 46 80 59 45 18 80 73 0 0 0 0 45 0 0 0 31 0 80 76 50 68 75 65 11 45 35 
15 0 73 0 27 38 0 0 0 34 0 29 6 17 0 0 0 97 23 0 0 55 0 76 83 0 0 57 0 74 0 0 80 32 0 56 38 0 0 0 45 46 0 41 27 99 0 41 90 87 43 79 0 0 0 0 0 0 89 0 6 98 56 98 0 0 100 0 0 0 0 0 0 77 0 0 46 0 71 77 0 0 0 41 92 88 0 0 100 0 14 0 0 38 62 0 0 0 0 0 
0 0 0 42 0 11 0 42 0 14 23 44 0 0 40 74 0 58 0 70 19 0 0 41 0 0 18 0 0 81 0 27 0 0 0 0 5 0 84 0 0 30 16 0 0 2 0 4 97 0 53 83 51 44 0 0 38 39 62 0 41 0 78 9 0 22 0 38 0 93 65 0 98 89 0 38 0 75 11 37 45 0 0 56 47 0 0 0 0 3 72 0 0 0 0 0 49 20 0 43 
42 0 41 60 0 0 89 17 0 0 0 19 0 0 79 48 0 0 0 3 0 86 80 67 33 41 28 1 21 54 47 0 0 42 0 38 0 0 0 0 80 62 17 0 0 0 0 100 0 97 94 0 0 0 48 0 0 0 0 0 0 2 74 0 0 0 0 46 0 65 74 98 91 35 0 0 84 58 0 58 0 0 0 72 0 80 0 69 38 0 9 0 55 49 72 0 0 88 74 0 
0 96 86 57 0 0 24 0 54 0 79 0 0 19 0 52 26 0 0 0 0 30 0 0 13 0 55 0 80 82 45 5 28 7 0 0 0 0 43 0 92 0 0 0 79 48 0 45 0 0 38 0 22 56 50 49 0 42 75 0 0 28 0 0 0 96 0 0 0 0 98 0 41 16 76 5 0 0 11 8 0 100 26 0 0 5 0 0 0 46 12 82 0 11 19 81 0 34 1 0 
81 22 99 0 48 0 0 0 60 92 0 0 8 70 0 0 79 0 56 0 64 0 0 87 0 48 0 0 77 0 34 64 0 74 0 0 0 0 51 0 0 0 85 0 0 53 45 0 84 0 0 0 2 0 0 68 0 94 0 0 0 0 0 34 80 77 0 72 0 98 91 41 21 7 67 0 44 0 19 74 1 13 98 0 47 0 0 0 62 0 0 32 67 12 58 22 0 45 18 0 
0 0 95 73 0 0 0 0 0 0 0 88 85 0 0 83 87 7 42 91 57 0 47 68 0 81 89 47 87 0 0 0 93 0 66 0 54 0 49 88 38 0 43 79 0 17 0 48 60 59 99 0 0 0 89 77 0 61 85 0 0 0 0 0 0 0 45 35 77 89 35 16 7 0 39 33 0 94 0 5 72 31 0 0 0 49 0 0 92 24 0 0 18 0 3 32 37 18 32 0 
8 0 57 0 68 43 21 22 8 0 60 25 0 81 20 15 92 0 79 79 45 41 0 0 0 33 84 20 59 0 0 15 47 0 88 0 77 82 78 0 93 0 67 0 0 42 0 56 0 10 98 0 0 8 0 0 24 0 69 14 68 5 0 67 0 0 100 46 0 0 0 76 67 39 96 42 0 79 0 18 71 0 0 0 0 1 58 0 38 81 37 29 0 22 0 43 97 68 0 0 
0 0 0 0 0 68 71 0 0 60 87 0 0 4 29 48 0 85 0 59 0 39 0 16 0 93 0 0 41 0 43 89 0 92 11 0 0 0 0 0 0 80 0 0 57 44 0 0 0 18 0 79 0 65 55 34 99 19 72 63 50 97 95 62 0 5 86 80 0 38 0 5 0 33 42 0 0 27 0 92 11 0 80 24 1 0 0 20 0 0 76 0 0 70 0 81 0 0 0 0 
0 0 0 0 88 0 87 55 0 36 36 0 0 0 56 18 19 12 79 32 57 0 0 0 71 38 0 48 29 0 30 70 39 13 0 0 0 53 0 92 80 27 0 15 88 0 9 0 0 73 0 0 0 51 64 64 67 8 4 0 70 0 0 75 0 0 68 59 46 0 84 0 44 0 0 0 0 41 92 53 19 38 6 0 50 0 2 0 0 0 0 0 0 60 45 0 0 39 0 65 
0 67 0 69 0 50 0 0 2 94 6 39 0 0 0 0 50 17 96 13 79 36 0 0 28 0 0 0 0 0 0 0 66 0 57 0 95 13 98 1 0 0 0 56 0 0 0 35 85 4 57 86 46 0 0 90 36 40 6 0 38 0 80 32 17 0 10 45 0 75 58 0 0 94 79 27 41 43 91 20 0 0 0 0 0 0 31 19 0 0 57 48 35 0 81 0 40 96 0 69 
42 0 0 0 0 0 38 0 18 0 89 0 64 74 38 0 0 0 0 12 0 33 94 0 43 0 0 41 0 62 61 0 0 13 6 47 0 0 0 0 66 0 91 17 0 85 0 0 0 0 90 36 88 62 6 0 0 14 5 29 0 84 0 95 89 99 99 18 71 11 0 11 19 0 0 0 92 91 78 0 0 0 0 26 19 0 68 47 5 0 0 57 58 11 12 0 7 0 0 77 
36 0 12 0 95 0 77 0 80 12 83 57 0 0 0 0 0 0 0 0 0 0 41 0 21 0 11 0 10 99 0 0 0 0 80 100 11 0 83 0 0 78 0 21 0 0 30 81 19 0 0 74 42 0 0 0 0 0 28 43 0 0 0 18 50 55 55 80 77 37 58 8 74 5 18 92 53 20 0 0 0 0 0 0 0 0 30 27 40 26 23 0 55 0 0 45 50 39 0 75 
0 0 22 88 7 26 0 4 41 0 0 9 86 20 56 90 96 0 0 45 0 0 0 56 0 45 51 0 4 43 21 28 89 0 92 0 0 33 66 0 0 0 0 0 62 73 57 40 0 0 0 0 0 0 24 0 0 92 17 43 0 57 32 0 0 13 60 73 0 45 0 0 1 72 71 11 19 0 0 0 0 0 0 82 48 93 80 94 25 40 0 98 89 0 0 86 0 0 0 0 
0 63 94 0 14 0 0 0 0 0 65 17 0 91 44 51 0 18 96 0 0 0 0 17 0 35 0 0 0 48 23 75 88 63 34 16 0 72 0 58 0 64 80 5 67 0 0 0 99 5 63 0 95 0 53 73 0 0 0 23 4 18 0 34 0 0 33 0 0 0 0 100 13 31 0 0 38 0 0 0 0 59 0 0 0 37 26 0 17 0 0 45 0 0 0 51 48 0 19 0 
67 50 34 34 0 91 0 0 7 0 0 28 0 0 73 0 40 76 0 0 88 65 85 0 5 97 74 77 0 0 0 4 85 65 14 0 0 0 0 0 88 70 57 0 0 95 50 28 0 0 0 0 44 75 0 0 32 85 26 37 0 0 29 0 98 23 0 0 0 0 0 26 98 0 0 80 6 0 0 0 0 0 0 0 78 81 0 0 22 49 0 84 46 40 0 57 36 0 47 0 
0 92 51 0 81 82 53 4 3 54 0 87 0 99 23 0 20 6 7 9 40 0 0 0 0 58 80 89 0 0 65 97 0 0 0 0 69 88 0 0 0 0 25 0 70 0 77 96 59 96 31 0 0 11 0 0 46 0 0 0 24 0 0 29 0 0 0 0 41 56 72 0 0 0 0 24 0 0 26 0 82 0 0 0 85 0 0 0 0 0 0 0 0 0 18 0 0 0 75 0 
95 0 38 0 0 39 63 28 49 54 0 77 87 0 0 18 83 72 0 0 70 0 0 15 0 7 0 7 50 0 0 62 3 0 30 0 16 0 0 0 0 0 0 0 0 71 16 0 0 0 0 0 0 0 15 0 0 0 0 98 0 35 0 0 0 0 0 0 92 47 0 0 47 0 0 1 50 0 19 0 48 0 78 85 0 0 2 0 80 33 19 0 0 46 27 84 0 0 0 84 
0 0 53 0 48 0 0 0 83 47 18 30 22 89 31 30 47 0 0 8 0 0 75 71 90 0 85 53 70 0 0 79 50 0 0 0 0 50 0 26 0 0 33 1 0 45 0 0 65 54 0 15 95 48 0 0 39 0 0 0 14 0 48 0 0 0 0 45 88 0 80 5 0 49 1 0 0 0 0 0 93 37 81 0 0 0 91 12 0 40 0 23 83 0 5 0 0 29 18 64 
61 54 0 31 86 67 20 4 89 93 46 0 88 0 53 0 23 81 0 7 0 61 0 0 0 34 0 0 0 77 0 0 90 7 75 57 0 0 83 0 30 86 0 0 95 0 0 0 61 0 0 0 0 7 0 55 79 18 0 47 78 0 0 0 0 77 83 0 0 0 0 0 0 0 58 0 2 31 68 30 80 26 0 0 2 91 0 49 0 0 0 20 74 0 0 6 0 0 16 0 
0 43 0 0 0 36 74 45 35 74 2 96 84 10 95 0 0 0 25 71 0 0 10 79 42 0 45 17 0 82 41 77 0 8 0 89 18 0 0 26 35 0 0 0 0 0 0 0 3 62 54 63 38 0 0 0 0 0 11 0 21 0 0 3 48 0 0 0 0 0 69 0 0 0 0 20 0 19 47 27 94 0 0 0 0 12 49 92 0 0 75 98 0 39 35 73 62 0 51 0 
0 55 0 19 81 0 0 32 0 69 0 33 9 21 0 0 18 0 96 60 41 37 80 0 0 0 7 0 0 0 76 41 0 0 64 83 69 48 0 1 72 78 0 68 61 44 0 0 57 0 0 79 0 7 0 0 0 0 52 32 0 0 97 100 84 0 45 0 100 0 38 0 62 92 38 0 0 0 5 40 25 17 22 0 80 0 0 0 54 0 0 0 0 86 0 0 96 60 0 0 
0 16 79 0 0 96 0 0 69 0 0 0 0 48 18 60 20 84 61 28 86 57 0 0 100 60 2 41 0 59 68 0 0 0 0 0 80 88 0 78 0 0 0 62 0 0 26 61 0 73 0 0 0 0 0 17 0 0 0 0 88 0 2 0 76 0 0 31 0 3 0 46 0 24 81 0 0 0 0 26 40 0 49 0 33 40 0 0 0 0 0 23 29 36 54 0 0 98 31 44 
0 0 55 0 94 6 0 78 0 4 5 75 95 52 0 0 64 41 0 0 0 0 2 96 7 27 0 0 0 0 0 19 23 0 0 0 43 0 60 0 36 0 0 0 0 83 0 0 95 0 72 0 0 96 0 21 0 31 74 0 0 0 48 0 62 0 64 0 14 72 9 12 0 0 37 76 0 57 0 23 0 0 0 0 19 0 0 75 0 0 0 7 0 0 72 0 0 60 0 13 
96 85 0 0 0 18 43 0 71 0 0 55 63 0 0 0 0 44 4 18 0 0 56 74 18 0 0 0 38 0 0 83 97 0 0 0 0 0 0 36 0 0 0 0 0 0 65 59 53 0 0 0 10 0 73 9 51 0 0 46 0 0 32 97 47 53 70 80 0 0 0 82 32 0 29 0 0 48 57 0 98 45 84 0 0 23 20 98 0 23 7 0 78 68 0 98 0 75 55 67 
0 23 58 0 74 0 0 0 0 0 0 13 0 59 96 80 12 0 0 18 0 68 0 53 0 0 61 0 0 0 0 0 51 38 17 0 33 0 0 0 0 0 98 58 97 11 0 50 84 0 0 0 0 99 0 0 0 9 0 0 25 97 0 67 28 24 38 76 0 0 55 0 67 18 0 0 0 35 58 55 89 0 46 0 0 83 74 0 0 29 0 78 70 99 27 29 93 17 0 0 
0 0 85 67 0 0 25 0 0 0 0 0 12 27 0 26 0 0 7 51 5 0 4 29 57 10 81 46 9 0 0 0 4 2 0 74 40 0 0 30 28 0 64 76 4 0 46 0 0 66 0 20 0 52 0 0 0 0 92 0 14 65 0 0 17 2 99 50 38 0 49 11 12 0 22 70 60 0 11 0 0 0 40 0 46 0 0 39 86 36 0 68 99 33 6 0 0 59 0 2 
9 82 87 0 66 17 0 99 87 0 0 0 61 15 85 0 0 15 72 80 47 96 41 0 40 27 10 0 30 61 0 0 0 0 26 1 58 76 33 0 0 0 16 26 0 61 0 0 66 33 83 87 0 75 31 57 0 0 0 58 0 85 28 99 60 0 0 68 62 0 72 19 58 3 0 0 45 81 12 0 0 0 0 18 27 5 0 35 0 54 72 0 27 6 0 0 0 83 1 97 
40 0 0 0 18 87 0 0 0 55 20 48 0 0 57 0 91 0 0 0 90 0 37 0 0 0 0 0 38 32 43 37 0 68 0 0 0 73 0 0 38 0 93 53 0 0 90 0 0 0 78 29 0 0 24 73 12 98 3 64 0 0 60 0 0 0 2 75 0 0 0 81 22 32 43 81 0 0 0 45 86 51 57 0 84 0 6 73 0 0 0 98 29 0 0 0 0 66 0 0 
1 46 0 0 0 71 0 33 0 0 57 24 0 67 70 60 0 0 80 47 0 0 0 65 0 49 91 95 32 0 74 0 13 29 0 0 12 65 0 46 60 0 0 56 0 0 55 0 0 0 0 0 0 0 0 0 0 36 0 0 0 17 0 0 0 0 55 65 0 49 0 0 0 37 97 0 0 40 7 50 0 48 36 0 0 0 0 62 96 0 0 0 93 0 0 0 63 8 25 26 
60 26 78 0 30 50 0 59 79 0 0 37 88 83 0 0 93 0 0 66 0 57 77 67 70 32 89 0 91 99 43 49 0 63 75 44 50 29 69 0 0 0 0 0 0 0 0 0 0 0 0 71 75 0 0 0 0 90 0 87 0 42 2 0 0 88 0 11 0 20 88 34 45 18 68 0 39 96 0 39 0 0 0 0 0 29 0 0 60 98 60 75 17 59 83 66 8 0 61 4 
14 0 46 11 3 0 79 0 28 26 43 0 19 0 0 0 13 0 48 5 21 11 0 17 0 0 1 0 28 31 0 0 55 51 45 90 0 0 0 0 19 24 0 0 16 0 0 0 76 0 72 60 60 21 90 0 0 62 0 0 0 11 0 0 92 98 0 45 0 0 74 1 18 32 0 0 0 0 0 0 0 19 47 75 0 18 16 51 0 31 0 55 0 0 1 0 25 61 54 0 
92 6 11 0 0 50 32 50 0 20 0 55 0 0 68 97 0 69 7 0 97 0 0 44 0 0 0 0 0 23 7 39 0 0 8 0 0 96 0 0 16 0 19 0 0 0 54 0 0 0 0 38 49 0 5 0 25 0 81 35 0 0 42 98 0 6 61 35 0 43 0 0 0 0 0 0 65 69 77 75 0 0 0 0 84 64 0 0 0 44 13 67 0 2 97 0 26 4 0 86 
