25 737
60 16 30 29 62 35 41 80 21 61 79 80 77 97 81 27 86 65 16 79 67 11 77 9 63 
48 0 0 0 0 0 85 0 0 0 0 0 0 0 0 0 0 0 76 0 0 0 20 0 0 
0 0 0 6 0 0 0 0 0 0 63 68 0 0 0 0 0 0 0 0 72 0 68 98 0 
0 0 0 58 91 0 0 5 93 0 0 0 0 0 0 0 79 0 0 14 0 0 0 0 0 
0 6 58 0 0 0 0 68 0 0 0 0 64 0 73 92 0 0 0 0 0 0 0 0 0 
0 0 91 0 0 0 0 0 0 0 0 0 27 0 0 0 0 0 0 73 0 0 0 0 0 
0 0 0 0 0 0 0 0 24 0 0 47 0 0 0 1 0 0 0 0 93 0 24 0 0 
85 0 0 0 0 0 0 0 0 0 0 0 37 0 37 0 0 0 0 0 68 85 0 0 0 
0 0 5 68 0 0 0 0 0 0 0 63 0 0 0 0 0 0 0 0 0 0 0 0 0 
0 0 93 0 0 24 0 0 0 0 16 0 0 0 0 0 0 18 0 0 0 0 62 0 0 
0 0 0 0 0 0 0 0 0 0 0 0 0 0 0 0 71 0 0 0 0 0 0 0 90 
0 63 0 0 0 0 0 0 16 0 0 0 0 0 41 0 8 65 0 0 0 0 0 31 0 
0 68 0 0 0 47 0 63 0 0 0 0 0 0 20 0 0 0 39 0 0 0 0 0 0 
0 0 0 64 27 0 37 0 0 0 0 0 0 0 0 47 0 46 0 0 0 0 0 46 41 
0 0 0 0 0 0 0 0 0 0 0 0 0 0 46 16 0 95 9 0 0 0 0 0 84 
0 0 0 73 0 0 37 0 0 0 41 20 0 46 54 0 0 0 0 0 0 9 0 0 0 
0 0 0 92 0 1 0 0 0 0 0 0 47 16 0 1 0 0 0 0 0 0 0 0 0 
0 0 79 0 0 0 0 0 0 71 8 0 0 0 0 0 0 0 0 0 0 0 0 23 0 
0 0 0 0 0 0 0 0 18 0 65 0 46 95 0 0 0 0 0 0 0 0 0 0 36 
76 0 0 0 0 0 0 0 0 0 0 39 0 9 0 0 0 0 0 0 0 0 27 0 67 
0 0 14 0 73 0 0 0 0 0 0 0 0 0 0 0 0 0 0 0 45 0 0 0 0 
0 72 0 0 0 93 68 0 0 0 0 0 0 0 0 0 0 0 0 45 0 0 0 0 0 
0 0 0 0 0 0 85 0 0 0 0 0 0 0 9 0 0 0 0 0 0 0 0 0 4 
20 68 0 0 0 24 0 0 62 0 0 0 0 0 0 0 0 0 27 0 0 0 0 0 0 
0 98 0 0 0 0 0 0 0 0 31 0 46 0 0 0 23 0 0 0 0 0 0 0 0 
0 0 0 0 0 0 0 0 0 90 0 0 41 84 0 0 0 36 67 0 0 4 0 0 0 
