100 260
62 80 89 81 66 29 74 5 87 56 0 61 87 8 51 18 82 84 91 16 59 93 31 0 28 28 40 26 59 66 63 14 48 58 26 79 82 43 60 62 10 98 46 46 68 78 14 14 1 30 60 73 52 55 18 10 47 53 48 78 73 53 19 12 75 85 7 93 65 28 25 79 21 87 80 37 67 27 55 69 47 42 85 17 58 78 29 82 14 25 39 80 11 22 97 47 46 35 1 58 
59 12 0 0 61 70 49 23 4 70 0 11 83 0 67 62 0 0 50 0 0 87 89 10 2 0 0 60 0 24 12 0 0 0 66 0 85 0 87 71 77 30 0 0 0 23 17 0 0 0 0 36 30 0 0 0 0 69 0 0 0 0 0 78 0 0 0 21 84 89 30 70 91 51 54 0 0 0 31 73 48 0 0 0 56 34 34 90 96 0 0 47 28 0 4 78 0 0 0 53 
12 8 68 0 1 33 84 98 4 90 65 13 0 0 39 100 0 0 0 0 0 0 37 0 38 28 0 94 0 0 0 68 65 0 0 0 0 0 15 0 0 0 0 82 19 32 0 62 0 0 60 57 2 89 57 43 0 0 57 0 95 0 87 27 0 0 50 18 0 0 63 78 0 39 0 0 45 94 0 13 0 0 0 84 10 78 0 87 18 0 0 0 77 22 12 0 0 0 38 39 
0 68 0 0 38 81 1 9 0 0 0 96 0 51 79 13 0 65 0 0 16 80 0 90 0 0 28 82 0 15 20 86 43 43 0 71 0 18 0 25 0 0 0 40 0 0 36 0 21 8 0 0 75 49 20 0 44 55 18 73 0 0 25 78 42 19 8 0 0 0 0 53 51 65 0 0 24 0 0 34 0 0 0 0 0 37 0 60 0 56 0 3 0 0 0 0 0 0 0 0 
0 0 0 87 96 76 64 38 0 0 0 19 76 40 15 73 0 0 40 0 0 0 90 0 93 0 0 0 0 37 0 0 66 0 49 40 2 7 93 0 21 0 43 0 0 81 0 0 49 32 25 0 0 7 96 0 45 0 0 100 0 59 98 0 33 86 89 0 53 12 0 0 42 36 11 0 18 0 0 0 0 93 0 15 49 0 45 0 49 99 0 0 0 64 59 0 0 0 42 0 
61 1 38 96 0 0 63 0 0 0 80 0 15 0 8 0 0 98 0 30 0 0 0 0 65 0 0 94 0 90 92 0 66 74 0 38 0 0 0 74 0 98 71 30 0 82 14 47 0 0 0 0 0 96 0 0 34 0 18 39 0 52 37 18 12 45 0 29 23 63 65 13 80 58 98 0 67 3 0 0 0 14 73 0 0 7 29 0 39 10 0 48 0 92 0 0 3 0 0 0 
70 33 81 76 0 0 21 50 0 0 95 33 55 88 41 2 33 72 0 0 0 0 19 89 0 4 0 0 77 0 36 0 67 0 74 0 33 0 62 80 68 0 0 45 0 0 10 47 0 87 0 0 0 0 0 27 0 5 0 21 59 69 0 0 0 95 85 63 0 0 63 71 0 29 0 58 68 0 0 48 0 0 0 12 0 15 35 0 97 56 20 0 0 0 0 89 0 94 0 15 
49 84 1 64 63 21 0 74 0 0 0 20 0 0 0 0 24 0 90 30 0 20 46 0 13 0 74 0 0 13 24 0 0 0 48 0 88 0 0 30 67 24 0 0 84 91 84 0 74 42 0 0 0 0 0 0 88 28 0 50 0 11 1 0 0 52 0 0 44 19 9 90 2 0 0 0 8 3 81 71 53 0 2 25 0 90 46 0 0 16 0 0 0 43 0 0 0 0 62 28 
23 98 9 38 0 50 74 0 96 71 29 0 16 0 62 58 61 0 17 0 0 32 56 27 0 0 11 5 93 82 81 70 58 92 63 0 0 0 41 0 0 32 40 0 0 95 0 62 71 65 80 0 0 0 71 17 0 6 66 0 0 0 47 92 0 0 0 7 54 86 71 0 6 0 31 97 0 0 3 44 0 96 23 0 0 0 0 54 0 0 4 39 80 0 45 0 29 0 0 27 
4 4 0 0 0 0 0 96 0 68 0 0 0 1 23 36 73 87 81 0 0 0 0 0 0 0 0 0 0 50 76 0 0 0 1 0 58 0 20 91 0 28 0 0 93 0 67 0 41 90 0 99 62 18 55 38 54 0 91 73 94 64 0 95 22 0 0 39 10 0 0 0 23 1 9 28 90 33 65 0 0 12 0 40 0 0 0 0 8 41 77 0 58 0 31 41 0 0 13 47 
70 90 0 0 0 0 0 71 68 0 63 0 0 0 0 0 0 0 0 0 0 0 45 0 48 0 0 83 35 29 0 0 0 46 0 0 66 65 0 0 0 0 34 77 40 3 0 0 0 4 94 0 4 64 92 0 0 72 0 0 100 18 60 79 19 0 46 72 0 0 0 0 93 0 0 49 26 0 0 0 0 0 0 55 0 27 73 0 11 18 0 0 0 0 0 1 0 79 0 88 
0 65 0 0 80 95 0 29 0 63 71 7 15 38 59 0 0 49 77 0 3 68 18 67 0 0 54 42 0 0 17 6 36 0 0 24 89 58 0 79 67 0 0 75 0 0 0 19 0 0 74 0 75 42 0 32 0 88 0 15 0 0 0 9 0 32 78 0 0 97 11 0 0 0 0 51 0 65 82 0 0 0 15 91 38 0 0 13 57 0 33 0 0 0 42 47 3 0 24 14 
11 13 96 19 0 33 20 0 0 0 7 50 0 76 0 0 0 93 87 89 32 24 75 0 70 69 30 0 0 0 27 38 0 46 98 42 70 0 54 0 0 45 0 0 0 0 66 0 0 98 24 0 37 78 0 0 0 0 13 0 52 0 0 64 27 56 0 54 0 0 0 60 3 0 0 0 34 0 34 79 59 26 59 0 0 98 0 0 46 85 0 0 95 7 24 54 0 81 5 0 
83 0 0 76 15 55 0 16 0 0 15 0 68 0 0 0 25 0 0 0 0 28 0 0 67 13 0 4 0 0 90 57 91 8 18 81 3 50 0 43 71 0 22 91 13 35 0 83 98 0 56 0 0 0 40 0 0 0 0 0 0 0 0 0 4 38 41 0 0 4 99 87 68 19 0 39 0 32 0 0 42 0 44 94 0 0 0 84 72 75 0 0 65 0 85 45 0 0 3 54 
0 0 51 40 0 88 0 0 1 0 38 76 0 0 0 75 38 98 8 0 32 0 93 50 27 0 7 0 0 62 24 15 0 0 0 0 0 0 0 77 40 27 56 90 0 0 0 10 4 0 0 49 23 0 0 0 19 22 0 0 0 85 18 23 0 60 0 0 75 0 0 0 56 69 28 47 30 45 0 58 90 3 0 0 56 77 0 0 0 43 0 0 80 0 95 32 0 0 20 35 
67 39 79 15 8 41 0 62 23 0 59 0 0 0 84 64 50 10 0 0 0 27 0 68 66 0 0 15 0 0 0 68 0 0 0 90 80 0 0 0 0 1 6 80 81 0 7 0 72 0 0 72 0 61 0 14 17 33 0 0 74 0 53 0 76 14 0 82 0 16 0 32 51 1 87 0 0 0 67 18 0 80 0 0 99 59 0 0 39 36 0 95 82 40 0 0 53 90 0 36 
62 100 13 73 0 2 0 58 36 0 0 0 0 75 64 0 0 7 0 42 0 22 37 70 0 0 21 0 56 66 0 52 0 0 22 0 99 76 0 0 91 0 79 0 0 0 0 54 38 0 22 0 83 17 0 83 0 0 0 84 0 0 27 0 83 86 0 0 0 0 20 91 0 0 15 0 0 62 0 80 7 33 72 11 45 21 71 3 0 0 20 34 58 0 0 51 0 7 0 0 
0 0 0 0 0 33 24 61 73 0 0 0 25 38 50 0 100 85 35 0 0 0 83 84 23 86 100 0 49 0 16 0 39 0 0 0 81 0 0 0 0 0 0 29 59 51 37 77 66 0 0 0 0 50 32 99 41 0 11 0 0 76 0 93 54 0 0 13 0 0 26 0 0 0 0 70 0 0 27 0 0 12 0 15 0 78 31 72 45 82 48 42 92 0 61 0 0 0 0 0 
0 0 65 0 98 72 0 0 87 0 49 93 0 98 10 7 85 0 0 88 0 0 0 0 0 0 0 0 0 0 46 0 0 0 0 0 92 91 0 9 33 0 85 74 60 46 0 79 0 0 55 60 0 0 52 20 7 79 72 28 19 65 1 0 0 39 72 0 3 0 75 7 91 0 95 93 0 23 0 0 0 0 0 54 0 0 0 90 76 0 0 50 98 1 0 0 60 0 0 0 
50 0 0 40 0 0 90 17 81 0 77 87 0 8 0 0 35 0 0 0 68 0 33 0 0 0 99 0 35 0 91 16 0 0 100 0 0 36 35 0 0 36 5 75 0 11 0 50 0 93 0 0 45 68 36 26 93 5 0 75 67 60 0 0 79 0 81 2 0 0 0 0 74 86 0 86 79 88 9 0 0 15 67 80 0 51 1 35 0 0 0 0 2 31 80 2 0 0 0 0 
0 0 0 0 30 0 30 0 0 0 0 89 0 0 0 42 0 88 0 0 0 0 0 44 0 34 0 0 0 95 75 7 91 78 0 6 0 0 88 0 0 0 0 71 73 96 84 60 0 0 0 93 0 22 22 0 19 18 0 0 0 23 70 0 0 0 22 89 70 0 0 0 0 0 31 47 46 0 97 0 0 77 0 5 3 47 70 21 0 0 100 87 0 94 29 76 0 0 0 0 
0 0 16 0 0 0 0 0 0 0 3 32 0 32 0 0 0 0 68 0 0 0 50 0 0 0 0 0 62 55 0 0 0 0 0 0 0 0 0 0 46 0 0 73 71 0 0 39 0 23 0 0 0 61 0 5 0 0 0 96 91 0 0 0 10 0 8 86 7 67 0 91 87 0 22 11 0 0 0 0 13 48 0 0 0 14 0 16 58 0 0 87 0 92 94 0 0 50 83 0 
87 0 80 0 0 0 20 32 0 0 68 24 28 0 27 22 0 0 0 0 0 80 39 92 0 0 36 67 4 54 0 0 0 0 21 87 28 0 45 0 72 58 99 0 55 0 22 100 65 0 58 0 0 0 0 0 0 0 3 13 0 0 0 47 0 0 0 0 23 0 0 0 0 41 0 0 70 0 75 0 0 89 54 0 0 97 23 0 0 67 42 0 0 0 3 0 0 0 0 47 
89 37 0 90 0 19 46 56 0 45 18 75 0 93 0 37 83 0 33 0 50 39 79 62 0 0 20 0 95 16 0 0 0 12 0 0 0 0 65 33 0 0 0 0 13 40 0 72 0 0 0 0 0 0 93 0 73 0 23 62 63 0 99 0 34 66 0 0 66 96 87 16 0 69 0 0 57 0 0 0 65 0 0 45 0 56 0 0 84 0 39 16 64 37 0 76 0 49 69 0 
10 0 90 0 0 89 0 27 0 0 67 0 0 50 68 70 84 0 0 44 0 92 62 0 26 0 0 29 77 10 0 12 0 7 0 0 99 0 0 65 0 0 0 0 0 69 0 95 10 0 32 0 0 35 85 71 61 0 49 0 74 49 0 0 53 0 77 0 1 0 0 79 24 48 97 33 59 0 42 66 29 16 29 0 0 19 0 0 0 0 20 0 65 0 45 8 0 0 55 33 
2 38 0 93 65 0 13 0 0 48 0 70 67 27 66 0 23 0 0 0 0 0 0 26 11 0 40 90 23 90 0 0 46 0 8 0 0 8 0 22 42 0 95 0 0 19 0 71 84 92 96 58 0 99 6 31 87 43 8 83 68 95 34 0 0 0 0 0 23 21 0 0 94 59 15 0 0 0 0 19 8 85 59 0 21 0 0 0 43 74 18 16 56 0 0 97 30 0 76 0 
0 28 0 0 0 4 0 0 0 0 0 69 13 0 0 0 86 0 0 34 0 0 0 0 0 60 0 15 0 0 0 0 0 0 0 0 0 69 0 0 81 84 0 0 54 62 0 0 0 17 0 0 0 0 88 0 93 0 9 90 0 0 0 0 0 72 0 86 0 0 0 54 0 0 0 0 11 0 63 0 49 0 25 34 96 26 0 0 0 0 24 0 0 2 0 0 52 90 0 82 
0 0 28 0 0 0 74 11 0 0 54 30 0 7 0 21 100 0 99 0 0 36 20 0 40 0 84 0 0 0 74 27 0 17 0 7 0 0 0 0 0 0 29 0 68 83 96 0 78 16 0 19 0 21 50 48 0 34 0 0 67 23 43 0 80 22 0 0 96 77 18 0 53 24 0 0 0 0 52 0 42 25 0 52 14 90 74 0 84 0 100 0 0 98 0 38 8 0 46 39 
60 94 82 0 94 0 0 5 0 83 42 0 4 0 15 0 0 0 0 0 0 67 0 29 90 15 0 61 0 2 75 0 0 0 60 71 0 0 86 0 30 47 66 9 26 0 0 0 0 0 12 73 48 62 98 0 0 21 0 0 0 76 11 80 0 95 0 72 42 0 0 0 0 88 74 25 0 96 0 0 0 10 79 12 78 0 0 0 39 0 0 76 9 99 0 17 0 73 0 0 
0 0 0 0 0 77 0 93 0 35 0 0 0 0 0 56 49 0 35 0 62 4 95 77 23 0 0 0 0 8 0 44 48 22 0 86 15 24 41 84 94 41 0 0 84 75 0 57 68 0 54 82 39 0 0 0 97 54 68 74 0 0 86 0 50 66 86 70 13 85 0 91 38 51 0 77 82 81 0 0 21 16 0 44 76 5 41 0 0 0 0 50 55 12 65 18 3 0 14 0 
24 0 15 37 90 0 13 82 50 29 0 0 0 62 0 66 0 0 0 95 55 54 16 10 90 0 0 2 8 39 0 76 35 76 39 17 0 31 50 26 79 0 49 17 48 87 0 0 43 73 0 33 0 38 0 44 97 81 65 3 0 79 93 0 0 31 83 0 0 0 99 0 66 0 0 0 0 52 0 0 0 10 59 0 0 19 0 29 35 89 99 0 0 0 28 69 0 0 82 0 
12 0 20 0 92 36 24 81 76 0 17 27 90 24 0 0 16 46 91 75 0 0 0 0 0 0 74 75 0 0 84 13 80 3 0 29 0 0 0 52 33 55 0 0 0 14 0 0 0 0 0 0 30 90 29 78 0 0 0 67 30 0 9 39 0 0 0 0 57 0 29 0 59 61 0 0 0 49 8 39 0 0 0 0 9 23 7 0 0 85 0 94 0 0 0 0 0 71 0 98 
0 68 86 0 0 0 0 70 0 0 6 38 57 15 68 52 0 0 16 7 0 0 0 12 0 0 27 0 44 76 13 0 0 61 0 0 47 0 0 86 96 0 0 8 38 78 12 0 100 40 0 0 0 32 64 92 25 59 0 15 0 0 0 69 52 0 0 0 0 52 0 91 97 64 44 0 54 0 0 0 54 4 0 0 0 0 82 63 0 91 0 58 0 11 0 88 88 47 14 0 
0 65 43 66 66 67 0 58 0 0 36 0 91 0 0 0 39 0 0 91 0 0 0 0 46 0 0 0 48 35 80 0 11 42 91 0 0 75 91 35 65 8 0 0 0 87 75 0 34 0 2 55 0 0 0 79 0 40 0 0 17 0 0 95 0 0 0 90 0 0 92 0 0 66 19 0 12 38 22 97 13 4 0 29 91 0 77 43 35 20 0 0 59 0 18 36 8 0 10 0 
0 0 43 0 74 0 0 92 0 46 0 46 8 0 0 0 0 0 0 78 0 0 12 7 0 0 17 0 22 76 3 61 42 79 0 0 0 84 0 0 1 0 0 0 50 98 56 94 0 10 0 12 99 87 0 92 57 0 0 24 54 56 45 7 76 8 0 90 87 45 0 36 33 0 0 89 0 80 0 0 0 85 87 77 0 28 18 5 47 17 62 0 0 43 98 0 0 48 55 0 
66 0 0 49 0 74 48 63 1 0 0 98 18 0 0 22 0 0 100 0 0 21 0 0 8 0 0 60 0 39 0 0 91 0 30 38 4 48 0 10 0 0 0 0 0 40 42 80 0 75 0 45 32 33 21 0 80 23 0 0 0 0 72 59 14 16 31 35 0 0 83 16 0 18 0 86 0 0 31 0 0 75 0 0 0 42 48 37 67 0 0 0 26 40 0 93 46 0 55 76 
0 0 71 40 38 0 0 0 0 0 24 42 81 0 90 0 0 0 0 6 0 87 0 0 0 0 7 71 86 17 29 0 0 0 38 63 0 0 0 0 22 0 89 27 63 86 35 0 57 53 0 0 99 96 78 71 0 0 0 0 91 45 0 36 0 46 57 0 71 10 0 90 0 0 0 37 66 68 47 73 51 75 46 24 0 0 6 0 0 0 97 53 96 98 98 0 0 17 44 28 
85 0 0 2 0 33 88 0 58 66 89 70 3 0 80 99 81 92 0 0 0 28 0 99 0 0 0 0 15 0 0 47 0 0 4 0 0 0 6 89 92 0 43 66 56 88 97 0 0 0 18 68 33 0 98 18 0 87 0 0 0 0 89 0 0 0 50 5 0 0 67 0 26 42 0 53 39 26 85 0 0 0 0 11 17 85 0 71 0 46 0 61 0 0 80 0 0 34 78 0 
0 0 18 7 0 0 0 0 0 65 58 0 50 0 0 76 0 91 36 0 0 0 0 0 8 69 0 0 24 31 0 0 75 84 48 0 0 0 0 32 75 0 0 0 74 0 0 15 0 0 86 0 0 0 0 0 88 0 38 43 32 0 0 73 45 28 0 0 0 0 0 51 0 87 0 0 0 34 63 0 0 0 0 0 0 0 33 0 0 0 93 0 0 0 45 2 0 1 0 75 
87 15 0 93 0 62 0 41 20 0 0 54 0 0 0 0 0 0 35 88 0 45 65 0 0 0 0 86 41 50 0 0 91 0 0 0 6 0 81 0 0 0 0 0 0 0 82 67 71 0 0 0 0 0 27 0 42 49 82 93 41 0 54 0 0 36 0 0 0 0 58 0 0 0 0 0 0 0 0 72 48 91 51 4 12 0 97 24 29 46 0 11 35 0 55 47 84 99 27 0 
71 0 25 0 74 80 30 0 91 0 79 0 43 77 0 0 0 9 0 0 0 0 33 65 22 0 0 0 84 26 52 86 35 0 10 0 89 32 0 0 0 10 0 0 58 0 57 77 9 34 80 0 0 17 59 34 0 96 0 0 0 95 59 27 0 72 48 97 0 25 65 95 0 0 92 0 0 43 54 32 90 0 6 0 0 0 0 17 93 0 0 98 0 0 0 0 0 28 89 38 
77 0 0 21 0 68 67 0 0 0 67 0 71 40 0 91 0 33 0 0 46 72 0 0 42 81 0 30 94 79 33 96 65 1 0 22 92 75 0 0 0 47 92 0 0 0 0 76 0 22 11 0 43 34 0 37 73 0 99 12 59 0 24 48 0 11 0 0 31 0 24 66 9 0 3 59 55 81 0 0 0 0 0 0 32 84 19 0 13 0 88 69 0 74 32 14 90 16 0 0 
30 0 0 0 98 0 24 32 28 0 0 45 0 27 1 0 0 0 36 0 0 58 0 0 0 84 0 47 41 0 55 0 8 0 0 0 0 0 0 10 47 0 0 0 53 2 0 0 0 13 0 72 0 0 0 0 0 3 16 0 0 0 93 0 0 73 53 61 0 35 0 1 0 93 0 72 0 86 0 0 17 69 0 61 0 17 0 11 0 0 57 41 65 0 43 0 0 47 0 0 
0 0 0 43 71 0 0 40 0 34 0 0 22 56 6 79 0 85 5 0 0 99 0 0 95 0 29 66 0 49 0 0 0 0 0 89 43 0 0 0 92 0 28 66 8 0 0 3 61 48 0 0 42 0 0 0 0 69 76 50 18 0 69 1 24 0 24 0 26 0 0 0 0 13 0 1 0 0 29 0 90 0 0 0 54 0 0 0 47 91 0 87 14 0 68 39 0 0 0 52 
0 82 40 0 30 45 0 0 0 77 75 0 91 90 80 0 29 74 75 71 73 0 0 0 0 0 0 9 0 17 0 8 0 0 0 27 66 0 0 0 0 0 66 0 82 26 59 33 95 18 30 0 34 0 81 64 95 32 44 38 0 0 93 0 0 78 0 25 0 0 0 0 0 48 1 0 62 0 0 28 90 1 89 58 16 0 55 0 8 17 63 0 0 84 0 0 0 0 0 12 
0 19 0 0 0 0 84 0 93 40 0 0 13 0 81 0 59 60 0 73 71 55 13 0 0 54 68 26 84 48 0 38 0 50 0 63 56 74 0 58 0 53 8 82 67 0 0 51 0 0 70 0 0 0 0 65 0 56 13 93 32 0 0 0 0 0 79 0 0 0 64 0 0 0 89 0 51 30 0 24 0 99 70 0 43 0 0 0 50 36 68 56 3 45 81 0 51 75 85 73 
23 32 0 81 82 0 91 95 0 3 0 0 35 0 0 0 51 46 11 96 0 0 40 69 19 62 83 0 75 87 14 78 87 98 40 86 88 0 0 0 0 2 0 26 0 52 80 0 0 0 0 61 69 80 0 98 0 0 99 56 29 0 67 0 0 0 86 75 78 66 0 23 64 0 0 0 2 0 76 98 0 0 61 75 2 0 0 49 0 46 86 0 0 99 0 0 0 0 0 85 
17 0 36 0 14 10 84 0 67 0 0 66 0 0 7 0 37 0 0 84 0 22 0 0 0 0 96 0 0 0 0 12 75 56 42 35 97 0 82 57 0 0 0 59 0 80 63 38 0 54 14 52 0 0 0 84 0 70 76 0 75 0 37 43 0 0 0 80 9 38 91 59 35 0 21 0 20 44 73 37 0 61 66 0 73 0 0 0 0 0 24 0 7 0 63 74 0 74 40 0 
0 62 0 0 47 47 0 62 0 0 19 0 83 10 0 54 77 79 50 60 39 100 72 95 71 0 0 0 57 0 0 0 0 94 80 0 0 15 67 77 76 0 3 33 51 0 38 0 15 62 48 25 0 98 42 48 0 0 0 0 0 13 1 89 0 49 0 0 0 58 0 81 0 32 0 95 83 2 42 0 46 0 2 89 0 36 0 0 41 0 0 0 0 86 76 67 0 0 84 93 
0 0 21 49 0 0 74 71 41 0 0 0 98 4 72 38 66 0 0 0 0 65 0 10 84 0 78 0 68 43 0 100 34 0 0 57 0 0 71 9 0 0 61 95 0 0 0 15 96 0 91 94 26 59 0 14 27 0 44 5 19 45 0 0 46 52 0 0 89 0 0 0 81 0 0 0 0 69 0 0 0 21 0 0 0 0 100 0 32 83 93 8 2 0 24 0 0 40 0 54 
0 0 8 32 0 87 42 65 90 4 0 98 0 0 0 0 0 0 93 0 23 0 0 0 92 17 16 0 0 73 0 40 0 10 75 53 0 0 0 34 22 13 48 18 0 0 54 62 0 90 0 0 35 65 30 0 96 0 0 64 78 75 51 99 0 80 56 0 80 58 0 34 62 0 68 0 21 97 0 28 91 45 19 99 74 0 0 37 82 93 0 95 48 34 0 55 0 0 88 0 
0 60 0 25 0 0 0 80 0 94 74 24 56 0 0 22 0 55 0 0 0 58 0 32 96 0 0 12 54 0 0 0 2 0 0 0 18 86 0 80 11 0 0 30 70 0 14 48 91 0 0 0 25 79 0 0 0 75 54 0 0 46 91 0 23 0 0 0 84 0 22 23 0 0 0 83 0 30 30 28 24 0 0 0 88 0 23 89 0 0 1 2 2 14 0 0 0 16 0 98 
36 57 0 0 0 0 0 0 99 0 0 0 0 49 72 0 0 60 0 93 0 0 0 0 58 0 19 73 82 33 0 0 55 12 45 0 68 0 0 0 0 72 0 0 0 61 52 25 94 0 0 66 69 32 0 0 0 66 0 14 0 0 100 53 79 62 34 40 76 3 11 0 0 0 56 0 0 0 0 10 64 0 84 0 0 85 85 0 13 67 0 0 36 0 0 8 64 24 22 73 
30 2 75 0 0 0 0 0 62 4 75 37 0 23 0 83 0 0 45 0 0 0 0 0 0 0 0 48 39 0 30 0 0 99 32 99 33 0 0 0 43 0 42 34 0 69 0 0 26 35 25 69 86 46 0 29 40 0 2 38 15 22 12 0 0 0 0 66 0 0 0 0 77 0 16 76 0 0 63 44 16 0 40 0 0 0 58 16 0 0 58 0 0 34 19 0 0 47 0 0 
0 89 49 7 96 0 0 0 18 64 42 78 0 0 61 17 50 0 68 22 61 0 0 35 99 0 21 62 0 38 90 32 0 87 33 96 0 0 0 17 34 0 0 0 0 80 0 98 59 65 79 32 46 0 0 37 71 0 96 92 0 66 99 80 74 0 70 0 0 50 54 13 0 99 0 0 0 75 0 0 0 10 0 0 0 59 0 0 84 0 10 23 44 0 16 41 97 0 0 49 
0 57 20 96 0 0 0 71 55 92 0 0 40 0 0 0 32 52 36 22 0 0 93 85 6 88 50 98 0 0 29 64 0 0 21 78 98 0 27 59 0 0 0 81 0 0 0 42 0 30 0 0 0 0 0 0 0 0 0 64 0 39 0 31 0 0 0 99 97 40 48 0 43 0 27 15 23 39 80 0 0 2 8 0 3 81 0 0 0 0 93 0 87 33 86 0 41 86 0 30 
0 43 0 0 0 27 0 17 38 0 32 0 0 0 14 83 99 20 26 0 5 0 0 71 31 0 48 0 0 44 78 92 79 92 0 71 18 0 0 34 37 0 0 64 65 98 84 48 14 0 0 0 29 37 0 36 0 62 67 0 0 49 0 0 0 0 51 0 62 0 0 91 10 80 41 0 0 22 88 0 0 52 0 0 0 0 68 0 15 0 0 0 0 0 0 0 0 54 19 27 
0 0 44 45 34 0 88 0 54 0 0 0 0 19 17 0 41 7 93 19 0 0 73 61 87 93 0 0 97 97 0 25 0 57 80 0 0 88 42 0 73 0 0 95 0 0 0 0 27 96 0 0 40 71 0 0 37 0 0 47 13 0 0 0 94 0 6 0 73 0 58 0 49 0 0 0 0 0 0 60 0 0 10 0 0 91 0 0 0 0 52 83 0 0 0 0 0 0 97 87 
69 0 55 0 0 5 28 6 0 72 88 0 0 22 33 0 0 79 5 18 0 0 0 0 43 0 34 21 54 81 0 59 40 0 23 0 87 0 49 96 0 3 69 32 56 0 70 0 0 0 75 66 0 0 0 62 0 62 80 98 10 11 0 0 0 60 24 96 99 0 33 87 77 0 2 0 75 0 87 20 0 0 0 30 68 0 6 0 0 0 0 16 66 0 83 89 0 0 59 0 
0 57 18 0 18 0 0 66 91 0 0 13 0 0 0 0 11 72 0 0 0 3 23 49 8 9 0 0 68 65 0 0 0 0 0 0 0 38 82 0 99 16 76 44 13 99 76 0 44 0 54 0 2 96 0 67 0 80 38 77 25 17 89 0 33 0 0 0 82 0 55 50 0 45 0 0 0 99 64 36 41 0 0 0 11 78 33 69 3 23 1 95 27 0 34 0 0 58 76 48 
0 0 73 100 39 21 50 0 73 0 15 0 0 0 0 84 0 28 75 0 96 13 62 0 83 90 0 0 74 3 67 15 0 24 0 0 0 43 93 0 12 0 50 38 93 56 0 0 5 64 0 14 38 92 64 0 47 98 77 99 23 0 2 38 90 79 91 0 9 0 22 0 0 0 0 0 69 64 0 0 75 0 0 0 78 0 8 0 0 0 25 6 26 26 35 96 94 0 65 96 
0 95 0 0 0 59 0 0 94 100 0 52 0 0 74 0 0 19 67 0 91 0 63 74 68 0 67 0 0 0 30 0 17 54 0 91 0 32 41 0 59 0 18 0 32 29 75 0 19 78 0 0 15 0 0 0 13 10 25 23 0 16 89 0 0 0 46 41 0 0 0 0 0 27 0 0 0 0 98 74 0 0 83 28 21 77 93 0 26 0 0 65 6 0 0 33 0 0 44 0 
0 0 0 59 52 69 11 0 64 18 0 0 0 85 0 0 76 65 60 23 0 0 0 49 95 0 23 76 0 79 0 0 0 56 0 45 0 0 0 95 0 0 0 0 0 0 0 13 45 75 46 0 22 66 39 49 0 11 17 0 16 73 0 0 70 0 0 87 0 92 0 55 0 0 18 22 1 45 81 24 0 62 0 0 16 0 0 20 0 0 88 92 0 82 0 21 0 16 0 0 
0 87 25 98 37 0 1 47 0 60 0 0 0 18 53 27 0 1 0 70 0 0 99 0 34 0 43 11 86 93 9 0 0 45 72 0 89 0 54 59 24 93 69 93 0 67 37 1 0 51 91 100 12 99 0 0 0 0 89 2 89 0 0 13 12 0 80 0 74 51 0 25 0 0 0 0 76 0 0 0 13 0 46 60 23 10 0 0 14 0 0 0 0 71 45 0 21 90 67 0 
78 27 78 0 18 0 0 92 95 79 9 64 0 23 0 0 93 0 0 0 0 47 0 0 0 0 0 80 0 0 39 69 95 7 59 36 0 73 0 27 48 0 1 0 0 0 43 89 0 99 0 53 0 80 31 0 0 0 0 38 0 0 13 0 43 0 0 64 0 0 59 0 42 0 77 63 92 0 70 0 22 47 16 45 0 60 73 0 47 0 70 0 96 0 62 0 81 74 0 87 
0 0 42 33 12 0 0 0 22 19 0 27 4 0 76 83 54 0 79 0 10 0 34 53 0 0 80 0 50 0 0 52 0 76 14 0 0 45 0 0 0 0 24 0 0 0 0 0 46 0 23 79 0 74 0 0 94 0 33 90 0 70 12 43 0 0 0 16 33 81 0 80 38 24 0 10 16 0 18 0 15 0 0 0 0 8 0 99 78 100 0 0 0 83 67 0 0 32 0 93 
0 0 19 86 45 95 52 0 0 0 32 56 38 60 14 86 0 39 0 0 0 0 66 0 0 72 22 95 66 31 0 0 0 8 16 46 0 28 36 72 11 73 0 78 0 0 0 49 52 80 0 62 0 0 0 0 0 60 0 79 0 0 0 0 0 70 9 90 50 0 8 81 0 0 86 0 0 0 0 10 0 0 0 98 0 0 0 74 3 21 79 0 22 61 0 64 69 0 0 0 
0 50 8 89 0 85 0 0 0 46 78 0 41 0 0 0 0 72 81 22 8 0 0 77 0 0 0 0 86 83 0 0 0 0 31 57 50 0 0 48 0 53 24 0 79 86 0 0 0 56 0 34 0 70 0 51 6 24 0 91 46 0 80 0 0 9 0 21 0 79 0 0 14 71 0 0 0 100 0 51 95 10 0 0 20 0 0 0 0 0 28 29 0 77 47 0 0 0 0 0 
21 18 0 0 29 63 0 7 39 72 0 54 0 0 82 0 13 0 2 89 86 0 0 0 0 86 0 72 70 0 0 0 90 90 35 0 5 0 0 97 0 61 0 25 0 75 80 0 0 0 0 40 66 0 99 0 0 96 0 0 41 87 0 64 16 90 21 87 0 31 21 0 0 0 0 71 15 0 0 29 0 0 0 50 53 0 0 53 0 0 31 100 0 8 0 0 13 0 0 0 
84 0 0 53 23 0 44 54 10 0 0 0 0 75 0 0 0 3 0 70 7 23 66 1 23 0 96 42 13 0 57 0 0 87 0 71 0 0 0 0 31 0 26 0 0 78 9 0 89 80 84 76 0 0 97 62 73 99 82 9 0 0 74 0 33 50 0 0 0 26 45 59 29 84 72 0 0 0 0 0 0 0 42 0 0 61 28 0 25 0 72 0 0 0 22 0 42 0 0 76 
89 0 0 12 63 0 19 86 0 0 97 0 4 0 16 0 0 0 0 0 67 0 96 0 21 0 77 0 85 0 0 52 0 45 0 10 0 0 0 25 0 35 0 0 0 66 38 58 0 58 0 3 0 50 40 0 0 0 0 0 0 92 51 0 81 0 79 31 26 8 91 62 0 0 60 60 0 0 0 0 96 0 0 0 98 47 57 61 77 32 93 92 30 20 0 63 16 0 97 0 
30 63 0 0 65 63 9 71 0 0 11 0 99 0 0 20 26 75 0 0 0 0 87 0 0 0 18 0 0 99 29 0 92 0 83 0 67 0 58 65 24 0 0 0 64 0 91 0 0 0 22 11 0 54 48 0 58 33 55 22 0 0 0 59 0 8 0 21 45 91 41 24 99 60 0 26 0 39 0 0 0 70 64 0 67 0 0 29 65 40 45 76 59 0 0 93 72 34 14 0 
70 78 53 0 13 71 90 0 0 0 0 60 87 0 32 91 0 7 0 0 91 0 16 79 0 54 0 0 91 0 0 91 0 36 16 90 0 51 0 95 66 1 0 0 0 23 59 81 0 34 23 0 0 13 0 91 0 87 50 0 0 55 25 0 80 81 0 0 59 62 24 47 0 0 72 0 0 41 0 0 40 0 0 0 30 0 0 0 0 0 73 67 22 0 59 0 0 0 93 0 
91 0 51 42 80 0 2 6 23 93 0 3 68 56 51 0 0 91 74 0 87 0 0 24 94 0 53 0 38 66 59 97 0 33 0 0 26 0 0 0 9 0 0 0 0 64 35 0 81 62 0 0 77 0 43 10 49 77 0 0 0 0 0 42 38 0 14 0 29 0 99 0 0 47 51 68 100 15 63 0 71 0 0 0 57 0 64 11 22 44 40 0 2 0 0 76 4 47 73 0 
51 39 65 36 58 29 0 0 1 0 0 0 19 69 1 0 0 0 86 0 0 41 69 48 59 0 24 88 51 0 61 64 66 0 18 0 42 87 0 0 0 93 13 48 0 0 0 32 0 0 0 0 0 99 0 80 0 0 45 0 27 0 0 0 24 0 71 0 84 0 60 0 47 0 100 0 91 0 0 0 0 52 38 0 0 9 0 0 67 0 17 16 58 17 0 0 0 81 0 0 
54 0 0 11 98 0 0 31 9 0 0 0 0 28 87 15 0 95 0 31 22 0 0 97 15 0 0 74 0 0 0 44 19 0 0 0 0 0 0 92 3 0 0 1 89 0 21 0 0 68 0 56 16 0 27 41 0 2 0 0 0 18 0 77 0 86 0 0 72 60 0 72 51 100 0 0 0 87 0 96 0 47 33 0 18 0 0 45 0 69 78 0 0 0 49 0 18 0 70 0 
0 0 0 0 0 58 0 97 28 49 51 0 39 47 0 0 70 93 86 47 11 0 0 33 0 0 0 25 77 0 0 0 0 89 86 37 53 0 0 0 59 72 1 0 0 0 0 95 0 0 83 0 76 0 15 0 0 0 0 0 0 22 0 63 10 0 0 71 0 60 26 0 68 0 0 0 66 0 29 0 39 4 0 61 66 0 0 0 0 57 10 85 66 0 0 0 12 0 63 3 
0 45 24 18 67 68 8 0 90 26 0 34 0 30 0 0 0 0 79 46 0 70 57 59 0 11 0 0 82 0 0 54 12 0 0 66 39 0 0 0 55 0 0 62 51 2 20 83 0 21 0 0 0 0 23 0 0 75 0 69 0 1 76 92 16 0 0 15 0 0 0 0 100 91 0 66 40 66 0 0 0 0 0 84 65 0 0 0 9 55 74 0 0 0 43 0 56 0 98 65 
0 94 0 0 3 0 3 0 33 0 65 0 32 45 0 62 0 23 88 0 0 0 0 0 0 0 0 96 81 52 49 0 38 80 0 68 26 34 0 43 81 86 0 0 30 0 44 2 69 97 30 0 0 75 39 22 0 0 99 64 0 45 0 0 0 0 100 0 0 0 39 41 15 0 87 0 66 11 0 30 0 2 0 0 0 0 0 0 78 59 26 0 33 0 95 0 72 0 0 94 
31 0 0 0 0 0 81 3 65 0 82 34 0 0 67 0 27 0 9 97 0 75 0 42 0 63 52 0 0 0 8 0 22 0 31 47 85 63 0 54 0 0 29 0 0 76 73 42 0 0 30 0 63 0 80 88 0 87 64 0 98 81 0 70 18 0 0 0 0 0 0 0 63 0 0 29 0 0 55 0 64 36 51 10 0 29 94 33 0 7 0 43 0 66 0 25 0 0 46 0 
73 13 34 0 0 48 71 44 0 0 0 79 0 58 18 80 0 0 0 0 0 0 0 66 19 0 0 0 0 0 39 0 97 0 0 73 0 0 72 32 0 0 0 28 24 98 37 0 0 28 28 10 44 0 0 0 60 20 36 0 74 24 0 0 0 10 51 29 0 0 0 0 0 0 96 0 0 30 0 0 0 0 10 0 0 0 14 0 7 40 38 0 0 4 5 6 0 0 72 42 
48 0 0 0 0 0 53 0 0 0 0 59 42 90 0 7 0 0 0 0 13 0 65 29 8 49 42 0 21 0 0 54 13 0 0 51 0 0 48 90 0 17 90 90 0 0 0 46 0 91 24 64 16 0 0 0 0 0 41 75 0 0 13 22 15 0 95 0 0 96 0 40 71 0 0 39 0 0 64 0 2 0 42 4 58 0 13 58 0 0 79 0 0 0 92 0 85 0 11 0 
0 0 0 93 14 0 0 96 12 0 0 26 0 3 80 33 12 0 15 77 48 89 0 16 85 0 25 10 16 10 0 4 4 85 75 75 0 0 91 0 0 69 0 1 99 0 61 0 21 45 0 0 0 10 2 52 0 0 0 0 0 62 0 47 0 0 10 0 0 0 70 0 0 52 47 4 0 2 36 0 0 8 0 41 0 63 0 12 0 36 25 50 0 0 47 30 33 0 0 0 
0 0 0 0 73 0 2 23 0 0 15 59 44 0 0 72 0 0 67 0 0 54 0 29 59 25 0 79 0 59 0 0 0 87 0 46 0 0 51 6 0 0 0 89 70 61 66 2 0 19 0 84 40 0 8 0 10 0 0 0 83 0 46 16 0 0 0 0 42 0 64 0 0 38 33 0 0 0 51 10 42 0 0 39 20 94 0 0 0 43 62 0 50 0 0 0 0 53 83 10 
0 84 0 15 0 12 25 0 40 55 91 0 94 0 0 11 15 54 80 5 0 0 45 0 0 34 52 12 44 0 0 0 29 77 0 24 11 0 4 0 0 61 0 58 0 75 0 89 0 99 0 0 0 0 0 0 0 30 0 0 28 0 60 45 0 98 0 50 0 0 0 0 0 0 0 61 84 0 10 0 4 41 39 0 96 0 0 0 49 17 87 0 61 0 0 83 0 62 0 0 
56 10 0 49 0 0 0 0 0 0 38 0 0 56 99 45 0 0 0 3 0 0 0 0 21 96 14 78 76 0 9 0 91 0 0 0 17 0 12 0 32 0 54 16 43 2 73 0 0 74 88 0 0 0 3 0 0 68 11 78 21 16 23 0 0 0 20 53 0 98 67 30 57 0 18 66 65 0 0 0 58 0 20 96 92 0 0 0 0 0 0 0 0 0 0 47 70 0 0 83 
34 78 37 0 7 15 90 0 0 27 0 98 0 77 59 21 78 0 51 47 14 97 56 19 0 26 90 0 5 19 23 0 0 28 42 0 85 0 0 0 84 17 0 0 0 0 0 36 0 0 0 85 0 59 81 0 91 0 78 0 77 0 10 60 8 0 0 0 61 47 0 0 0 9 0 0 0 0 29 0 0 63 94 0 0 41 54 0 22 0 3 79 0 46 0 0 0 0 0 0 
34 0 0 45 29 35 46 0 0 73 0 0 0 0 0 71 31 0 1 70 0 23 0 0 0 0 74 0 41 0 7 82 77 18 48 6 0 33 97 0 19 0 0 55 0 0 0 0 100 0 23 85 58 0 0 68 0 6 33 8 93 0 0 73 0 0 0 0 28 57 0 0 64 0 0 0 0 0 94 14 13 0 0 0 0 54 0 50 0 0 0 0 0 5 0 0 66 0 0 32 
90 87 60 0 0 0 0 54 0 0 13 0 84 0 0 3 72 90 35 21 16 0 0 0 0 0 0 0 0 29 0 63 43 5 37 0 71 0 24 17 0 11 0 0 0 49 0 0 0 37 89 0 16 0 0 0 0 0 69 0 0 20 0 0 99 74 0 53 0 61 29 0 11 0 45 0 0 0 33 0 58 12 0 0 0 0 50 22 30 53 0 25 93 50 0 93 90 0 84 44 
96 18 0 49 39 97 0 0 8 11 57 46 72 0 39 0 45 76 0 0 58 0 84 0 43 0 84 39 0 35 0 0 35 47 67 0 0 0 29 93 13 0 47 8 50 0 0 41 32 82 0 13 0 84 0 15 0 0 3 0 26 0 14 47 78 3 0 0 25 77 65 0 22 67 0 0 9 78 0 7 0 0 0 49 0 22 0 30 42 0 0 38 0 53 21 47 0 65 0 77 
0 0 56 99 10 56 16 0 41 18 0 85 75 43 36 0 82 0 0 0 0 67 0 0 74 0 0 0 0 89 85 91 20 17 0 0 46 0 46 0 0 0 91 17 36 46 0 0 83 93 0 67 0 0 0 0 0 0 23 0 0 0 0 0 100 21 0 0 0 32 40 0 44 0 69 57 55 59 7 40 0 36 43 17 0 0 0 53 0 0 0 0 83 17 40 85 53 9 0 0 
0 0 0 0 0 20 0 4 77 0 33 0 0 0 0 20 48 0 0 100 0 42 39 20 18 24 100 0 0 99 0 0 0 62 0 97 0 93 0 0 88 57 0 63 68 86 24 0 93 0 1 0 58 10 93 0 52 0 1 25 0 88 0 70 0 79 28 31 72 93 45 73 40 17 78 10 74 26 0 38 79 25 62 87 0 3 0 0 0 0 27 10 39 65 97 7 38 15 20 0 
47 0 3 0 48 0 0 39 0 0 0 0 0 0 95 34 42 50 0 87 87 0 16 0 16 0 0 76 50 0 94 58 0 0 0 53 61 0 11 98 69 41 87 0 56 0 0 0 8 95 2 0 0 23 0 0 83 16 95 6 65 92 0 0 0 0 29 100 0 92 76 67 0 16 0 85 0 0 43 0 0 50 0 0 0 79 0 25 38 0 10 50 68 0 0 0 0 0 0 53 
28 77 0 0 0 0 0 80 58 0 0 95 65 80 82 58 92 98 2 0 0 0 64 65 56 0 0 9 55 0 0 0 59 0 26 96 0 0 35 0 0 65 14 0 3 0 7 0 2 48 2 36 0 44 87 0 0 66 27 26 6 0 0 96 0 22 0 0 0 30 59 22 2 58 0 66 0 33 0 0 0 0 50 61 0 0 0 93 0 83 39 68 0 0 91 42 0 0 41 0 
0 22 0 64 92 0 43 0 0 0 0 7 0 0 40 0 0 1 31 94 92 0 37 0 0 2 98 99 12 0 0 11 0 43 40 98 0 0 0 0 74 0 0 84 45 99 0 86 0 34 14 0 34 0 33 0 0 0 0 26 0 82 71 0 83 61 77 8 0 20 0 0 0 17 0 0 0 0 66 4 0 0 0 0 0 46 5 50 53 17 65 0 0 7 0 3 0 0 46 21 
4 12 0 59 0 0 0 45 31 0 42 24 85 95 0 0 61 0 80 29 94 3 0 45 0 0 0 0 65 28 0 0 18 98 0 98 80 45 55 0 32 43 68 0 81 0 63 76 24 0 0 0 19 16 86 0 0 83 34 35 0 0 45 62 67 0 47 0 22 0 0 59 0 0 49 0 43 95 0 5 92 47 0 0 0 0 0 0 21 40 97 0 91 0 17 0 0 0 0 73 
78 0 0 0 0 89 0 0 41 1 47 54 45 32 0 51 0 0 2 76 0 0 76 8 97 0 38 17 18 69 0 88 36 0 93 0 0 2 47 0 14 0 39 0 0 0 74 67 0 55 0 8 0 41 0 0 0 89 0 96 33 21 0 0 0 64 0 0 0 63 93 0 76 0 0 0 0 0 25 6 0 30 0 83 47 0 0 93 47 85 7 0 42 3 0 95 0 0 0 0 
0 0 0 0 3 0 0 29 0 0 3 0 0 0 53 0 0 60 0 0 0 0 0 0 30 52 8 0 3 0 0 88 8 0 46 0 0 0 84 0 90 0 0 0 51 0 0 0 0 0 0 64 0 97 41 0 0 0 0 94 0 0 21 81 0 69 0 13 42 16 72 0 4 0 18 12 56 72 0 0 85 33 0 0 70 0 66 90 0 53 38 0 0 0 0 0 96 0 81 0 
0 0 0 0 0 94 0 0 0 79 0 81 0 0 90 7 0 0 0 0 50 0 49 0 0 90 0 73 0 0 71 47 0 48 0 17 34 1 99 28 16 47 0 0 75 0 74 0 40 0 16 24 47 0 86 54 0 0 58 0 0 16 90 74 32 0 0 0 0 0 34 0 47 81 0 0 0 0 0 0 0 0 53 62 0 0 0 0 65 9 15 0 0 0 0 0 0 0 88 0 
0 38 0 42 0 0 62 0 13 0 24 5 3 20 0 0 0 0 0 0 83 0 69 55 76 0 46 0 14 82 0 14 10 55 55 44 78 0 27 89 0 0 0 0 85 0 40 84 0 88 0 22 0 0 0 19 97 59 76 65 44 0 67 0 0 0 0 0 0 97 14 93 73 0 70 63 98 0 46 72 11 0 83 0 0 0 0 84 0 0 20 0 41 46 0 0 81 88 0 30 
53 39 0 0 0 15 28 27 47 88 14 0 54 35 36 0 0 0 0 0 0 47 0 33 0 82 39 0 0 0 98 0 0 0 76 28 0 75 0 38 0 0 52 12 73 85 0 93 54 0 98 73 0 49 30 27 87 0 48 96 0 0 0 87 93 0 0 0 76 0 0 0 0 0 0 3 65 94 0 42 0 0 10 0 83 0 32 44 77 0 0 53 0 21 73 0 0 0 30 0 
