100 3824
34 80 9 38 39 97 35 74 28 48 15 74 39 66 0 40 80 2 72 39 60 41 75 55 48 48 52 25 62 21 45 96 95 90 34 51 8 75 7 91 11 97 89 97 49 95 31 96 87 38 16 55 50 61 56 27 20 74 62 67 80 46 14 70 18 57 66 96 94 92 35 63 53 37 50 42 82 58 85 24 76 99 93 17 75 67 53 35 4 96 69 43 1 70 23 79 10 33 87 95 
0 3 60 83 82 0 0 93 79 0 0 0 0 0 35 0 0 0 0 25 0 0 0 0 0 0 0 0 0 0 0 0 0 0 0 0 0 0 0 0 0 57 0 0 0 0 0 0 0 0 0 90 0 0 0 0 0 0 0 0 87 0 0 0 0 40 0 0 0 0 35 21 0 62 25 0 9 0 0 0 0 0 0 0 0 0 0 0 0 60 0 0 13 77 0 0 0 0 0 0 
3 0 0 0 0 0 65 0 55 94 0 0 0 0 0 0 0 29 0 0 0 0 8 0 4 0 0 0 0 0 0 0 0 0 0 0 0 0 36 36 94 5 0 50 73 0 0 62 21 0 0 0 0 0 0 0 0 0 0 0 0 0 0 0 0 0 0 0 8 76 0 0 0 0 0 0 0 0 0 0 0 0 0 0 0 0 76 0 0 81 52 0 0 0 0 0 0 0 0 0 
60 0 0 0 0 37 0 0 0 0 0 0 0 11 0 0 0 0 0 0 0 32 0 0 46 0 0 0 0 0 0 0 0 22 0 0 0 0 0 0 0 0 0 0 0 0 0 0 0 74 0 0 65 0 60 0 0 0 0 0 0 82 0 0 57 0 25 0 99 0 0 0 0 78 0 0 0 0 36 0 0 0 0 0 0 0 0 0 0 0 66 97 61 0 0 16 0 0 47 50 
83 0 0 0 74 10 0 0 0 9 0 0 57 0 0 0 0 0 0 0 51 0 0 0 0 0 0 0 22 0 87 0 0 0 0 0 0 0 89 83 0 0 0 0 0 0 0 0 0 0 0 0 0 56 4 0 7 0 0 0 0 0 59 0 0 0 0 60 0 0 13 0 73 39 0 0 0 0 0 26 0 0 74 0 0 0 0 0 0 0 0 0 0 12 0 0 86 0 0 0 
82 0 0 74 0 0 0 63 0 0 71 0 0 0 0 0 0 22 0 0 0 0 72 0 32 17 0 47 68 0 0 0 0 0 0 0 50 25 42 0 0 0 0 0 77 0 99 0 14 0 0 0 0 0 0 80 0 0 0 0 19 0 0 0 84 0 0 0 0 52 0 0 0 94 0 0 0 0 56 92 0 7 0 0 0 37 0 0 0 0 0 0 0 0 0 0 0 0 0 0 
0 0 37 10 0 87 0 14 89 0 92 0 0 0 73 9 63 0 0 10 0 0 0 69 0 0 38 0 0 0 0 0 96 0 0 0 0 0 0 87 80 0 12 0 9 0 0 0 0 0 0 12 79 0 20 15 0 0 0 0 99 0 0 0 0 78 0 0 0 0 0 0 0 30 0 0 0 0 0 92 0 0 0 0 0 0 0 0 0 0 95 0 0 30 0 0 0 59 96 67 
0 65 0 0 0 0 0 0 0 0 0 0 0 65 0 36 16 83 0 0 0 0 30 0 25 48 0 0 0 0 0 0 0 0 72 0 0 0 0 82 0 0 37 5 0 0 0 0 0 0 0 0 0 55 83 0 0 0 0 0 0 0 0 0 0 0 0 79 0 0 0 15 0 86 0 70 0 92 0 33 0 0 0 0 23 0 0 0 0 0 0 0 0 0 0 0 0 0 0 0 
93 0 0 0 63 14 0 0 0 0 0 92 0 0 0 0 46 0 0 30 0 0 0 0 0 47 0 93 0 0 0 0 76 11 0 0 0 36 59 0 75 0 0 84 24 0 0 0 0 0 89 79 0 0 20 0 25 0 0 0 0 87 0 0 0 0 0 0 0 0 83 46 0 18 0 0 0 0 38 0 0 0 80 72 0 0 0 0 0 0 0 0 26 35 0 95 77 0 0 0 
79 55 0 0 0 89 0 0 0 0 0 0 0 0 0 0 0 0 54 0 0 0 62 0 0 0 94 0 0 99 0 29 50 0 72 0 0 0 0 0 0 0 34 0 71 0 0 0 0 8 0 60 0 0 0 0 0 0 0 0 9 0 0 71 39 0 0 0 0 0 59 0 0 98 62 0 0 0 6 0 7 71 0 0 9 0 68 0 0 31 0 0 0 0 0 24 0 67 0 0 
0 94 0 9 0 0 0 0 0 0 0 43 0 75 0 0 0 0 61 0 0 80 0 76 80 0 39 51 0 0 0 0 0 42 0 3 0 90 0 65 0 0 29 0 0 86 0 0 0 0 0 0 0 0 0 97 0 0 0 20 0 69 0 95 0 0 0 0 0 40 0 0 0 0 0 0 0 58 0 0 0 0 0 0 0 0 0 39 0 0 0 0 77 43 0 0 0 52 0 0 
0 0 0 0 71 92 0 0 0 0 0 98 0 0 47 0 0 0 0 0 88 0 0 0 0 0 0 0 0 0 0 0 0 0 0 0 0 0 26 0 0 18 53 0 0 0 23 96 42 0 76 68 49 0 65 0 2 0 0 0 71 0 0 0 69 0 30 54 0 0 42 0 0 0 0 0 69 0 45 0 0 9 0 0 95 0 0 0 0 0 0 0 0 0 4 32 0 0 0 0 
0 0 0 0 0 0 0 92 0 43 98 0 0 3 0 0 0 0 0 46 0 69 0 75 0 0 12 44 0 0 53 0 0 0 0 0 0 66 0 0 12 0 0 0 0 5 85 0 0 32 77 0 0 0 20 0 12 0 64 0 0 0 0 0 5 0 0 0 0 0 0 37 0 0 0 0 57 31 66 0 0 0 0 30 0 46 0 17 0 0 0 0 0 0 0 0 0 24 0 0 
0 0 0 57 0 0 0 0 0 0 0 0 0 1 0 0 0 0 50 90 0 0 6 0 0 0 0 0 0 0 0 0 0 0 99 0 0 0 0 0 0 0 0 0 57 0 0 35 0 46 0 37 25 0 34 0 0 0 63 20 0 0 0 23 0 0 0 66 0 0 0 0 0 0 0 0 0 0 0 61 0 0 15 65 0 0 0 25 54 0 0 0 0 0 0 0 26 56 62 0 
0 0 11 0 0 0 65 0 0 75 0 3 1 0 0 0 0 0 0 33 0 0 58 0 35 0 0 0 0 0 82 0 51 0 0 21 0 0 11 0 0 0 0 0 0 0 0 0 95 0 0 0 0 0 0 56 0 0 0 0 0 0 0 0 0 0 0 0 0 65 0 0 0 81 0 68 0 72 0 0 95 0 0 0 0 67 0 0 0 0 0 0 0 2 0 0 0 0 57 0 
35 0 0 0 0 73 0 0 0 0 47 0 0 0 0 0 7 54 99 0 0 0 0 0 45 0 66 51 0 0 0 0 0 0 0 98 0 0 0 0 0 0 36 0 1 59 0 0 0 0 0 0 0 0 98 0 0 0 47 0 83 0 61 0 0 0 0 0 0 17 0 0 0 0 0 0 0 0 0 35 0 0 0 0 0 0 4 0 100 0 0 0 0 0 0 62 0 76 0 0 
0 0 0 0 0 9 36 0 0 0 0 0 0 0 0 0 59 26 0 0 0 0 0 0 0 0 0 0 0 19 0 0 0 0 0 0 81 0 0 0 45 67 5 0 0 0 0 0 27 0 0 75 0 52 9 0 73 49 0 0 0 0 0 0 47 0 48 0 0 10 0 11 0 0 0 0 0 0 0 0 0 0 0 0 0 0 0 0 4 24 0 0 13 0 66 0 0 0 0 0 
0 0 0 0 0 63 16 46 0 0 0 0 0 0 7 59 0 0 0 0 0 0 0 0 0 0 75 11 0 0 0 14 0 0 0 0 0 90 0 31 0 13 0 95 0 0 98 0 0 47 0 0 0 0 0 12 0 0 0 0 100 0 0 0 0 0 15 0 47 0 3 0 0 25 42 0 0 0 7 0 0 85 0 0 0 0 0 0 0 14 0 0 0 84 0 0 42 0 0 0 
0 29 0 0 22 0 83 0 0 0 0 0 0 0 54 26 0 21 0 0 0 0 59 0 0 0 0 14 42 0 11 0 0 0 0 0 0 0 17 89 0 0 0 0 0 0 0 85 0 0 0 31 0 49 0 0 0 0 0 0 0 0 0 0 0 0 0 80 64 43 0 0 0 31 0 68 0 0 47 0 61 0 2 0 0 33 61 0 0 31 0 0 0 99 92 0 0 0 0 0 
0 0 0 0 0 0 0 0 54 61 0 0 50 0 99 0 0 0 0 0 0 30 0 0 0 0 95 0 0 0 0 0 0 0 0 0 0 0 95 0 0 0 0 0 0 0 0 0 0 8 0 0 0 0 0 73 98 0 0 0 0 0 0 8 0 0 51 0 65 0 0 94 0 0 0 31 0 0 0 0 0 0 0 0 0 0 0 0 0 78 0 0 0 86 0 0 0 69 0 0 
25 0 0 0 0 10 0 30 0 0 0 46 90 33 0 0 0 0 0 0 86 0 0 0 0 0 0 0 29 0 0 0 0 0 42 0 0 0 0 0 0 0 36 0 0 0 0 0 0 0 64 0 22 37 48 19 37 75 0 0 0 0 0 0 0 0 0 20 9 7 0 70 0 14 0 59 0 0 16 0 0 0 0 74 85 0 0 0 79 16 0 0 0 68 0 0 71 0 0 0 
0 0 0 51 0 0 0 0 0 0 88 0 0 0 0 0 0 0 0 86 0 0 100 0 0 44 58 0 73 0 70 98 0 0 0 28 0 92 0 0 0 0 43 0 0 0 42 0 17 0 0 0 11 0 0 0 0 0 0 0 0 0 0 0 0 0 60 0 0 0 77 99 0 0 62 80 0 0 25 0 97 1 0 0 79 0 0 0 0 0 0 0 94 0 0 0 0 0 0 0 
0 0 32 0 0 0 0 0 0 80 0 69 0 0 0 0 0 0 30 0 0 0 0 0 34 0 0 48 78 0 0 0 0 0 86 30 0 52 35 0 0 0 0 0 0 0 0 0 0 0 0 0 30 0 0 0 0 0 0 0 0 0 0 39 0 0 0 0 0 0 0 0 0 68 0 0 0 0 0 0 0 0 11 0 0 0 0 0 0 0 0 0 0 12 0 0 0 0 97 0 
0 8 0 0 72 0 30 0 62 0 0 0 6 58 0 0 0 59 0 0 100 0 0 0 0 0 23 0 0 0 58 0 0 0 0 23 0 1 34 31 0 0 0 0 0 0 0 0 0 0 53 0 0 76 0 0 17 0 0 43 0 0 14 0 0 27 39 0 0 0 0 0 28 0 0 0 0 0 76 56 0 33 0 66 63 44 0 72 0 47 49 0 15 78 0 0 0 51 0 0 
0 0 0 0 0 69 0 0 0 76 0 75 0 0 0 0 0 0 0 0 0 0 0 0 0 0 0 52 0 0 0 0 0 0 55 0 0 0 0 100 61 0 0 0 0 91 0 0 0 0 0 53 0 0 0 0 0 0 62 50 54 0 0 45 0 0 0 0 0 0 0 81 50 0 0 0 100 0 0 0 82 66 0 72 68 55 0 0 0 0 0 11 15 0 0 0 0 0 7 0 
0 4 46 0 32 0 25 0 0 80 0 0 0 35 45 0 0 0 0 0 0 34 0 0 0 0 0 45 0 0 52 0 0 0 18 97 0 0 81 0 0 0 0 0 0 0 0 0 0 0 0 53 0 0 0 85 0 0 0 0 0 0 0 0 0 77 0 0 0 0 0 0 0 40 3 0 71 0 0 0 0 88 40 0 31 69 0 0 0 0 15 0 31 0 0 0 74 0 0 47 
0 0 0 0 17 0 48 47 0 0 0 0 0 0 0 0 0 0 0 0 44 0 0 0 0 0 0 0 0 0 0 0 0 0 0 0 0 54 0 18 0 14 0 0 0 1 0 57 0 78 80 0 0 0 0 0 0 0 0 0 0 0 98 62 0 0 0 0 0 0 0 6 0 0 0 0 0 0 0 1 0 65 0 49 0 0 0 0 0 0 27 0 0 35 24 59 0 0 0 83 
0 0 0 0 0 38 0 0 94 39 0 12 0 0 66 0 75 0 95 0 58 0 23 0 0 0 0 99 0 0 0 0 49 0 0 0 52 0 0 0 26 0 0 0 2 0 0 0 0 0 0 0 0 0 0 0 0 0 0 0 0 71 20 0 46 18 0 37 81 0 19 0 0 0 0 97 46 0 0 0 0 0 0 0 0 6 77 0 0 0 0 0 0 88 0 0 37 0 0 0 
0 0 0 0 47 0 0 93 0 51 0 44 0 0 51 0 11 14 0 0 0 48 0 52 45 0 99 0 0 58 0 95 0 0 0 0 0 0 0 0 76 0 0 0 0 0 94 0 92 0 0 7 0 0 81 86 35 0 0 0 0 0 0 0 0 0 77 0 99 0 0 0 0 0 0 52 75 0 0 0 84 0 0 84 0 68 0 0 0 0 0 0 0 0 0 0 0 0 0 83 
0 0 0 22 68 0 0 0 0 0 0 0 0 0 0 0 0 42 0 29 73 78 0 0 0 0 0 0 0 41 0 0 0 0 0 51 0 0 77 0 0 0 0 92 59 0 0 0 0 0 0 0 60 0 0 0 14 0 0 0 0 0 0 0 0 68 0 0 0 0 0 0 0 0 0 59 0 0 0 67 0 0 0 0 0 0 0 0 50 60 4 0 50 87 0 0 0 0 0 97 
0 0 0 0 0 0 0 0 99 0 0 0 0 0 0 19 0 0 0 0 0 0 0 0 0 0 0 58 41 0 0 0 44 0 0 0 0 0 0 97 21 22 0 0 0 8 0 0 37 69 28 100 90 57 0 0 0 0 0 0 62 42 0 0 0 91 0 0 0 0 0 0 0 0 0 0 0 0 13 0 61 0 0 0 0 0 0 0 0 74 0 0 0 0 0 0 0 73 0 0 
0 0 0 87 0 0 0 0 0 0 0 53 0 82 0 0 0 11 0 0 70 0 58 0 52 0 0 0 0 0 27 0 0 0 0 99 57 0 0 0 0 0 0 0 0 0 46 0 0 0 0 0 0 74 35 0 0 0 0 0 0 0 0 81 0 0 0 0 0 0 0 0 62 0 0 47 69 0 0 0 68 62 0 75 0 0 0 0 0 78 0 0 0 0 0 0 0 0 0 0 
0 0 0 0 0 0 0 0 29 0 0 0 0 0 0 0 14 0 0 0 98 0 0 0 0 0 0 95 0 0 0 82 0 0 0 0 0 46 0 0 61 0 0 0 32 0 0 40 0 0 89 0 0 44 0 0 0 96 0 0 0 0 0 63 0 0 0 0 0 0 43 13 0 0 0 0 60 85 0 0 0 85 0 0 15 0 0 0 0 55 0 0 0 0 0 0 0 0 0 0 
0 0 0 0 0 96 0 76 50 0 0 0 0 51 0 0 0 0 0 0 0 0 0 0 0 0 49 0 0 44 0 0 3 0 90 0 0 0 0 83 87 91 0 71 0 0 0 0 0 65 65 0 0 0 0 0 60 0 0 0 0 8 0 0 0 0 95 0 34 0 0 0 0 0 0 0 0 0 0 0 0 0 81 25 79 0 0 80 0 18 0 0 0 0 0 0 0 26 58 87 
0 0 22 0 0 0 0 11 0 42 0 0 0 0 0 0 0 0 0 0 0 0 0 0 0 0 0 0 0 0 0 0 0 0 0 0 0 0 0 0 73 0 0 0 97 0 0 0 0 0 0 0 0 67 42 0 0 0 78 0 11 0 0 83 0 0 0 0 0 0 51 0 0 3 0 66 0 0 0 0 0 39 0 0 0 0 0 0 67 0 27 59 0 13 0 0 0 0 0 0 
0 0 0 0 0 0 72 0 72 0 0 0 99 0 0 0 0 0 0 42 0 86 0 55 18 0 0 0 0 0 0 0 90 0 0 0 0 0 0 0 0 0 77 0 39 74 20 0 0 0 71 0 0 0 0 0 0 0 26 66 37 89 5 0 0 29 0 0 0 44 0 0 88 0 0 0 0 0 0 66 13 0 0 0 0 0 70 0 0 0 0 11 0 0 52 0 0 27 0 0 
0 0 0 0 0 0 0 0 0 3 0 0 0 21 98 0 0 0 0 0 28 30 23 0 97 0 0 0 51 0 99 0 0 0 0 98 41 12 0 77 0 0 0 0 61 0 64 0 0 0 0 0 0 0 0 67 0 0 0 0 0 0 0 0 52 0 0 0 0 0 0 0 73 92 0 0 0 0 0 0 0 0 0 0 11 0 0 20 0 0 0 32 0 44 47 0 0 13 0 16 
0 0 0 0 50 0 0 0 0 0 0 0 0 0 0 81 0 0 0 0 0 0 0 0 0 0 52 0 0 0 57 0 0 0 0 41 56 77 0 0 0 0 0 0 0 80 0 0 0 0 0 0 0 0 0 14 0 0 0 0 48 98 13 0 0 0 0 37 0 0 0 0 0 88 1 27 0 0 0 0 26 0 0 0 68 0 21 0 58 0 39 13 0 0 0 36 40 0 50 0 
0 0 0 0 25 0 0 36 0 90 0 66 0 0 0 0 90 0 0 0 92 52 1 0 0 54 0 0 0 0 0 46 0 0 0 12 77 0 0 0 0 0 0 72 0 0 0 0 0 0 0 0 0 0 0 0 0 0 0 0 0 0 0 0 0 0 0 0 0 80 0 0 54 0 0 0 0 0 0 0 0 0 39 0 77 0 0 0 0 0 0 0 0 58 74 61 0 0 89 0 
0 36 0 89 42 0 0 59 0 0 26 0 0 11 0 0 0 17 95 0 0 35 34 0 81 0 0 0 77 0 0 0 0 0 0 0 0 0 0 0 34 0 0 0 0 0 0 3 0 48 0 89 0 0 0 0 0 0 54 12 0 0 0 0 0 93 0 71 65 0 0 0 0 67 0 0 0 0 0 0 0 0 0 86 0 0 0 0 62 0 0 0 0 0 0 0 0 25 0 0 
0 36 0 83 0 87 82 0 0 65 0 0 0 0 0 0 31 89 0 0 0 0 31 100 0 18 0 0 0 97 0 0 83 0 0 77 0 0 0 16 58 0 0 0 0 0 0 29 84 88 0 0 0 0 16 0 0 0 0 0 0 0 0 0 78 45 0 4 17 68 66 0 0 0 0 0 77 0 0 0 0 0 0 0 0 0 0 4 0 0 27 0 0 0 0 0 0 0 0 0 
0 94 0 0 0 80 0 75 0 0 0 12 0 0 0 45 0 0 0 0 0 0 0 61 0 0 26 76 0 21 0 61 87 73 0 0 0 0 34 58 0 0 0 0 0 0 0 0 25 0 72 0 0 0 0 22 0 0 90 0 0 0 0 0 0 24 0 0 0 1 0 0 0 0 0 0 0 0 0 31 74 0 0 0 0 0 0 25 0 2 0 83 0 0 0 0 51 0 0 23 
57 5 0 0 0 0 0 0 0 0 18 0 0 0 0 67 13 0 0 0 0 0 0 0 0 14 0 0 0 22 0 0 91 0 0 0 0 0 0 0 0 0 0 0 0 77 0 0 0 0 0 0 0 0 0 0 0 0 12 0 0 0 0 0 0 0 0 0 0 0 0 0 0 10 0 0 0 0 18 0 0 0 0 78 0 0 0 68 0 38 0 0 0 0 0 0 86 57 23 95 
0 0 0 0 0 12 37 0 34 29 53 0 0 0 36 5 0 0 0 36 43 0 0 0 0 0 0 0 0 0 0 0 0 0 77 0 0 0 0 0 0 0 22 36 0 0 0 75 0 18 0 0 0 0 19 0 0 0 0 52 0 98 0 0 0 30 29 30 99 0 0 0 0 90 38 0 0 0 0 0 0 0 0 92 0 39 0 25 27 0 0 0 0 0 0 0 0 0 89 92 
0 50 0 0 0 0 5 84 0 0 0 0 0 0 0 0 95 0 0 0 0 0 0 0 0 0 0 0 92 0 0 0 71 0 0 0 0 72 0 0 0 0 36 67 0 77 0 0 43 0 0 0 0 38 0 0 0 0 24 44 0 0 0 0 0 94 0 0 9 65 0 0 0 0 0 0 0 13 0 0 0 0 9 0 96 0 0 0 0 40 57 41 0 0 0 0 0 0 0 0 
0 73 0 0 77 9 0 24 71 0 0 0 57 0 1 0 0 0 0 0 0 0 0 0 0 0 2 0 59 0 0 32 0 97 39 61 0 0 0 0 0 0 0 0 0 0 0 0 0 67 0 0 0 0 0 0 0 0 0 0 0 31 16 0 0 0 39 30 0 0 0 0 0 0 0 0 0 0 0 0 0 0 0 0 27 0 0 0 0 0 32 0 0 0 0 84 0 0 0 71 
0 0 0 0 0 0 0 0 0 86 0 5 0 0 59 0 0 0 0 0 0 0 0 91 0 1 0 0 0 8 0 0 0 0 74 0 80 0 0 0 0 77 0 77 0 0 0 0 0 0 0 0 0 0 0 30 17 33 0 0 0 4 51 52 0 0 48 0 0 15 0 0 0 22 0 0 0 0 0 0 0 75 0 0 0 0 0 0 0 0 0 0 39 0 0 0 11 0 0 73 
0 0 0 0 99 0 0 0 0 0 23 85 0 0 0 0 98 0 0 0 42 0 0 0 0 0 0 94 0 0 46 0 0 0 20 64 0 0 0 0 0 0 0 0 0 0 0 33 0 0 81 0 0 25 0 0 0 0 0 0 40 0 0 0 12 12 0 34 0 0 0 0 0 0 0 0 0 0 12 0 22 0 0 48 0 56 0 0 12 20 12 0 0 27 0 0 70 35 0 55 
0 62 0 0 0 0 0 0 0 0 96 0 35 0 0 0 0 85 0 0 0 0 0 0 0 57 0 0 0 0 0 40 0 0 0 0 0 0 3 29 0 0 75 0 0 0 33 0 0 0 43 0 0 54 0 0 0 0 0 49 0 0 0 82 0 0 0 15 0 0 0 19 0 0 0 0 0 0 0 0 0 0 0 40 0 0 5 66 0 92 0 0 0 0 0 0 0 0 31 41 
0 21 0 0 14 0 0 0 0 0 42 0 0 95 0 27 0 0 0 0 17 0 0 0 0 0 0 92 0 37 0 0 0 0 0 0 0 0 0 84 25 0 0 43 0 0 0 0 0 0 0 38 50 30 0 0 0 0 0 0 0 0 88 0 0 0 98 0 0 0 0 35 0 0 94 0 0 0 0 0 65 0 72 0 0 0 0 6 85 0 0 0 60 0 0 0 0 0 0 65 
0 0 74 0 0 0 0 0 8 0 0 32 46 0 0 0 47 0 8 0 0 0 0 0 0 78 0 0 0 69 0 0 65 0 0 0 0 0 48 88 0 0 18 0 67 0 0 0 0 0 0 0 37 0 0 0 0 0 0 0 0 0 0 18 0 0 0 0 67 0 0 0 0 0 93 20 0 0 0 0 0 23 0 0 10 40 0 0 0 22 0 0 0 0 0 0 0 0 0 0 
0 0 0 0 0 0 0 89 0 0 76 77 0 0 0 0 0 0 0 64 0 0 53 0 0 80 0 0 0 28 0 89 65 0 71 0 0 0 0 0 72 0 0 0 0 0 81 43 0 0 0 0 0 0 0 0 0 0 98 10 0 0 0 3 66 51 0 2 0 55 23 0 0 0 0 0 0 63 0 0 0 61 85 0 2 0 0 22 86 0 0 0 0 0 0 0 22 35 58 46 
90 0 0 0 0 12 0 79 60 0 68 0 37 0 0 75 0 31 0 0 0 0 0 53 53 0 0 7 0 100 0 0 0 0 0 0 0 0 89 0 0 0 0 0 0 0 0 0 38 0 0 87 100 0 0 0 0 25 16 0 0 0 0 0 0 0 87 87 0 0 0 0 0 0 0 34 0 0 0 0 0 0 0 0 39 0 49 51 0 0 0 0 0 38 0 2 0 0 0 47 
0 0 65 0 0 79 0 0 0 0 49 0 25 0 0 0 0 0 0 22 11 30 0 0 0 0 0 0 60 90 0 0 0 0 0 0 0 0 0 0 0 0 0 0 0 0 0 0 50 37 0 100 10 0 0 45 0 0 0 0 58 0 0 82 19 0 0 82 0 0 0 0 12 0 0 63 0 0 0 0 0 0 0 0 0 0 0 0 0 0 0 0 0 0 0 0 0 17 0 37 
0 0 0 56 0 0 55 0 0 0 0 0 0 0 0 52 0 49 0 37 0 0 76 0 0 0 0 0 0 57 74 44 0 67 0 0 0 0 0 0 0 0 0 38 0 0 25 54 30 0 0 0 0 8 0 0 0 0 0 0 0 10 0 95 0 0 0 0 0 77 0 0 0 0 0 0 0 70 0 0 0 86 0 0 9 0 0 0 0 0 0 96 0 0 0 0 0 0 0 0 
0 0 60 4 0 20 83 20 0 0 65 20 34 0 98 9 0 0 0 48 0 0 0 0 0 0 0 81 0 0 35 0 0 42 0 0 0 0 0 16 0 0 19 0 0 0 0 0 0 0 0 0 0 0 0 0 0 0 85 0 0 92 0 0 0 0 63 0 0 0 0 0 0 97 0 0 28 0 0 0 0 0 0 0 0 0 0 0 0 0 41 46 0 0 0 0 0 0 0 0 
0 0 0 0 80 15 0 0 0 97 0 0 0 56 0 0 12 0 73 19 0 0 0 0 85 0 0 86 0 0 0 0 0 0 0 67 14 0 0 0 22 0 0 0 0 30 0 0 0 0 0 0 45 0 0 0 0 0 0 0 0 0 97 99 0 0 0 0 0 48 0 0 89 0 0 0 0 67 48 27 0 36 0 79 0 42 21 0 0 0 0 0 43 99 0 0 0 0 0 0 
0 0 0 7 0 0 0 25 0 0 2 12 0 0 0 73 0 0 98 37 0 0 17 0 0 0 0 35 14 0 0 0 60 0 0 0 0 0 0 0 0 0 0 0 0 17 0 0 0 0 0 0 0 0 0 0 0 16 7 0 0 0 0 0 0 0 0 42 0 0 0 0 0 0 0 0 0 0 0 0 0 0 48 53 0 0 0 0 40 90 0 0 0 0 0 0 0 0 45 0 
0 0 0 0 0 0 0 0 0 0 0 0 0 0 0 49 0 0 0 75 0 0 0 0 0 0 0 0 0 0 0 96 0 0 0 0 0 0 0 0 0 0 0 0 0 33 0 0 0 0 0 25 0 0 0 0 16 67 0 0 0 36 0 0 0 0 0 0 0 0 0 60 0 0 67 0 33 0 99 0 0 60 0 56 0 0 0 0 0 0 0 0 0 0 0 0 0 38 0 0 
0 0 0 0 0 0 0 0 0 0 0 64 63 0 47 0 0 0 0 0 0 0 0 62 0 0 0 0 0 0 0 0 0 78 26 0 0 0 54 0 90 12 0 24 0 0 0 0 0 0 98 16 0 0 85 0 7 0 0 0 91 15 0 0 43 0 27 0 0 0 0 0 64 0 0 59 0 0 0 83 0 26 19 0 0 38 0 0 39 0 0 64 0 0 0 0 0 4 0 0 
0 0 0 0 0 0 0 0 0 20 0 0 20 0 0 0 0 0 0 0 0 0 43 50 0 0 0 0 0 0 0 0 0 0 66 0 0 0 12 0 0 0 52 44 0 0 0 49 0 0 10 0 0 0 0 0 0 0 0 0 0 72 96 0 0 0 0 0 81 0 0 0 0 0 0 0 0 91 0 0 0 0 0 0 0 0 0 0 0 0 0 0 20 61 0 0 51 0 0 0 
87 0 0 0 19 99 0 0 9 0 71 0 0 0 83 0 100 0 0 0 0 0 0 54 0 0 0 0 0 62 0 0 0 11 37 0 48 0 0 0 0 0 0 0 0 0 40 0 0 0 0 0 58 0 0 0 0 0 91 0 0 0 0 0 13 0 0 0 49 0 12 0 0 0 0 0 0 87 0 30 0 0 0 0 90 39 0 73 0 0 0 0 0 0 0 76 7 0 0 0 
0 0 82 0 0 0 0 87 0 69 0 0 0 0 0 0 0 0 0 0 0 0 0 0 0 0 71 0 0 42 0 0 8 0 89 0 98 0 0 0 0 0 98 0 31 4 0 0 0 0 0 0 0 10 92 0 0 36 15 72 0 0 0 0 55 64 0 0 89 90 4 0 0 0 0 0 32 0 100 0 0 0 0 0 0 0 0 0 0 0 0 39 0 0 97 0 5 0 0 0 
0 0 0 59 0 0 0 0 0 0 0 0 0 0 61 0 0 0 0 0 0 0 14 0 0 98 20 0 0 0 0 0 0 0 5 0 13 0 0 0 0 0 0 0 16 51 0 0 88 0 0 0 0 0 0 97 0 0 0 96 0 0 0 0 0 0 0 0 0 0 44 58 0 0 0 67 0 0 73 0 0 0 0 0 0 64 26 0 0 0 0 0 0 56 0 81 0 0 29 0 
0 0 0 0 0 0 0 0 71 95 0 0 23 0 0 0 0 0 8 0 0 39 0 45 0 62 0 0 0 0 81 63 0 83 0 0 0 0 0 0 0 0 0 0 0 52 0 82 0 18 3 0 82 95 0 99 0 0 0 0 0 0 0 0 0 0 22 0 0 0 15 93 0 29 0 0 0 0 0 0 0 0 0 0 0 0 0 40 0 0 0 0 11 0 0 0 0 0 0 0 
0 0 57 0 84 0 0 0 39 0 69 5 0 0 0 47 0 0 0 0 0 0 0 0 0 0 46 0 0 0 0 0 0 0 0 52 0 0 0 78 0 0 0 0 0 0 12 0 0 0 66 0 19 0 0 0 0 0 43 0 13 55 0 0 0 0 0 0 29 10 48 0 0 0 0 0 0 0 0 64 0 0 0 0 0 30 0 38 0 57 0 92 0 0 0 0 0 0 0 0 
40 0 0 0 0 78 0 0 0 0 0 0 0 0 0 0 0 0 0 0 0 0 27 0 77 0 18 0 68 91 0 0 0 0 29 0 0 0 93 45 24 0 30 94 0 0 12 0 0 0 51 0 0 0 0 0 0 0 0 0 0 64 0 0 0 0 0 0 0 0 0 6 0 19 0 0 0 50 28 0 0 0 0 0 0 50 96 4 50 0 0 0 0 0 30 0 0 0 5 0 
0 0 25 0 0 0 0 0 0 0 30 0 0 0 0 48 15 0 51 0 60 0 39 0 0 0 0 77 0 0 0 0 95 0 0 0 0 0 0 0 0 0 29 0 39 48 0 0 98 0 0 87 0 0 63 0 0 0 27 0 0 0 0 22 0 0 32 33 0 0 0 0 0 39 17 91 0 0 0 0 24 0 0 0 69 0 0 0 0 0 0 0 0 0 0 0 0 0 0 0 
0 0 0 60 0 0 79 0 0 0 54 0 66 0 0 0 0 80 0 20 0 0 0 0 0 0 37 0 0 0 0 0 0 0 0 0 37 0 71 4 0 0 30 0 30 0 34 15 0 0 2 87 82 0 0 0 42 0 0 0 0 0 0 0 0 0 33 0 0 87 0 0 0 0 65 0 0 0 97 0 0 42 38 0 0 0 0 0 0 0 0 0 0 0 73 95 98 8 2 0 
0 8 99 0 0 0 0 0 0 0 0 0 0 0 0 0 47 64 65 9 0 0 0 0 0 0 81 99 0 0 0 0 34 0 0 0 0 0 65 17 0 0 99 9 0 0 0 0 0 67 0 0 0 0 0 0 0 0 0 81 49 89 0 0 29 0 0 0 34 0 0 95 0 0 0 94 23 0 0 0 21 0 4 0 0 0 0 0 0 1 0 0 0 0 0 60 0 0 0 0 
0 76 0 0 52 0 0 0 0 40 0 0 0 65 17 10 0 43 0 7 0 0 0 0 0 0 0 0 0 0 0 0 0 0 44 0 0 80 0 68 1 0 0 65 0 15 0 0 0 0 55 0 0 77 0 48 0 0 0 0 0 90 0 0 10 0 0 87 0 0 0 0 0 0 43 0 0 0 0 0 0 0 0 0 0 0 0 0 0 0 0 0 0 0 0 0 0 0 0 0 
35 0 0 13 0 0 0 83 59 0 42 0 0 0 0 0 3 0 0 0 77 0 0 0 0 0 19 0 0 0 0 43 0 51 0 0 0 0 0 66 0 0 0 0 0 0 0 0 0 0 23 0 0 0 0 0 0 0 0 0 12 4 44 15 48 0 0 0 0 0 0 0 43 0 0 0 0 0 97 14 85 0 0 52 0 0 0 0 0 0 0 84 67 92 99 0 0 49 0 0 
21 0 0 0 0 0 15 46 0 0 0 37 0 0 0 11 0 0 94 70 99 0 0 81 0 6 0 0 0 0 0 13 0 0 0 0 0 0 0 0 0 0 0 0 0 0 0 19 35 0 0 0 0 0 0 0 0 60 0 0 0 0 58 93 0 6 0 0 95 0 0 0 91 0 0 0 76 0 0 0 0 0 0 0 0 0 0 40 0 0 88 26 0 0 0 0 0 0 0 96 
0 0 0 73 0 0 0 0 0 0 0 0 0 0 0 0 0 0 0 0 0 0 28 50 0 0 0 0 0 0 62 0 0 0 88 73 0 54 0 0 0 0 0 0 0 0 0 0 0 0 0 0 12 0 0 89 0 0 64 0 0 0 0 0 0 0 0 0 0 0 43 91 0 0 0 0 0 0 0 0 0 0 0 0 0 62 0 58 0 0 0 0 0 0 0 14 0 0 26 0 
62 0 78 39 94 30 86 18 98 0 0 0 0 81 0 0 25 31 0 14 0 68 0 0 40 0 0 0 0 0 0 0 0 3 0 92 88 0 67 0 0 10 90 0 0 22 0 0 0 0 0 0 0 0 97 0 0 0 0 0 0 0 0 29 0 19 39 0 0 0 0 0 0 0 0 85 0 3 83 0 49 0 0 0 0 0 13 0 0 0 0 0 0 0 0 0 91 0 0 0 
25 0 0 0 0 0 0 0 62 0 0 0 0 0 0 0 42 0 0 0 62 0 0 0 3 0 0 0 0 0 0 0 0 0 0 0 1 0 0 0 0 0 38 0 0 0 0 0 94 93 0 0 0 0 0 0 0 67 0 0 0 0 0 0 0 0 17 65 0 43 0 0 0 0 0 0 0 76 0 0 53 0 0 29 6 0 0 0 61 0 0 0 0 61 0 0 0 0 0 0 
0 0 0 0 0 0 70 0 0 0 0 0 0 68 0 0 0 68 31 59 80 0 0 0 0 0 97 52 59 0 47 0 0 66 0 0 27 0 0 0 0 0 0 0 0 0 0 0 0 20 0 34 63 0 0 0 0 0 59 0 0 0 67 0 0 0 91 0 94 0 0 0 0 85 0 0 0 0 0 0 46 0 0 0 15 18 58 0 0 0 0 0 0 0 0 0 0 0 54 0 
9 0 0 0 0 0 0 0 0 0 69 57 0 0 0 0 0 0 0 0 0 0 0 100 71 0 46 75 0 0 69 60 0 0 0 0 0 0 0 77 0 0 0 0 0 0 0 0 0 0 0 0 0 0 28 0 0 33 0 0 0 32 0 0 0 0 0 0 23 0 0 76 0 0 0 0 0 0 1 0 0 0 0 0 0 0 0 0 0 37 0 0 0 30 0 0 0 82 0 76 
0 0 0 0 0 0 92 0 0 58 0 31 0 72 0 0 0 0 0 0 0 0 0 0 0 0 0 0 0 0 0 85 0 0 0 0 0 0 0 0 0 0 0 13 0 0 0 0 0 0 63 0 0 70 0 67 0 0 0 91 87 0 0 0 0 50 0 0 0 0 0 0 0 3 76 0 0 0 0 0 0 0 60 0 0 0 0 0 0 0 1 0 50 0 0 0 0 0 0 0 
0 0 36 0 56 0 0 38 6 0 45 66 0 0 0 0 7 47 0 16 25 0 76 0 0 0 0 0 0 13 0 0 0 0 0 0 0 0 0 0 0 18 0 0 0 0 12 0 0 0 0 0 0 0 0 48 0 99 0 0 0 100 73 0 0 28 0 97 0 0 97 0 0 83 0 0 1 0 83 0 0 0 84 0 0 0 32 0 0 61 0 0 28 0 0 0 0 56 0 0 
0 0 0 26 92 92 33 0 0 0 0 0 61 0 35 0 0 0 0 0 0 0 56 0 0 1 0 0 67 0 0 0 0 0 66 0 0 0 0 0 31 0 0 0 0 0 0 0 0 0 0 0 0 0 0 27 0 0 83 0 30 0 0 0 64 0 0 0 0 0 14 0 0 0 0 0 0 0 0 0 0 0 0 0 0 0 29 0 0 0 0 0 96 85 0 69 95 71 0 0 
0 0 0 0 0 0 0 0 7 0 0 0 0 95 0 0 0 61 0 0 97 0 0 82 0 0 0 84 0 61 68 0 0 0 13 0 26 0 0 0 74 0 0 0 0 0 22 0 65 0 0 0 0 0 0 0 0 0 0 0 0 0 0 0 0 0 24 0 21 0 85 0 0 49 53 46 0 0 0 0 0 0 0 0 0 0 0 0 0 0 3 0 0 79 0 0 72 0 0 0 
0 0 0 0 7 0 0 0 71 0 9 0 0 0 0 0 85 0 0 0 1 0 33 66 88 65 0 0 0 0 62 85 0 39 0 0 0 0 0 0 0 0 0 0 0 75 0 0 0 23 61 0 0 86 0 36 0 60 26 0 0 0 0 0 0 0 0 42 0 0 0 0 0 0 0 0 0 0 0 0 0 0 0 0 17 0 0 61 0 0 0 0 0 0 0 0 0 0 0 37 
0 0 0 74 0 0 0 80 0 0 0 0 15 0 0 0 0 2 0 0 0 11 0 0 40 0 0 0 0 0 0 0 81 0 0 0 0 39 0 0 0 0 0 9 0 0 0 0 72 0 85 0 0 0 0 0 48 0 19 0 0 0 0 0 0 0 0 38 4 0 0 0 0 0 0 0 0 60 84 0 0 0 0 0 0 42 0 43 0 0 0 0 0 75 0 0 0 0 0 99 
0 0 0 0 0 0 0 72 0 0 0 30 65 0 0 0 0 0 0 74 0 0 66 72 0 49 0 84 0 0 75 0 25 0 0 0 0 0 86 0 0 78 92 0 0 0 48 40 0 0 0 0 0 0 0 79 53 56 0 0 0 0 0 0 0 0 0 0 0 0 52 0 0 0 29 0 0 0 0 0 0 0 0 20 0 10 29 13 0 0 0 44 0 99 0 0 0 0 0 0 
0 0 0 0 0 0 23 0 9 0 95 0 0 0 0 0 0 0 0 85 79 0 63 68 31 0 0 0 0 0 0 15 79 0 0 11 68 77 0 0 0 0 0 96 27 0 0 0 0 10 2 39 0 9 0 0 0 0 0 0 90 0 0 0 0 0 69 0 0 0 0 0 0 0 6 15 0 0 0 0 0 17 0 0 77 56 0 0 24 54 0 65 0 0 0 13 0 0 19 55 
0 0 0 0 37 0 0 0 0 0 0 46 0 67 0 0 0 33 0 0 0 0 44 55 69 0 6 68 0 0 0 0 0 0 0 0 0 0 0 0 0 0 39 0 0 0 56 0 0 40 0 0 0 0 0 42 0 0 38 0 39 0 64 0 30 50 0 0 0 0 0 0 62 0 0 18 0 0 0 0 0 0 42 10 56 0 0 0 0 0 0 0 0 0 0 80 90 0 35 0 
0 76 0 0 0 0 0 0 68 0 0 0 0 0 4 0 0 61 0 0 0 0 0 0 0 0 77 0 0 0 0 0 0 0 70 0 21 0 0 0 0 0 0 0 0 0 0 5 0 0 0 49 0 0 0 21 0 0 0 0 0 0 26 0 0 96 0 0 0 0 0 0 0 13 0 58 0 0 32 29 0 0 0 29 0 0 0 0 0 24 0 64 33 0 24 75 0 0 0 0 
0 0 0 0 0 0 0 0 0 39 0 17 25 0 0 0 0 0 0 0 0 0 72 0 0 0 0 0 0 0 0 0 80 0 0 20 0 0 0 4 25 68 25 0 0 0 0 66 6 0 22 51 0 0 0 0 0 0 0 0 73 0 0 40 38 4 0 0 0 0 0 40 58 0 0 0 0 0 0 0 0 61 43 13 0 0 0 0 0 0 0 0 0 0 73 0 53 0 0 37 
0 0 0 0 0 0 0 0 0 0 0 0 54 0 100 4 0 0 0 79 0 0 0 0 0 0 0 0 50 0 0 0 0 67 0 0 58 0 62 0 0 0 27 0 0 0 12 0 85 0 86 0 0 0 0 0 40 0 39 0 0 0 0 0 0 50 0 0 0 0 0 0 0 0 61 0 0 0 0 0 0 0 0 0 24 0 0 0 0 0 0 63 71 19 31 0 45 0 0 28 
60 81 0 0 0 0 0 0 31 0 0 0 0 0 0 24 14 31 78 16 0 0 47 0 0 0 0 0 60 74 78 55 18 0 0 0 0 0 0 0 2 38 0 40 0 0 20 92 0 22 0 0 0 0 0 0 90 0 0 0 0 0 0 0 57 0 0 0 1 0 0 0 0 0 0 0 37 0 61 0 0 0 0 0 54 0 24 0 0 24 0 0 0 0 0 10 0 0 0 0 
0 52 66 0 0 95 0 0 0 0 0 0 0 0 0 0 0 0 0 0 0 0 49 0 15 27 0 0 4 0 0 0 0 27 0 0 39 0 0 27 0 0 0 57 32 0 12 0 0 0 0 0 0 0 41 0 0 0 0 0 0 0 0 0 0 0 0 0 0 0 0 88 0 0 0 0 0 1 0 0 3 0 0 0 0 0 0 0 0 0 0 0 0 0 0 0 0 64 0 0 
0 0 97 0 0 0 0 0 0 0 0 0 0 0 0 0 0 0 0 0 0 0 0 11 0 0 0 0 0 0 0 0 0 59 11 32 13 0 0 0 83 0 0 41 0 0 0 0 0 0 0 0 0 96 46 0 0 0 64 0 0 39 0 0 92 0 0 0 0 0 84 26 0 0 0 0 0 0 0 0 0 0 0 44 65 0 64 0 63 0 0 0 1 0 0 0 0 0 0 0 
13 0 61 0 0 0 0 26 0 77 0 0 0 0 0 13 0 0 0 0 94 0 15 15 31 0 0 0 50 0 0 0 0 0 0 0 0 0 0 0 0 0 0 0 0 39 0 0 60 0 0 0 0 0 0 43 0 0 0 20 0 0 0 11 0 0 0 0 0 0 67 0 0 0 0 0 0 50 28 96 0 0 0 0 0 0 33 0 71 0 0 1 0 0 0 89 0 93 92 64 
77 0 0 12 0 30 0 35 0 43 0 0 0 2 0 0 84 99 86 68 0 12 78 0 0 35 88 0 87 0 0 0 0 13 0 44 0 58 0 0 0 0 0 0 0 0 27 0 0 0 0 38 0 0 0 99 0 0 0 61 0 0 56 0 0 0 0 0 0 0 92 0 0 0 61 0 30 0 0 85 79 0 75 99 0 0 0 0 19 0 0 0 0 0 0 43 68 21 0 0 
0 0 0 0 0 0 0 0 0 0 4 0 0 0 0 66 0 92 0 0 0 0 0 0 0 24 0 0 0 0 0 0 0 0 52 47 0 74 0 0 0 0 0 0 0 0 0 0 0 0 0 0 0 0 0 0 0 0 0 0 0 97 0 0 0 30 0 73 0 0 99 0 0 0 0 0 0 0 0 0 0 0 0 0 0 0 24 73 31 0 0 0 0 0 0 22 23 20 0 4 
0 0 16 0 0 0 0 95 24 0 32 0 0 0 62 0 0 0 0 0 0 0 0 0 0 59 0 0 0 0 0 0 0 0 0 0 36 61 0 0 0 0 0 0 84 0 0 0 0 0 0 2 0 0 0 0 0 0 0 0 76 0 81 0 0 0 0 95 60 0 0 0 14 0 0 0 0 0 0 69 0 0 0 0 13 80 75 0 0 10 0 0 89 43 22 0 0 0 0 0 
0 0 0 86 0 0 0 77 0 0 0 0 26 0 0 0 42 0 0 71 0 0 0 0 74 0 37 0 0 0 0 0 0 0 0 0 40 0 0 0 51 86 0 0 0 11 70 0 0 0 22 0 0 0 0 0 0 0 0 51 7 5 0 0 0 0 0 98 0 0 0 0 0 91 0 0 0 0 0 95 72 0 0 0 0 90 0 53 45 0 0 0 0 68 23 0 0 0 0 0 
0 0 0 0 0 59 0 0 67 52 0 24 56 0 76 0 0 0 69 0 0 0 51 0 0 0 0 0 0 73 0 0 26 0 27 13 0 0 25 0 0 57 0 0 0 0 35 0 0 0 35 0 17 0 0 0 0 38 4 0 0 0 0 0 0 0 0 8 0 0 49 0 0 0 0 0 82 0 56 71 0 0 0 0 0 0 0 0 0 0 64 0 93 21 20 0 0 0 0 45 
0 0 47 0 0 96 0 0 0 0 0 0 62 57 0 0 0 0 0 0 0 97 0 7 0 0 0 0 0 0 0 0 58 0 0 0 50 89 0 0 0 23 89 0 0 0 0 31 0 0 58 0 0 0 0 0 45 0 0 0 0 0 29 0 0 5 0 2 0 0 0 0 26 0 0 54 0 0 0 0 0 0 0 0 19 35 0 0 0 0 0 0 92 0 0 0 0 0 0 0 
0 0 50 0 0 67 0 0 0 0 0 0 0 0 0 0 0 0 0 0 0 0 0 0 47 83 0 83 97 0 0 0 87 0 0 16 0 0 0 0 23 95 92 0 71 73 55 41 65 0 46 47 37 0 0 0 0 0 0 0 0 0 0 0 0 0 0 0 0 0 0 96 0 0 0 0 76 0 0 0 0 37 99 0 55 0 0 37 28 0 0 0 64 0 4 0 0 45 0 0 
