100 3134
60 5 54 2 90 68 41 62 53 60 75 26 61 19 22 0 79 80 90 18 50 51 48 65 6 87 45 69 90 25 90 95 47 23 82 65 85 49 60 6 25 90 46 16 58 80 96 23 76 68 72 66 64 30 56 39 45 44 4 67 52 92 81 3 30 39 42 16 44 47 27 9 7 25 76 79 33 80 43 6 53 11 32 65 6 90 65 6 49 0 42 11 46 76 37 26 53 26 2 27 
48 92 0 78 96 76 44 48 0 0 46 88 26 0 76 99 37 20 47 9 48 6 18 0 39 52 98 21 18 53 0 0 69 24 6 66 68 98 31 0 58 91 0 0 5 93 54 42 63 18 24 0 0 87 58 17 76 9 76 0 99 42 0 3 82 85 13 73 92 81 79 70 91 74 95 90 75 94 51 0 15 27 6 49 47 27 73 0 0 49 29 27 25 54 87 45 72 38 80 59 
92 0 39 27 65 24 0 42 13 19 100 61 37 76 87 36 41 0 28 53 0 0 42 55 57 8 63 94 60 0 0 99 77 7 0 0 0 56 7 16 30 12 54 0 56 50 100 0 78 0 84 0 5 90 8 0 7 33 11 5 0 18 13 80 58 85 71 82 0 3 58 59 0 0 0 31 0 5 73 90 21 20 65 84 0 11 7 78 18 40 47 55 32 0 82 0 65 5 98 0 
0 39 25 0 46 13 60 18 68 34 84 70 0 0 31 54 16 9 0 57 0 1 76 0 0 90 0 0 18 69 0 64 14 74 83 84 21 1 70 81 0 89 17 2 68 71 82 90 0 25 67 54 48 83 0 5 67 0 87 0 59 85 5 10 0 0 0 0 47 12 0 0 0 77 0 0 77 47 4 94 22 0 64 6 32 67 92 0 83 12 0 7 83 69 0 73 23 0 17 57 
78 27 0 68 0 82 0 55 83 80 62 76 9 6 41 57 46 59 0 40 100 0 73 0 17 69 81 0 57 76 26 20 6 0 63 30 89 0 0 47 32 98 35 49 0 0 74 64 31 0 93 36 67 40 84 0 25 47 0 2 44 22 5 37 0 48 0 0 77 0 74 72 22 31 2 15 31 90 92 0 0 0 28 90 48 0 40 9 0 17 85 52 0 60 33 3 39 0 87 62 
96 65 46 0 11 0 0 98 45 14 31 0 0 21 0 64 69 10 71 17 0 47 97 58 60 20 97 59 67 0 0 56 3 50 93 59 47 51 0 0 53 16 0 93 0 0 2 84 72 81 0 48 66 99 94 90 34 94 56 0 48 29 52 34 21 42 0 75 0 48 62 48 0 87 8 79 89 88 100 47 77 0 72 61 7 20 0 0 79 89 60 89 32 24 6 4 59 0 0 0 
76 24 13 82 0 18 45 15 0 0 35 0 0 61 0 69 27 50 4 66 28 69 14 12 0 0 89 51 70 0 91 0 8 0 0 49 69 52 52 95 0 44 5 74 0 14 51 7 70 0 69 7 65 0 63 77 0 0 1 0 11 70 87 10 8 73 0 0 95 79 88 26 12 73 91 92 73 35 42 19 67 0 37 94 17 66 58 28 55 28 93 43 95 12 73 0 14 15 32 0 
44 0 60 0 0 45 93 40 24 48 20 1 95 0 67 0 0 0 0 69 40 0 69 41 0 0 17 95 0 0 0 41 26 37 0 13 11 58 0 75 89 86 0 62 54 39 0 99 26 51 88 0 0 92 28 58 0 10 4 60 15 53 10 54 88 63 97 70 0 77 19 69 70 0 17 1 0 95 2 46 96 45 8 51 15 0 10 83 48 96 88 11 0 0 4 63 30 0 12 24 
48 42 18 55 98 15 40 2 0 85 0 37 74 63 87 90 0 16 36 94 8 73 0 0 36 91 18 97 73 24 22 47 27 91 33 66 74 83 55 29 0 86 86 25 74 79 30 33 85 34 97 84 95 6 0 42 77 88 67 33 63 0 97 68 10 53 61 45 28 17 0 4 81 8 62 77 32 0 51 44 92 29 32 21 0 38 31 2 0 74 45 38 58 58 50 41 0 0 56 75 
0 13 68 83 45 0 24 0 77 6 89 25 0 67 0 29 36 0 76 73 20 0 8 62 55 71 59 87 0 92 21 80 53 78 57 0 0 43 35 0 0 84 40 0 52 74 77 30 88 0 38 97 0 0 34 0 68 2 0 0 95 54 31 15 37 53 15 0 70 39 31 78 33 56 38 25 66 81 97 7 41 25 26 11 0 33 60 0 11 91 34 41 21 0 47 81 34 23 12 31 
0 19 34 80 14 0 48 85 6 21 18 0 14 0 0 25 94 0 72 7 0 67 0 11 76 20 92 0 0 42 8 8 28 72 0 0 89 0 64 90 89 18 24 86 68 59 24 42 81 24 15 100 58 51 0 17 16 94 91 6 67 0 7 25 22 7 0 29 19 43 86 2 0 82 0 78 0 76 52 0 96 72 0 88 56 20 95 3 4 36 32 58 10 0 4 86 0 0 46 9 
46 100 84 62 31 35 20 0 89 18 67 5 30 47 80 81 63 32 19 73 51 28 0 0 54 50 72 28 70 2 81 68 0 16 51 96 62 19 0 0 73 0 70 82 50 75 0 84 6 17 0 0 0 14 84 92 0 0 96 1 98 65 0 0 98 93 30 70 97 68 93 45 85 75 0 63 48 61 81 28 87 0 62 86 2 81 2 0 0 12 37 0 0 77 59 22 0 66 61 0 
88 61 70 76 0 0 1 37 25 0 5 27 71 0 26 91 7 41 0 19 0 85 0 73 87 77 0 99 0 0 85 6 0 0 45 69 36 47 34 0 51 0 16 0 0 17 96 5 77 1 100 77 63 0 0 52 66 57 31 20 67 0 80 7 65 43 0 12 0 0 0 0 0 0 0 88 0 23 7 0 42 10 76 99 45 10 55 76 93 8 0 0 77 0 0 8 0 64 92 0 
26 37 0 9 0 0 95 74 0 14 30 71 81 0 15 35 0 0 53 0 94 78 0 54 59 54 16 63 3 7 0 50 30 49 0 0 0 69 1 100 87 3 58 0 89 0 46 78 15 31 25 38 0 43 0 45 33 21 54 0 68 0 0 0 95 94 22 0 7 45 58 0 4 1 70 39 96 59 0 77 0 0 62 69 72 35 69 59 68 46 0 0 94 80 95 73 17 82 58 31 
0 76 0 6 21 61 0 63 67 0 47 0 0 0 68 9 7 23 62 10 24 32 0 33 0 33 88 0 9 75 9 0 94 37 74 52 0 0 81 0 73 0 34 0 29 0 89 62 18 51 18 11 0 27 63 41 39 17 81 0 0 13 63 64 81 0 96 14 0 80 0 12 36 84 0 88 0 89 22 26 28 21 92 76 17 72 53 46 95 94 98 54 77 81 20 64 1 72 0 0 
76 87 31 41 0 0 67 87 0 0 80 26 15 68 0 69 72 47 55 0 55 89 66 34 63 80 7 27 91 58 0 70 61 0 38 14 0 62 33 0 22 33 1 52 0 0 18 60 82 52 3 26 0 57 18 96 57 37 55 0 0 0 60 94 0 41 31 29 0 41 0 63 72 0 0 0 97 62 0 89 89 56 0 78 92 9 6 19 0 0 3 0 84 0 56 0 0 0 20 59 
99 36 54 57 64 69 0 90 29 25 81 91 35 9 69 60 91 40 41 71 65 17 12 2 0 56 81 82 60 34 97 60 54 76 4 16 0 57 18 67 0 0 1 66 35 17 9 57 74 98 62 84 0 42 12 0 100 37 75 0 24 39 46 71 67 12 75 94 91 31 58 0 20 90 0 0 64 0 97 76 19 57 8 0 90 38 5 41 68 11 19 96 0 61 7 35 0 0 12 17 
37 41 16 46 69 27 0 0 36 94 63 7 0 7 72 91 0 37 3 0 29 10 39 25 0 69 0 65 0 39 18 29 0 18 0 15 7 44 60 80 52 0 35 0 59 44 35 45 12 0 36 3 35 0 71 2 0 0 76 61 89 95 72 10 86 90 40 85 94 0 60 0 21 95 80 13 0 73 15 1 75 45 0 11 49 0 0 2 46 93 34 25 68 87 12 47 97 83 3 60 
20 0 9 59 10 50 0 16 0 0 32 41 0 23 47 40 37 6 98 25 87 19 25 64 69 9 0 18 30 81 23 0 31 54 20 46 29 10 82 51 0 25 14 0 71 72 0 30 99 44 74 0 74 43 60 70 96 14 0 6 46 88 15 12 28 63 87 78 52 100 38 0 44 0 0 39 56 80 35 89 86 76 36 83 67 87 48 22 77 92 15 71 10 44 67 0 92 48 76 95 
47 28 0 0 71 4 0 36 76 72 19 0 53 62 55 41 3 98 0 66 60 0 65 66 0 67 11 0 69 21 17 24 89 92 92 5 0 94 37 41 82 23 0 73 70 13 83 0 0 62 44 67 13 57 37 15 71 0 53 95 30 0 75 13 11 1 8 0 66 4 0 94 67 83 17 33 2 45 15 2 55 12 94 39 21 32 0 88 64 59 98 19 32 26 79 38 70 85 0 84 
9 53 57 40 17 66 69 94 73 7 73 19 0 10 0 71 0 25 66 64 0 0 54 0 4 53 0 51 1 0 25 0 94 2 36 38 38 0 20 49 0 31 0 0 48 27 78 0 86 30 31 0 53 86 89 7 14 31 0 45 86 0 38 41 0 34 15 1 76 64 0 0 0 14 38 54 83 0 33 0 0 45 60 52 0 0 91 96 64 0 19 95 65 55 87 73 76 37 6 38 
48 0 0 100 0 28 40 8 20 0 51 0 94 24 55 65 29 87 60 0 6 63 32 0 46 99 21 100 28 0 70 94 97 5 77 45 25 19 54 49 0 0 15 41 6 0 0 57 0 0 0 0 70 21 74 82 88 73 38 44 76 0 69 39 97 99 35 0 0 78 86 74 79 31 8 0 23 12 59 0 97 99 0 0 91 80 24 53 0 49 61 54 0 82 75 53 99 35 0 45 
6 0 1 0 47 69 0 73 0 67 28 85 78 32 89 17 10 19 0 0 63 15 87 62 24 0 89 73 0 32 30 10 72 40 94 91 27 90 75 0 0 0 93 94 58 4 86 35 36 69 10 94 74 21 79 55 28 6 65 44 78 12 48 71 0 71 0 100 0 45 38 88 0 71 53 2 10 54 27 29 0 86 94 67 28 67 48 40 23 34 0 71 29 0 32 28 69 26 2 0 
18 42 76 73 97 14 69 0 8 0 0 0 0 0 66 12 39 25 65 54 32 87 52 0 36 78 0 63 0 29 29 0 52 68 63 83 28 65 7 91 44 9 82 0 48 61 2 1 6 50 0 100 95 2 29 14 100 5 44 0 51 24 0 31 0 46 28 24 16 3 0 0 0 1 49 74 43 65 31 0 16 52 42 16 22 26 0 16 74 0 5 61 52 9 93 55 46 68 7 0 
0 55 0 0 58 12 41 0 62 11 0 73 54 33 34 2 25 64 66 0 0 62 0 47 72 73 5 34 42 88 0 0 27 62 0 100 64 15 87 66 81 88 0 0 63 0 39 0 24 70 0 46 0 43 80 100 93 0 0 32 91 22 87 0 0 48 44 39 2 62 100 34 84 86 82 82 32 75 72 0 48 0 0 0 49 36 0 0 52 86 0 46 78 40 74 43 57 54 65 14 
39 57 0 17 60 0 0 36 55 76 54 87 59 0 63 0 0 69 0 4 46 24 36 72 81 0 53 28 0 0 69 28 0 94 90 85 12 94 93 0 55 0 0 86 48 36 31 59 48 60 79 0 64 86 32 15 92 0 22 85 83 0 66 52 67 4 82 73 28 0 68 0 23 20 36 7 0 0 12 35 28 8 2 81 77 20 57 0 30 21 6 0 88 94 76 77 24 77 84 69 
52 8 90 69 20 0 0 91 71 20 50 77 54 33 80 56 69 9 67 53 99 0 78 73 0 0 0 4 39 44 66 17 0 89 71 68 4 6 62 59 58 98 0 84 13 29 53 40 0 8 0 98 0 32 0 26 92 0 92 33 77 72 90 35 45 44 28 26 50 54 65 60 69 86 72 0 0 14 79 92 83 15 40 41 5 85 57 29 69 96 3 99 21 69 3 0 39 0 0 68 
98 63 0 81 97 89 17 18 59 92 72 0 16 88 7 81 0 0 11 0 21 89 0 5 53 0 76 29 72 22 41 0 3 48 16 52 39 58 46 81 0 82 83 63 88 18 96 72 0 72 5 74 83 25 24 18 67 44 35 96 47 0 26 1 0 86 84 10 1 85 0 0 34 83 10 48 6 0 73 74 33 86 8 37 47 66 44 0 10 0 2 0 0 86 16 0 69 54 38 46 
21 94 0 0 59 51 95 97 87 0 28 99 63 0 27 82 65 18 0 51 100 73 63 34 28 4 29 50 0 0 0 57 9 65 58 38 0 88 0 0 63 87 0 0 92 98 22 80 20 0 92 62 30 54 0 89 51 87 22 0 0 50 99 15 12 15 0 54 6 47 31 34 75 0 49 24 3 59 57 96 94 0 69 0 27 82 0 9 54 82 34 0 45 92 0 42 30 49 68 1 
18 60 18 57 67 70 0 73 0 0 70 0 3 9 91 60 0 30 69 1 28 0 0 42 0 39 72 0 0 34 21 79 0 94 16 57 67 27 0 3 51 60 52 0 0 84 26 0 58 88 9 86 90 65 1 56 94 0 52 54 30 2 49 13 0 59 33 95 37 48 0 85 72 35 37 0 40 66 0 0 0 95 58 0 71 95 51 0 22 0 38 81 57 0 50 0 0 62 97 70 
53 0 69 76 0 0 0 24 92 42 2 0 7 75 58 34 39 81 21 0 0 32 29 88 0 44 22 0 34 0 79 0 46 65 29 62 0 22 0 81 53 26 35 22 73 29 0 62 65 66 4 3 16 30 53 40 95 73 100 0 84 21 29 37 84 98 25 56 0 11 26 15 0 88 0 37 84 87 8 6 80 14 40 72 16 27 47 0 63 0 45 39 0 0 59 6 5 36 0 49 
0 0 0 26 0 91 0 22 21 8 81 85 0 9 0 97 18 23 17 25 70 30 29 0 69 66 41 0 21 79 0 0 65 21 48 38 37 83 57 92 77 42 1 99 99 27 34 64 8 95 0 84 0 0 56 59 90 25 0 80 91 0 96 0 81 9 0 48 57 34 18 24 24 0 76 36 36 0 90 12 20 0 67 0 0 0 4 0 36 89 68 0 58 65 44 91 32 93 81 46 
0 99 64 20 56 0 41 47 80 8 68 6 50 0 70 60 29 0 24 0 94 10 0 0 28 17 0 57 79 0 0 80 2 32 32 92 4 0 0 0 78 63 97 6 26 51 56 89 27 14 93 0 78 6 81 0 65 65 0 87 41 97 0 64 65 18 66 87 0 57 65 0 20 34 79 0 94 33 36 78 39 0 0 68 29 67 60 78 35 0 94 0 0 73 100 0 100 96 80 0 
69 77 14 6 3 8 26 27 53 28 0 0 30 94 61 54 0 31 89 94 97 72 52 27 0 0 3 9 0 46 65 2 50 100 35 44 0 39 57 98 23 0 24 52 0 49 22 78 0 0 71 0 41 0 66 26 62 64 34 59 75 79 43 80 36 15 59 90 1 45 55 0 70 34 10 33 98 45 0 34 89 0 64 34 0 74 85 37 0 0 74 54 60 50 16 49 0 66 0 0 
24 7 74 0 50 0 37 91 78 72 16 0 49 37 0 76 18 54 92 2 5 40 68 62 94 89 48 65 94 65 21 32 100 26 75 0 70 93 62 0 41 4 88 2 88 32 35 18 69 93 0 56 0 30 0 36 86 78 0 44 0 16 97 0 41 0 17 56 0 85 45 0 77 54 0 10 2 54 41 3 54 18 99 90 97 55 95 0 61 2 72 12 30 12 56 5 41 95 84 80 
6 0 83 63 93 0 0 33 57 0 51 45 0 74 38 4 0 20 92 36 77 94 63 0 90 71 16 58 16 29 48 32 35 75 0 72 22 84 48 19 10 66 59 45 100 84 0 54 81 53 7 0 75 22 0 89 60 94 58 41 0 46 31 53 36 0 37 0 59 55 53 78 36 0 16 36 90 5 0 37 15 85 0 81 93 0 0 53 52 17 86 7 33 69 61 0 5 3 97 0 
66 0 84 30 59 49 13 66 0 0 96 69 0 52 14 16 15 46 5 38 45 91 83 100 85 68 52 38 57 62 38 92 44 0 72 33 2 72 59 25 47 0 20 89 0 26 0 0 0 47 0 0 41 25 52 11 0 86 98 0 80 56 89 9 71 49 0 37 0 95 14 0 41 40 36 66 58 0 46 1 47 0 30 0 0 75 11 0 0 0 1 8 63 0 10 0 0 40 0 52 
68 0 21 89 47 69 11 74 0 89 62 36 0 0 0 0 7 29 0 38 25 27 28 64 12 4 39 0 67 0 37 4 0 70 22 2 0 0 50 21 55 63 14 14 9 75 25 17 83 89 35 41 13 84 36 28 19 58 66 27 8 0 74 60 12 47 66 67 26 33 0 99 54 0 0 0 0 0 2 0 0 23 0 55 0 97 0 78 91 99 54 84 70 54 13 4 0 37 62 11 
98 56 1 0 51 52 58 83 43 0 19 47 69 0 62 57 44 10 94 0 19 90 65 15 94 6 58 88 27 22 83 0 39 93 84 72 0 0 83 0 0 0 47 99 0 26 0 85 85 27 62 87 0 57 6 45 68 81 0 25 19 75 0 66 87 35 58 53 27 0 51 50 0 0 89 33 84 0 38 26 55 50 92 84 0 75 80 19 78 52 30 0 25 59 0 76 62 31 23 60 
31 7 70 0 0 52 0 55 35 64 0 34 1 81 33 18 60 82 37 20 54 75 7 87 93 62 46 0 0 0 57 0 57 62 48 59 50 83 83 65 59 78 0 18 22 89 42 0 95 23 51 84 8 0 0 75 0 0 22 24 0 36 54 63 47 38 0 1 35 98 55 84 81 49 32 19 0 0 69 72 69 14 54 50 9 0 57 0 6 92 15 0 50 58 74 22 48 42 27 39 
0 16 81 47 0 95 75 29 0 90 0 0 100 0 0 67 80 51 41 49 49 0 91 66 0 59 81 0 3 81 92 0 98 0 19 25 21 0 65 55 49 93 0 0 71 0 26 0 45 31 79 72 49 73 98 85 0 23 0 0 0 0 43 0 0 11 68 91 90 9 0 89 49 39 85 0 0 46 2 0 47 53 100 18 92 0 83 80 0 0 56 62 24 0 93 11 0 0 80 0 
58 30 0 32 53 0 89 0 0 89 73 51 87 73 22 0 52 0 82 0 0 0 44 81 55 58 0 63 51 53 77 78 23 41 10 47 55 0 59 49 5 10 100 0 90 52 27 9 0 73 46 61 44 41 1 17 0 15 0 35 0 53 9 65 12 0 0 97 43 67 31 0 97 18 73 0 0 38 25 80 0 0 82 90 80 23 77 98 0 27 99 75 54 96 96 77 7 0 15 39 
91 12 89 98 16 44 86 86 84 18 0 0 3 0 33 0 0 25 23 31 0 0 9 88 0 98 82 87 60 26 42 63 0 4 66 0 63 0 78 93 10 96 0 0 56 72 12 52 75 36 0 57 22 0 0 29 64 0 26 24 0 67 30 0 0 92 60 0 0 44 0 6 0 12 0 51 81 32 70 0 0 43 0 67 36 26 0 26 0 0 23 68 50 73 0 54 20 0 0 57 
0 54 17 35 0 5 0 86 40 24 70 16 58 34 1 1 35 14 0 0 15 93 82 0 0 0 83 0 52 35 1 97 24 88 59 20 14 47 0 0 100 0 0 13 2 79 0 43 65 11 43 82 0 9 53 89 38 74 77 81 73 3 64 36 9 58 88 100 41 39 87 22 0 0 0 0 82 0 58 93 79 0 76 44 23 97 20 0 42 51 46 0 63 0 52 53 94 20 40 54 
0 0 2 49 93 74 62 25 0 86 82 0 0 0 52 66 0 0 73 0 41 94 0 0 86 84 63 0 0 22 99 6 52 2 45 89 14 99 18 0 0 0 13 43 0 0 83 27 0 22 76 26 73 2 74 54 38 84 30 16 11 59 0 94 44 72 85 0 0 65 0 26 67 47 5 0 82 22 47 0 0 0 28 0 63 23 75 43 31 64 0 97 92 45 69 29 67 60 0 0 
5 56 68 0 0 0 54 74 52 68 50 0 89 29 0 35 59 71 70 48 6 58 48 63 48 13 88 92 0 73 99 26 0 88 100 0 9 0 22 71 90 56 2 0 0 25 48 40 1 0 0 85 52 53 71 50 100 65 87 0 0 57 93 1 0 0 55 24 0 18 71 89 88 17 0 0 95 68 0 0 11 29 0 61 5 8 0 33 51 66 39 44 77 66 0 0 0 71 0 0 
93 50 71 0 0 14 39 79 74 59 75 17 0 0 0 17 44 72 13 27 0 4 61 0 36 29 18 98 84 29 27 51 49 32 84 26 75 26 89 0 52 72 79 0 25 65 95 89 66 75 95 88 5 71 15 21 47 59 74 100 0 0 0 65 35 77 0 88 80 89 24 86 0 87 32 0 0 90 0 48 0 50 0 0 19 0 0 0 0 14 77 0 45 89 0 64 0 0 34 48 
54 100 82 74 2 51 0 30 77 24 0 96 46 89 18 9 35 0 83 78 0 86 2 39 31 53 96 22 26 0 34 56 22 35 0 0 25 0 42 26 27 12 0 83 48 95 93 0 58 79 94 7 65 0 18 14 89 14 42 39 0 0 74 44 82 46 91 60 34 42 0 23 9 63 0 75 14 64 65 0 0 63 89 87 16 0 89 80 0 0 54 75 29 51 17 70 83 0 82 0 
42 0 90 64 84 7 99 33 30 42 84 5 78 62 60 57 45 30 0 0 57 35 1 0 59 40 72 80 0 62 64 89 78 18 54 0 17 85 0 0 9 52 43 27 40 89 0 93 0 99 54 7 44 0 87 94 63 0 21 23 20 80 29 54 22 82 76 48 0 15 1 39 47 22 41 0 0 0 51 10 0 38 91 0 5 51 0 0 76 39 95 0 0 23 62 14 28 47 32 98 
63 78 0 31 72 70 26 85 88 81 6 77 15 18 82 74 12 99 0 86 0 36 6 24 48 0 0 20 58 65 8 27 0 69 81 0 83 85 95 45 0 75 65 0 1 66 58 0 46 29 70 80 28 63 60 94 54 0 0 88 42 96 18 66 32 15 75 83 96 58 25 35 28 41 0 30 42 0 0 89 100 0 21 72 68 3 0 70 90 84 0 62 38 0 35 79 0 0 0 46 
18 0 25 0 81 0 51 34 0 24 17 1 31 51 52 98 0 44 62 30 0 69 50 70 60 8 72 0 88 66 95 14 0 93 53 47 89 27 23 31 73 36 11 22 0 75 79 99 29 31 11 36 85 99 69 5 73 91 0 94 45 94 0 27 68 0 48 46 34 87 0 0 8 89 98 80 0 17 0 0 83 98 88 24 99 96 0 25 69 70 0 22 3 16 11 61 0 0 16 95 
24 84 67 93 0 69 88 97 38 15 0 100 25 18 3 62 36 74 44 31 0 10 0 0 79 0 5 92 9 4 0 93 71 0 7 0 35 62 51 79 46 0 43 76 0 95 94 54 70 11 48 31 36 18 84 37 38 0 0 14 35 91 13 0 96 95 0 30 41 6 0 57 42 82 44 69 47 93 25 64 0 9 76 15 35 18 48 14 14 14 65 52 1 7 3 34 0 84 47 30 
0 0 54 36 48 7 0 84 97 100 0 77 38 11 26 84 3 0 67 0 0 94 100 46 0 98 74 62 86 3 84 0 0 56 0 0 41 87 84 72 61 57 82 26 85 88 7 7 80 36 31 0 6 0 0 22 80 61 68 0 27 0 4 0 51 22 2 55 0 97 0 73 19 0 12 18 11 0 0 0 93 66 100 41 68 0 0 0 0 15 41 66 0 84 0 0 90 99 94 65 
0 5 48 67 66 65 0 95 0 58 0 63 0 0 0 0 35 74 13 53 70 74 95 0 64 0 83 30 90 16 0 78 41 0 75 41 13 0 8 49 44 22 0 73 52 5 65 44 28 85 36 6 79 46 0 0 0 64 84 56 62 82 94 0 0 60 25 85 0 17 0 0 15 0 0 63 21 81 0 95 67 91 0 0 0 60 81 90 92 56 51 0 71 34 0 0 0 72 26 11 
87 90 83 40 99 0 92 6 0 51 14 0 43 27 57 42 0 43 57 86 21 21 2 43 86 32 25 54 65 30 0 6 0 30 22 25 84 57 0 73 41 0 9 2 53 71 0 0 63 99 18 0 46 18 0 19 33 36 83 50 61 38 97 12 53 93 100 0 94 38 69 17 96 45 71 19 0 0 61 86 58 12 31 74 13 95 24 48 97 58 13 0 15 55 0 68 82 85 53 1 
58 8 0 84 94 63 28 0 34 0 84 0 0 63 18 12 71 60 37 89 74 79 29 80 32 0 24 0 1 53 56 81 66 0 0 52 36 6 0 98 1 0 53 74 71 15 18 87 60 69 84 0 0 0 65 14 85 0 80 85 71 0 55 61 33 63 34 0 94 69 0 30 49 54 82 65 64 74 35 26 23 0 0 74 0 66 42 0 46 38 78 2 91 16 9 42 0 0 70 0 
17 0 5 0 90 77 58 42 0 17 92 52 45 41 96 0 2 70 15 7 82 55 14 100 15 26 18 89 56 40 59 0 26 36 89 11 28 45 75 85 17 29 89 54 50 21 14 94 94 5 37 22 0 19 14 0 0 0 54 68 22 12 0 42 34 50 0 1 0 40 0 82 83 0 0 83 76 29 22 46 8 37 85 88 45 0 0 0 65 22 55 24 43 9 48 45 93 0 0 63 
76 7 67 25 34 0 0 77 68 16 0 66 33 39 57 100 0 96 71 14 88 28 100 93 92 92 67 51 94 95 90 65 62 86 60 0 19 68 0 0 0 64 38 38 100 47 89 63 54 73 38 80 0 33 85 0 34 51 69 11 0 57 17 0 10 2 68 13 51 87 18 34 43 13 74 0 99 76 0 4 83 95 86 7 31 70 27 17 70 31 0 43 0 63 53 0 0 87 51 0 
9 33 0 47 94 0 10 88 2 94 0 57 21 17 37 37 0 14 0 31 73 6 5 0 0 0 44 87 0 73 25 65 64 78 94 86 58 81 0 23 15 0 74 84 65 59 14 0 0 91 0 61 64 36 0 0 51 0 0 4 0 86 0 0 78 0 56 11 0 7 25 46 0 23 0 0 0 32 0 23 38 48 62 67 6 0 68 0 0 71 96 96 9 0 25 1 38 72 5 96 
76 11 87 0 56 1 4 67 0 91 96 31 54 81 55 75 76 0 53 0 38 65 44 0 22 92 35 22 52 100 0 0 34 0 58 98 66 0 22 0 0 26 77 30 87 74 42 21 0 0 0 68 84 83 80 54 69 0 22 0 0 0 19 0 87 96 61 0 67 89 98 15 77 34 88 72 72 0 75 0 47 2 77 13 1 0 94 0 0 0 0 20 0 75 51 80 63 22 71 0 
0 5 0 2 0 0 60 33 0 6 1 20 0 0 0 0 61 6 95 45 44 44 0 32 85 33 96 0 54 0 80 87 59 44 41 0 27 25 24 0 35 24 81 16 0 100 39 23 88 94 14 0 56 50 85 68 11 4 0 38 0 67 23 56 55 0 90 61 0 89 80 5 16 99 0 99 0 0 17 56 9 97 0 64 89 29 10 26 12 0 32 8 17 35 17 29 37 0 84 74 
99 0 59 44 48 11 15 63 95 67 98 67 68 0 0 24 89 46 30 86 76 78 51 91 83 77 47 0 30 84 91 41 75 0 0 80 8 19 0 0 0 0 73 11 0 0 0 20 42 45 35 27 62 61 71 22 0 0 0 0 98 92 80 0 0 0 30 0 42 18 16 31 84 43 6 2 97 2 14 0 18 66 0 0 64 52 36 0 41 50 34 0 0 3 59 66 94 94 0 79 
42 18 85 22 29 70 53 0 54 0 65 0 0 13 0 39 95 88 0 0 0 12 24 22 0 72 0 50 2 21 0 97 79 16 46 56 0 75 36 0 53 67 3 59 57 0 0 80 96 94 91 0 82 38 0 12 57 86 0 67 92 26 50 53 85 95 18 0 0 54 84 48 91 66 28 0 0 86 55 92 46 81 84 39 80 0 47 0 75 100 95 23 100 0 4 36 10 4 56 94 
0 13 5 5 52 87 10 97 31 7 0 80 0 63 60 46 72 15 75 38 69 48 0 87 66 90 26 99 49 29 96 0 43 97 31 89 74 0 54 43 9 30 64 0 93 0 74 29 18 0 13 4 94 97 55 0 17 0 19 23 80 50 24 53 59 91 0 60 74 81 88 49 66 73 91 43 28 80 0 90 0 50 59 45 0 0 54 65 0 96 0 0 98 67 6 43 30 0 0 60 
3 80 10 37 34 10 54 68 15 25 0 7 0 64 94 71 10 12 13 41 39 71 31 0 52 35 1 15 13 37 0 64 80 0 53 9 60 66 63 0 65 0 36 94 1 65 44 54 66 27 0 0 0 12 61 42 0 0 0 56 0 53 53 90 52 0 21 30 97 23 0 58 4 36 46 92 80 0 29 66 0 55 0 67 35 42 84 76 59 0 24 19 82 66 20 47 0 9 49 63 
82 58 0 0 21 8 88 10 37 22 98 65 95 81 0 67 86 28 11 0 97 0 0 0 67 45 0 12 0 84 81 65 36 41 36 71 12 87 47 0 12 0 9 44 0 35 82 22 32 68 96 51 0 53 33 34 10 78 87 55 0 85 59 52 37 58 12 86 0 26 80 69 0 0 4 0 10 15 10 0 0 0 44 35 23 20 23 13 36 9 0 39 0 3 46 49 22 23 47 24 
85 85 0 48 42 73 63 53 53 7 93 43 94 0 41 12 90 63 1 34 99 71 46 48 4 44 86 15 59 98 9 18 15 0 0 49 47 35 38 11 0 92 58 72 0 77 46 82 15 0 95 22 60 93 63 50 2 0 96 0 0 95 91 0 58 97 0 91 100 20 0 93 82 70 33 37 0 3 22 92 5 88 11 94 71 68 100 98 11 0 61 91 39 45 31 36 32 99 0 55 
13 71 0 0 0 0 97 61 15 0 30 0 22 96 31 75 40 87 8 15 35 0 28 44 82 28 84 0 33 25 0 66 59 17 37 0 66 58 0 68 0 60 88 85 55 0 91 76 75 48 0 2 25 100 34 0 68 56 61 90 30 18 0 21 12 0 82 45 0 27 0 93 9 69 92 27 70 0 72 77 31 13 12 25 100 80 72 86 65 41 0 78 54 50 44 61 21 61 60 84 
73 82 0 0 75 0 70 45 0 29 70 12 0 14 29 94 85 78 0 1 0 100 24 39 73 26 10 54 95 56 48 87 90 56 0 37 67 53 1 91 97 0 100 0 24 88 60 48 83 46 30 55 85 0 0 1 13 11 0 61 0 0 60 30 86 91 45 0 37 71 44 30 0 13 98 0 63 29 48 6 62 50 76 52 0 0 86 67 90 96 93 13 50 43 98 28 38 49 0 41 
92 0 47 77 0 95 0 28 70 19 97 0 7 0 0 91 94 52 66 76 0 0 16 2 28 50 1 6 37 0 57 0 1 0 59 0 26 27 35 90 43 0 41 0 0 80 34 0 96 34 41 0 0 94 94 0 51 0 67 0 42 0 74 97 0 100 0 37 87 22 66 53 40 45 9 0 0 43 0 39 0 50 29 32 0 55 21 23 83 79 12 97 29 0 66 72 33 99 82 56 
81 3 12 0 48 79 77 17 39 43 68 0 45 80 41 31 0 100 4 64 78 45 3 62 0 54 85 47 48 11 34 57 45 85 55 95 33 0 98 9 67 44 39 65 18 89 42 15 58 87 6 97 17 38 69 40 87 7 89 89 18 54 81 23 26 20 27 71 22 23 0 18 86 9 63 0 0 60 0 52 25 0 4 0 52 0 44 94 66 34 28 7 22 4 42 66 62 64 42 0 
79 58 0 74 62 88 19 0 31 86 93 0 58 0 0 58 60 38 0 0 86 38 0 100 68 65 0 31 0 26 18 65 55 45 53 14 0 51 55 0 31 0 87 0 71 24 0 1 25 0 0 0 0 69 0 0 18 25 98 80 16 84 88 0 80 0 0 44 66 0 56 71 0 0 0 0 33 44 3 0 19 15 31 84 26 19 26 0 90 96 34 68 38 0 86 91 6 92 0 0 
70 59 0 72 48 26 69 4 78 2 45 0 0 12 63 0 0 0 94 0 74 88 0 34 0 60 0 34 85 15 24 0 0 0 78 0 99 50 84 89 0 6 22 26 89 86 23 39 35 0 57 73 0 17 30 82 34 46 15 5 31 48 49 58 69 93 93 30 53 18 71 2 79 90 59 26 0 39 0 55 30 18 66 0 7 24 72 17 33 14 87 0 0 25 99 54 45 38 22 68 
91 0 0 22 0 12 70 81 33 0 85 0 4 36 72 20 21 44 67 0 79 0 0 84 23 69 34 75 72 0 24 20 70 77 36 41 54 0 81 49 97 0 0 67 88 0 9 47 28 8 42 19 15 96 49 83 43 0 77 16 84 91 66 4 0 82 9 0 40 86 0 79 68 3 57 69 0 24 98 0 41 0 91 0 37 47 0 51 45 74 42 65 99 47 68 24 46 0 82 78 
74 0 77 31 87 73 0 8 56 82 75 0 1 84 0 90 95 0 83 14 31 71 1 86 20 86 83 0 35 88 0 34 34 54 0 40 0 0 49 39 18 12 0 47 17 87 63 22 41 89 82 0 0 45 54 0 13 23 34 99 43 66 73 36 0 70 69 13 45 9 0 90 3 3 0 0 39 0 90 41 80 71 19 36 6 18 0 77 54 93 0 0 69 0 100 53 59 8 34 47 
95 0 0 2 8 91 17 62 38 0 0 0 70 0 0 0 80 0 17 38 8 53 49 82 36 72 10 49 37 0 76 79 10 0 16 36 0 89 32 85 73 0 0 5 0 32 0 41 0 98 44 12 0 71 82 0 74 0 88 0 6 28 91 46 4 33 92 98 9 63 0 59 57 0 0 20 34 70 33 44 31 0 30 34 0 65 74 74 0 80 25 0 0 0 58 0 83 17 0 0 
90 31 0 15 79 92 1 77 25 78 63 88 39 88 0 0 13 39 33 54 0 2 74 82 7 0 48 24 0 37 36 0 33 10 36 66 0 33 19 0 0 51 0 0 0 0 75 0 30 80 69 18 63 19 65 83 0 0 72 99 2 0 43 92 0 37 27 0 0 0 0 26 69 0 20 0 0 0 0 61 0 89 42 45 0 95 7 99 0 0 0 0 72 16 0 51 51 0 39 68 
75 0 77 31 89 73 0 32 66 0 48 0 96 0 97 64 0 56 2 83 23 10 43 32 0 0 6 3 40 84 36 94 98 2 90 58 0 84 0 0 0 81 82 82 95 0 14 0 42 0 47 11 21 0 64 76 99 0 72 0 97 0 28 80 10 0 70 63 0 0 33 0 0 39 34 0 0 47 74 45 51 90 85 73 0 41 21 10 25 29 82 14 87 0 89 49 56 13 13 98 
94 5 47 90 88 35 95 0 81 76 61 23 59 89 62 0 73 80 45 0 12 54 65 75 0 14 0 59 66 87 0 33 45 54 5 0 0 0 0 46 38 32 0 22 68 90 64 0 0 17 93 0 81 0 74 29 76 32 0 0 2 86 80 0 15 3 0 29 43 60 44 39 24 0 70 0 47 0 33 0 0 39 59 33 53 39 0 0 0 11 0 56 81 0 71 48 26 0 28 69 
51 73 4 92 100 42 2 51 97 52 81 7 0 22 0 97 15 35 15 33 59 27 31 72 12 79 73 57 0 8 90 36 0 41 0 46 2 38 69 2 25 70 58 47 0 0 65 51 0 0 25 0 0 61 35 22 0 0 75 17 14 55 0 29 10 22 72 48 0 0 3 0 98 90 33 0 74 33 97 56 81 0 0 66 23 67 77 87 18 1 55 0 63 94 3 3 0 76 10 54 
0 90 94 0 47 19 46 44 7 0 28 0 77 26 89 76 1 89 2 0 0 29 0 0 35 92 74 96 0 6 12 78 34 3 37 1 0 26 72 0 80 0 93 0 0 48 0 10 89 0 64 0 95 86 26 46 4 23 0 56 0 92 90 66 0 92 77 6 39 52 0 55 0 41 44 61 45 0 56 55 79 32 27 10 12 43 46 3 18 0 52 94 60 4 7 51 99 2 20 66 
15 21 22 0 77 67 96 92 41 96 87 42 0 28 89 19 75 86 55 0 97 0 16 48 28 83 33 94 0 80 20 39 89 54 15 47 0 55 69 47 0 0 79 0 11 0 0 0 100 83 0 93 67 58 23 8 83 38 47 9 18 46 0 0 0 5 31 62 0 25 19 30 41 80 31 0 51 0 81 79 53 39 100 0 48 91 18 90 7 37 49 85 20 99 100 0 48 10 3 68 
27 20 0 0 0 0 45 29 25 72 0 10 0 21 56 57 45 76 12 45 99 86 52 0 8 15 86 0 95 14 0 0 0 18 85 0 23 50 14 53 0 43 0 0 29 50 63 38 0 98 9 66 91 12 0 37 95 48 2 97 66 81 50 55 0 88 13 50 50 0 15 18 0 71 0 89 90 39 0 32 39 0 44 0 97 76 8 0 31 0 26 0 0 0 0 0 23 63 42 8 
6 65 64 28 72 37 8 32 26 0 62 76 62 92 0 8 0 36 94 60 0 94 42 0 2 40 8 69 58 40 67 0 64 99 0 30 0 92 54 100 82 0 76 28 0 0 89 91 21 88 76 100 0 31 0 85 86 62 77 0 0 84 59 0 44 11 12 76 29 4 31 66 91 19 30 42 85 59 0 27 100 44 31 81 0 0 82 5 78 84 65 54 68 81 56 0 31 10 21 37 
49 84 6 90 61 94 51 21 11 88 86 99 69 76 78 0 11 83 39 52 0 67 16 0 81 41 37 0 0 72 0 68 34 90 81 0 55 84 50 18 90 67 44 0 61 0 87 0 72 24 15 41 0 74 74 88 7 67 13 64 0 39 45 67 35 94 25 52 32 0 84 0 0 36 34 45 73 33 66 10 0 0 81 93 60 0 39 78 95 36 42 0 80 0 66 53 26 77 60 42 
47 0 32 48 7 17 15 0 0 56 2 45 72 17 92 90 49 67 21 0 91 28 22 49 77 5 47 27 71 16 0 29 0 97 93 0 0 0 9 92 80 36 23 63 5 19 16 5 68 99 35 68 0 13 0 45 31 6 1 89 64 80 0 35 23 71 100 0 0 52 26 7 37 6 0 0 0 53 23 12 48 97 0 60 50 41 66 37 0 87 91 72 73 85 81 54 62 74 73 78 
27 11 67 0 20 66 0 38 33 20 81 10 35 72 9 38 0 87 32 0 80 67 26 36 20 85 66 82 95 27 0 67 74 55 0 75 97 75 0 0 23 26 97 23 8 0 0 51 3 96 18 0 60 95 66 0 70 0 0 29 52 0 0 42 20 68 80 0 55 0 19 24 47 18 65 95 41 39 67 43 91 76 0 0 41 0 70 0 0 85 0 0 30 55 18 24 2 53 87 90 
73 7 92 40 0 58 10 31 60 95 2 55 69 53 6 5 0 48 0 91 24 48 0 0 57 57 44 0 51 47 4 60 85 95 0 11 0 80 57 83 77 0 20 75 0 0 89 0 0 0 48 0 81 24 42 0 27 68 94 10 36 47 54 84 23 100 72 86 21 44 26 72 0 0 74 7 21 0 77 46 18 8 82 39 66 70 0 98 52 66 23 0 26 43 42 67 14 100 70 63 
0 78 0 9 0 28 83 2 0 3 0 76 59 46 19 41 2 22 88 96 53 40 16 0 0 29 0 9 0 0 0 78 37 0 53 0 78 19 0 80 98 26 0 43 33 0 80 0 70 25 14 0 90 48 0 0 17 0 0 26 0 0 65 76 13 98 86 67 23 94 0 17 51 77 74 99 10 0 87 3 90 0 5 78 37 0 98 90 86 57 2 26 0 0 7 48 0 61 0 0 
0 18 83 0 79 55 48 0 11 4 0 93 68 95 0 68 46 77 64 64 0 23 74 52 30 69 10 54 22 63 36 35 0 61 52 0 91 78 6 0 0 0 42 31 51 0 0 76 90 69 14 0 92 97 46 65 70 0 0 12 41 75 0 59 36 11 65 90 83 66 90 33 45 54 0 0 25 0 18 18 7 31 78 95 0 0 52 86 0 0 0 97 90 63 0 0 8 90 23 98 
49 40 12 17 89 28 96 74 91 36 12 8 46 94 0 11 93 92 59 0 49 34 0 86 21 96 0 82 0 0 89 0 0 2 17 0 99 52 92 0 27 0 51 64 66 14 0 39 84 70 14 15 56 58 38 22 31 71 0 0 50 100 96 0 9 0 41 96 79 34 96 14 74 93 80 0 29 11 1 0 37 0 84 36 87 85 66 57 0 53 50 0 6 0 0 32 30 0 19 0 
29 47 0 85 60 93 88 45 34 32 37 0 0 98 3 19 34 15 98 19 61 0 5 0 6 3 2 34 38 45 68 94 74 72 86 1 54 30 15 56 99 23 46 0 39 77 54 95 0 0 65 41 51 13 78 55 0 96 0 32 34 95 0 24 0 61 0 93 12 28 34 87 42 0 25 0 82 0 55 52 49 26 65 42 91 0 23 2 0 50 44 40 42 99 36 92 17 8 0 0 
27 55 7 52 89 43 11 38 41 58 0 0 0 54 0 96 25 71 19 95 54 71 61 46 0 99 0 0 81 39 0 0 54 12 7 8 84 0 0 62 75 68 0 97 44 0 75 0 62 22 52 66 0 0 2 24 43 96 20 8 0 23 0 19 39 91 78 13 97 7 68 0 65 0 0 0 14 56 0 94 85 0 54 0 72 0 0 26 97 0 40 0 88 55 63 87 76 4 64 0 
25 32 83 0 32 95 0 58 21 10 0 77 94 77 84 0 68 10 32 65 0 29 52 78 88 21 0 45 57 0 58 0 60 30 33 63 70 25 50 24 54 50 63 92 77 45 29 0 38 3 1 0 71 15 91 43 0 9 0 17 0 100 98 82 0 39 54 50 29 22 38 0 99 69 0 72 87 81 63 60 20 0 68 80 73 30 26 0 90 6 42 88 54 0 76 96 36 97 91 0 
54 0 69 60 24 12 0 58 0 0 77 0 80 81 0 61 87 44 26 55 82 0 9 40 94 69 86 92 0 0 65 73 50 12 69 0 54 59 58 0 96 73 0 45 66 89 51 23 0 16 7 84 34 55 16 9 63 0 75 35 3 0 67 66 3 45 50 43 0 4 0 25 47 0 0 16 0 0 94 4 99 0 81 0 85 55 43 0 63 0 99 55 0 23 34 0 14 9 0 53 
87 82 0 33 6 73 4 50 47 4 59 0 95 20 56 7 12 67 79 87 75 32 93 74 76 3 16 0 50 59 44 100 16 56 61 10 13 0 74 93 96 0 52 69 0 0 17 62 35 11 3 0 0 0 9 48 53 25 51 17 59 4 6 20 46 31 44 98 66 42 86 99 68 100 58 0 89 71 3 7 100 0 56 66 81 18 42 7 0 0 36 63 76 34 20 0 0 21 23 71 
45 0 73 3 4 0 63 41 81 86 22 8 73 64 0 35 47 0 38 73 53 28 55 43 77 0 0 42 0 6 91 0 49 5 0 0 4 76 22 11 77 54 53 29 0 64 70 14 79 61 34 0 0 68 42 45 0 1 80 29 66 36 43 47 49 36 61 28 72 66 91 54 24 53 0 51 49 48 3 51 0 0 0 53 54 24 67 48 0 32 92 87 96 0 0 0 70 58 14 96 
72 65 23 39 59 14 30 0 34 0 0 0 17 1 0 0 97 92 70 76 99 69 46 57 24 39 69 30 0 5 32 100 0 41 5 0 0 62 48 0 7 20 94 67 0 0 83 28 0 0 0 90 0 82 0 93 0 38 63 37 94 10 30 0 22 32 21 38 33 62 6 45 46 59 83 51 56 26 0 99 48 23 31 26 62 2 14 0 8 30 17 76 36 14 0 70 96 0 82 0 
38 5 0 0 0 15 0 0 23 0 66 64 82 72 0 0 83 48 85 37 35 26 68 54 77 0 54 49 62 36 93 96 66 95 3 40 37 31 42 0 0 0 20 60 71 0 0 47 0 0 84 99 72 85 0 0 87 72 22 0 94 4 0 9 23 99 61 49 99 64 92 38 0 8 17 0 13 0 76 2 10 63 10 77 74 53 100 61 90 0 8 4 97 9 21 58 0 41 74 52 
80 98 17 87 0 32 12 56 12 46 61 92 58 0 20 12 3 76 0 6 0 2 7 65 84 0 38 68 97 0 81 80 0 84 97 0 62 23 27 80 15 0 40 0 0 34 82 32 0 16 47 94 26 53 70 0 51 5 71 84 0 56 0 49 47 0 60 0 82 42 0 22 82 34 0 39 13 28 10 20 3 42 21 60 73 87 70 0 23 19 0 64 91 0 23 14 82 74 0 0 
59 0 57 62 0 0 24 75 31 9 0 0 31 0 59 17 60 95 84 38 45 0 0 14 69 68 46 1 70 49 46 0 0 80 0 52 11 60 39 0 39 57 54 0 0 48 0 98 46 95 30 65 11 1 0 63 0 96 0 74 79 94 60 63 24 55 84 41 56 0 0 68 78 47 0 68 98 69 54 66 68 8 37 42 78 90 63 0 98 0 0 0 0 53 71 96 0 52 0 11 
