50 970
8 57 75 74 11 64 50 5 6 87 63 87 82 22 89 89 24 16 93 80 7 10 51 59 13 63 31 5 91 63 59 3 21 24 80 99 89 14 75 1 3 14 47 9 96 51 60 0 6 98 
0 0 20 95 0 0 100 79 0 15 0 0 0 31 0 89 0 43 0 0 0 0 0 0 0 0 0 0 27 0 36 72 0 0 0 0 0 0 0 0 44 0 67 23 0 0 48 0 0 0 
0 16 0 0 0 0 82 75 0 2 0 0 0 0 93 46 0 100 0 64 0 0 50 3 0 18 0 0 0 0 81 0 8 0 0 0 0 10 0 0 0 32 0 0 0 61 0 0 0 0 
20 0 0 0 0 0 0 0 0 0 0 0 17 0 0 5 0 78 0 0 0 3 0 0 0 0 0 0 0 0 0 0 0 0 0 0 0 0 0 0 0 0 62 0 0 0 32 0 0 0 
95 0 0 27 0 0 0 71 0 0 0 0 0 0 0 0 0 0 0 0 29 0 0 15 0 0 0 90 93 0 0 0 0 72 0 0 0 0 69 0 0 0 0 0 0 0 22 0 0 0 
0 0 0 0 0 0 0 0 0 63 50 0 4 0 0 0 72 9 0 0 85 23 0 0 0 0 0 0 17 0 35 0 0 0 0 0 99 14 0 0 0 82 38 68 0 0 44 36 0 65 
0 0 0 0 0 0 0 0 0 0 0 0 0 0 78 0 0 25 57 0 75 10 0 32 14 0 0 0 0 0 0 0 0 0 0 0 66 0 0 0 0 0 0 0 0 0 0 0 0 0 
100 82 0 0 0 0 0 25 0 0 0 67 0 0 0 35 39 0 69 0 99 0 0 0 0 0 0 0 0 0 0 94 34 0 0 59 0 0 0 0 79 0 0 0 0 85 87 0 0 78 
79 75 0 71 0 0 25 0 11 0 0 0 0 0 0 0 0 0 0 0 0 0 0 77 71 69 80 0 0 0 0 0 0 0 0 0 0 40 0 0 0 72 0 80 0 0 83 0 86 0 
0 0 0 0 0 0 0 11 0 0 0 63 0 0 0 0 0 0 0 0 71 0 0 0 0 0 0 0 63 0 0 0 83 0 66 0 0 73 0 0 57 0 73 0 0 0 69 0 0 0 
15 2 0 0 63 0 0 0 0 0 0 0 0 48 31 0 19 0 0 0 0 0 0 99 0 0 0 0 0 0 0 0 98 71 0 0 45 0 80 84 0 0 26 0 0 92 0 0 0 0 
0 0 0 0 50 0 0 0 0 0 52 0 0 0 0 0 17 95 0 0 0 0 88 0 100 43 0 0 0 0 51 0 0 0 0 0 94 0 44 96 0 0 0 0 0 0 0 79 0 0 
0 0 0 0 0 0 67 0 63 0 0 12 0 0 0 18 0 7 45 0 42 0 0 0 0 0 0 0 68 0 88 0 0 0 52 0 37 0 59 0 0 86 0 0 0 0 57 76 0 0 
0 0 17 0 4 0 0 0 0 0 0 0 0 0 0 30 3 0 0 85 0 0 0 0 0 0 11 24 0 0 0 0 0 0 14 0 0 4 0 0 0 0 0 0 0 0 0 0 0 0 
31 0 0 0 0 0 0 0 0 48 0 0 0 0 23 0 0 0 0 0 0 0 0 35 0 0 0 0 0 0 0 53 93 0 0 11 0 100 0 41 0 0 0 0 0 0 81 77 0 53 
0 93 0 0 0 78 0 0 0 31 0 0 0 23 0 0 1 0 0 0 0 0 0 0 17 0 0 0 0 0 0 91 82 39 0 67 36 0 96 0 0 0 0 0 17 87 71 50 0 50 
89 46 5 0 0 0 35 0 0 0 0 18 30 0 0 18 0 0 63 0 66 0 0 0 0 0 16 0 27 0 0 9 0 0 46 0 0 0 0 0 0 0 0 0 0 0 0 0 0 0 
0 0 0 0 72 0 39 0 0 19 17 0 3 0 1 0 0 0 0 0 2 0 0 0 0 0 0 0 42 30 0 0 90 0 0 41 0 0 0 0 0 0 0 0 0 49 0 0 0 0 
43 100 78 0 9 25 0 0 0 0 95 7 0 0 0 0 0 18 0 0 0 0 0 0 0 0 63 38 0 0 0 46 53 63 0 0 0 0 0 0 0 0 0 39 92 0 0 0 0 0 
0 0 0 0 0 57 69 0 0 0 0 45 0 0 0 63 0 0 0 0 0 98 0 19 0 0 0 0 0 0 0 0 92 0 0 0 57 17 0 0 0 23 0 0 13 0 0 68 97 0 
0 64 0 0 0 0 0 0 0 0 0 0 85 0 0 0 0 0 0 0 0 0 0 0 0 0 0 71 0 0 0 83 0 0 0 0 83 8 0 41 0 57 50 0 0 0 0 0 0 0 
0 0 0 29 85 75 99 0 71 0 0 42 0 0 0 66 2 0 0 0 22 0 0 0 0 0 42 0 0 97 0 0 0 22 0 29 0 4 0 0 0 0 0 0 4 45 32 0 0 0 
0 0 3 0 23 10 0 0 0 0 0 0 0 0 0 0 0 0 98 0 0 0 0 99 0 0 0 0 0 50 0 0 0 37 0 0 0 0 0 63 0 0 0 0 86 99 0 49 0 0 
0 50 0 0 0 0 0 0 0 0 88 0 0 0 0 0 0 0 0 0 0 0 0 0 0 12 0 0 0 0 92 0 75 97 0 0 0 0 0 34 0 0 0 9 88 0 0 0 0 0 
0 3 0 15 0 32 0 77 0 99 0 0 0 35 0 0 0 0 19 0 0 99 0 20 41 0 0 0 0 80 0 0 0 0 0 0 0 0 0 88 0 0 0 0 0 0 0 0 8 0 
0 0 0 0 0 14 0 71 0 0 100 0 0 0 17 0 0 0 0 0 0 0 0 41 5 33 21 1 0 0 0 0 0 68 0 89 0 0 0 0 0 0 0 32 87 0 0 79 28 0 
0 18 0 0 0 0 0 69 0 0 43 0 0 0 0 0 0 0 0 0 0 0 12 0 33 0 90 31 0 76 0 0 77 0 4 0 54 0 0 89 0 0 0 22 0 0 55 35 0 0 
0 0 0 0 0 0 0 80 0 0 0 0 11 0 0 16 0 63 0 0 42 0 0 0 21 90 0 0 0 0 0 0 0 0 0 0 0 0 0 0 0 95 96 80 0 0 0 0 0 82 
0 0 0 90 0 0 0 0 0 0 0 0 24 0 0 0 0 38 0 71 0 0 0 0 1 31 0 15 0 22 1 0 0 0 21 0 0 0 0 0 96 0 9 36 0 0 0 0 0 0 
27 0 0 93 17 0 0 0 63 0 0 68 0 0 0 27 42 0 0 0 0 0 0 0 0 0 0 0 0 0 60 36 0 74 12 0 0 0 54 54 47 93 0 0 0 0 4 0 0 0 
0 0 0 0 0 0 0 0 0 0 0 0 0 0 0 0 30 0 0 0 97 50 0 80 0 76 0 22 0 64 72 0 0 0 0 84 0 0 0 23 0 0 51 67 0 0 0 0 51 0 
36 81 0 0 35 0 0 0 0 0 51 88 0 0 0 0 0 0 0 0 0 0 92 0 0 0 0 1 60 72 0 0 0 0 0 0 0 0 0 0 0 0 0 25 0 0 0 0 0 0 
72 0 0 0 0 0 94 0 0 0 0 0 0 53 91 9 0 46 0 83 0 0 0 0 0 0 0 0 36 0 0 27 0 73 89 5 0 27 0 0 0 0 0 0 0 5 0 0 0 0 
0 8 0 0 0 0 34 0 83 98 0 0 0 93 82 0 90 53 92 0 0 0 75 0 0 77 0 0 0 0 0 0 0 0 0 0 23 0 0 0 0 0 31 79 0 0 60 0 0 0 
0 0 0 72 0 0 0 0 0 71 0 0 0 0 39 0 0 63 0 0 22 37 97 0 68 0 0 0 74 0 0 73 0 75 0 0 0 0 25 61 0 18 46 0 0 3 5 0 0 0 
0 0 0 0 0 0 0 0 66 0 0 52 14 0 0 46 0 0 0 0 0 0 0 0 0 4 0 21 12 0 0 89 0 0 0 0 57 0 0 0 0 0 89 0 0 0 0 0 0 0 
0 0 0 0 0 0 59 0 0 0 0 0 0 11 67 0 41 0 0 0 29 0 0 0 89 0 0 0 0 84 0 5 0 0 0 0 0 0 54 6 0 0 36 0 0 0 0 0 0 0 
0 0 0 0 99 66 0 0 0 45 94 37 0 0 36 0 0 0 57 83 0 0 0 0 0 54 0 0 0 0 0 0 23 0 57 0 0 81 51 33 12 0 0 85 0 0 0 0 0 0 
0 10 0 0 14 0 0 40 73 0 0 0 4 100 0 0 0 0 17 8 4 0 0 0 0 0 0 0 0 0 0 27 0 0 0 0 81 0 0 29 0 0 0 72 0 10 0 0 0 17 
0 0 0 69 0 0 0 0 0 80 44 59 0 0 96 0 0 0 0 0 0 0 0 0 0 0 0 0 54 0 0 0 0 25 0 54 51 0 0 0 0 0 3 0 0 0 0 0 0 29 
0 0 0 0 0 0 0 0 0 84 96 0 0 41 0 0 0 0 0 41 0 63 34 88 0 89 0 0 54 23 0 0 0 61 0 6 33 29 0 5 25 0 98 0 0 0 0 0 0 0 
44 0 0 0 0 0 79 0 57 0 0 0 0 0 0 0 0 0 0 0 0 0 0 0 0 0 0 96 47 0 0 0 0 0 0 0 12 0 0 25 0 0 0 0 0 0 0 24 0 0 
0 32 0 0 82 0 0 72 0 0 0 86 0 0 0 0 0 0 23 57 0 0 0 0 0 0 95 0 93 0 0 0 0 18 0 0 0 0 0 0 0 0 0 0 98 66 20 0 0 99 
67 0 62 0 38 0 0 0 73 26 0 0 0 0 0 0 0 0 0 50 0 0 0 0 0 0 96 9 0 51 0 0 31 46 89 36 0 0 3 98 0 0 24 0 0 0 21 15 0 0 
23 0 0 0 68 0 0 80 0 0 0 0 0 0 0 0 0 39 0 0 0 0 9 0 32 22 80 36 0 67 25 0 79 0 0 0 85 72 0 0 0 0 0 0 60 0 19 0 0 63 
0 0 0 0 0 0 0 0 0 0 0 0 0 0 17 0 0 92 13 0 4 86 88 0 87 0 0 0 0 0 0 0 0 0 0 0 0 0 0 0 0 98 0 60 0 0 0 0 0 0 
0 61 0 0 0 0 85 0 0 92 0 0 0 0 87 0 49 0 0 0 45 99 0 0 0 0 0 0 0 0 0 5 0 3 0 0 0 10 0 0 0 66 0 0 0 80 38 0 0 0 
48 0 32 22 44 0 87 83 69 0 0 57 0 81 71 0 0 0 0 0 32 0 0 0 0 55 0 0 4 0 0 0 60 5 0 0 0 0 0 0 0 20 21 19 0 38 0 0 0 0 
0 0 0 0 36 0 0 0 0 0 79 76 0 77 50 0 0 0 68 0 0 49 0 0 79 35 0 0 0 0 0 0 0 0 0 0 0 0 0 0 24 0 15 0 0 0 0 9 0 0 
0 0 0 0 0 0 0 86 0 0 0 0 0 0 0 0 0 0 97 0 0 0 0 8 28 0 0 0 0 51 0 0 0 0 0 0 0 0 0 0 0 0 0 0 0 0 0 0 0 0 
0 0 0 0 65 0 78 0 0 0 0 0 0 53 50 0 0 0 0 0 0 0 0 0 0 0 82 0 0 0 0 0 0 0 0 0 0 17 29 0 0 99 0 63 0 0 0 0 0 0 
