15 846
34 53 80 93 84 75 65 57 64 77 43 16 86 83 55 
82 0 60 83 82 0 0 93 79 0 0 0 69 0 0 
0 0 75 0 25 0 90 0 31 0 0 0 0 0 0 
60 75 0 0 0 100 32 0 0 81 57 15 45 0 0 
83 0 0 0 0 0 0 48 0 87 0 0 0 0 0 
82 25 0 0 0 0 0 0 0 40 0 0 0 0 35 
0 0 100 0 0 94 12 0 0 0 9 0 0 0 0 
0 90 32 0 0 12 0 0 15 2 0 0 54 35 0 
93 0 0 48 0 0 0 38 0 0 0 0 0 28 0 
79 31 0 0 0 0 15 0 0 0 0 0 0 0 90 
0 0 81 87 40 0 2 0 0 0 0 91 26 73 0 
0 0 57 0 0 9 0 0 0 0 0 29 0 88 0 
0 0 15 0 0 0 0 0 0 91 29 8 0 4 63 
69 0 45 0 0 0 54 0 0 26 0 0 0 4 0 
0 0 0 0 0 0 35 28 0 73 88 4 4 0 89 
0 0 0 0 35 0 0 0 90 0 0 63 0 89 0 
