50 2101
62 24 92 65 13 81 75 79 81 77 85 40 58 59 23 53 35 35 57 27 65 34 26 51 90 42 64 86 3 6 68 57 48 70 32 57 1 70 77 87 2 11 88 73 60 14 37 55 75 29 
59 12 0 0 61 70 49 23 4 70 0 11 83 0 67 62 0 0 50 0 0 87 89 10 2 0 0 60 0 24 12 0 0 0 66 0 85 0 87 71 77 30 0 0 0 23 17 0 0 0 
12 0 56 0 0 0 0 0 69 0 0 0 0 0 78 0 0 0 21 84 89 30 70 91 51 54 0 0 0 31 73 48 0 0 0 56 34 34 90 96 0 0 47 28 0 4 78 0 0 0 
0 56 0 0 0 68 0 1 33 84 98 4 90 65 13 0 0 39 100 0 0 0 0 0 0 37 0 38 28 0 94 0 0 0 68 65 0 0 0 0 0 15 0 0 0 0 82 19 32 0 
0 0 0 0 0 0 60 57 2 89 57 43 0 0 57 0 95 0 87 27 0 0 50 18 0 0 63 78 0 39 0 0 45 94 0 13 0 0 0 84 10 78 0 87 18 0 0 0 77 22 
61 0 0 0 0 0 0 0 38 39 52 0 38 81 1 9 0 0 0 96 0 51 79 13 0 65 0 0 16 80 0 90 0 0 28 82 0 15 20 86 43 43 0 71 0 18 0 25 0 0 
70 0 68 0 0 99 53 0 36 0 21 8 0 0 75 49 20 0 44 55 18 73 0 0 25 78 42 19 8 0 0 0 0 53 51 65 0 0 24 0 0 34 0 0 0 0 0 37 0 60 
49 0 0 60 0 53 0 99 69 41 0 0 0 0 0 0 0 25 88 0 0 64 38 0 0 0 19 76 40 15 73 0 0 40 0 0 0 90 0 93 0 0 0 0 37 0 0 66 0 49 
23 0 1 57 0 0 99 98 0 7 93 0 21 0 43 0 0 81 0 0 49 32 25 0 0 7 96 0 45 0 0 100 0 59 98 0 33 86 89 0 53 12 0 0 42 36 11 0 18 0 
4 69 33 2 38 36 69 0 0 0 0 75 0 0 49 0 45 0 49 99 0 0 0 64 59 0 0 0 42 0 0 0 0 71 12 0 80 0 15 0 8 0 0 98 0 30 0 0 0 0 
70 0 84 89 39 0 41 7 0 15 39 94 0 90 92 0 66 74 0 38 0 0 0 74 0 98 71 30 0 82 14 47 0 0 0 0 0 96 0 0 34 0 18 39 0 52 37 18 12 45 
0 0 98 57 52 21 0 93 0 39 0 0 23 63 65 13 80 58 98 0 67 3 0 0 0 14 73 0 0 7 29 0 39 10 0 48 0 92 0 0 3 0 0 0 13 21 50 0 0 95 
11 0 4 43 0 8 0 0 75 94 0 0 55 88 41 2 33 72 0 0 0 0 19 89 0 4 0 0 77 0 36 0 67 0 74 0 33 0 62 80 68 0 0 45 0 0 10 47 0 87 
83 0 90 0 38 0 0 21 0 0 23 55 60 0 0 0 27 0 5 0 21 59 69 0 0 0 95 85 63 0 0 63 71 0 29 0 58 68 0 0 48 0 0 0 12 0 15 35 0 97 
0 0 65 0 81 0 0 0 0 90 63 88 0 0 20 0 0 0 0 89 0 94 0 15 21 74 0 0 0 20 0 0 0 0 24 0 90 30 0 20 46 0 13 0 74 0 0 13 24 0 
67 78 13 57 1 75 0 43 49 92 65 41 0 20 11 48 0 88 0 0 30 67 24 0 0 84 91 84 0 74 42 0 0 0 0 0 0 88 28 0 50 0 11 1 0 0 52 0 0 44 
62 0 0 0 9 49 0 0 0 0 13 2 0 0 48 83 71 30 0 0 0 0 8 3 81 71 53 0 2 25 0 90 46 0 0 16 0 0 0 43 0 0 0 0 62 28 0 0 0 71 
0 0 0 95 0 20 0 0 45 66 80 33 27 0 0 71 0 0 16 0 62 58 61 0 17 0 0 32 56 27 0 0 11 5 93 82 81 70 58 92 63 0 0 0 41 0 0 32 40 0 
0 0 39 0 0 0 25 81 0 74 58 72 0 0 88 30 0 0 67 95 61 0 87 0 0 0 0 71 17 0 6 66 0 0 0 47 92 0 0 0 7 54 86 71 0 6 0 31 97 0 
50 21 100 87 0 44 88 0 49 0 98 0 5 0 0 0 16 67 7 46 100 96 23 0 0 0 0 54 0 0 4 39 80 0 45 0 29 0 0 27 0 0 53 0 0 0 74 0 36 73 
0 84 0 27 96 55 0 0 99 38 0 0 0 89 0 0 0 95 46 0 81 0 0 0 0 0 0 0 0 0 0 50 76 0 0 0 1 0 58 0 20 91 0 28 0 0 93 0 67 0 
0 89 0 0 0 18 0 49 0 0 67 0 21 0 30 0 62 61 100 81 93 0 0 99 62 18 55 38 54 0 91 73 94 64 0 95 22 0 0 39 10 0 0 0 23 1 9 28 90 33 
87 30 0 0 51 73 64 32 0 0 3 0 59 94 67 0 58 0 96 0 0 0 0 0 12 0 40 0 0 0 0 8 41 77 0 58 0 31 41 0 0 13 47 96 63 0 0 0 0 0 
89 70 0 50 79 0 38 25 0 0 0 19 69 0 24 8 61 87 23 0 0 0 97 0 0 0 0 45 0 48 0 0 83 35 29 0 0 0 46 0 0 66 65 0 0 0 0 34 77 40 
10 91 0 18 13 0 0 0 64 74 0 89 0 15 0 3 0 0 0 0 99 0 0 0 0 0 0 4 94 0 4 64 92 0 0 72 0 0 100 18 60 79 19 0 46 72 0 0 0 0 
2 51 0 0 0 25 0 0 59 0 0 0 0 21 0 81 17 0 0 0 62 12 0 0 79 57 49 26 0 0 0 0 0 0 55 0 27 73 0 11 18 0 0 0 0 0 1 0 79 0 
0 54 37 0 65 78 0 7 0 98 14 4 0 74 84 71 0 0 0 0 18 0 0 0 57 1 71 7 15 38 59 0 0 49 77 0 3 68 18 67 0 0 54 42 0 0 17 6 36 0 
0 0 0 63 0 42 19 96 0 71 73 0 95 0 91 53 0 0 0 0 55 40 0 0 49 71 0 0 89 58 0 79 67 0 0 75 0 0 0 19 0 0 74 0 75 42 0 32 0 88 
60 0 38 78 0 19 76 0 0 30 0 0 85 0 84 0 32 71 54 0 38 0 45 4 26 7 0 82 17 0 0 9 0 32 78 0 0 97 11 0 0 0 0 51 0 65 82 0 0 0 
0 0 28 0 16 8 40 45 42 0 0 77 63 0 0 2 56 17 0 0 54 0 0 94 0 15 89 17 25 0 38 0 0 13 57 0 33 0 0 0 42 47 3 0 24 14 0 2 0 0 
24 31 0 39 80 0 15 0 0 82 7 0 0 20 74 25 27 0 0 0 0 0 48 0 0 38 58 0 0 0 14 93 87 89 32 24 75 0 70 69 30 0 0 0 27 38 0 46 98 42 
12 73 94 0 0 0 73 0 0 14 29 36 0 0 42 0 0 6 4 0 91 0 0 4 0 59 0 0 38 14 0 0 54 0 0 45 0 0 0 0 66 0 0 98 24 0 37 78 0 0 
0 48 0 0 90 0 0 100 0 47 0 0 63 0 0 90 0 66 39 50 73 8 0 64 0 0 79 9 0 93 0 92 13 0 52 0 0 64 27 56 0 54 0 0 0 60 3 0 0 0 
0 0 0 45 0 0 0 0 0 0 39 67 71 0 0 46 11 0 80 76 94 41 83 92 0 0 67 0 0 87 54 13 32 0 0 79 59 26 59 0 0 98 0 0 46 85 0 0 95 7 
0 0 0 94 0 53 40 59 71 0 10 0 0 0 0 0 5 0 0 0 64 77 35 0 0 49 0 32 13 89 0 0 0 90 75 0 93 0 0 80 0 90 0 25 0 0 0 0 28 0 
66 0 68 0 28 51 0 98 12 0 0 74 29 24 0 0 93 0 45 0 0 0 29 0 55 77 0 78 57 32 0 52 0 75 0 0 13 0 4 0 0 90 57 91 8 18 81 3 50 0 
0 56 65 13 82 65 0 0 0 0 48 0 0 0 0 16 82 47 0 0 95 58 0 72 0 0 75 0 0 24 45 0 79 0 0 0 71 0 22 91 13 35 0 83 98 0 56 0 0 0 
85 34 0 0 0 0 0 33 80 0 0 33 58 90 0 0 81 92 29 1 22 0 0 0 27 3 0 0 33 75 0 0 59 93 13 71 5 81 0 0 0 0 0 0 0 4 38 41 0 0 
0 34 0 0 15 0 90 86 0 96 92 0 68 30 88 0 70 0 0 0 0 31 0 0 73 68 0 97 0 0 0 64 26 0 0 0 81 0 99 87 68 19 0 39 0 32 0 0 42 0 
87 90 0 0 20 24 0 89 15 0 0 62 0 0 28 0 58 0 0 58 0 41 46 100 0 18 0 11 0 70 0 27 59 0 4 22 0 99 0 94 0 0 0 84 72 75 0 0 65 0 
71 96 0 84 86 0 93 0 0 0 0 80 0 20 0 43 92 0 27 0 39 0 0 18 11 67 19 0 0 69 0 56 0 80 0 91 0 87 94 42 0 0 0 3 54 97 0 75 38 98 
77 0 0 10 43 0 0 53 8 34 3 68 48 46 50 0 63 7 0 20 10 0 0 60 18 0 0 0 42 30 66 0 0 0 0 13 0 68 0 0 48 0 62 3 0 60 55 0 13 0 
30 0 15 78 43 34 0 12 0 0 0 0 0 0 0 0 0 54 0 91 0 13 66 79 0 0 0 0 47 0 0 54 98 90 90 35 0 19 0 0 0 62 24 15 0 0 0 0 0 0 
0 47 0 0 0 0 0 0 0 18 0 0 0 13 11 0 0 86 53 0 0 47 65 19 0 54 74 0 3 0 0 0 0 0 57 0 0 0 0 0 62 24 0 90 0 27 56 90 0 0 
0 28 0 87 71 0 0 0 98 39 0 45 0 0 1 0 0 71 0 28 0 96 0 0 0 42 0 51 0 0 98 0 0 25 91 83 0 39 84 3 3 15 90 0 62 0 0 0 49 23 
0 0 0 18 0 0 37 42 0 0 13 0 12 74 0 62 41 0 0 0 23 63 0 46 0 0 75 0 24 27 24 0 46 0 8 98 0 0 72 54 0 0 0 62 66 0 19 22 0 0 
23 4 0 0 18 0 0 36 30 52 21 0 0 0 0 28 0 6 0 0 1 0 0 72 0 0 42 65 14 38 0 60 85 0 18 0 4 32 75 97 60 0 27 0 0 80 16 0 63 0 
17 78 82 0 0 0 0 11 0 37 50 10 15 0 52 0 0 0 74 93 9 0 0 0 1 17 0 82 0 0 37 3 0 0 81 56 38 0 0 0 55 0 56 0 19 16 79 0 75 0 
0 0 19 0 25 37 66 0 0 18 0 47 35 13 0 0 32 31 0 0 28 0 34 0 0 6 32 0 2 46 78 0 0 0 3 0 41 0 0 75 0 0 90 0 22 0 0 67 56 69 
0 0 32 77 0 0 0 18 0 12 0 0 0 24 0 0 40 97 36 67 90 0 77 0 79 36 0 0 0 98 0 0 95 28 50 0 0 42 65 38 13 0 0 49 0 63 75 56 55 0 
0 0 0 22 0 60 49 0 0 45 95 87 97 0 44 71 0 0 73 0 33 0 40 0 0 0 88 0 0 42 0 0 7 0 0 0 0 0 0 98 0 0 0 23 0 0 0 69 0 0 
