15 202
85 6 98 20 3 95 77 91 17 40 86 11 66 3 10 
0 0 0 0 0 0 0 0 90 0 0 0 0 0 1 
0 0 0 0 0 78 89 0 0 0 0 0 0 0 0 
0 0 0 0 0 0 0 0 98 0 0 80 0 0 0 
0 0 0 0 37 0 0 25 0 0 52 0 0 0 0 
0 0 0 37 0 0 35 0 0 57 0 89 0 0 0 
0 78 0 0 0 0 24 0 0 0 0 0 0 47 0 
0 89 0 0 35 24 0 0 0 0 41 0 0 0 0 
0 0 0 25 0 0 0 0 0 0 0 0 0 0 0 
90 0 98 0 0 0 0 0 0 0 0 84 0 0 73 
0 0 0 0 57 0 0 0 0 77 0 0 47 0 0 
0 0 0 52 0 0 41 0 0 0 0 98 0 0 0 
0 0 80 0 89 0 0 0 84 0 98 49 0 26 0 
0 0 0 0 0 0 0 0 0 47 0 0 0 18 0 
0 0 0 0 0 47 0 0 0 0 0 26 18 0 0 
1 0 0 0 0 0 0 0 73 0 0 0 0 0 0 
