15 80
34 53 9 27 12 67 8 79 45 35 90 16 0 90 3 
0 3 60 83 82 0 0 93 79 0 0 0 0 0 35 
3 0 75 0 25 0 0 0 0 0 0 0 0 0 0 
60 75 0 0 0 0 0 0 0 0 0 81 57 0 0 
83 0 0 0 0 62 0 0 0 90 0 0 0 0 0 
82 25 0 0 0 0 100 0 0 0 0 0 0 0 0 
0 0 0 62 0 56 35 21 0 62 25 0 9 0 0 
0 0 0 0 100 35 3 0 0 0 0 0 0 0 0 
93 0 0 0 0 21 0 0 0 0 13 77 0 0 0 
79 0 0 0 0 0 0 0 0 0 0 0 0 0 0 
0 0 0 90 0 62 0 0 0 0 0 0 55 94 0 
0 0 0 0 0 25 0 13 0 0 0 0 81 0 0 
0 0 81 0 0 0 0 77 0 0 0 0 0 0 0 
0 0 57 0 0 9 0 0 0 55 81 0 50 0 0 
0 0 0 0 0 0 0 0 0 94 0 0 0 24 0 
35 0 0 0 0 0 0 0 0 0 0 0 0 0 0 
