25 434
34 10 93 34 49 16 37 75 24 20 60 5 81 30 18 47 97 89 69 68 26 12 93 56 17 
0 3 60 83 82 0 0 93 79 0 0 0 0 0 35 0 0 0 0 25 0 0 0 0 0 
3 0 0 0 0 0 0 0 0 0 0 0 0 0 0 81 57 0 0 0 0 0 0 0 0 
60 0 0 0 0 0 0 0 0 0 0 0 87 0 0 0 0 40 0 0 0 0 35 21 0 
83 0 0 0 25 0 9 0 0 0 0 0 0 0 0 0 0 0 0 60 0 0 13 77 0 
82 0 0 25 0 0 0 0 0 0 0 0 0 0 65 0 55 94 0 0 0 0 0 0 0 
0 0 0 0 0 0 0 0 0 0 8 0 4 0 0 0 0 0 0 0 0 0 0 0 0 
0 0 0 9 0 0 79 0 0 94 5 0 50 73 0 0 62 21 0 0 0 0 0 0 0 
93 0 0 0 0 0 0 26 0 0 0 0 0 0 0 0 0 0 8 76 0 0 0 0 0 
79 0 0 0 0 0 0 0 0 0 0 0 0 0 0 0 72 0 76 0 0 81 52 0 0 
0 0 0 0 0 0 94 0 0 0 0 0 0 0 32 30 0 0 37 0 0 0 0 0 0 
0 0 0 0 0 8 5 0 0 0 0 71 0 0 12 0 0 0 32 0 0 46 0 0 0 
0 0 0 0 0 0 0 0 0 0 71 7 0 0 0 22 0 0 0 0 0 0 0 0 0 
0 0 87 0 0 4 50 0 0 0 0 0 0 0 0 0 0 86 0 0 0 0 0 60 0 
0 0 0 0 0 0 73 0 0 0 0 0 0 0 0 8 0 82 0 0 57 0 25 0 99 
35 0 0 0 65 0 0 0 0 32 12 0 0 0 30 0 0 78 0 0 0 0 36 0 0 
0 81 0 0 0 0 0 0 0 30 0 22 0 8 0 0 77 0 0 0 0 0 0 66 97 
0 57 0 0 55 0 62 0 72 0 0 0 0 0 0 77 0 0 0 16 0 0 47 50 0 
0 0 40 0 94 0 21 0 0 0 0 0 86 82 78 0 0 74 10 0 0 0 9 0 0 
0 0 0 0 0 0 0 8 76 37 32 0 0 0 0 0 0 10 0 0 0 0 0 0 0 
25 0 0 60 0 0 0 76 0 0 0 0 0 0 0 0 16 0 0 0 57 99 0 0 0 
0 0 0 0 0 0 0 0 0 0 0 0 0 57 0 0 0 0 0 57 77 22 0 87 0 
0 0 0 0 0 0 0 0 81 0 46 0 0 0 0 0 0 0 0 99 22 0 0 0 20 
0 0 35 13 0 0 0 0 52 0 0 0 0 25 36 0 47 9 0 0 0 0 98 0 5 
0 0 21 77 0 0 0 0 0 0 0 0 60 0 0 66 50 0 0 0 87 0 0 0 0 
0 0 0 0 0 0 0 0 0 0 0 0 0 99 0 97 0 0 0 0 0 20 5 0 0 
