100 4218
8 75 30 32 12 5 24 26 3 21 93 73 88 4 55 98 89 62 34 84 5 84 63 2 72 50 89 94 63 28 2 78 49 49 22 63 88 9 10 29 44 44 67 42 78 75 39 3 26 64 59 37 9 16 36 27 21 94 27 38 75 56 50 67 82 42 86 20 31 44 18 63 15 86 25 30 6 69 61 68 51 70 46 11 14 3 94 57 39 44 78 59 62 94 46 97 20 24 73 44 
0 0 20 95 0 0 100 79 0 15 0 0 0 31 0 89 0 43 0 0 0 0 0 0 0 0 0 0 27 0 36 72 0 0 0 0 0 0 0 0 44 0 67 23 0 0 48 0 0 0 0 0 0 0 0 0 82 75 0 2 0 0 0 0 93 46 0 100 0 64 0 0 50 3 0 18 0 0 0 0 81 0 8 0 0 0 0 10 0 0 0 32 0 0 0 61 0 0 0 0 
0 0 0 0 0 0 0 0 0 0 0 17 0 0 5 0 78 0 0 0 3 0 0 0 0 0 0 0 0 0 0 0 0 0 0 0 0 0 0 0 0 62 0 0 0 32 0 0 0 0 0 0 0 0 71 0 0 0 0 0 0 0 0 0 0 0 0 29 0 0 15 0 0 0 90 93 0 0 0 0 72 0 0 0 0 69 0 0 0 0 0 0 0 22 0 0 0 0 67 0 
20 0 0 0 0 50 0 4 0 0 0 72 9 0 0 85 23 0 0 0 0 0 0 17 0 35 0 0 0 0 0 99 14 0 0 0 82 38 68 0 0 44 36 0 65 0 46 0 0 0 0 0 0 0 78 0 0 25 57 0 75 10 0 32 14 0 0 0 0 0 0 0 0 0 0 0 66 0 0 0 0 0 0 0 0 0 0 0 0 0 0 25 0 0 63 67 0 0 0 35 
95 0 0 0 0 69 0 99 0 0 0 0 0 0 0 0 0 0 94 34 0 0 59 0 0 0 0 79 0 0 0 0 85 87 0 0 78 46 11 0 0 0 0 0 0 0 0 0 0 0 0 0 0 77 71 69 80 0 0 0 0 0 0 0 0 0 0 40 0 0 0 72 0 80 0 0 83 0 86 0 89 0 0 63 0 0 0 0 0 0 0 0 71 0 0 0 0 0 0 0 
0 0 0 0 0 0 0 0 83 0 66 0 0 73 0 0 57 0 73 0 0 0 69 0 0 0 0 0 36 0 48 31 0 19 0 0 0 0 0 0 99 0 0 0 0 0 0 0 0 98 71 0 0 45 0 80 84 0 0 26 0 0 92 0 0 0 0 0 0 0 0 0 0 0 17 95 0 0 0 0 88 0 100 43 0 0 0 0 51 0 0 0 0 0 94 0 44 96 0 0 
0 0 50 69 0 0 0 0 0 39 0 87 0 0 0 0 0 18 0 7 45 0 42 0 0 0 0 0 0 0 68 0 88 0 0 0 52 0 37 0 59 0 0 86 0 0 0 0 57 76 0 0 50 0 0 30 3 0 0 85 0 0 0 0 0 0 11 24 0 0 0 0 0 0 14 0 0 4 0 0 0 0 0 0 0 0 0 0 0 0 0 0 0 0 0 0 0 0 0 0 
100 0 0 0 0 0 35 0 0 24 0 0 0 0 53 93 0 0 11 0 100 0 41 0 0 0 0 0 0 81 77 0 53 0 38 1 0 0 0 0 0 0 0 17 0 0 0 0 0 0 91 82 39 0 67 36 0 96 0 0 0 0 0 17 87 71 50 0 50 0 81 81 63 0 66 0 0 0 0 0 16 0 27 0 0 9 0 0 46 0 0 0 0 0 0 0 0 0 0 0 
79 0 4 99 0 0 0 0 0 0 17 0 0 0 0 20 0 39 0 0 0 0 42 30 0 0 90 0 0 41 0 0 0 0 0 0 0 0 0 49 0 0 0 0 0 0 0 0 0 0 0 0 0 0 63 38 0 0 0 46 53 63 0 0 0 0 0 0 0 0 0 39 92 0 0 0 0 0 76 0 0 98 0 19 0 0 0 0 0 0 0 0 92 0 0 0 57 17 0 0 
0 0 0 0 83 0 0 0 0 0 0 0 13 0 0 68 97 0 0 0 24 0 0 0 0 0 71 0 0 0 83 0 0 0 0 83 8 0 41 0 57 50 0 0 0 0 0 0 0 0 0 0 0 0 0 0 42 0 0 97 0 0 0 22 0 29 0 4 0 0 0 0 0 0 4 45 32 0 0 0 0 95 99 0 0 0 0 0 50 0 0 0 37 0 0 0 0 0 63 0 
15 0 0 0 0 39 24 0 0 79 0 86 99 0 49 0 0 0 0 0 0 0 0 0 0 0 92 0 75 97 0 0 0 0 0 34 0 0 0 9 88 0 0 0 0 0 0 0 41 0 0 0 0 80 0 0 0 0 0 0 0 0 0 88 0 0 0 0 0 0 0 0 8 0 0 2 18 80 41 0 0 0 0 0 0 0 89 0 0 0 0 0 0 0 32 87 0 0 79 28 
0 0 0 0 66 0 0 17 0 0 0 0 90 31 0 76 0 0 77 0 4 0 54 0 0 89 0 0 0 22 0 0 55 35 0 0 63 0 0 0 0 0 0 0 0 0 0 0 0 0 0 95 96 80 0 0 0 0 0 82 50 0 0 0 1 0 0 0 21 0 0 0 0 0 96 0 9 36 0 0 0 0 0 0 0 0 0 0 36 0 74 12 0 0 0 54 54 47 93 0 
0 17 72 0 0 87 0 0 0 86 0 69 0 4 0 0 0 0 55 0 0 0 0 0 84 0 0 0 23 0 0 51 67 0 0 0 0 51 0 0 0 0 0 73 0 0 0 0 0 0 0 0 25 0 0 0 0 0 0 0 16 0 91 0 5 0 27 0 0 0 0 0 0 0 5 0 0 0 0 0 0 0 0 0 0 0 0 0 0 0 31 79 0 0 60 0 0 0 6 0 
0 0 9 0 0 0 0 0 13 99 90 0 0 0 0 25 61 0 18 46 0 0 3 5 0 0 0 0 20 57 0 0 0 0 0 89 0 0 0 0 0 0 0 0 0 0 0 0 6 0 0 36 0 0 0 0 0 0 0 0 0 14 0 33 12 0 0 85 0 0 0 0 0 0 32 0 29 0 0 0 72 0 10 0 0 0 17 0 0 0 30 3 0 0 0 0 0 0 29 44 
31 0 0 0 73 0 0 0 0 0 31 4 0 25 0 98 0 0 0 0 0 0 0 60 0 0 0 0 0 0 24 0 0 96 0 0 98 66 20 0 0 99 42 100 0 0 21 15 0 0 0 0 0 0 19 0 0 63 0 0 24 0 0 0 25 0 0 0 0 0 0 10 0 0 50 0 8 0 0 9 0 0 0 0 0 0 68 42 0 96 0 48 0 0 0 0 77 0 0 0 
0 5 0 0 0 0 53 0 0 49 0 0 0 0 0 0 0 87 33 0 81 0 26 0 0 0 0 0 0 0 0 64 0 86 0 0 0 87 0 0 0 0 0 45 0 0 63 0 0 16 29 0 88 19 0 0 0 0 87 95 0 0 0 74 0 78 0 0 0 0 0 0 0 0 0 0 39 56 0 0 0 53 67 0 0 0 18 0 0 76 0 5 0 35 0 0 0 0 7 0 
89 0 85 0 0 0 93 20 68 0 76 0 25 98 0 0 0 0 58 0 0 0 11 0 0 57 0 0 0 0 0 97 0 17 0 0 19 70 0 0 0 0 0 0 74 0 0 13 3 99 0 89 0 0 0 24 0 0 68 59 27 15 0 0 0 0 0 0 0 0 0 6 56 0 91 0 71 19 0 0 0 0 0 0 0 0 0 0 0 0 0 0 56 0 0 87 32 0 0 0 
0 78 23 0 57 0 0 0 97 0 0 0 61 0 0 0 85 0 0 0 0 0 27 33 55 0 0 0 83 0 53 0 0 43 26 0 0 0 0 54 54 0 0 0 0 0 0 0 0 0 0 70 0 0 38 0 0 0 0 73 0 0 0 0 53 0 0 0 22 0 3 0 0 0 57 70 0 0 0 0 0 0 0 0 76 0 0 0 98 0 0 0 0 0 40 5 0 0 0 0 
43 0 0 0 0 18 0 39 0 0 0 0 0 0 87 0 0 42 0 96 0 17 0 0 0 0 0 0 0 93 0 0 6 0 0 0 0 20 75 0 0 0 0 0 0 0 0 0 0 31 51 13 0 0 43 0 0 0 68 0 0 83 15 0 76 0 0 0 0 0 0 0 0 0 56 49 86 0 60 0 0 0 0 0 0 0 0 0 0 0 0 0 43 0 16 0 0 0 0 37 
0 0 0 94 73 0 11 0 0 0 77 55 18 0 33 58 0 0 0 0 0 97 0 54 0 0 0 0 0 0 23 0 0 0 0 0 0 0 0 0 0 0 0 0 88 22 69 2 0 63 0 0 48 57 0 28 0 53 0 0 0 0 0 0 0 0 1 0 0 0 0 0 87 0 0 0 0 0 0 0 0 0 0 40 0 58 0 0 0 0 0 0 0 0 0 0 12 0 0 91 
0 0 0 34 0 7 0 0 0 0 0 0 46 0 0 0 0 96 0 0 0 13 0 0 0 0 0 65 58 74 0 55 0 0 100 0 0 0 84 0 0 77 0 0 0 0 0 0 0 10 0 0 100 0 24 0 0 0 0 85 0 0 11 0 0 13 0 0 0 0 0 52 90 0 0 0 0 89 0 0 0 0 51 97 58 0 0 0 7 0 0 0 0 17 0 0 0 18 76 0 
0 3 0 0 0 45 100 0 24 0 4 0 0 0 81 0 0 0 0 0 72 0 0 24 0 0 0 0 0 68 0 0 0 59 0 0 0 4 0 0 0 0 0 0 0 0 0 52 52 93 54 0 0 0 50 0 0 0 0 0 60 0 0 90 0 0 0 0 18 0 0 0 0 0 0 0 0 95 0 0 88 0 5 0 0 0 0 0 0 0 0 0 0 0 0 0 23 0 0 56 
0 0 0 0 0 0 0 0 0 0 0 0 0 0 0 0 0 17 97 13 0 0 0 0 0 29 0 0 0 0 96 0 0 0 0 0 0 0 0 95 0 0 0 0 7 72 0 80 0 48 0 3 70 0 0 0 0 14 0 0 20 0 0 7 0 0 0 0 0 0 0 86 0 0 0 0 0 0 0 0 0 0 0 0 69 60 98 0 0 0 0 0 0 0 0 0 0 91 0 0 
0 0 0 59 69 42 41 42 0 0 54 0 3 0 26 11 27 0 0 0 0 0 0 96 0 0 0 0 0 0 0 0 0 0 91 79 59 32 0 0 19 33 0 35 9 0 0 61 76 30 0 0 0 0 0 0 51 0 0 0 95 20 0 0 0 0 52 0 0 0 0 0 0 0 0 0 0 0 0 0 8 91 76 0 0 0 0 0 0 27 16 0 0 0 6 0 0 0 48 0 
0 0 17 0 0 0 0 30 0 0 0 0 5 60 0 0 33 0 54 0 24 0 96 0 0 95 0 0 0 74 0 0 0 0 0 15 0 0 54 33 43 0 0 19 0 0 64 0 0 0 0 57 0 0 0 0 0 0 0 0 0 95 0 0 0 59 0 0 0 0 0 0 0 90 0 0 21 97 69 0 0 0 30 0 0 0 0 0 0 69 0 0 68 0 0 79 88 0 0 84 
0 0 0 0 0 0 0 0 0 0 0 84 0 0 0 0 55 0 0 0 0 0 0 0 0 0 0 0 7 0 0 69 0 59 0 0 0 0 75 25 0 6 0 73 0 0 0 43 0 0 71 0 0 0 0 29 0 0 0 0 0 60 11 0 22 0 0 0 0 0 0 0 0 16 37 0 0 0 0 0 0 96 0 0 57 0 0 50 0 0 0 0 0 0 78 0 8 0 0 0 
0 0 35 0 0 0 0 0 0 0 89 0 0 0 0 57 0 0 0 0 0 29 0 95 0 0 0 0 60 0 0 0 0 0 0 0 0 28 0 0 0 0 0 46 0 0 0 69 0 0 49 0 53 0 56 80 0 0 7 0 0 0 0 0 0 0 16 0 47 0 0 0 0 0 61 0 0 0 0 0 0 0 0 86 0 0 0 2 0 52 0 0 0 37 0 77 0 0 0 0 
0 0 0 0 0 0 0 90 71 92 0 0 0 0 0 0 0 0 0 0 0 0 0 0 0 0 56 81 0 84 79 80 25 6 9 0 0 0 0 0 0 57 0 0 0 0 32 0 75 0 0 0 0 0 1 0 0 0 0 41 0 0 0 0 44 0 24 0 0 0 0 0 0 0 20 0 0 0 87 68 0 16 0 0 0 0 0 60 94 0 0 0 0 0 0 41 0 0 0 0 
0 0 0 79 0 0 0 0 0 0 0 0 0 0 0 0 0 0 0 65 0 0 0 0 0 0 81 0 29 0 0 0 0 100 0 44 0 59 0 0 0 0 63 0 0 0 0 43 0 0 31 0 91 0 0 0 0 0 89 0 0 0 0 0 0 3 0 0 0 38 41 0 0 0 0 82 59 0 0 0 75 0 46 0 0 0 83 0 33 13 0 0 0 0 0 28 13 38 0 15 
27 0 0 0 36 0 0 0 0 75 0 23 20 0 0 0 83 0 0 58 0 0 0 0 7 60 0 29 0 0 0 90 0 42 0 0 0 0 0 0 0 0 40 0 0 0 0 0 0 0 2 31 0 80 0 0 0 0 35 0 0 92 0 31 0 0 0 0 75 0 0 0 0 0 56 0 0 0 0 0 0 12 0 0 0 0 0 11 0 0 0 0 0 0 0 0 9 0 0 0 
0 0 0 0 0 0 81 41 0 97 22 0 57 0 0 0 0 93 0 74 68 0 0 74 0 0 84 0 0 0 0 48 81 0 80 0 0 0 0 0 45 35 0 0 0 0 0 77 0 0 0 86 91 0 0 0 0 0 0 0 0 0 13 0 36 75 0 0 0 5 80 0 0 65 0 77 0 0 0 0 0 0 0 0 98 3 0 0 0 0 0 91 0 0 0 0 0 0 0 61 
36 0 0 0 48 68 77 0 83 0 0 0 0 24 0 0 53 0 23 0 0 96 0 0 0 0 79 0 0 0 39 21 0 0 0 0 15 0 0 0 0 0 55 0 89 84 0 0 0 0 11 51 0 0 53 0 0 0 0 45 7 2 0 0 0 0 48 0 0 0 20 51 81 0 0 0 0 0 10 0 0 0 0 92 75 0 84 30 0 0 0 0 0 19 0 0 0 0 0 8 
72 0 99 0 31 0 0 0 0 0 0 51 0 0 64 97 0 0 0 55 0 0 0 0 69 0 80 0 90 48 21 0 23 0 0 0 53 0 22 34 25 0 0 0 0 0 0 0 57 0 1 0 0 0 0 0 0 48 0 41 0 0 0 77 89 7 0 0 0 0 0 41 0 0 0 46 0 0 0 0 0 53 0 78 0 0 90 19 0 0 0 0 28 0 0 0 45 0 0 64 
0 0 14 85 0 88 53 0 0 0 55 67 0 0 0 0 0 6 0 0 0 0 0 0 0 0 25 0 0 81 0 23 0 0 0 16 0 0 51 0 37 0 35 0 0 71 0 0 0 0 0 38 0 0 0 0 0 0 0 0 77 87 0 0 17 0 0 0 10 0 0 0 0 0 0 0 0 0 83 0 0 0 0 0 0 0 0 0 0 94 0 0 0 0 49 65 0 27 39 7 
0 0 0 87 19 0 0 0 0 0 35 0 0 96 86 17 43 0 0 0 59 0 0 0 59 0 6 100 42 0 0 0 0 13 0 63 0 23 0 0 0 0 0 0 0 0 0 0 0 0 0 0 91 0 0 22 0 0 0 0 0 0 0 0 0 0 0 81 54 82 0 0 0 0 0 0 62 0 15 89 0 0 37 0 0 0 0 0 0 0 0 0 80 61 0 0 0 0 31 0 
0 0 0 0 0 0 38 0 0 0 0 0 0 0 0 0 26 0 0 100 0 0 91 0 0 0 9 0 0 80 0 0 0 0 0 0 0 0 0 0 0 0 3 0 75 0 0 0 0 61 0 0 0 60 0 0 0 0 0 68 0 0 0 54 0 84 0 0 0 100 0 0 0 0 0 0 31 0 0 0 79 0 34 0 0 0 31 1 61 0 0 0 1 0 0 0 0 0 41 76 
0 0 0 0 0 0 1 0 83 34 0 0 89 0 0 0 0 0 0 0 0 0 79 15 0 0 0 44 0 0 0 0 16 63 0 82 0 0 0 0 64 58 84 0 0 0 0 0 0 0 95 0 34 23 65 0 0 0 0 0 0 69 0 0 0 15 0 29 36 1 0 82 0 0 0 0 0 0 0 0 0 0 0 0 0 0 0 0 0 0 0 0 0 0 0 0 0 0 0 0 
0 0 82 78 0 52 0 0 8 0 63 0 0 98 0 19 0 0 0 0 0 0 59 0 0 0 0 0 0 0 15 53 0 0 0 0 0 0 0 0 0 54 0 0 0 0 62 79 0 77 41 0 19 0 0 0 0 77 0 0 0 0 39 0 0 0 0 56 91 0 0 0 0 0 0 40 0 0 0 0 64 0 0 0 31 39 0 0 74 94 0 0 0 0 0 0 0 0 0 0 
0 0 38 46 0 0 0 0 0 0 0 51 0 66 87 70 0 20 0 0 4 0 32 0 0 28 0 59 0 0 0 0 0 23 0 0 0 0 0 0 0 0 0 0 28 0 93 0 0 0 0 0 0 0 0 43 94 0 0 3 0 0 40 0 0 24 0 0 0 0 0 0 0 13 0 55 0 0 0 0 0 0 0 0 0 58 0 73 0 0 0 0 0 0 55 0 0 7 0 89 
0 0 68 11 0 37 0 0 41 0 0 0 0 20 0 0 0 75 0 84 0 0 0 54 75 0 0 0 0 0 0 22 51 0 0 0 0 0 82 18 0 0 0 0 0 0 0 62 89 0 0 0 0 0 0 0 42 0 0 0 0 0 0 0 0 0 13 0 0 63 0 0 0 0 0 0 0 0 0 0 0 0 0 0 0 0 93 0 63 0 0 0 0 51 0 0 0 0 0 97 
0 0 0 0 0 0 0 49 0 9 0 0 0 0 0 0 54 0 0 0 0 95 0 33 25 0 0 0 0 0 0 34 0 0 0 0 0 0 18 0 0 0 0 0 0 0 68 0 0 0 0 0 99 0 0 0 0 0 39 0 5 40 0 0 0 82 0 0 0 0 66 88 0 0 0 0 6 0 0 0 0 0 0 0 30 0 75 0 64 0 0 0 0 0 0 0 0 0 75 0 
44 0 0 0 99 59 0 0 57 88 0 0 0 0 0 0 54 0 0 0 0 0 19 43 0 0 0 0 0 45 0 25 37 0 0 64 0 0 0 0 0 0 52 1 0 0 0 31 5 0 0 0 0 3 65 0 0 0 0 0 47 0 0 0 25 43 0 0 0 0 0 24 0 0 0 0 0 0 0 18 0 0 0 0 86 0 0 0 47 100 0 16 0 0 0 0 0 15 0 83 
0 62 44 0 0 0 0 0 50 0 0 0 0 99 0 0 0 0 0 77 0 0 33 0 6 0 57 0 0 35 0 0 0 0 0 58 54 0 0 0 0 0 0 0 0 0 0 0 0 0 0 0 0 0 63 0 0 23 71 0 0 0 70 0 0 0 0 0 79 0 0 0 0 0 0 0 65 0 0 0 0 0 0 0 78 0 0 0 0 38 0 15 0 0 0 0 41 0 33 0 
67 0 36 0 0 0 0 0 0 0 0 0 0 42 0 0 0 0 0 0 0 0 0 0 0 0 0 63 40 0 55 0 35 0 3 84 0 0 0 0 52 0 11 0 0 0 69 0 54 0 18 69 80 0 0 54 0 44 0 0 12 0 39 0 0 0 0 0 11 0 0 0 0 0 0 0 0 0 0 0 0 0 0 0 73 47 0 0 79 0 0 0 0 0 0 0 76 53 0 0 
23 0 0 0 0 86 17 0 0 0 0 73 0 100 45 0 0 0 0 0 0 0 35 19 73 46 0 0 0 0 0 0 0 0 0 0 0 0 0 0 1 0 0 79 0 0 0 0 82 0 0 0 68 0 0 0 72 0 88 0 0 0 0 0 63 52 0 0 0 0 78 0 0 0 0 0 96 96 22 14 0 0 0 0 0 73 43 25 0 0 0 0 65 0 63 0 0 0 0 0 
0 0 65 0 0 0 0 0 0 0 0 0 0 0 0 74 0 0 88 0 0 7 9 0 0 0 0 0 0 0 89 0 0 0 75 0 0 28 0 0 0 0 0 0 0 0 0 73 0 51 85 49 0 0 0 0 0 0 51 0 0 56 0 89 0 0 0 0 18 0 0 0 0 83 0 0 0 0 0 15 0 33 0 0 69 0 0 0 0 0 0 68 0 93 0 0 0 84 0 0 
0 32 0 0 0 0 0 0 0 0 0 0 0 0 0 0 0 0 22 0 0 72 0 0 0 0 0 0 0 0 84 0 71 0 0 0 0 0 0 0 0 0 0 0 0 90 0 15 0 31 61 0 0 0 0 0 0 0 0 0 0 0 0 0 71 56 0 0 0 0 0 51 92 0 0 0 0 0 41 0 18 26 0 26 0 0 54 0 0 0 0 6 0 0 0 0 10 0 0 0 
48 0 46 0 0 0 0 0 0 0 0 0 0 21 63 0 0 0 69 0 0 0 0 64 0 0 32 0 0 0 0 0 0 0 0 0 62 93 0 68 0 0 69 0 0 0 0 0 0 0 0 85 0 0 39 0 0 0 0 0 0 0 0 0 0 0 0 69 0 0 55 0 66 95 14 45 0 80 0 0 15 0 0 0 0 0 26 0 0 0 0 0 0 0 0 30 0 0 0 0 
0 0 0 0 0 0 0 0 0 0 0 0 0 15 0 13 0 0 2 0 52 80 61 0 43 69 0 43 0 77 0 0 0 0 0 0 79 0 62 0 31 0 0 0 73 15 0 0 0 0 28 0 0 0 0 0 19 0 0 0 92 15 0 0 0 0 0 98 0 43 0 0 0 0 0 0 0 0 0 32 0 0 74 31 68 0 0 0 0 0 67 0 0 62 0 0 0 0 80 0 
0 0 0 0 0 57 0 0 0 41 0 0 6 0 0 3 0 0 0 0 52 0 76 0 0 0 75 0 0 0 0 57 0 0 0 0 0 0 89 0 5 0 54 82 0 0 0 0 0 0 78 0 64 0 0 54 0 0 0 0 0 0 0 0 0 0 0 0 0 0 0 31 3 0 0 0 0 0 0 62 30 53 0 0 0 0 0 0 0 0 0 89 0 0 2 100 0 0 0 0 
0 0 0 0 98 76 0 0 0 0 0 0 0 0 16 99 0 31 63 10 93 48 30 0 0 0 0 0 0 0 0 0 0 0 61 0 77 0 0 0 0 0 0 0 51 31 0 0 0 0 0 95 88 0 0 0 0 0 0 0 0 0 0 0 0 0 0 25 0 33 0 0 0 0 0 0 0 0 0 0 0 0 0 0 0 19 0 0 81 0 0 0 0 0 0 0 0 0 0 0 
0 0 0 0 71 0 91 0 0 0 0 0 0 0 29 0 0 51 0 0 54 0 0 0 71 49 0 31 2 0 11 1 0 0 0 95 41 0 0 0 0 0 18 0 85 61 0 28 78 0 0 0 32 0 0 0 0 0 0 0 35 0 0 0 0 0 0 0 0 0 0 0 0 0 79 17 0 0 21 0 0 0 0 0 0 0 0 0 0 0 0 0 0 0 0 0 26 0 0 0 
0 0 0 0 0 0 82 0 0 0 95 0 36 0 0 89 70 13 0 0 0 3 0 57 0 0 0 0 31 86 51 0 38 0 0 0 0 0 0 0 0 0 69 0 49 0 85 0 0 95 0 0 37 0 0 98 50 54 12 0 0 0 0 0 0 0 0 0 0 0 0 90 0 0 0 0 0 0 0 0 0 0 0 0 0 0 0 0 0 0 0 53 0 0 0 50 64 0 0 0 
0 0 0 0 0 50 39 0 0 0 96 25 0 0 88 0 0 0 48 100 0 70 0 0 0 53 0 91 0 91 0 0 0 91 0 34 19 0 0 99 0 0 80 68 0 0 0 0 64 88 32 37 0 29 0 65 0 97 4 0 0 0 0 16 0 0 0 0 33 0 0 0 66 0 0 10 0 11 0 0 25 0 0 0 19 0 0 54 0 0 0 0 15 0 0 0 0 0 0 0 
0 0 0 77 45 0 0 0 0 80 80 0 0 0 19 0 0 0 57 0 0 0 0 0 0 0 0 0 80 0 0 0 0 0 60 23 0 0 0 0 3 0 0 0 0 0 0 0 0 0 0 0 29 42 44 0 0 85 0 0 0 0 0 0 71 0 0 82 0 74 0 0 16 0 26 0 0 0 4 0 0 0 0 0 0 0 0 0 0 43 0 0 0 0 11 0 0 0 0 64 
0 71 78 71 0 0 67 63 0 0 0 0 0 19 0 0 38 43 0 24 50 0 0 0 0 56 1 0 0 0 53 0 0 0 0 65 0 0 0 0 65 63 0 0 0 0 39 0 0 0 0 0 0 44 45 0 0 0 23 0 0 0 0 0 0 0 0 0 22 0 0 0 0 0 93 0 99 88 93 0 0 26 0 0 0 0 0 0 90 55 0 0 0 0 0 0 0 0 0 0 
0 0 0 69 80 30 36 38 0 0 0 0 0 0 0 24 0 0 28 0 0 0 0 0 29 80 0 0 0 0 0 0 0 22 0 0 0 43 0 0 0 0 54 0 0 0 0 0 54 0 0 98 65 0 0 16 0 0 76 0 0 0 50 0 46 90 0 0 84 0 41 0 74 0 65 0 0 0 75 0 35 0 0 0 0 0 28 0 55 0 0 0 0 0 74 0 65 0 93 0 
82 0 0 80 84 3 0 0 42 0 0 0 0 0 0 0 0 0 0 0 0 0 51 0 0 0 0 0 0 0 0 0 0 0 0 0 0 94 42 0 0 0 0 72 0 0 0 19 0 0 0 50 0 0 0 0 0 54 0 39 8 0 0 0 41 31 0 0 0 0 0 0 0 0 0 0 77 0 0 0 67 0 0 0 0 0 0 0 0 0 0 0 0 0 0 0 0 0 0 0 
75 0 25 0 0 0 96 0 0 0 0 0 0 63 0 0 0 0 53 0 0 14 0 0 0 0 0 0 0 0 0 48 0 0 0 0 77 0 0 0 0 23 44 0 0 0 0 0 0 0 0 54 97 85 0 0 54 97 79 14 0 0 0 0 87 0 0 0 0 0 39 0 0 36 0 0 42 0 0 87 27 49 0 0 9 0 0 0 0 0 0 0 0 0 79 87 0 97 0 0 
0 0 57 0 0 0 0 0 0 0 0 0 0 0 87 68 0 68 0 0 0 0 0 0 0 7 0 89 35 0 0 0 0 0 0 0 0 0 0 39 0 71 0 88 51 0 0 0 0 0 0 12 4 0 23 76 0 79 0 10 0 0 0 4 0 0 0 0 0 42 0 0 0 0 0 0 0 0 0 0 0 66 0 8 0 0 0 0 18 90 78 30 0 17 0 0 0 0 0 0 
2 0 0 0 26 85 0 46 97 0 82 0 0 0 95 59 73 0 0 85 0 0 0 0 0 0 41 0 0 0 45 41 0 0 68 0 0 3 0 0 0 0 0 0 0 0 0 0 0 0 0 0 0 0 0 0 39 14 10 0 0 71 0 0 0 0 0 0 0 0 0 0 0 0 0 0 0 0 0 0 0 92 68 0 0 0 0 0 0 0 54 0 0 0 18 0 0 0 0 0 
0 0 75 0 0 0 0 53 0 0 50 16 0 24 0 27 0 0 0 0 60 20 95 0 0 0 0 0 0 0 7 0 77 0 0 0 0 0 0 5 47 0 12 0 0 0 0 92 0 0 35 0 0 0 0 0 8 0 0 0 41 72 0 0 0 0 0 72 0 4 0 35 0 0 0 0 0 0 0 0 0 63 46 79 0 64 0 0 0 0 0 45 86 0 0 0 0 0 0 0 
0 0 10 0 0 0 0 63 0 0 0 0 14 0 0 15 0 83 0 0 0 0 20 95 60 0 0 0 92 0 2 0 87 0 0 69 0 0 0 40 0 0 0 0 56 0 0 15 0 0 0 0 0 0 0 0 0 0 0 71 72 88 0 0 0 0 0 48 0 0 20 0 0 0 0 0 0 0 0 6 0 95 0 0 0 0 0 0 52 0 0 0 0 44 0 0 0 0 0 0 
0 0 0 0 92 0 0 0 0 0 0 91 0 0 0 0 0 15 0 11 0 0 0 0 11 0 0 0 0 13 0 0 0 0 0 0 39 40 0 0 0 70 39 0 0 0 0 0 0 0 0 0 0 0 0 50 0 0 0 0 0 0 0 0 0 0 0 0 0 0 46 88 42 0 95 0 0 0 0 0 0 38 0 0 0 10 0 0 0 0 0 75 0 14 0 0 0 0 0 0 
0 0 32 0 0 0 17 0 22 88 0 0 33 0 74 0 0 0 0 0 90 7 0 0 0 0 0 0 31 0 0 77 0 0 54 0 0 0 0 0 0 0 0 0 89 0 0 0 0 0 0 0 16 0 0 0 0 0 4 0 0 0 0 0 0 0 0 0 0 0 0 4 0 0 0 0 61 0 0 0 0 0 8 0 0 0 0 0 0 0 16 75 0 0 13 0 0 0 7 0 
93 0 14 0 0 0 87 0 0 0 1 5 12 25 0 0 53 76 0 0 0 0 0 0 22 0 44 0 0 36 0 89 17 0 0 0 0 0 0 0 25 0 0 63 0 71 0 0 0 0 0 0 0 71 0 46 41 87 0 0 0 0 0 0 0 0 0 0 62 83 0 34 0 39 57 0 0 0 36 0 0 0 0 0 0 64 39 0 0 0 0 0 48 50 0 0 0 0 14 0 
46 0 0 0 0 0 71 0 29 0 0 0 0 0 78 0 0 0 0 13 0 0 0 59 0 0 0 3 0 75 0 7 0 0 84 15 0 24 0 82 43 0 0 52 0 56 0 0 0 0 0 0 0 0 0 90 31 0 0 0 0 0 0 0 0 81 0 0 0 53 0 0 0 0 22 0 0 0 0 73 0 0 0 0 0 0 0 0 0 0 65 0 35 0 79 0 0 0 0 0 
0 0 0 0 0 11 50 0 0 0 0 27 0 0 0 0 0 0 1 0 0 0 52 0 0 16 24 0 0 0 48 0 0 0 0 0 0 0 13 0 0 0 0 0 0 0 0 0 0 0 0 0 0 0 0 0 0 0 0 0 0 0 0 0 0 0 0 0 0 92 0 0 0 0 0 77 0 34 64 90 0 0 0 73 0 0 0 0 0 0 0 0 0 0 0 0 0 0 57 73 
100 29 0 40 0 24 0 0 4 0 0 0 85 0 0 0 0 0 0 0 0 0 0 0 0 0 0 0 0 0 0 0 0 81 0 29 56 0 0 0 0 0 0 0 0 0 69 98 0 25 0 0 0 82 0 0 0 0 0 0 72 48 0 0 0 0 0 0 74 0 0 94 0 31 0 0 0 0 47 0 0 0 0 0 0 38 0 0 0 0 0 0 11 33 0 0 0 0 0 0 
0 0 0 0 0 0 50 0 0 0 21 0 0 0 0 0 22 0 0 0 18 0 0 0 0 47 0 0 75 0 0 0 10 54 0 36 91 0 0 0 0 79 11 0 18 0 0 0 0 0 0 0 33 0 22 84 0 0 0 0 0 0 0 0 62 0 0 74 46 0 39 79 0 0 0 0 51 0 0 0 12 0 0 0 0 91 0 0 0 0 0 55 0 0 15 9 0 0 0 2 
64 0 0 0 0 0 0 0 0 0 0 0 0 0 0 0 0 0 0 0 0 0 0 0 0 0 0 38 0 5 0 0 0 82 100 1 0 0 63 0 0 0 0 0 0 0 0 43 0 33 0 0 0 74 0 0 0 0 42 0 4 0 0 0 83 53 92 0 0 81 0 61 0 19 8 40 0 0 0 0 0 0 0 0 81 18 0 0 0 0 0 0 0 0 0 0 0 0 0 0 
0 15 0 0 0 0 81 0 0 0 0 0 0 0 0 0 3 0 0 0 0 0 0 0 0 0 0 41 0 80 20 0 0 0 0 0 0 0 0 66 0 0 0 78 0 0 55 0 0 0 0 0 0 0 0 41 0 39 0 0 0 20 46 0 0 0 0 0 39 0 0 8 0 0 64 0 0 0 0 0 0 0 89 62 0 75 0 85 69 0 0 56 0 5 28 17 0 26 0 0 
0 0 0 72 0 0 81 39 0 0 0 0 0 10 0 6 0 0 0 52 0 86 0 0 0 0 0 0 0 0 51 41 0 0 0 82 0 0 0 88 24 0 0 0 0 51 0 0 31 0 0 90 0 0 0 0 0 0 0 0 35 0 88 4 34 0 0 94 79 61 8 0 23 97 48 0 40 0 0 0 0 0 0 0 0 81 16 0 0 0 0 0 54 0 0 0 0 0 0 0 
50 0 0 0 0 0 63 92 0 8 0 0 0 0 0 56 0 0 87 90 0 0 0 0 0 0 0 0 0 0 81 0 0 0 0 0 0 0 0 0 0 0 0 0 0 92 66 0 3 0 0 0 66 16 0 74 0 0 0 0 0 0 42 0 0 0 0 0 0 0 0 23 0 0 14 0 60 0 29 43 0 0 0 37 0 98 0 47 0 32 0 0 0 0 0 0 45 0 0 0 
3 0 0 80 0 0 0 0 0 0 0 0 0 0 0 0 0 0 0 0 0 0 0 90 16 0 0 0 0 65 0 0 0 0 0 0 0 13 0 0 0 0 0 0 83 0 95 0 0 0 0 0 0 0 0 0 0 36 0 0 0 0 0 0 39 0 0 31 0 19 0 97 0 0 0 0 0 0 0 0 0 0 0 28 0 0 0 0 41 0 0 0 0 68 0 0 55 0 0 0 
0 90 0 0 17 14 66 0 4 0 96 5 32 50 0 91 57 56 0 0 0 0 0 0 37 61 20 0 56 0 0 0 0 0 0 0 0 0 0 0 0 0 0 0 0 0 14 0 0 0 79 0 0 26 93 65 0 0 0 0 0 0 95 0 57 22 0 0 0 8 64 48 14 0 0 28 0 4 0 0 78 0 98 0 0 0 0 0 14 0 0 0 0 0 0 63 0 0 0 0 
18 93 0 0 95 0 0 0 45 2 0 0 0 0 0 0 70 49 0 0 0 0 0 0 0 0 0 82 0 77 0 46 0 0 0 0 40 55 0 0 0 0 0 0 0 0 45 0 0 0 17 0 10 0 0 0 0 0 0 0 0 0 0 0 0 0 77 0 0 40 0 0 0 0 28 0 76 86 98 0 0 0 98 0 0 0 97 0 0 84 0 0 11 78 0 0 0 0 32 0 
0 0 66 83 0 0 0 0 32 18 9 0 29 8 39 71 0 86 0 0 0 0 0 21 0 0 0 59 0 0 0 0 0 62 31 0 0 0 0 6 0 65 0 96 0 0 0 0 0 0 0 0 0 0 99 0 77 42 0 0 0 0 0 61 0 0 0 0 51 0 0 40 60 0 0 76 0 0 0 0 0 0 0 0 0 0 90 0 0 0 71 3 0 0 63 11 0 0 74 0 
0 0 0 0 0 4 0 0 0 80 36 0 0 0 56 19 0 0 0 89 95 0 0 97 0 0 0 0 0 0 0 0 0 0 0 0 0 0 0 0 0 0 0 96 0 0 80 0 0 0 0 0 11 0 88 0 0 0 0 0 0 0 0 0 0 0 34 0 0 0 0 0 0 0 4 86 0 45 0 95 0 0 0 0 87 11 0 0 0 0 0 0 0 0 58 0 0 32 0 0 
0 0 0 86 0 0 0 76 0 41 0 0 0 0 0 0 0 60 0 0 0 0 0 69 0 0 87 0 0 0 10 0 83 15 0 0 0 0 0 0 0 0 0 22 0 41 0 0 0 0 21 0 0 4 93 75 0 0 0 0 0 0 0 0 36 0 64 47 0 0 0 0 29 0 0 98 0 0 0 0 13 2 0 0 43 0 0 52 0 32 0 86 0 0 0 49 0 0 0 0 
0 0 0 0 0 0 0 0 0 0 0 0 0 9 0 0 0 0 0 0 0 0 0 0 0 0 68 0 0 0 0 0 0 89 0 0 0 0 0 0 18 0 0 14 15 0 0 32 62 0 0 0 0 0 0 0 0 87 0 0 0 6 0 0 0 73 90 0 0 0 0 0 43 0 0 0 0 95 0 0 0 0 0 0 0 34 0 29 0 0 0 3 0 0 85 97 0 0 0 0 
81 72 0 89 88 0 16 0 0 0 0 0 72 0 0 0 0 0 0 0 88 0 8 0 0 0 0 75 0 0 0 0 0 0 79 0 64 0 0 0 0 0 0 0 0 18 15 0 30 0 0 0 25 0 0 35 67 27 0 0 0 0 0 0 0 0 0 0 12 0 0 0 0 0 78 0 0 0 13 0 38 0 0 98 0 0 0 0 0 0 0 0 0 80 0 0 0 0 0 0 
0 0 0 0 0 0 0 98 95 0 0 0 0 0 53 0 0 0 0 0 0 0 91 0 96 0 16 0 12 0 0 53 0 0 0 0 0 0 0 0 0 0 0 0 33 26 0 0 53 0 0 0 0 0 26 0 0 49 66 92 63 95 38 0 0 0 0 0 0 0 0 0 0 0 0 0 0 0 2 0 0 0 0 0 0 98 0 0 0 0 0 0 0 0 0 0 0 0 0 17 
8 0 0 0 100 0 27 0 99 0 0 0 10 0 67 0 0 0 0 51 5 0 76 30 0 0 0 46 0 0 0 0 0 37 34 0 0 0 0 0 0 0 0 0 0 0 0 74 0 0 0 0 0 0 0 0 0 0 0 68 46 0 0 8 0 0 0 0 0 0 89 0 0 0 98 98 0 0 0 0 0 0 0 0 0 0 0 0 0 0 0 0 0 0 0 0 0 86 0 0 
0 0 0 63 43 0 0 19 0 0 0 0 0 0 0 0 0 0 40 97 0 0 0 0 0 86 0 0 0 0 92 78 0 0 0 0 0 0 0 0 0 0 0 0 0 26 0 31 0 0 0 0 0 0 0 0 0 0 8 0 79 0 0 0 0 0 73 0 0 0 62 0 37 28 0 0 0 0 0 0 98 0 0 0 0 0 0 99 0 69 43 0 74 0 0 77 0 0 0 0 
0 0 0 0 0 0 0 0 0 0 0 0 0 0 0 0 76 0 0 58 0 69 0 0 57 0 0 0 0 98 75 0 0 0 0 0 31 0 0 30 86 78 73 0 69 0 0 68 0 0 0 0 19 0 0 0 0 9 0 0 0 0 0 0 0 0 0 0 0 81 0 0 0 0 0 0 0 87 43 0 0 0 0 0 0 0 0 0 0 0 0 0 0 0 0 0 66 0 0 80 
0 69 0 0 0 0 9 0 0 0 0 0 0 0 0 0 0 0 58 0 0 60 0 0 0 0 0 0 0 3 0 0 0 0 0 0 39 58 0 0 0 0 47 73 0 0 0 0 0 19 0 0 0 0 0 0 0 0 0 0 64 0 10 0 64 0 0 38 91 18 75 81 98 0 0 0 0 11 0 34 0 98 0 0 0 0 0 0 0 0 0 86 68 10 0 0 0 60 33 0 
0 0 0 0 0 0 0 0 0 89 0 0 17 68 18 0 0 0 0 0 0 98 0 0 0 0 0 83 0 0 84 90 0 0 31 0 0 0 93 75 0 0 0 43 0 54 26 0 0 0 0 0 0 0 0 28 0 0 0 0 0 0 0 0 39 0 0 0 0 0 0 16 0 0 0 97 90 0 0 0 0 0 0 0 0 0 0 92 0 0 0 0 0 64 0 69 0 0 0 2 
10 0 0 0 0 0 0 0 0 0 0 0 0 42 0 0 0 0 0 0 0 0 0 0 50 2 60 0 11 0 30 19 0 0 1 0 0 73 0 0 0 0 0 25 0 0 0 0 0 0 0 0 54 0 0 0 0 0 0 0 0 0 0 0 0 0 0 0 0 0 85 0 47 0 0 0 0 0 52 29 0 0 0 99 0 0 92 0 0 0 61 0 0 0 0 46 0 72 35 46 
0 0 0 0 51 0 46 0 50 0 36 0 0 0 0 0 98 0 0 7 0 0 0 0 0 0 94 33 0 0 0 0 0 0 61 0 74 0 63 64 47 0 79 0 0 0 0 0 0 81 0 0 0 0 90 55 0 0 18 0 0 52 0 0 0 0 0 0 0 0 69 0 0 41 14 0 0 0 0 0 0 0 0 0 0 0 0 0 0 0 0 13 0 80 73 0 0 0 0 0 
0 0 0 0 0 0 0 0 0 0 0 0 0 96 76 0 0 0 0 0 0 0 27 69 0 52 0 13 0 0 0 0 94 0 0 0 94 0 0 0 100 38 0 0 0 0 0 0 0 0 0 0 0 43 55 0 0 0 90 0 0 0 0 0 0 0 0 0 0 0 0 0 32 0 0 84 0 0 32 0 0 0 0 69 0 0 0 0 0 0 0 0 0 55 80 76 50 0 0 48 
0 0 0 0 0 0 0 0 0 0 74 31 30 0 0 0 0 0 0 0 0 0 16 0 0 0 0 0 0 0 0 0 0 0 0 0 0 0 0 0 0 0 0 0 0 0 0 67 0 0 0 0 0 0 0 0 0 0 78 54 0 0 0 16 0 65 0 0 0 0 0 0 0 0 0 0 71 0 0 0 0 0 0 43 0 0 0 61 0 0 56 0 0 0 46 0 53 0 0 77 
32 0 25 0 0 0 0 0 0 0 12 79 3 48 5 0 0 0 0 0 0 0 0 0 0 0 0 0 0 91 0 0 0 0 0 0 0 0 0 0 16 15 0 0 68 6 0 0 89 0 0 53 0 0 0 0 0 0 30 0 45 0 75 75 0 0 0 0 55 0 56 0 0 0 0 0 3 0 86 3 0 0 0 0 0 86 0 0 13 0 0 0 0 96 42 0 0 0 0 0 
0 0 0 71 0 0 0 92 37 0 0 0 0 0 0 56 0 43 0 0 0 0 0 68 0 0 0 0 0 0 0 28 0 80 1 0 0 0 0 0 0 0 0 65 0 0 0 0 0 0 0 0 15 0 0 0 0 0 0 0 86 0 0 0 48 35 0 11 0 0 0 54 0 0 0 11 0 0 0 0 0 0 0 74 0 68 0 0 0 0 0 0 0 92 88 0 0 100 0 14 
0 22 0 0 0 0 0 0 0 0 0 0 0 0 35 0 0 0 0 17 0 0 0 0 0 37 0 0 0 0 19 0 0 61 0 0 0 0 51 0 0 0 0 0 93 0 0 62 0 0 0 0 0 0 0 0 0 0 17 0 0 44 14 0 50 0 0 33 0 0 5 0 0 68 0 78 0 0 0 0 80 0 0 0 0 10 64 0 80 55 0 96 92 0 0 0 62 0 0 0 
0 0 63 0 94 0 0 0 0 32 0 60 0 0 0 0 40 16 0 0 0 0 6 0 78 0 0 0 0 0 0 0 49 0 0 0 0 55 0 0 0 0 0 63 0 0 0 0 2 0 0 0 0 11 0 74 0 79 0 18 0 0 0 13 0 79 0 0 15 0 28 0 0 0 0 0 63 58 0 85 0 0 0 0 0 0 0 0 73 80 46 42 88 0 0 0 93 0 2 0 
61 0 67 0 0 0 0 0 0 87 54 0 0 0 0 87 5 0 0 0 0 0 0 79 0 77 41 28 0 0 0 0 65 0 0 0 0 0 0 0 0 0 0 0 0 0 30 0 100 0 0 50 0 0 0 0 0 87 0 0 0 0 0 0 0 0 0 0 9 0 17 0 0 0 63 0 11 0 49 97 0 0 0 77 0 0 69 46 0 76 0 0 0 0 0 89 0 38 0 75 
0 0 0 0 44 0 0 57 0 0 54 0 0 77 0 32 0 0 12 0 23 0 0 88 8 0 0 13 9 0 0 45 0 0 0 0 0 0 0 0 0 41 76 0 0 10 0 0 0 0 26 64 0 0 0 65 0 0 0 0 0 0 0 0 0 0 0 0 0 0 0 0 45 55 0 0 0 0 0 0 0 0 0 0 66 0 0 0 0 50 53 0 0 62 93 0 0 0 0 0 
0 0 0 0 96 0 0 17 0 0 47 0 0 0 0 0 0 0 0 18 0 91 0 0 0 0 0 38 0 0 0 0 27 0 0 0 0 7 0 0 15 0 53 0 84 0 0 0 0 0 0 0 0 0 0 0 0 97 0 0 0 0 0 0 0 0 0 0 0 0 26 0 0 0 0 0 0 32 0 0 0 0 86 0 0 60 0 72 0 0 0 0 100 0 0 38 0 64 0 0 
0 67 0 0 0 0 0 0 63 79 93 6 29 0 7 0 0 0 0 76 0 0 48 0 0 0 0 0 0 0 0 0 39 31 41 0 0 0 0 75 0 33 0 0 0 0 0 80 0 0 0 0 0 0 0 93 0 0 0 0 0 0 0 7 14 0 57 0 0 0 0 0 0 0 0 32 74 0 0 0 0 0 0 0 0 33 0 35 0 0 0 0 0 0 2 0 0 0 0 0 
0 0 35 0 0 0 0 0 0 28 0 0 44 0 0 0 0 37 91 0 56 0 0 84 0 0 0 15 0 61 8 64 7 0 76 0 0 89 97 0 83 0 0 0 0 0 0 0 0 0 0 0 0 64 0 0 0 0 0 0 0 0 0 0 0 0 73 0 2 0 0 0 0 0 0 0 0 0 0 0 0 17 0 0 80 0 2 46 0 48 77 0 14 0 0 75 0 0 0 0 
