25 1019
34 25 77 66 71 11 33 76 80 2 66 44 24 84 62 60 39 33 17 45 98 88 81 74 60 
82 0 60 83 82 0 0 93 79 0 0 0 69 0 0 0 0 0 0 25 0 90 0 31 0 
0 0 0 0 66 0 0 0 0 0 32 0 0 81 57 15 45 0 0 2 0 0 0 48 0 
60 0 0 0 0 0 0 0 87 0 0 0 0 40 0 0 0 0 35 21 0 62 25 0 9 
83 0 0 41 0 0 0 0 0 71 0 0 0 54 35 0 13 77 0 0 0 0 28 0 0 
82 66 0 0 0 0 0 0 0 90 52 0 91 26 73 0 96 29 0 88 0 50 0 0 0 
0 0 0 0 0 0 12 4 0 0 0 56 0 0 0 0 36 36 94 5 0 50 73 0 22 
0 0 0 0 0 12 0 40 0 53 0 0 0 0 0 0 87 71 17 0 0 24 0 28 0 
93 0 0 0 0 4 40 0 0 0 0 0 25 21 40 0 0 0 56 0 26 0 75 0 34 
79 0 87 0 0 0 0 0 52 0 0 63 0 89 30 32 30 0 92 4 49 97 78 0 0 
0 0 0 71 90 0 53 0 0 71 27 0 0 0 47 5 53 0 46 89 0 0 7 0 0 
0 32 0 0 52 0 0 0 0 27 36 36 0 0 0 99 38 0 0 0 90 43 0 0 74 
0 0 0 0 0 56 0 0 63 0 36 73 65 39 0 31 16 0 59 0 100 0 0 17 3 
69 0 0 0 91 0 0 25 0 0 0 65 17 19 30 22 54 0 78 48 55 29 0 26 77 
0 81 40 54 26 0 0 21 89 0 0 39 19 77 0 0 0 74 0 97 61 0 0 16 0 
0 57 0 35 73 0 0 40 30 47 0 0 30 0 20 4 0 20 0 10 0 0 0 9 0 
0 15 0 0 0 0 0 0 32 5 99 31 22 0 4 0 0 58 0 63 19 43 51 90 0 
0 45 0 13 96 36 87 0 30 53 38 16 54 0 0 0 0 0 0 0 22 28 13 0 0 
0 0 0 77 29 36 71 0 0 0 0 0 0 74 20 58 0 0 0 0 98 13 5 3 0 
0 0 35 0 0 94 17 56 92 46 0 59 78 0 0 0 0 0 0 0 32 0 0 0 74 
25 2 21 0 88 5 0 0 4 89 0 0 48 97 10 63 0 0 0 0 56 4 0 7 0 
0 0 0 0 0 0 0 26 49 0 90 100 55 61 0 19 22 98 32 56 30 50 10 39 0 
90 0 62 0 50 50 24 0 97 0 43 0 29 0 0 43 28 13 0 4 50 31 60 22 0 
0 0 25 28 0 73 0 75 78 7 0 0 0 0 0 51 13 5 0 0 10 60 61 73 39 
31 48 0 0 0 0 28 0 0 0 0 17 26 16 9 90 0 3 0 7 39 22 73 2 0 
0 0 9 0 0 22 0 34 0 0 74 3 77 0 0 0 0 0 74 0 0 0 39 0 0 
