25 919
85 58 33 46 98 66 13 70 7 12 5 87 89 9 33 55 12 76 57 39 80 65 20 13 96 
0 0 0 0 0 0 0 0 90 0 0 0 0 0 1 0 21 0 0 78 89 0 0 0 0 
0 85 0 0 0 0 0 0 23 0 98 0 0 80 0 0 0 26 37 0 0 25 0 0 52 
0 0 78 0 0 0 0 0 0 0 0 57 0 89 0 0 0 0 0 98 58 0 0 0 0 
0 0 0 89 9 0 71 0 41 0 0 0 0 0 0 0 0 0 0 0 0 19 0 0 0 
0 0 0 9 0 0 0 0 0 32 0 0 0 0 0 0 0 49 0 0 0 49 0 26 0 
0 0 0 0 0 0 18 0 0 0 0 0 0 0 9 0 0 0 29 77 0 11 68 0 0 
0 0 0 71 0 18 30 0 67 0 0 0 0 0 0 0 10 53 0 0 0 0 0 0 64 
0 0 0 0 0 0 0 56 85 0 0 0 0 0 0 0 0 88 0 0 0 0 0 0 0 
90 23 0 41 0 0 67 85 0 0 5 0 0 0 0 0 0 0 0 0 0 0 62 0 0 
0 0 0 0 32 0 0 0 0 0 95 0 0 0 0 19 0 0 0 1 0 0 42 0 0 
0 98 0 0 0 0 0 0 5 95 0 0 0 0 70 0 0 95 0 0 0 0 84 0 0 
0 0 57 0 0 0 0 0 0 0 0 0 0 8 0 19 0 68 0 0 0 0 0 50 77 
0 0 0 0 0 0 0 0 0 0 0 0 0 0 64 0 0 0 0 0 100 0 29 0 78 
0 80 89 0 0 0 0 0 0 0 0 8 0 0 0 9 54 0 0 52 0 0 0 51 0 
1 0 0 0 0 9 0 0 0 0 70 0 64 0 0 0 0 0 85 0 0 61 0 25 27 
0 0 0 0 0 0 0 0 0 19 0 19 0 9 0 0 0 0 0 0 0 0 0 0 0 
21 0 0 0 0 0 10 0 0 0 0 0 0 54 0 0 0 0 0 95 0 0 0 87 0 
0 26 0 0 49 0 53 88 0 0 95 68 0 0 0 0 0 0 0 0 0 0 0 0 0 
0 37 0 0 0 29 0 0 0 0 0 0 0 0 85 0 0 0 0 0 77 0 0 0 0 
78 0 98 0 0 77 0 0 0 1 0 0 0 52 0 0 95 0 0 0 0 0 0 0 0 
89 0 58 0 0 0 0 0 0 0 0 0 100 0 0 0 0 0 77 0 0 0 0 31 57 
0 25 0 19 49 11 0 0 0 0 0 0 0 0 61 0 0 0 0 0 0 0 30 0 0 
0 0 0 0 0 68 0 0 62 42 84 0 29 0 0 0 0 0 0 0 0 30 0 0 0 
0 0 0 0 26 0 0 0 0 0 0 50 0 51 25 0 87 0 0 0 31 0 0 0 93 
0 52 0 0 0 0 64 0 0 0 0 77 78 0 27 0 0 0 0 0 57 0 0 93 78 
