100 853
60 16 53 77 2 70 13 93 12 72 12 90 22 96 19 77 57 28 38 86 40 36 53 88 47 79 87 1 75 50 53 58 13 65 91 92 34 41 46 90 85 35 45 19 57 64 38 76 92 70 58 60 65 38 16 19 24 98 13 29 21 73 56 36 9 78 4 23 52 22 34 36 78 66 29 3 81 81 86 54 16 43 66 25 20 80 78 92 45 56 58 59 11 66 67 51 46 23 33 5 
48 92 0 78 0 85 0 0 0 0 83 46 88 26 0 76 0 75 63 17 17 0 0 6 18 0 0 0 0 0 0 68 70 90 0 0 0 0 0 72 0 68 98 0 99 58 91 0 0 5 93 0 0 0 63 18 0 79 0 0 14 0 59 0 0 16 0 0 33 68 92 78 0 64 61 0 92 0 35 0 0 91 0 0 63 23 0 0 18 73 0 1 0 0 0 21 86 44 51 0 
92 70 0 0 25 44 93 56 47 0 0 80 59 12 39 27 65 24 0 42 0 54 0 0 0 0 0 76 87 36 41 0 28 0 19 0 42 55 57 8 63 94 60 0 0 99 77 7 0 0 0 56 7 16 0 0 0 54 0 56 50 0 0 0 62 0 0 0 5 0 0 0 0 7 33 11 5 0 18 13 80 0 0 0 71 0 0 8 65 0 87 0 0 0 0 0 0 95 0 20 
0 0 76 0 39 0 0 0 0 0 0 40 0 0 47 55 0 0 0 0 0 0 46 41 44 46 16 0 95 9 0 0 68 34 84 0 0 0 0 0 0 0 0 9 0 57 0 1 76 0 0 90 0 0 18 0 97 64 0 0 0 0 23 66 36 0 0 81 0 89 17 0 0 0 71 0 0 67 0 0 67 54 0 68 0 8 26 12 0 87 0 0 88 46 31 0 0 0 0 10 
78 0 0 55 0 0 77 0 0 77 47 4 94 22 0 64 6 32 0 0 48 0 0 12 0 7 83 69 0 73 23 0 0 22 8 52 0 0 0 55 83 80 62 0 0 23 37 0 57 46 0 58 40 100 0 0 82 0 0 0 81 0 57 76 26 0 0 44 18 0 0 89 0 0 47 32 98 35 0 0 0 0 8 0 31 0 93 36 67 40 84 0 25 0 0 0 0 44 22 5 
0 25 39 0 0 0 48 0 0 77 0 74 72 22 31 2 15 0 0 0 0 6 0 0 0 66 0 60 0 0 0 0 100 1 44 2 60 0 0 25 0 0 0 0 0 0 34 23 98 45 0 70 0 0 89 0 0 0 69 0 0 5 0 0 0 0 32 90 95 0 97 59 67 0 0 0 57 0 0 93 59 0 60 0 0 0 29 14 0 0 0 0 2 84 72 0 44 48 66 99 
85 44 0 0 0 0 90 34 94 56 0 0 70 66 0 90 0 42 0 75 0 48 62 48 0 87 8 79 0 0 3 0 47 77 0 72 0 0 87 0 0 0 0 0 0 0 9 25 0 0 0 0 67 0 0 0 0 0 99 0 15 0 0 35 0 0 61 0 69 0 0 0 4 66 28 69 14 12 0 0 89 51 70 0 91 0 8 0 0 49 69 52 52 0 52 0 4 43 0 16 
0 93 0 77 48 90 0 0 88 11 52 39 0 0 0 63 77 0 0 0 30 11 70 87 10 8 73 0 0 0 15 0 82 11 0 0 73 0 2 0 35 42 0 21 0 0 0 94 17 0 0 34 0 0 0 0 93 0 0 3 57 0 0 14 15 32 0 0 80 0 0 6 12 0 0 95 0 67 0 0 0 0 69 0 0 82 0 76 81 17 0 56 0 0 0 0 0 0 41 13 
0 56 0 0 0 34 0 72 39 60 78 0 0 0 62 54 39 0 0 0 0 0 0 0 0 0 92 28 0 0 0 0 4 60 15 53 10 0 0 22 0 97 0 0 0 0 0 0 0 70 0 0 0 68 0 0 0 0 49 41 12 79 77 50 52 69 0 0 96 88 0 0 0 0 0 63 0 66 12 24 90 0 58 34 37 0 20 29 6 0 73 26 0 46 0 0 0 0 0 62 
0 47 0 0 0 94 88 39 41 0 84 95 88 26 0 27 0 0 0 66 74 0 100 0 0 0 0 0 0 25 74 79 30 33 85 0 0 83 0 0 100 0 0 26 0 0 0 0 0 0 0 0 97 68 0 16 93 0 58 0 17 0 0 26 0 86 0 77 32 0 0 0 0 92 29 32 21 0 38 31 2 0 74 45 38 58 58 50 41 0 0 0 81 0 77 0 0 0 25 0 
0 0 0 77 77 56 11 60 0 0 0 0 0 0 0 0 0 0 0 12 8 62 0 55 69 72 0 0 25 20 0 53 78 57 0 0 43 35 0 0 0 20 34 0 0 44 73 0 88 0 38 97 0 0 0 19 0 0 2 0 0 71 0 31 15 0 0 0 15 0 70 39 31 78 33 0 48 0 50 1 37 0 7 0 0 9 0 0 16 33 60 0 11 91 0 0 11 0 0 47 
83 0 0 47 0 0 52 78 84 0 20 8 0 12 0 0 0 95 81 0 24 0 25 94 0 72 7 0 67 0 11 76 20 92 0 0 0 19 5 0 0 72 0 0 0 89 0 0 0 89 0 0 0 86 0 33 0 0 42 81 24 15 100 58 51 0 0 83 8 94 96 71 95 7 0 45 0 62 0 0 0 0 0 0 0 0 0 82 0 0 25 0 0 57 0 27 100 0 0 56 
46 80 40 4 74 0 39 0 95 0 8 94 14 0 4 36 0 69 53 0 47 40 89 0 46 9 36 0 9 33 0 80 81 0 72 5 0 0 51 28 0 0 0 43 0 18 0 70 2 81 68 0 16 51 96 0 0 0 0 0 73 0 0 0 0 50 75 0 84 6 0 10 0 0 14 84 0 0 0 80 0 29 86 0 0 0 98 93 0 25 0 0 0 6 47 0 0 75 0 63 
88 59 0 94 72 70 0 0 88 0 0 14 0 61 0 41 37 0 79 0 39 3 0 2 0 0 12 37 0 0 77 0 0 0 0 66 61 0 0 88 70 0 14 96 24 41 0 0 0 0 58 0 53 9 79 99 0 0 0 90 0 8 45 69 0 0 79 42 0 0 0 16 0 0 17 0 24 54 16 98 14 23 0 0 0 68 49 0 0 13 22 45 80 7 65 43 0 0 0 0 
26 12 0 22 22 66 0 0 26 0 12 0 61 0 0 0 0 0 88 0 23 0 0 74 88 0 0 99 45 0 68 0 0 93 8 0 0 0 0 77 8 0 64 92 0 0 60 92 0 13 12 53 0 94 78 0 54 59 0 44 60 0 64 25 17 0 41 0 0 0 0 69 1 100 87 3 58 0 0 0 99 30 0 0 31 25 0 0 56 0 24 49 0 73 3 50 0 39 0 95 
0 39 47 0 31 0 0 62 0 0 0 4 0 0 0 22 0 7 0 100 23 0 59 54 47 43 0 46 0 99 0 0 0 69 72 35 0 0 0 68 0 64 0 94 0 88 0 30 0 82 58 31 67 0 0 23 17 19 63 22 0 32 0 33 0 0 35 0 79 0 0 9 0 94 0 0 52 42 16 81 0 73 0 34 0 0 93 89 0 0 17 72 0 11 0 0 0 0 41 39 
76 27 55 64 2 90 63 54 27 0 0 36 41 0 22 0 0 87 0 13 63 64 0 10 0 91 13 80 0 12 0 29 88 88 0 89 22 26 28 0 52 0 0 17 72 53 46 95 94 98 0 1 88 0 0 64 1 72 0 0 0 6 90 0 0 55 0 0 0 0 66 34 63 80 7 27 91 58 0 70 61 0 0 99 0 62 0 13 0 0 0 0 46 24 6 18 60 0 76 0 
0 65 0 6 15 0 77 39 0 0 0 0 37 0 0 0 74 15 0 0 19 0 0 0 0 0 11 0 0 60 94 0 0 0 64 0 0 41 0 0 0 76 0 0 0 0 62 0 89 89 56 0 78 92 0 19 0 0 0 0 3 0 84 0 0 96 0 0 20 59 28 0 60 5 30 0 65 0 38 68 0 0 28 0 82 60 34 0 0 15 19 1 0 0 29 57 0 56 0 44 
75 24 0 32 0 42 0 0 0 0 95 69 0 0 7 87 15 0 66 35 17 9 57 0 0 0 62 0 0 23 74 0 0 55 49 0 0 24 0 0 4 0 67 0 0 61 0 91 0 0 0 0 20 90 0 0 0 0 0 0 0 0 73 47 56 70 73 0 98 0 68 11 19 96 0 61 0 32 0 54 0 7 58 63 0 41 0 75 0 39 0 0 56 24 65 0 0 0 79 53 
63 0 0 0 0 0 0 0 0 0 81 53 79 88 0 0 0 66 18 0 0 0 0 0 97 0 0 0 0 70 0 0 0 44 0 2 0 0 0 36 0 64 0 0 98 0 0 0 76 0 2 19 0 0 10 86 0 24 0 0 94 0 60 0 21 95 80 13 0 73 15 1 75 45 0 0 0 0 0 0 2 46 0 0 0 25 0 12 93 0 0 97 0 17 0 81 6 98 25 0 
17 42 0 0 0 75 0 0 66 12 0 0 0 0 100 13 0 35 0 19 0 0 0 69 9 0 18 0 0 25 84 96 0 0 0 80 69 0 47 20 0 0 0 57 89 0 0 93 0 98 0 44 0 68 74 43 0 66 12 56 67 6 0 0 97 31 0 0 0 31 76 47 0 100 38 0 44 0 0 39 56 80 35 89 86 76 0 0 93 0 87 48 22 77 0 88 25 94 0 0 
17 0 0 48 0 0 30 0 74 8 24 47 39 23 23 63 19 17 0 0 0 0 0 0 0 76 95 89 0 84 0 83 72 0 0 46 0 0 69 0 54 0 55 0 92 92 5 0 94 37 41 82 0 24 73 0 54 2 82 0 62 44 67 13 57 0 92 0 67 0 0 95 30 0 0 0 41 0 1 8 0 66 0 0 0 0 67 83 0 49 0 21 0 15 2 55 12 94 39 21 
0 54 0 0 6 48 11 0 0 62 0 40 3 0 0 64 0 9 0 0 0 0 0 0 0 0 59 98 0 47 46 49 0 48 22 18 0 0 33 0 0 0 35 83 29 0 0 52 0 0 25 0 94 0 42 0 0 0 0 37 89 90 31 0 0 48 27 0 0 0 34 0 0 0 0 82 66 0 7 0 69 39 0 0 0 0 38 41 0 34 15 1 76 64 0 0 0 14 38 0 
0 0 46 0 0 62 70 0 100 0 25 89 0 0 59 0 0 57 0 0 0 0 0 27 33 0 0 45 60 52 0 0 0 16 93 0 23 0 85 100 0 0 0 97 0 37 6 0 0 6 0 0 0 0 46 99 21 0 0 0 0 70 94 97 5 77 45 25 19 54 0 64 0 15 0 0 0 0 0 57 0 0 0 0 0 0 0 0 0 15 0 0 0 97 39 0 0 0 61 0 
6 0 41 12 0 48 87 0 0 55 94 0 2 74 54 10 0 0 0 69 0 0 27 0 0 35 0 0 78 0 0 21 0 31 0 77 0 13 9 32 0 0 65 75 91 80 0 0 0 0 0 0 0 54 0 0 0 0 53 99 35 0 45 89 0 4 67 36 0 29 56 95 3 0 17 0 0 8 96 0 48 50 2 0 74 93 94 58 0 43 62 0 0 69 10 0 0 70 59 0 
18 0 44 0 0 0 10 0 0 69 0 46 0 88 47 0 0 0 97 9 0 0 33 0 5 0 6 65 0 87 0 44 0 71 0 71 0 0 0 0 28 85 0 0 71 53 2 10 0 34 97 38 86 94 67 28 67 48 40 0 77 0 0 0 29 0 0 0 0 69 0 0 0 0 65 87 36 78 0 63 0 29 0 0 71 32 0 21 0 28 65 7 0 84 0 50 0 0 48 61 
0 0 46 7 66 87 8 0 0 72 72 9 0 0 43 91 0 0 0 0 76 0 0 35 0 0 1 6 50 0 0 0 0 2 29 14 100 5 0 99 51 24 0 31 0 46 28 0 2 0 28 0 0 52 91 0 99 0 0 63 0 47 60 34 63 39 98 0 0 0 0 44 5 61 52 9 93 55 46 68 7 0 22 66 0 0 5 34 0 0 43 48 27 62 0 100 64 0 0 0 
0 0 16 83 0 8 73 92 0 0 7 36 12 0 0 13 11 62 0 18 95 59 0 0 6 1 0 0 5 0 13 63 0 0 0 0 0 70 0 0 0 0 5 41 74 0 0 0 32 91 22 87 0 0 48 44 0 76 0 44 0 34 0 0 6 0 82 32 75 0 0 0 88 0 0 0 0 36 0 0 52 0 0 76 32 17 33 15 0 0 54 65 0 0 81 0 53 0 0 0 
0 76 0 69 60 79 0 28 0 0 0 0 37 99 46 80 0 0 0 0 89 98 45 0 65 6 0 69 28 0 0 0 0 85 12 94 0 41 55 0 0 0 33 0 0 31 0 0 65 84 51 0 82 20 53 0 0 0 0 0 85 0 0 0 32 55 0 4 0 56 99 0 0 0 0 23 20 36 7 0 0 0 75 0 94 35 0 0 71 0 0 57 0 0 70 0 5 12 8 10 
0 87 95 0 0 0 0 0 0 25 67 9 0 45 0 0 0 0 0 0 0 0 60 78 0 50 5 28 0 39 44 21 56 80 0 84 33 32 98 49 70 89 0 0 0 0 95 47 0 98 0 0 5 84 0 0 0 53 40 0 8 0 98 0 32 0 0 78 78 0 59 0 70 0 90 35 45 44 0 0 0 50 54 0 0 0 0 0 0 0 0 35 14 0 0 49 94 56 73 98 
0 36 9 73 0 0 0 0 25 20 0 33 0 0 99 12 60 23 70 25 84 47 52 0 87 0 0 0 39 0 0 0 0 94 72 0 3 99 21 69 3 0 0 31 0 68 23 0 0 72 22 41 0 3 48 0 0 72 33 98 0 81 0 82 83 0 0 43 90 29 0 0 0 0 18 0 83 25 24 18 0 0 44 91 0 0 64 26 0 0 15 12 0 0 1 85 0 0 34 83 
0 41 0 23 0 3 15 0 74 0 11 0 77 68 0 0 94 74 0 84 0 46 0 0 0 0 13 0 44 0 0 48 6 0 73 74 33 86 8 0 0 83 67 6 0 0 0 2 0 0 86 16 0 69 54 0 4 70 77 0 0 41 71 0 72 83 0 0 88 0 0 63 0 56 0 0 95 0 38 0 0 82 0 0 0 0 0 63 91 0 70 0 22 0 0 50 99 0 0 0 
68 0 0 0 0 0 0 0 79 53 76 80 0 0 0 29 0 0 0 96 83 49 0 21 44 0 63 0 21 0 48 0 0 0 28 0 0 0 0 72 0 0 49 24 3 59 57 96 0 0 0 0 0 27 82 0 0 68 0 0 34 0 45 0 12 42 30 0 0 0 1 93 0 44 52 81 0 35 65 67 0 12 79 92 66 0 0 0 0 84 26 0 58 0 0 36 96 59 48 0 
70 28 68 0 100 47 82 4 30 78 20 81 0 0 0 88 0 0 0 0 72 0 0 0 0 0 0 0 56 0 6 0 0 0 2 52 54 30 0 12 0 0 0 59 33 95 37 0 0 0 82 0 35 37 0 40 0 55 0 0 95 0 27 71 95 51 0 22 0 38 0 82 0 99 18 0 0 0 73 0 0 6 0 0 0 65 29 62 0 0 22 0 0 0 26 35 22 73 29 0 
90 0 34 22 1 77 11 60 33 57 92 0 0 93 69 88 0 55 44 0 0 48 16 31 71 2 0 85 80 94 0 0 0 45 0 66 4 3 0 0 0 53 40 0 0 83 0 0 84 21 29 37 84 98 25 0 89 11 26 15 0 88 0 0 21 0 2 0 0 17 29 0 0 0 0 11 0 47 0 0 0 0 0 39 0 0 59 6 0 10 0 61 0 0 0 65 21 48 38 37 
0 19 84 8 44 0 0 15 85 0 0 72 0 8 72 0 64 49 0 0 0 22 93 0 0 29 0 12 0 72 73 28 2 0 0 57 0 0 0 0 0 0 99 99 0 56 22 99 37 76 84 0 0 56 59 0 41 41 80 91 0 0 0 0 0 9 0 48 0 35 40 0 36 17 20 0 100 0 0 0 0 47 86 0 20 78 0 4 0 0 0 74 27 0 0 65 44 91 32 0 
0 0 0 52 2 72 0 53 0 0 0 5 66 0 35 89 0 0 2 80 46 18 0 77 71 14 0 94 84 0 74 0 52 66 57 81 46 0 59 0 32 32 92 4 0 0 0 78 0 22 0 68 13 0 56 89 27 14 93 0 78 6 0 76 65 65 0 0 0 0 0 68 64 65 18 66 87 0 57 0 54 20 34 79 0 0 40 98 0 0 39 0 0 68 29 0 0 0 78 0 
0 42 0 0 60 0 73 10 0 43 0 0 61 0 0 22 0 0 0 69 0 0 23 0 0 100 0 0 33 3 33 0 54 4 0 46 0 0 0 75 73 100 0 100 96 80 0 46 0 27 0 0 0 0 0 57 0 1 0 0 28 0 0 49 22 78 0 0 71 0 41 0 0 45 0 49 0 34 59 75 79 0 96 0 0 15 59 0 0 86 0 0 0 0 82 0 0 0 0 98 
0 55 0 0 0 0 0 0 83 35 19 0 0 0 0 26 41 24 0 0 0 0 0 13 0 5 70 41 32 99 86 0 30 3 0 0 0 0 0 0 9 0 39 0 92 0 0 85 37 0 0 74 0 0 0 50 16 49 0 66 0 0 80 0 96 0 60 0 62 0 0 0 0 0 88 30 0 78 0 0 0 47 0 0 56 0 0 13 0 57 58 0 0 0 0 16 97 0 41 0 
0 57 0 0 0 87 2 0 0 0 5 51 0 0 0 28 0 0 0 47 69 33 85 9 0 0 0 55 98 21 8 0 0 0 0 59 0 0 0 0 42 0 90 0 18 69 0 72 5 0 0 41 3 54 18 99 90 97 0 37 0 31 73 48 0 0 0 0 0 56 5 0 53 0 84 0 0 0 0 22 0 0 42 0 10 0 45 17 0 31 0 0 54 81 53 0 94 75 22 0 
72 8 0 55 25 0 0 22 0 0 0 28 88 77 68 0 0 0 36 20 0 0 100 32 0 99 0 0 49 69 0 72 12 0 0 0 75 0 0 0 0 41 68 0 0 0 0 13 0 0 0 100 37 0 0 42 28 0 0 0 0 77 0 75 0 0 0 39 0 0 85 0 81 0 56 0 53 52 0 40 0 0 33 69 0 18 0 0 43 0 0 0 0 2 0 0 0 25 0 85 
0 63 0 83 0 0 35 0 100 0 0 0 70 8 0 52 0 4 0 0 54 0 0 0 28 51 0 0 70 3 0 0 0 0 0 32 73 9 42 0 26 0 0 26 0 0 0 47 0 0 41 25 52 0 15 86 0 32 80 56 89 0 0 0 49 0 0 0 87 4 0 12 0 54 0 66 0 9 46 0 0 19 0 82 0 74 11 61 0 0 1 0 0 0 0 10 0 0 40 0 
68 94 0 80 0 0 42 97 0 20 72 0 0 0 64 0 76 0 64 0 0 0 0 0 85 24 0 0 89 0 83 0 0 53 0 32 100 0 0 41 0 0 28 0 0 0 0 55 0 0 0 0 55 0 54 17 96 77 5 0 0 0 14 0 36 0 0 0 58 66 27 8 0 74 60 12 0 0 0 67 26 33 0 99 54 0 0 0 0 0 0 12 0 23 0 55 0 97 0 78 
98 60 0 62 0 0 0 0 0 34 0 0 14 64 0 0 0 67 0 0 55 35 0 65 0 0 5 33 0 0 67 49 0 40 99 92 0 39 90 68 0 28 0 0 0 37 0 70 54 13 4 0 0 85 30 0 0 83 0 0 0 47 99 0 26 0 85 85 0 0 0 87 0 57 6 45 68 81 0 25 0 63 84 66 0 0 5 0 0 0 59 8 0 0 0 0 0 0 59 0 
0 0 9 0 0 0 21 0 26 0 0 43 96 92 94 17 0 0 0 57 0 83 97 75 0 31 41 0 0 31 6 24 59 0 99 4 100 0 0 0 26 0 0 71 57 0 33 75 95 14 0 12 0 19 78 52 30 0 25 59 0 0 0 38 0 0 16 0 0 93 79 3 88 0 9 74 43 0 45 87 0 0 84 0 0 0 0 0 0 0 22 0 72 0 0 70 0 47 0 0 
99 0 0 0 0 0 0 0 0 0 0 0 24 0 0 72 0 0 98 89 92 29 0 91 71 0 74 0 0 0 0 3 33 0 0 0 96 92 18 0 0 0 0 57 1 0 40 0 0 0 72 74 77 0 0 0 0 0 0 0 0 24 0 38 0 0 0 18 68 0 16 0 7 0 0 58 0 0 0 48 42 27 39 0 94 0 93 0 0 71 0 0 28 45 31 79 72 49 73 98 
58 99 57 23 0 0 0 0 0 44 89 18 41 0 88 53 0 61 0 0 92 0 37 80 53 46 0 31 0 68 0 59 95 83 56 0 80 0 69 0 0 0 37 0 0 66 10 37 0 0 0 0 9 0 11 68 91 90 9 0 0 74 34 0 0 0 0 0 22 0 69 0 57 0 0 0 0 0 83 0 10 0 0 70 0 0 0 93 11 0 0 80 0 0 100 0 100 0 90 52 
91 77 0 37 34 9 0 0 0 73 0 0 0 60 0 46 62 0 0 0 5 0 6 0 2 28 0 0 95 23 0 57 37 0 22 0 0 0 0 0 0 0 0 33 40 10 0 9 0 73 46 0 8 0 0 0 55 60 15 0 0 1 0 92 0 0 12 0 0 97 43 67 31 0 97 18 73 0 0 38 25 80 0 0 0 25 26 39 29 0 0 0 0 0 0 75 54 96 96 0 
0 7 1 0 23 25 94 0 0 0 0 70 0 92 30 95 0 91 0 93 0 52 0 0 10 0 0 0 47 0 2 96 0 0 99 78 46 85 72 13 47 55 70 75 0 37 9 0 0 0 51 0 0 0 0 0 0 0 0 12 0 0 0 36 0 0 42 41 0 0 0 0 0 0 25 36 67 30 0 0 92 60 0 0 44 0 6 0 0 0 58 0 0 0 0 0 0 0 0 43 
0 0 76 57 98 0 17 0 0 88 0 2 0 0 0 94 89 0 76 0 94 0 0 0 0 2 32 65 0 0 0 0 0 84 37 0 0 37 5 0 0 0 54 95 0 0 0 0 12 79 0 0 26 0 0 23 0 29 2 96 54 20 0 0 0 0 0 13 0 11 0 0 0 65 11 43 82 0 9 53 89 0 0 7 40 71 0 3 64 0 0 59 94 0 100 41 39 87 22 0 
5 0 0 46 45 0 0 70 0 0 89 81 0 13 82 98 89 0 0 98 37 0 6 0 34 0 91 84 98 72 0 0 0 21 76 22 27 0 0 0 0 0 13 14 0 0 73 0 79 27 0 82 0 58 93 0 0 0 0 44 23 97 0 0 13 0 96 30 51 48 0 0 0 94 0 25 6 0 43 0 0 83 0 72 22 0 0 0 0 0 0 74 0 10 0 93 40 0 11 0 
93 0 0 0 0 0 0 0 0 38 0 68 58 12 58 0 56 0 2 0 41 25 0 0 97 28 22 51 0 22 86 0 82 29 84 0 0 0 0 0 41 0 4 0 72 0 46 51 0 0 0 94 44 0 0 0 0 0 65 0 0 0 10 0 5 0 82 22 47 0 0 0 0 0 22 0 0 75 0 40 0 0 0 97 92 45 69 0 88 91 38 0 0 0 0 0 0 3 0 0 
0 56 90 58 70 0 34 0 0 97 0 0 0 53 31 1 0 0 19 44 82 0 0 0 38 0 87 0 0 41 16 0 0 37 0 68 0 74 41 100 25 0 0 12 74 0 0 0 0 82 94 0 0 52 0 88 88 0 0 65 87 0 0 57 0 2 0 0 0 74 0 0 18 71 89 0 74 0 32 95 68 0 0 0 0 0 0 0 11 0 0 0 33 0 14 0 0 44 0 76 
0 7 0 40 0 67 0 0 97 0 0 16 53 0 67 88 78 20 0 0 0 94 0 0 86 0 0 82 5 0 0 0 35 84 0 13 0 0 3 37 52 55 0 0 77 9 8 0 26 0 44 0 0 0 0 71 0 0 58 5 0 0 66 0 38 0 65 26 48 0 21 47 59 74 100 0 0 0 0 54 0 0 0 88 0 66 56 0 77 33 0 88 0 0 94 0 0 0 0 89 
0 16 0 100 0 0 0 68 68 0 86 51 9 94 0 0 92 90 0 68 24 0 0 54 94 52 0 20 84 3 69 27 37 98 56 0 0 0 54 0 0 0 85 19 0 0 0 0 0 58 0 52 0 0 10 10 0 0 14 77 0 45 89 0 64 0 0 0 0 0 0 0 0 58 79 94 7 65 0 18 14 89 14 0 0 0 0 0 74 44 0 0 50 73 25 0 42 0 0 0 
63 0 18 0 89 0 0 0 0 0 0 96 79 78 0 0 0 0 10 74 73 42 46 0 67 91 48 53 0 48 54 82 0 25 59 56 0 0 18 0 15 54 30 78 0 11 0 0 0 93 0 0 0 10 15 0 21 0 86 0 0 0 52 63 89 87 0 73 0 44 45 0 0 80 25 72 10 0 0 83 0 0 0 0 93 0 0 0 0 7 44 0 0 20 0 96 67 0 0 0 
18 0 0 0 0 0 0 0 16 19 33 0 99 0 23 64 19 0 86 43 0 0 99 0 28 0 44 0 0 0 0 0 40 0 0 89 57 50 99 42 86 17 0 52 0 68 0 0 23 0 0 88 71 10 0 0 38 82 48 73 0 0 0 0 0 0 0 0 84 91 33 51 0 86 51 0 49 38 0 94 5 51 0 0 76 39 0 0 52 0 0 10 43 9 9 0 0 0 46 29 
0 0 97 82 0 0 93 0 93 0 0 0 0 54 17 1 0 0 0 0 54 0 21 0 67 99 0 0 0 0 4 0 0 89 41 27 0 16 90 28 0 96 0 30 0 91 55 0 0 0 0 88 0 0 21 38 85 0 0 44 72 12 71 77 0 88 42 0 90 0 41 0 15 75 0 0 0 58 25 35 28 41 0 30 42 0 0 0 0 84 0 0 72 68 3 0 70 90 84 0 
79 54 64 0 0 0 0 0 0 0 0 0 0 59 19 72 0 0 24 66 2 0 0 0 48 0 76 0 53 72 70 68 55 11 41 14 1 49 97 0 32 77 83 0 0 90 60 0 29 0 0 0 0 0 0 82 0 32 80 2 38 0 17 0 46 46 0 0 0 0 0 99 0 6 35 14 99 94 0 80 0 0 15 0 0 0 0 1 21 72 38 8 0 0 0 0 21 0 81 0 
0 0 0 0 69 99 0 49 58 2 42 0 0 0 63 0 0 0 0 12 82 0 0 53 40 0 0 0 40 33 77 0 0 26 80 93 0 0 0 0 80 5 0 25 0 9 15 0 2 0 65 0 58 14 86 48 0 80 93 66 0 24 0 0 0 0 25 0 0 41 0 0 3 16 11 61 0 0 16 95 44 87 13 28 64 83 0 0 0 0 14 0 99 0 0 0 96 0 0 2 
0 56 0 0 0 0 3 41 0 0 81 0 90 44 22 0 0 0 0 56 0 37 0 99 0 63 44 0 0 98 0 0 0 15 91 0 0 66 37 0 56 0 0 59 0 0 0 12 96 44 0 65 5 77 0 73 44 2 66 41 6 0 57 42 0 41 41 0 52 0 25 0 0 45 0 59 28 23 0 48 14 14 0 0 52 28 0 7 3 34 0 0 0 43 0 77 0 48 0 0 
14 50 0 81 0 15 57 12 17 0 24 73 0 60 0 0 3 0 94 67 62 89 0 35 77 0 0 85 8 0 0 34 95 0 0 78 28 0 0 0 89 0 0 0 0 0 0 0 54 23 0 87 0 0 0 0 72 38 0 6 0 14 95 62 0 0 0 0 0 0 0 67 70 0 0 97 0 73 19 0 0 35 0 0 0 0 0 0 0 10 92 0 0 0 0 0 0 0 18 0 
0 0 0 0 5 0 0 79 0 71 15 0 8 0 32 6 0 0 0 6 44 90 70 0 0 47 34 0 0 81 41 0 0 88 0 6 0 0 31 77 0 0 47 0 24 74 1 0 20 97 0 0 0 45 0 0 12 0 24 0 14 0 0 84 0 0 90 0 0 0 65 72 73 90 0 0 0 0 100 0 0 0 0 94 0 0 60 25 85 0 17 0 0 0 0 0 64 0 0 81 
59 0 23 57 0 0 0 77 0 0 100 0 45 64 0 90 84 73 60 0 67 31 94 45 0 60 0 0 98 0 71 45 27 0 0 0 0 80 73 0 0 14 99 0 0 34 0 0 0 0 10 0 66 89 52 0 71 17 0 57 95 0 36 0 0 91 0 0 0 60 81 0 0 17 0 51 0 71 0 0 21 0 72 0 0 0 0 60 82 15 0 94 71 0 61 0 0 35 0 53 
0 0 66 76 0 35 14 50 26 31 58 0 69 25 33 0 0 47 0 0 13 0 97 89 0 34 0 0 0 82 0 0 71 0 0 76 49 0 48 75 0 0 0 38 38 0 92 36 0 0 0 57 0 0 63 0 77 0 0 42 62 84 0 0 100 0 94 38 69 17 96 0 0 0 0 93 0 61 0 0 0 12 31 74 0 55 38 0 0 0 70 0 28 0 0 55 0 0 45 0 
0 62 36 26 0 0 15 52 0 15 51 0 0 17 0 0 0 56 21 97 57 0 5 0 29 63 6 32 32 83 72 12 95 21 0 65 22 96 0 0 49 36 26 0 0 0 0 0 0 13 5 0 38 64 89 0 0 46 0 0 0 0 0 100 0 0 1 0 93 0 85 0 80 85 71 0 0 0 0 33 63 34 0 94 0 77 0 7 35 0 0 0 36 33 95 0 0 23 0 0 
16 0 0 0 0 0 32 69 86 0 0 50 0 0 0 55 96 70 95 31 0 48 77 4 0 39 0 55 0 0 83 42 51 0 9 65 78 0 0 0 0 0 0 0 0 0 0 0 0 0 0 2 0 0 87 0 88 46 0 41 0 0 91 0 0 57 36 0 0 0 46 38 78 2 91 16 9 0 0 76 0 0 38 0 20 54 68 0 5 32 42 34 50 0 1 0 40 0 82 83 
0 0 0 0 32 61 0 0 0 0 0 75 79 41 35 0 0 73 80 0 92 27 45 67 0 98 82 0 0 0 0 30 0 2 0 0 0 60 0 0 0 0 85 16 0 0 12 42 0 96 82 0 65 0 0 0 42 0 25 41 0 90 0 94 1 36 0 0 0 0 58 0 83 0 0 0 0 85 88 45 0 0 0 0 0 0 0 57 79 0 0 0 54 69 59 0 63 42 0 0 
0 0 81 44 90 0 0 0 77 0 83 0 42 0 0 0 0 0 13 0 0 0 25 36 0 0 32 4 78 43 0 0 22 0 48 0 0 0 0 39 0 0 85 0 18 0 0 41 13 30 22 0 26 0 73 0 0 0 0 0 0 0 0 38 0 0 0 0 0 65 57 0 61 0 0 30 94 0 51 87 0 0 45 36 0 74 0 0 17 9 4 83 95 0 0 0 31 0 0 0 
33 5 0 18 95 69 80 96 32 15 8 84 0 0 79 0 20 98 0 0 67 0 19 0 0 0 75 0 78 90 88 0 0 0 0 0 71 62 0 0 87 58 0 0 68 22 0 0 0 51 47 0 48 0 0 84 90 0 0 52 0 0 0 69 93 0 0 0 0 70 31 0 43 0 63 53 0 0 87 0 0 0 0 0 0 0 51 0 0 25 0 42 0 59 33 0 61 0 0 0 
68 0 89 0 0 0 0 88 0 0 94 6 0 0 0 0 59 0 73 31 0 0 54 29 69 0 0 56 0 29 0 0 38 17 35 0 0 0 56 0 4 66 0 93 0 0 97 0 11 48 0 74 0 0 44 91 0 0 41 0 0 0 60 17 0 0 0 65 70 0 0 0 32 0 23 38 48 62 67 6 0 0 0 83 71 96 0 0 67 50 0 56 46 10 0 96 14 0 11 0 
92 0 17 0 97 0 0 0 0 70 96 0 0 0 0 66 28 68 15 76 0 34 0 56 0 0 0 99 59 0 0 1 0 29 40 0 41 0 5 85 0 27 0 79 16 69 43 0 0 0 0 0 21 0 45 33 41 0 0 25 0 65 81 96 85 46 58 57 31 0 45 95 0 0 0 0 78 0 0 98 15 77 34 0 27 15 53 75 0 47 0 0 0 0 0 32 0 87 75 0 
78 0 0 89 59 0 6 0 0 39 71 10 16 69 9 34 0 11 1 47 95 0 64 95 0 44 0 0 0 0 63 93 82 0 0 68 0 0 0 0 12 8 87 3 0 0 67 0 0 0 0 0 47 0 0 51 0 99 0 0 67 72 0 0 0 38 0 0 0 0 95 0 35 0 50 0 0 0 0 0 0 0 0 0 0 0 67 23 56 55 0 90 0 0 22 0 45 53 0 99 
0 0 0 0 67 4 12 0 0 31 95 0 0 1 0 63 60 19 75 0 30 0 0 3 0 5 88 0 70 0 0 0 0 0 36 64 0 0 53 81 0 0 0 88 7 57 31 0 0 0 0 18 59 0 0 0 15 0 3 0 70 73 0 0 80 78 83 61 43 32 0 35 0 0 0 0 17 0 0 2 0 0 0 0 41 0 0 0 50 99 0 13 0 17 35 17 29 37 0 84 
64 7 0 0 0 66 0 0 92 78 7 0 0 100 94 80 5 96 45 100 0 0 15 0 0 61 0 0 0 0 56 44 99 0 17 65 45 0 0 0 54 74 57 0 0 0 0 0 65 94 0 71 74 58 80 86 75 6 16 45 0 90 17 0 85 2 0 0 0 0 0 0 0 53 0 0 41 67 0 93 0 29 42 18 0 0 0 84 43 6 0 52 87 2 0 0 0 66 0 0 
61 33 71 47 0 28 0 0 29 33 0 14 17 87 0 7 30 0 0 38 0 0 0 17 65 52 0 0 90 18 0 52 18 0 20 18 0 88 84 56 0 60 6 9 0 0 97 25 11 0 22 89 100 79 25 51 0 35 11 0 0 0 0 0 71 91 0 0 63 23 0 50 0 0 40 4 82 7 0 29 0 0 0 3 0 25 0 0 0 0 63 59 60 0 53 85 95 0 91 0 
0 11 0 32 0 69 95 63 32 0 45 84 0 3 0 27 0 61 0 0 0 82 0 0 87 9 0 23 35 0 0 81 0 11 0 66 49 30 0 0 66 12 45 74 58 0 18 36 43 25 0 0 0 94 72 0 0 14 61 59 97 0 51 93 0 16 0 30 53 38 0 0 0 0 4 13 60 46 59 99 97 24 86 55 0 9 60 0 10 0 80 0 0 0 27 10 84 63 0 0 
92 5 0 98 57 14 0 0 21 48 0 0 24 58 52 91 65 0 0 44 41 66 0 0 36 93 0 20 45 83 95 0 0 0 100 87 0 0 0 53 0 0 68 43 0 0 73 67 82 6 0 74 0 7 10 49 0 99 0 28 0 0 0 0 0 9 0 94 0 48 78 0 17 41 82 60 57 18 0 88 0 56 0 0 0 0 85 0 0 57 0 65 17 52 90 53 0 100 30 0 
0 0 67 35 0 12 67 66 0 0 62 0 54 0 42 58 0 32 0 0 0 0 0 8 78 55 36 36 44 25 0 35 0 47 0 0 34 78 0 52 9 0 81 0 0 0 0 30 0 0 75 0 0 65 0 38 58 94 0 23 73 0 71 61 0 0 85 0 0 62 0 0 0 67 7 46 18 0 80 0 90 0 50 59 45 0 0 54 65 0 96 0 0 98 0 43 9 36 3 0 
35 18 0 0 0 0 0 12 38 50 0 0 16 0 16 0 38 0 0 0 1 7 0 96 0 46 0 7 0 24 38 65 73 0 0 57 59 0 0 0 46 0 0 45 0 83 0 0 9 43 0 32 0 0 0 0 25 0 16 0 19 100 0 0 0 0 88 51 87 67 0 0 0 0 0 59 0 80 0 0 0 52 0 21 30 97 23 0 58 0 2 85 0 0 0 59 29 0 10 0 
0 13 0 0 93 0 0 24 31 1 0 80 98 0 81 70 68 54 0 39 8 0 57 0 63 68 0 0 0 18 0 67 0 0 0 0 75 0 22 40 0 67 25 87 48 0 38 0 53 0 40 95 54 18 83 94 35 80 95 48 0 0 0 0 33 76 45 87 0 6 98 0 2 93 29 99 88 0 0 0 67 0 0 69 26 65 78 0 0 19 0 96 0 0 47 0 9 49 0 0 
0 80 67 0 59 89 0 90 2 37 0 0 14 99 0 61 0 0 2 56 0 69 0 48 0 7 52 0 0 0 0 0 0 0 0 54 79 0 0 0 0 26 0 0 42 10 25 92 89 0 0 68 0 14 0 5 28 0 44 14 0 0 21 0 63 0 0 0 0 0 15 0 0 0 0 97 0 90 0 67 94 57 0 0 13 0 0 29 0 0 0 0 84 10 15 10 0 0 0 0 
91 0 54 0 0 51 0 0 0 0 0 29 23 30 73 0 0 7 46 80 66 39 0 50 29 0 0 0 50 0 82 12 6 0 47 20 0 47 0 0 19 33 63 0 27 0 80 60 0 83 0 0 0 89 0 51 41 0 87 14 35 0 0 12 34 0 0 0 0 0 77 0 0 29 0 24 56 0 52 0 57 35 23 0 32 89 45 84 0 45 23 3 46 49 22 23 47 24 64 0 
0 0 0 8 60 70 69 58 74 7 0 86 0 0 0 0 28 58 0 35 0 0 0 2 0 22 0 75 54 44 0 79 0 0 86 34 96 0 42 33 0 0 84 84 39 0 0 0 0 0 0 0 0 14 0 0 0 15 13 0 0 0 72 31 0 38 0 45 0 0 34 0 0 42 0 86 0 50 0 0 0 23 91 100 20 0 0 4 0 16 11 0 0 3 22 0 88 0 0 11 
0 0 68 0 0 0 0 34 45 0 0 0 0 0 34 99 0 63 0 89 0 0 0 0 0 66 76 0 0 91 0 92 0 39 0 79 0 0 0 69 82 99 66 0 0 70 0 0 7 72 97 0 88 0 0 0 30 0 28 0 0 94 0 74 94 0 0 36 0 83 0 0 0 18 3 55 0 59 21 69 0 0 100 0 71 68 0 0 0 0 0 96 75 19 0 0 31 36 0 0 
63 71 0 31 0 91 0 37 38 0 0 0 0 31 0 0 82 0 0 86 0 0 0 74 71 0 32 94 0 0 0 66 0 0 20 0 0 56 10 0 0 54 0 0 94 0 0 44 40 22 92 0 0 0 93 76 42 0 64 52 0 0 0 0 0 20 0 0 0 71 27 0 41 0 0 0 0 45 30 26 13 32 20 71 0 96 35 0 45 0 27 0 0 50 0 12 0 27 70 0 
23 0 8 0 0 0 82 0 58 9 0 0 68 25 0 62 60 41 25 76 0 0 0 93 32 0 17 35 0 0 0 0 65 0 78 0 15 0 0 18 74 0 0 0 0 0 25 0 71 0 45 0 66 0 0 39 0 0 83 28 0 0 0 55 77 54 0 74 0 96 15 0 0 0 25 9 0 0 97 65 0 89 0 68 96 0 77 0 11 0 74 0 100 80 72 86 65 41 0 78 
0 0 26 93 29 8 0 20 58 0 0 98 49 0 93 0 34 0 0 0 67 38 0 94 0 5 33 0 0 64 0 0 29 59 0 40 59 0 45 0 11 0 5 0 93 0 26 6 0 0 69 0 56 0 0 0 0 0 0 0 0 60 0 38 0 68 0 0 51 0 53 67 0 0 0 60 85 0 23 78 0 45 0 0 35 77 0 50 44 0 33 0 0 60 84 0 53 2 15 0 
0 8 12 36 14 0 76 29 50 0 82 93 0 0 89 13 0 75 12 0 83 41 0 58 21 34 15 0 0 26 63 0 62 6 4 98 0 13 17 0 61 0 0 0 0 93 39 0 3 0 0 0 0 0 0 0 0 1 0 7 0 25 60 0 7 0 57 0 0 0 75 23 0 84 0 0 0 54 0 0 29 84 4 0 0 0 50 0 0 0 98 0 0 38 0 0 6 62 50 76 
18 65 0 67 0 0 81 6 41 16 0 0 0 56 0 0 0 0 93 93 0 0 0 0 0 0 0 71 0 0 91 0 0 0 0 0 0 0 0 43 0 0 0 0 0 11 29 0 64 0 88 11 77 74 0 52 0 21 0 3 0 85 82 0 35 5 79 17 0 67 0 56 50 43 0 10 0 65 58 0 0 0 0 0 45 11 44 0 0 0 0 86 67 90 96 0 97 0 0 43 
73 0 87 40 0 49 17 0 0 33 0 25 13 0 0 0 15 39 0 0 49 34 15 43 28 0 0 0 0 0 0 84 0 10 0 0 86 57 31 0 0 0 0 0 71 0 0 0 0 0 91 0 33 44 7 0 84 72 0 34 10 0 15 0 0 32 0 9 25 50 47 55 99 6 0 0 57 0 0 19 0 45 16 0 0 0 0 0 0 86 23 33 0 0 0 0 87 22 66 53 
0 87 0 84 0 69 0 73 0 60 25 0 22 24 17 0 19 0 0 87 0 15 0 62 65 43 54 0 0 15 70 26 22 0 0 39 0 58 0 0 1 0 59 22 0 0 0 58 0 0 38 0 0 0 44 0 0 38 14 0 92 17 0 70 0 42 0 4 0 0 0 0 0 0 63 80 0 96 2 0 0 23 11 0 27 74 33 98 0 23 0 45 9 0 0 43 0 39 0 50 
1 0 0 0 0 52 56 26 0 0 0 0 45 49 72 0 1 0 97 48 21 1 0 0 7 48 65 57 35 12 0 0 0 61 74 0 0 0 0 0 0 12 8 0 0 80 0 0 59 74 0 0 88 0 0 10 0 8 0 0 0 0 94 0 0 34 0 83 42 56 0 90 13 52 59 0 65 0 85 96 0 3 0 96 0 0 0 0 86 33 45 0 32 0 55 21 23 0 37 74 
0 0 88 25 2 52 0 0 81 11 0 0 80 0 0 46 0 56 0 22 0 76 0 0 0 27 0 0 14 0 22 58 0 0 27 0 0 0 54 0 0 0 0 72 28 0 0 0 94 0 0 33 0 50 0 43 72 0 99 0 0 0 71 28 36 50 54 95 0 46 0 0 0 87 60 0 17 0 0 0 84 46 0 75 0 100 0 0 67 0 9 32 97 29 0 66 0 0 66 89 
0 0 46 0 84 0 0 46 0 91 57 6 7 73 11 24 0 24 17 77 15 64 97 69 84 62 0 0 0 0 0 0 0 0 0 68 0 0 81 2 0 23 0 0 45 0 0 0 0 10 0 0 0 73 20 9 68 0 0 43 0 0 0 0 33 0 69 0 59 10 0 0 17 2 0 0 52 98 0 0 10 49 3 19 50 80 60 38 90 0 0 0 29 0 48 0 0 0 55 52 
0 0 31 0 72 52 0 0 77 0 0 47 65 3 0 6 29 65 0 0 2 0 39 10 0 0 81 70 0 1 0 0 26 0 0 29 82 0 53 0 0 0 0 0 31 100 0 0 100 0 0 14 94 25 0 9 3 0 0 0 0 0 61 0 95 1 59 0 33 0 0 22 35 0 53 27 90 0 0 47 15 22 22 0 0 72 84 0 96 0 0 55 0 48 69 0 0 92 54 0 
21 0 0 0 0 0 0 0 0 0 27 0 43 50 0 18 57 0 81 88 55 0 0 0 50 100 0 0 49 85 50 36 35 65 65 0 0 16 0 0 10 55 0 70 79 0 75 0 41 93 0 0 0 0 96 0 0 0 0 77 0 0 0 55 0 0 0 0 0 96 32 0 17 0 85 10 53 43 59 0 10 23 0 0 12 86 0 0 0 0 43 21 66 0 0 25 0 4 0 52 
86 0 0 0 44 4 0 0 0 11 100 0 0 0 0 60 0 0 6 25 12 0 0 0 0 64 53 5 94 0 99 96 22 21 44 0 0 97 94 0 0 0 0 0 72 100 54 0 39 40 0 0 0 42 67 0 70 21 96 0 0 64 0 0 0 40 63 31 61 14 0 45 29 0 95 84 0 9 29 9 0 47 88 31 0 65 53 6 97 87 0 23 0 0 0 0 66 90 0 33 
44 95 0 44 48 43 0 0 0 0 0 75 0 39 0 0 56 0 98 94 94 14 0 70 0 0 0 12 56 0 0 59 73 48 91 0 0 0 75 25 0 97 0 47 49 0 96 0 87 0 3 44 0 0 0 0 90 0 0 48 0 0 35 0 23 0 42 0 0 0 87 53 37 66 0 63 100 36 0 49 0 24 0 36 27 41 2 62 0 22 39 0 0 0 92 4 90 0 56 28 
51 0 0 22 66 0 41 0 25 0 0 0 0 0 41 76 0 79 25 0 39 38 61 59 48 0 0 8 73 34 0 48 29 38 32 78 0 41 22 0 40 0 59 0 73 90 96 0 22 11 0 0 0 0 0 46 84 81 0 0 18 0 0 45 0 82 0 0 0 11 75 0 0 0 91 0 30 3 10 0 0 64 0 0 70 0 15 50 0 66 0 37 66 55 54 0 0 56 0 0 
0 20 10 5 99 16 13 62 0 47 56 63 0 95 39 0 44 53 0 0 21 0 0 0 61 0 0 10 98 83 0 0 0 37 0 0 98 0 0 85 0 78 0 0 98 52 0 43 0 0 0 76 89 0 0 29 0 0 2 0 0 81 53 0 0 83 0 0 0 0 0 99 84 0 0 0 0 0 0 0 0 0 11 0 0 78 0 76 43 53 50 74 89 52 0 52 33 28 0 0 
