50 642
62 95 14 64 43 6 54 50 85 17 27 43 2 88 36 45 87 91 50 80 5 4 27 27 26 74 84 76 78 21 58 34 28 88 46 51 85 31 1 54 70 37 25 73 74 73 34 33 75 9 
59 12 0 0 61 70 0 0 0 0 0 0 0 0 0 0 0 0 0 0 0 0 50 0 0 87 0 3 78 10 0 0 76 0 84 0 0 0 0 0 0 0 0 0 67 0 77 30 0 0 
12 0 0 17 0 0 0 0 0 92 0 0 0 0 26 0 93 0 0 0 78 0 0 0 0 34 0 13 0 70 0 48 0 44 0 81 0 0 0 48 0 0 0 56 34 0 27 0 0 0 
0 0 50 0 0 0 0 0 0 0 0 0 53 0 0 0 0 0 68 0 84 0 0 0 0 0 17 0 0 0 39 0 0 0 0 0 94 0 0 0 57 35 0 68 0 0 0 0 0 0 
0 17 0 0 0 0 0 0 0 0 0 42 0 82 0 47 0 84 72 0 0 0 23 0 89 0 0 0 0 0 0 0 0 0 0 0 0 82 0 0 90 0 0 0 0 0 39 0 0 0 
61 0 0 0 0 0 94 0 13 0 0 0 0 0 0 78 0 87 0 2 0 0 77 0 0 0 0 0 0 38 0 40 0 0 0 81 0 0 0 0 0 0 96 0 51 0 0 0 0 65 
70 0 0 0 0 0 0 0 0 0 65 0 0 71 0 0 0 0 49 0 31 0 0 0 0 0 0 0 0 24 0 0 0 0 0 0 0 36 0 21 0 0 0 0 0 49 20 0 44 0 
0 0 0 0 94 0 0 0 0 0 0 25 0 0 0 19 8 0 0 0 0 53 0 0 0 0 0 24 0 0 0 0 0 0 0 0 0 36 0 0 0 56 0 0 41 0 0 0 0 0 
0 0 0 0 0 0 0 0 0 87 0 0 0 64 0 0 0 11 19 0 0 0 0 0 0 0 0 40 0 0 0 90 0 0 0 0 0 0 0 0 0 0 66 0 0 44 0 0 0 0 
0 0 0 0 13 0 0 0 0 0 0 0 43 0 0 81 0 0 0 47 77 0 5 0 0 0 0 0 34 0 100 0 0 0 0 0 33 86 89 0 0 0 0 0 0 42 36 0 0 72 
0 92 0 0 0 0 0 87 0 0 0 0 0 0 0 0 0 0 0 85 0 0 63 0 0 0 0 0 0 0 0 0 0 0 0 0 0 0 0 0 12 0 0 80 0 99 0 0 0 0 
0 0 0 0 0 65 0 0 0 0 29 30 0 0 0 0 0 0 39 0 24 90 0 0 0 0 0 0 8 94 0 0 0 8 0 0 68 0 0 0 93 0 59 0 0 0 0 76 0 0 
0 0 0 42 0 0 25 0 0 0 30 0 0 0 0 0 0 0 0 0 49 11 65 0 0 0 0 0 0 65 13 0 0 0 98 0 67 0 26 0 0 14 73 0 0 0 92 63 39 10 
0 0 53 0 0 0 0 0 43 0 0 0 0 0 0 0 0 0 0 0 0 0 0 0 0 74 0 0 0 0 0 0 55 88 41 0 3 0 39 0 0 26 19 89 0 4 0 0 77 0 
0 0 0 82 0 71 0 64 0 0 0 0 0 0 0 0 0 0 0 0 0 0 0 79 84 0 0 0 45 0 0 10 0 0 0 0 0 0 0 0 0 0 0 0 0 0 0 0 0 69 
0 26 0 0 0 0 0 0 0 0 0 0 0 0 0 0 0 0 0 38 75 0 0 0 84 12 0 0 0 68 0 0 0 0 0 0 0 0 0 0 0 0 0 97 56 0 0 0 0 60 
0 0 0 47 78 0 19 0 81 0 0 0 0 0 0 14 33 0 0 0 0 0 67 0 0 24 0 45 0 0 0 81 0 0 0 0 0 100 14 0 40 74 0 0 0 0 0 0 0 0 
0 93 0 0 0 0 8 0 0 0 0 0 0 0 0 33 0 0 88 0 0 0 13 35 0 0 0 0 0 0 0 0 74 42 0 0 0 0 0 0 0 0 0 0 0 0 53 0 95 0 
0 0 0 84 87 0 0 11 0 0 0 0 0 0 0 0 0 0 66 0 0 0 0 9 90 2 0 0 0 0 53 0 0 0 53 0 0 0 25 0 90 46 0 0 16 0 0 0 43 0 
0 0 68 72 0 49 0 19 0 0 39 0 0 0 0 0 88 66 0 0 0 0 0 0 0 0 23 67 61 0 97 62 0 0 0 0 17 0 0 0 0 6 39 51 0 68 0 0 82 0 
0 0 0 0 2 0 0 0 47 85 0 0 0 0 38 0 0 0 0 70 0 0 0 63 0 0 0 41 0 0 32 0 0 0 0 0 0 0 61 0 0 80 0 0 0 0 0 0 0 0 
0 78 84 0 0 31 0 0 77 0 24 49 0 0 75 0 0 0 0 0 66 0 0 0 0 0 0 0 0 0 0 0 58 33 0 0 6 0 31 0 96 0 3 0 0 14 0 0 0 0 
0 0 0 0 0 0 53 0 0 0 90 11 0 0 0 0 0 0 0 0 0 0 0 0 0 0 0 34 23 0 0 0 0 0 0 0 0 0 0 0 0 0 0 0 0 0 0 0 0 0 
50 0 0 23 77 0 0 0 5 63 0 65 0 0 0 67 13 0 0 0 0 0 0 0 0 0 0 0 0 82 0 0 0 0 0 0 0 0 0 0 0 0 0 0 0 0 0 0 0 0 
0 0 0 0 0 0 0 0 0 0 0 0 0 79 0 0 35 9 0 63 0 0 0 0 0 93 0 67 0 0 0 0 0 99 62 0 0 0 38 0 0 81 0 78 0 0 0 0 0 22 
0 0 0 89 0 0 0 0 0 0 0 0 0 84 84 0 0 90 0 0 0 0 0 0 89 0 0 0 0 0 0 0 27 58 26 0 0 0 27 0 0 20 0 0 0 0 0 0 0 8 
87 34 0 0 0 0 0 0 0 0 0 0 74 0 12 24 0 2 0 0 0 0 0 93 0 0 0 0 0 0 0 31 41 0 0 13 0 0 0 63 0 0 0 0 0 0 0 0 0 0 
0 0 17 0 0 0 0 0 0 0 0 0 0 0 0 0 0 0 23 0 0 0 0 0 0 0 0 7 0 0 0 0 0 15 83 0 0 0 21 0 0 0 31 0 0 0 0 0 34 0 
3 13 0 0 0 0 24 40 0 0 0 0 0 0 0 45 0 0 67 41 0 34 0 67 0 0 7 0 5 0 0 0 0 0 0 0 0 0 64 0 22 0 72 0 0 0 0 0 0 72 
78 0 0 0 0 0 0 0 34 0 8 0 0 45 0 0 0 0 61 0 0 23 0 0 0 0 0 5 19 0 46 0 0 0 0 0 0 0 0 0 0 29 0 0 53 0 0 0 55 0 
10 70 0 0 38 24 0 0 0 0 94 65 0 0 68 0 0 0 0 0 0 0 82 0 0 0 0 0 0 26 81 15 0 0 0 0 0 0 0 1 0 79 0 88 66 0 0 15 38 0 
0 0 39 0 0 0 0 0 100 0 0 13 0 0 0 0 0 53 97 32 0 0 0 0 0 0 0 0 46 81 0 0 49 0 0 0 0 68 18 0 0 0 0 0 0 0 0 0 0 6 
0 48 0 0 40 0 0 90 0 0 0 0 0 10 0 81 0 0 62 0 0 0 0 0 0 31 0 0 0 15 0 0 0 0 0 42 89 0 0 0 0 0 0 0 0 0 0 0 0 0 
76 0 0 0 0 0 0 0 0 0 0 0 55 0 0 0 74 0 0 0 58 0 0 0 27 41 0 0 0 0 49 0 0 0 0 0 62 0 0 0 38 88 0 0 0 0 0 0 0 0 
0 44 0 0 0 0 0 0 0 0 8 0 88 0 0 0 42 0 0 0 33 0 0 99 58 0 15 0 0 0 0 0 0 0 0 0 46 0 0 0 0 0 0 0 0 0 0 0 82 0 
84 0 0 0 0 0 0 0 0 0 0 98 41 0 0 0 0 53 0 0 0 0 0 62 26 0 83 0 0 0 0 0 0 0 0 55 78 58 0 0 0 0 57 0 33 0 0 0 0 0 
0 81 0 0 81 0 0 0 0 0 0 0 0 0 0 0 0 0 0 0 0 0 0 0 0 13 0 0 0 0 0 42 0 0 55 0 0 0 0 28 39 2 0 0 0 0 0 0 0 0 
0 0 94 0 0 0 0 0 33 0 68 67 3 0 0 0 0 0 17 0 6 0 0 0 0 0 0 0 0 0 0 89 62 46 78 0 89 0 0 0 0 0 70 69 0 0 38 0 0 0 
0 0 0 82 0 36 36 0 86 0 0 0 0 0 0 100 0 0 0 0 0 0 0 0 0 0 0 0 0 0 68 0 0 0 58 0 0 0 0 0 0 0 0 70 0 0 86 0 0 0 
0 0 0 0 0 0 0 0 89 0 0 26 39 0 0 14 0 25 0 61 31 0 0 38 27 0 21 64 0 0 18 0 0 0 0 0 0 0 0 0 0 0 0 0 0 0 0 0 0 0 
0 48 0 0 0 21 0 0 0 0 0 0 0 0 0 0 0 0 0 0 0 0 0 0 0 63 0 0 0 1 0 0 0 0 0 28 0 0 0 0 0 0 0 0 13 0 0 33 0 64 
0 0 57 90 0 0 0 0 0 12 93 0 0 0 0 40 0 90 0 0 96 0 0 0 0 0 0 22 0 0 0 0 38 0 0 39 0 0 0 0 0 56 0 0 70 0 0 0 0 0 
0 0 35 0 0 0 56 0 0 0 0 14 26 0 0 74 0 46 6 80 0 0 0 81 20 0 0 0 29 79 0 0 88 0 0 2 0 0 0 0 56 14 0 34 0 0 0 0 59 0 
0 0 0 0 96 0 0 66 0 0 59 73 19 0 0 0 0 0 39 0 3 0 0 0 0 0 31 72 0 0 0 0 0 0 57 0 70 0 0 0 0 0 59 0 0 0 96 0 46 85 
0 56 68 0 0 0 0 0 0 80 0 0 89 0 97 0 0 0 51 0 0 0 0 78 0 0 0 0 0 88 0 0 0 0 0 0 69 70 0 0 0 34 0 0 0 79 0 24 0 39 
67 34 0 0 51 0 41 0 0 0 0 0 0 0 56 0 0 16 0 0 0 0 0 0 0 0 0 0 53 66 0 0 0 0 33 0 0 0 0 13 70 0 0 0 0 5 0 0 0 0 
0 0 0 0 0 49 0 44 42 99 0 0 4 0 0 0 0 0 68 0 14 0 0 0 0 0 0 0 0 0 0 0 0 0 0 0 0 0 0 0 0 0 0 79 5 0 0 84 0 85 
77 27 0 39 0 20 0 0 36 0 0 92 0 0 0 0 53 0 0 0 0 0 0 0 0 0 0 0 0 0 0 0 0 0 0 0 38 86 0 0 0 0 96 0 0 0 0 0 0 0 
30 0 0 0 0 0 0 0 0 0 76 63 0 0 0 0 0 0 0 0 0 0 0 0 0 0 0 0 0 15 0 0 0 0 0 0 0 0 0 33 0 0 0 24 0 84 0 0 0 0 
0 0 0 0 0 44 0 0 0 0 0 39 77 0 0 0 95 43 82 0 0 0 0 0 0 0 34 0 55 38 0 0 0 82 0 0 0 0 0 0 0 59 46 0 0 0 0 0 4 0 
0 0 0 0 65 0 0 0 72 0 0 10 0 69 60 0 0 0 0 0 0 0 0 22 8 0 0 72 0 0 6 0 0 0 0 0 0 0 0 64 0 0 85 39 0 85 0 0 0 0 
