100 2945
8 2 19 48 45 90 55 49 88 11 69 88 70 67 17 0 6 43 34 36 5 30 88 88 50 85 45 97 64 44 82 56 82 59 43 96 81 42 4 53 23 74 96 68 3 90 1 95 46 61 83 45 22 79 89 11 78 18 66 17 77 36 19 44 72 13 23 74 32 97 92 22 33 31 20 10 1 84 58 10 64 65 44 34 72 18 98 98 36 29 55 33 51 16 33 81 45 43 46 30 
68 7 0 87 0 0 31 48 57 36 80 51 98 89 59 41 0 60 32 59 74 95 0 27 0 36 72 0 0 0 0 0 36 36 44 65 10 58 0 0 0 46 0 33 1 95 10 14 0 36 6 25 98 86 93 46 38 0 69 42 15 50 3 1 15 0 42 10 0 79 48 73 2 67 66 0 53 33 95 23 0 0 0 23 4 2 0 9 40 1 60 14 92 87 5 80 0 25 0 10 
7 0 76 0 48 0 0 50 100 91 17 19 17 69 90 76 86 42 0 32 0 4 3 0 0 74 27 0 7 0 58 70 73 87 83 9 29 87 36 33 1 26 20 0 44 0 0 72 0 83 0 22 0 79 31 0 0 96 22 43 15 10 5 30 0 63 50 92 6 73 0 72 9 0 0 85 23 93 23 14 5 17 6 23 46 29 76 99 14 6 60 82 38 68 37 64 35 0 10 48 
0 76 0 0 0 86 75 86 51 81 51 28 15 49 20 4 32 14 9 0 17 0 37 39 0 46 54 5 3 0 63 67 39 15 42 79 4 25 0 0 63 67 29 32 35 39 85 0 0 99 95 57 0 8 9 12 22 94 34 51 38 53 63 47 79 55 100 39 66 61 0 0 6 83 18 56 15 26 0 36 51 0 0 65 35 77 71 69 80 64 65 61 0 0 100 90 83 0 72 5 
87 0 0 0 0 0 0 58 32 76 33 89 20 74 45 1 0 32 48 0 0 53 15 97 51 0 0 63 0 33 61 93 66 96 0 42 60 57 0 73 0 0 10 0 74 52 0 0 36 27 0 31 11 90 7 0 0 67 95 12 3 78 0 71 84 98 71 0 3 59 26 31 60 66 50 73 92 23 25 64 52 0 85 95 57 0 95 0 13 0 19 82 100 43 16 0 56 51 59 54 
0 48 0 0 18 94 0 44 96 16 0 54 0 17 39 0 87 34 39 98 33 7 7 45 79 21 46 0 39 48 0 68 0 88 0 0 95 7 14 0 81 0 48 86 74 48 60 15 74 0 66 18 0 30 3 69 19 71 0 14 0 0 36 0 0 61 0 36 13 68 23 0 4 0 80 0 0 0 22 46 19 0 23 55 0 50 0 0 24 0 25 35 18 55 85 0 13 0 64 0 
0 0 86 0 94 96 11 30 97 87 0 98 0 0 52 48 8 0 0 90 0 38 11 0 0 74 0 0 68 0 50 0 70 47 38 39 0 60 15 72 0 80 98 58 1 28 0 87 71 50 0 50 0 81 81 63 57 55 0 0 0 72 16 0 27 0 19 42 18 46 94 0 50 91 12 0 96 48 0 53 33 0 0 0 13 2 0 21 36 0 56 71 77 11 0 90 61 0 79 72 
31 0 75 0 0 11 27 92 0 58 35 60 7 0 17 18 86 93 49 15 0 87 39 45 64 68 0 53 63 0 20 74 0 0 8 53 39 92 0 0 42 96 76 52 12 62 19 0 51 40 0 0 33 81 41 0 0 57 17 0 4 67 78 43 0 26 40 77 0 16 58 61 0 67 42 0 61 3 26 0 1 0 44 83 8 41 98 63 0 0 82 98 92 57 0 53 23 85 78 94 
48 50 86 58 44 30 92 34 84 13 81 95 55 85 51 4 65 0 0 28 0 4 45 32 0 78 4 95 99 0 33 59 0 50 28 47 37 100 50 34 29 0 99 65 64 79 35 49 0 52 0 13 26 10 75 71 92 48 19 24 0 39 69 57 8 0 26 0 88 22 54 13 91 86 85 18 30 0 41 27 26 49 0 0 8 19 19 53 29 54 60 0 8 0 72 27 51 0 41 73 
57 100 51 32 96 97 0 84 96 0 68 0 89 35 0 69 0 71 70 50 25 15 0 28 64 33 98 60 13 72 0 77 38 0 20 3 0 0 15 0 57 22 16 0 88 71 12 63 76 58 59 50 0 54 78 87 8 91 97 7 93 96 0 0 4 6 15 31 68 36 43 93 0 0 10 2 0 96 89 0 36 34 14 0 0 92 36 0 71 0 94 0 12 0 58 0 71 61 84 21 
36 91 81 76 16 87 58 13 0 57 0 36 46 0 64 64 72 72 49 4 39 2 61 0 0 9 50 66 5 0 63 60 0 88 2 15 57 0 0 54 67 24 0 26 59 50 92 4 27 0 73 89 5 0 27 75 79 18 62 80 20 60 90 0 11 53 1 100 37 0 46 87 0 42 82 60 87 36 6 89 83 46 25 61 66 80 98 39 3 5 2 17 63 47 46 36 60 50 89 0 
80 17 51 33 0 0 35 81 68 0 76 29 12 0 12 0 54 0 6 88 80 0 0 1 7 62 90 41 14 53 43 82 32 85 0 49 55 43 98 11 29 0 0 90 0 0 10 0 97 60 0 77 0 30 3 100 0 50 74 10 11 0 25 7 88 25 18 71 82 57 9 17 28 87 77 30 15 53 70 98 66 20 42 77 51 49 41 7 0 15 95 85 95 40 19 69 6 53 61 0 
51 19 28 89 54 98 60 95 0 36 29 63 52 80 38 12 74 21 77 69 50 70 7 50 9 0 0 11 0 31 68 42 0 96 67 75 12 96 84 78 41 0 0 32 14 19 47 81 80 0 0 8 85 0 0 0 0 64 0 86 0 0 0 87 22 88 84 9 0 95 63 0 12 61 16 73 0 19 78 3 14 93 78 0 0 74 60 50 99 19 1 60 69 0 45 69 68 8 93 54 
98 17 15 20 0 0 7 55 89 46 12 52 45 4 73 71 19 0 24 83 0 48 43 0 0 7 99 98 0 0 80 14 0 11 76 4 27 19 33 0 97 95 47 14 19 70 6 0 4 61 41 89 20 91 99 0 35 75 58 0 24 0 52 0 59 27 15 0 67 83 40 87 0 96 68 0 12 0 79 22 35 51 35 4 0 54 32 0 26 0 89 56 50 0 41 22 86 90 85 0 
89 69 49 74 17 0 0 85 35 0 0 80 4 0 2 8 71 50 32 0 4 83 53 54 35 43 26 0 24 0 97 84 0 82 40 79 0 75 97 57 0 46 0 0 0 56 44 73 23 64 27 35 0 73 22 0 3 99 85 57 70 7 36 42 77 60 15 2 59 63 0 0 70 22 91 54 0 22 0 63 42 0 96 0 17 0 17 40 6 1 93 0 52 81 71 52 50 0 63 4 
59 90 20 45 39 52 17 51 0 64 12 38 73 2 41 31 64 6 73 31 51 13 79 31 64 74 48 52 72 12 37 29 57 0 62 90 51 58 88 34 35 0 53 48 93 80 26 0 0 60 0 56 0 89 86 25 0 56 50 0 35 77 85 97 0 54 6 87 51 58 23 65 0 33 6 9 0 0 53 59 31 29 10 55 30 80 18 0 48 57 85 22 0 0 53 93 26 19 68 73 
41 76 4 1 0 48 18 4 69 64 0 12 71 8 31 21 55 92 65 5 79 19 50 0 30 52 24 0 8 37 66 52 64 8 0 0 0 12 55 69 15 93 13 0 0 59 0 84 3 30 9 55 7 73 7 0 22 0 71 0 26 43 0 22 0 78 10 0 45 0 83 0 0 58 83 85 0 4 40 1 13 0 80 31 84 6 88 7 25 38 29 0 0 0 51 97 58 0 29 86 
0 86 32 0 87 8 86 65 0 72 54 74 19 71 64 55 0 85 12 17 0 0 48 79 95 0 72 8 0 38 0 0 41 44 68 38 0 59 74 11 4 53 21 28 75 47 0 85 33 0 59 17 32 20 61 0 35 49 0 53 36 90 59 70 57 54 93 21 3 96 94 95 37 63 47 5 0 12 63 47 78 40 62 52 13 23 0 0 56 42 79 0 79 96 0 0 15 3 5 99 
60 42 14 32 34 0 93 0 71 72 0 21 0 50 6 92 85 91 25 96 61 73 54 0 12 19 47 22 48 7 0 70 13 0 46 14 0 24 76 0 22 0 0 48 60 71 17 0 44 76 16 24 48 28 0 100 36 0 10 45 3 0 76 0 25 44 35 91 70 20 9 62 0 68 0 31 77 52 0 91 79 59 32 13 12 65 83 35 9 0 8 7 71 60 28 0 18 18 51 80 
32 0 9 48 39 0 49 0 70 49 6 77 24 32 73 65 12 25 28 85 0 0 51 63 52 54 5 40 24 26 100 0 70 42 8 91 76 2 29 15 16 27 16 64 43 6 93 34 48 0 82 0 95 0 0 0 74 0 21 89 54 19 91 54 33 43 0 76 0 88 9 0 0 45 2 58 0 68 0 0 22 0 89 95 31 0 41 86 0 90 18 0 84 46 98 21 97 69 0 93 
59 32 0 0 98 90 15 28 50 4 88 69 83 0 31 5 17 96 85 30 46 92 17 43 69 71 42 0 44 79 88 7 92 77 27 66 5 0 8 69 47 0 45 27 0 75 25 18 5 30 43 78 0 45 67 71 0 55 24 29 73 75 41 39 0 36 33 0 0 32 0 0 0 87 0 94 85 0 17 11 47 96 52 0 64 49 50 3 61 87 0 60 34 8 35 10 0 56 94 58 
74 0 17 0 33 0 0 0 25 39 80 50 0 4 51 79 0 61 0 46 0 10 30 37 35 28 70 15 0 0 46 85 90 69 0 48 97 3 90 56 80 34 0 64 21 18 0 35 80 83 83 88 63 0 0 54 13 0 0 0 44 62 47 10 80 0 2 56 0 4 41 37 33 0 97 43 0 87 4 97 84 79 80 25 6 9 0 63 45 0 3 53 82 73 78 99 75 0 89 42 
95 4 0 53 7 38 87 4 15 2 0 70 48 83 13 19 0 73 0 92 10 14 42 0 68 0 3 62 0 80 60 58 13 65 69 17 0 73 0 67 0 87 68 31 69 0 0 0 20 60 94 0 15 71 0 79 0 0 96 74 53 29 67 27 73 57 0 11 96 94 0 94 45 53 0 0 0 43 30 87 21 91 0 51 38 48 79 0 89 58 84 3 93 0 0 85 0 61 3 0 
0 3 37 15 7 11 39 45 0 61 0 7 43 53 79 50 48 54 51 17 30 42 50 30 5 0 75 76 49 72 41 92 25 55 64 82 71 71 28 43 21 0 64 51 89 90 0 42 25 63 0 18 0 57 40 0 0 70 0 0 67 2 31 0 80 39 78 67 0 56 60 36 31 0 0 48 0 57 60 0 53 40 43 94 98 0 0 12 72 0 0 84 11 85 94 0 65 19 0 9 
27 0 39 97 45 0 45 32 28 0 1 50 0 54 31 0 79 0 63 43 37 0 30 0 0 27 0 20 0 0 33 93 38 99 79 45 35 97 58 7 0 34 88 0 86 91 26 10 27 0 49 32 0 0 0 36 75 97 6 5 80 0 0 65 0 77 0 0 18 19 0 58 60 10 6 82 30 0 91 0 33 20 0 0 0 61 72 70 16 0 30 14 67 0 18 28 55 39 70 94 
0 0 0 51 79 0 64 0 64 0 7 9 0 35 64 30 95 12 52 69 35 68 5 0 44 67 11 51 0 74 80 82 49 31 65 47 33 11 94 48 82 59 20 51 81 69 96 0 28 0 96 0 0 86 0 0 86 31 0 0 80 85 0 19 17 61 0 100 79 58 52 47 0 53 0 22 34 25 5 29 66 74 0 57 0 1 89 22 0 13 57 54 41 0 41 70 48 58 0 0 
36 74 46 0 21 74 68 78 33 9 62 0 7 43 74 52 0 19 54 71 28 0 0 27 67 31 84 41 0 0 0 46 87 2 86 86 0 10 0 0 88 0 67 7 24 0 0 82 98 45 53 37 78 25 57 0 0 91 0 1 0 0 35 56 96 0 0 39 42 64 36 98 12 99 43 0 77 87 59 41 29 0 41 0 4 31 57 50 70 0 25 83 0 38 0 9 30 38 32 91 
72 27 54 0 46 0 0 4 98 50 90 0 99 26 48 24 72 47 5 42 70 3 75 0 11 84 17 89 49 65 0 27 39 7 45 37 63 39 73 0 40 0 0 87 19 0 43 9 0 30 0 62 98 0 0 51 0 46 26 0 69 74 81 54 82 100 79 27 0 0 67 19 92 0 62 37 43 0 82 0 59 0 77 80 61 32 60 98 44 0 70 0 53 37 2 68 6 2 97 0 
0 0 5 63 0 0 53 95 60 66 41 11 98 0 52 0 8 22 40 0 15 62 76 20 51 41 89 5 61 0 0 0 60 30 50 50 15 53 79 0 50 91 97 91 58 27 93 59 16 81 50 89 47 45 34 0 11 39 83 52 11 21 23 0 65 60 3 41 76 68 0 17 76 0 43 74 43 0 7 69 56 0 95 100 94 78 0 28 0 63 66 36 0 82 68 0 0 29 36 1 
0 7 3 0 39 68 63 99 13 5 14 0 0 24 72 8 0 48 24 44 0 0 49 0 0 0 49 61 91 80 42 0 43 55 11 70 46 17 77 75 0 91 0 27 70 46 0 0 15 89 70 42 75 28 75 4 97 62 79 0 77 41 0 19 83 3 50 37 0 49 0 39 13 0 0 33 100 64 0 41 0 55 40 44 0 97 64 8 55 31 39 0 0 74 94 36 11 100 0 21 
0 0 0 33 48 0 0 0 72 0 53 31 0 0 12 37 38 7 26 79 0 80 72 0 74 0 65 0 80 5 0 42 86 85 0 0 54 100 42 86 60 39 66 43 13 71 21 87 3 50 90 10 51 23 97 51 4 11 81 29 55 0 50 6 46 0 84 92 14 0 33 61 0 0 0 89 13 29 7 0 89 97 6 21 49 0 0 50 97 65 9 5 78 0 32 0 42 7 74 0 
0 58 63 61 0 50 20 33 0 63 43 68 80 97 37 66 0 0 100 88 46 60 41 33 80 0 0 0 42 0 52 0 0 10 0 34 83 77 97 0 28 0 8 0 50 0 90 0 81 92 10 93 37 92 40 51 71 52 59 0 30 0 0 59 64 0 0 68 0 0 72 0 24 10 0 69 0 71 67 5 40 0 37 58 0 9 0 0 66 88 11 0 57 6 80 92 34 14 47 38 
0 70 67 93 68 0 74 59 77 60 82 42 14 84 29 52 0 70 0 7 85 58 92 93 82 46 27 0 0 42 0 75 0 64 0 0 86 54 0 40 44 75 45 8 12 57 83 99 0 25 0 0 0 0 10 55 43 5 83 37 47 24 90 25 43 60 47 0 0 24 0 44 79 0 0 56 0 38 94 37 0 0 0 0 47 100 41 23 94 0 0 57 89 83 0 0 0 56 6 80 
36 73 39 66 0 70 0 0 38 0 32 0 0 0 57 64 41 13 70 92 90 13 25 38 49 87 39 60 43 86 0 0 81 23 82 8 63 45 17 65 26 87 0 19 86 55 54 79 53 0 46 73 40 65 0 75 0 14 0 67 0 0 0 6 16 88 15 0 0 54 77 0 0 95 0 11 0 57 48 45 54 0 18 69 80 43 0 33 40 58 14 0 50 48 35 19 0 29 24 82 
36 87 15 96 88 47 0 50 0 88 85 96 11 82 0 8 44 0 42 77 69 65 55 99 31 2 7 30 55 85 10 64 23 22 73 0 49 5 79 48 5 84 1 18 0 79 0 32 0 12 0 86 44 6 0 34 50 53 27 76 6 53 13 0 0 33 72 0 88 61 0 0 98 63 52 69 81 7 0 43 98 55 64 53 56 54 70 63 34 26 0 43 25 96 48 0 65 49 88 1 
44 83 42 0 0 38 8 28 20 2 0 67 76 40 62 0 68 46 8 27 0 69 64 79 65 86 45 50 11 0 0 0 82 73 46 0 0 0 68 73 98 19 74 48 15 84 50 81 12 6 56 0 89 0 26 79 18 51 24 88 0 90 0 8 0 15 56 49 83 69 0 0 23 49 0 68 37 63 88 79 15 90 45 32 15 76 40 82 93 0 45 43 84 0 0 27 21 53 93 0 
65 9 79 42 0 39 53 47 3 15 49 75 4 79 90 0 38 14 91 66 48 17 82 45 47 86 37 50 70 0 34 0 8 0 0 0 80 30 51 92 1 0 87 62 81 0 61 49 4 41 47 79 36 10 56 55 46 3 10 48 11 0 4 72 0 0 25 0 85 0 45 63 0 0 4 100 31 76 64 24 55 87 0 14 53 36 85 79 0 18 15 55 79 80 0 66 75 0 0 56 
10 29 4 60 95 0 39 37 0 57 55 12 27 0 51 0 0 0 76 5 97 0 71 35 33 0 63 15 46 54 83 86 63 49 0 80 0 95 51 79 0 0 36 0 3 68 0 71 41 23 45 86 4 6 0 7 21 4 98 0 43 27 78 0 28 23 42 0 73 12 74 31 68 51 92 30 68 0 30 62 0 56 16 80 27 0 97 0 0 64 70 0 0 0 86 0 78 0 0 14 
58 87 25 57 7 60 92 100 0 0 43 96 19 75 58 12 59 24 2 0 3 73 71 97 11 10 39 53 17 100 77 54 45 5 0 30 95 0 0 24 0 0 0 65 93 93 23 81 0 62 30 53 97 28 0 32 70 27 79 24 42 0 100 0 71 42 42 16 17 0 85 43 67 31 35 91 0 0 80 57 25 28 62 15 0 15 87 98 64 16 93 0 0 41 46 0 26 56 17 0 
0 36 0 0 14 15 0 50 15 0 98 84 33 97 88 55 74 76 29 8 90 0 28 58 94 0 73 79 77 42 97 0 17 79 68 51 51 0 17 0 72 0 38 44 69 32 0 70 67 62 81 35 2 56 5 41 0 18 58 79 0 42 71 88 2 95 34 55 0 37 4 20 68 62 53 87 17 81 42 89 89 0 57 8 98 50 54 12 8 58 100 68 0 41 0 99 0 90 0 0 
0 33 0 73 0 72 0 34 0 54 11 78 0 57 34 69 11 0 15 69 56 67 43 7 48 0 0 0 75 86 0 40 65 48 73 92 79 24 0 12 56 4 57 97 0 79 24 45 57 88 97 56 62 67 0 70 0 39 56 29 92 33 84 96 62 0 36 3 70 84 25 33 50 0 13 84 14 0 25 0 18 97 62 18 53 0 8 54 0 0 97 82 70 44 87 20 10 0 86 0 
0 1 63 0 81 0 42 29 57 67 29 41 97 0 35 15 4 22 16 47 80 0 21 0 82 88 40 50 0 60 28 44 26 5 98 1 0 0 72 56 92 85 0 73 0 95 10 22 57 82 44 71 0 0 11 0 61 0 42 4 24 31 25 19 0 50 43 43 59 12 67 9 0 78 79 37 45 80 46 23 0 53 87 45 0 0 0 9 54 40 9 93 50 77 16 0 0 0 37 33 
46 26 67 0 0 80 96 0 22 24 0 0 95 46 0 93 53 0 27 0 34 87 0 34 59 0 0 91 91 39 0 75 87 84 19 0 0 0 0 4 85 65 92 34 19 92 87 31 0 19 0 0 56 11 0 0 19 54 77 79 60 71 46 90 59 38 79 41 4 100 45 19 95 90 64 35 87 92 0 0 28 96 68 95 54 0 22 0 85 7 93 0 0 0 0 19 63 45 0 0 
0 20 29 10 48 98 76 99 16 0 0 0 47 0 53 13 21 0 16 45 0 68 64 88 20 67 0 97 0 66 8 45 0 1 74 87 36 0 38 57 0 92 41 31 0 0 0 100 3 63 76 1 31 43 100 90 97 0 66 59 36 85 0 85 9 27 86 76 59 4 0 61 3 57 0 95 53 84 0 66 53 4 76 20 17 42 27 8 1 87 44 31 73 14 26 20 81 17 92 0 
33 0 32 0 86 58 52 65 0 26 90 32 14 0 48 0 28 48 64 27 64 31 51 0 51 7 87 91 27 43 0 8 19 18 48 62 0 65 44 97 73 34 31 0 85 67 55 59 10 18 73 4 0 0 79 0 32 36 46 60 62 44 43 0 25 66 33 0 0 0 0 15 93 68 0 30 7 85 75 5 63 39 83 33 25 0 0 0 77 85 0 94 38 75 48 10 0 3 8 27 
1 44 35 74 74 1 12 64 88 59 0 14 19 0 93 0 75 60 43 0 21 69 89 86 81 24 19 58 70 13 50 12 86 0 15 81 3 93 69 0 0 19 0 85 0 96 0 79 89 0 54 32 86 18 32 97 33 39 0 72 0 66 43 96 56 74 89 35 43 0 47 0 31 42 0 63 46 79 83 0 0 0 6 21 45 86 36 74 0 90 28 0 15 0 63 79 43 1 46 18 
95 0 39 52 48 28 62 79 71 50 0 19 70 56 80 59 47 71 6 75 18 0 90 91 69 0 0 27 46 71 0 57 55 79 84 0 68 93 32 79 95 92 0 67 96 0 0 0 71 60 38 0 23 70 13 0 0 34 98 29 0 0 63 96 94 0 32 63 90 22 2 0 93 42 46 88 42 0 95 44 0 23 0 79 41 0 36 10 74 7 83 47 0 8 32 36 0 31 68 55 
10 0 85 0 60 0 19 35 12 92 10 47 6 44 26 0 0 17 93 25 0 0 0 26 96 0 43 93 0 21 90 83 54 0 50 61 0 23 0 24 10 87 0 55 0 0 5 67 0 43 2 2 13 42 61 18 56 0 0 8 65 51 0 62 0 0 0 75 11 75 39 54 42 14 96 31 51 62 83 43 21 25 4 0 0 55 36 20 0 11 0 0 64 39 94 7 62 88 0 45 
14 72 0 0 15 87 0 49 63 4 0 81 0 73 0 84 85 0 34 18 35 0 42 10 0 82 9 59 0 87 0 99 79 32 81 49 71 81 70 45 22 31 100 59 79 0 67 89 77 14 43 81 46 24 53 6 71 0 22 0 61 90 73 0 47 57 8 1 90 5 65 0 35 0 79 100 91 0 0 6 69 62 22 65 36 26 49 0 11 10 66 32 0 73 0 75 0 85 55 3 
0 0 0 36 74 71 51 0 76 27 97 80 4 23 0 3 33 44 48 5 80 20 25 27 28 98 0 16 15 3 81 0 53 0 12 4 41 0 67 57 57 0 3 10 89 71 0 77 45 28 0 24 57 73 0 70 0 23 94 0 31 79 2 0 47 87 96 22 5 38 24 74 0 24 99 67 36 43 71 0 32 46 17 60 83 0 0 49 51 84 0 21 86 0 70 42 0 70 45 39 
36 83 99 27 0 50 40 52 58 0 60 0 61 64 60 30 0 76 0 30 83 60 63 0 0 45 30 81 89 50 92 25 0 12 6 41 23 62 62 88 82 19 63 18 0 60 43 14 28 33 26 15 9 87 0 0 45 81 19 94 94 19 0 73 69 46 78 85 12 81 18 0 74 62 8 9 0 52 31 18 52 43 8 0 0 64 32 0 8 23 98 89 62 82 0 79 94 9 97 56 
6 0 95 0 66 0 0 0 59 73 0 0 41 27 0 9 59 16 82 43 83 94 0 49 96 53 0 50 70 90 10 0 46 0 56 47 45 30 81 97 44 0 76 73 54 38 2 43 0 26 38 87 16 10 26 0 0 0 0 11 52 0 74 18 43 23 3 77 91 81 16 0 85 64 91 29 53 99 0 23 0 0 36 14 63 33 35 0 44 0 23 37 0 98 0 47 0 32 71 0 
25 22 57 31 18 50 0 13 50 89 77 8 89 35 56 55 17 24 0 78 88 0 18 32 0 37 62 89 42 10 93 0 73 86 0 79 86 53 35 56 71 0 1 4 32 0 2 81 24 15 87 75 0 58 64 69 0 7 51 0 5 98 6 54 28 0 93 6 41 44 82 0 68 50 70 38 16 0 75 39 24 0 14 78 21 1 92 0 68 0 78 0 0 83 0 56 16 47 31 0 
98 0 0 11 0 0 33 26 0 5 0 85 20 0 0 7 32 48 95 0 63 15 0 0 0 78 98 47 75 51 37 0 40 44 89 36 4 97 2 62 0 56 31 0 86 23 13 46 57 9 16 0 0 97 52 62 0 59 98 24 5 97 0 0 84 0 57 18 91 88 15 12 0 13 0 90 60 78 97 49 25 9 47 50 41 12 92 63 11 55 33 92 0 0 0 95 40 37 49 32 
86 79 8 90 30 81 81 10 54 0 30 0 91 73 89 73 20 28 0 45 0 71 57 0 86 25 0 45 28 23 92 0 65 6 0 10 6 28 56 67 0 11 43 0 18 70 42 24 73 87 10 58 97 0 66 97 48 45 0 17 48 75 36 46 28 60 0 2 0 42 86 47 52 0 32 98 9 0 7 49 0 39 0 75 32 95 18 0 34 0 29 0 0 60 8 84 85 97 67 97 
93 31 9 7 3 81 41 75 78 27 3 0 99 22 86 7 61 0 0 67 0 0 40 0 0 57 0 34 75 97 40 10 0 0 26 56 0 0 5 0 11 0 100 79 32 13 61 53 0 0 26 64 52 66 95 61 98 98 0 0 0 0 0 0 0 34 68 22 20 60 17 89 50 28 17 59 0 20 87 0 55 82 0 47 28 17 60 0 0 0 92 0 69 59 68 39 70 79 90 46 
46 0 12 0 69 63 0 71 87 75 100 0 0 0 25 0 0 100 0 71 54 79 0 36 0 0 51 0 4 51 51 55 75 34 79 55 7 32 41 70 0 0 90 0 97 0 18 6 70 0 0 69 62 97 61 8 15 0 99 55 13 35 49 83 99 80 28 0 15 68 0 2 87 5 88 98 6 83 0 67 80 100 67 64 19 0 57 21 19 94 73 67 0 95 0 92 83 0 45 0 
38 0 22 0 19 57 0 92 8 79 0 0 35 3 0 22 35 36 74 0 13 0 0 75 86 0 0 11 97 4 71 43 0 50 18 46 21 70 0 0 61 19 97 32 33 0 56 71 0 45 0 0 0 48 98 15 83 16 0 99 0 2 55 0 0 61 21 42 27 80 80 0 0 46 80 59 45 18 80 73 14 18 46 52 70 50 33 49 0 85 86 21 48 24 30 76 82 0 0 42 
0 96 94 67 71 55 57 48 91 18 50 64 75 99 56 0 49 0 0 55 0 0 70 97 31 91 46 39 62 11 52 5 14 53 51 3 4 27 18 39 0 54 0 36 39 34 0 0 23 81 0 7 59 45 98 0 16 12 60 29 46 0 71 77 0 27 0 0 92 88 99 1 78 14 43 29 75 0 99 47 0 38 92 17 15 0 95 87 0 0 21 91 0 45 0 0 56 47 83 83 
69 22 34 95 0 0 17 19 97 62 74 0 58 85 50 71 0 10 21 24 0 96 0 6 0 0 26 83 79 81 59 83 0 27 24 10 98 79 58 56 42 77 66 46 0 98 0 22 94 19 0 51 98 0 0 99 0 60 33 74 0 0 48 0 0 49 20 48 15 74 98 91 35 0 0 84 58 0 58 80 40 72 0 80 0 69 38 0 9 0 55 49 72 0 0 88 74 0 22 41 
42 43 51 12 14 0 0 24 7 80 10 86 0 57 0 0 53 45 89 29 0 74 0 5 0 1 0 52 0 29 0 37 67 76 88 48 0 24 79 29 4 79 59 60 72 29 8 0 0 94 11 0 24 17 0 55 99 29 74 0 76 5 87 85 35 84 100 26 0 85 15 0 13 46 12 82 62 17 64 15 26 0 68 0 21 7 67 0 44 0 19 74 1 13 98 0 47 0 0 0 
15 15 38 3 0 0 4 0 93 20 11 0 24 70 35 26 36 3 54 73 44 53 67 80 80 0 69 11 77 55 30 47 0 6 0 11 43 42 0 92 24 60 36 62 0 0 65 61 31 94 52 5 5 48 0 13 0 46 0 76 57 0 71 13 0 0 58 22 55 7 72 45 99 73 20 94 9 22 56 27 77 100 41 0 0 0 24 9 8 31 3 32 37 18 32 29 96 42 0 79 
50 10 53 78 0 72 67 39 96 60 0 0 0 7 77 43 90 0 19 75 62 29 2 0 85 0 74 21 41 0 0 24 0 53 90 0 27 0 42 33 31 71 85 44 66 0 51 90 79 19 0 98 97 75 0 35 2 0 0 5 0 40 0 72 85 10 17 0 0 18 0 81 37 29 44 0 0 43 97 68 52 9 0 30 0 0 89 8 0 44 74 0 0 0 20 40 37 97 15 4 
3 5 63 0 36 16 78 69 0 90 25 0 52 36 85 0 59 76 91 41 47 67 31 0 0 35 81 23 0 50 0 90 0 13 0 4 78 100 71 84 25 46 0 43 43 63 0 73 2 0 74 6 0 36 0 49 55 71 48 87 71 0 81 0 0 69 0 79 72 66 0 19 38 6 0 50 59 38 0 13 0 0 0 60 45 0 98 4 82 75 0 91 20 0 95 43 27 0 28 84 
1 30 47 71 0 0 43 57 0 0 7 87 0 42 97 22 70 0 54 39 10 27 0 65 19 56 54 0 19 6 59 25 6 0 8 72 0 0 88 96 19 90 85 0 96 96 62 0 0 73 18 54 0 46 0 83 0 77 0 85 13 72 0 0 57 48 35 0 81 0 40 96 43 0 0 0 0 0 48 49 0 90 71 91 70 0 62 57 58 11 12 45 8 0 14 8 16 79 48 77 
15 0 79 84 0 27 0 8 4 11 88 22 59 77 0 0 57 25 33 0 80 73 80 0 17 96 82 65 83 46 64 43 16 0 0 0 28 71 2 62 0 59 9 25 56 94 0 47 47 69 43 28 84 28 0 99 0 0 0 35 0 85 0 57 30 27 40 26 23 80 59 86 45 50 39 0 75 0 90 0 82 48 93 80 94 25 40 52 34 8 21 86 71 0 5 29 29 0 0 37 
0 63 55 98 61 0 26 0 6 53 25 88 27 60 54 78 54 44 43 36 0 57 39 77 61 0 100 60 3 0 0 60 88 33 15 0 23 42 95 0 50 38 27 66 74 0 0 57 87 46 23 0 0 60 34 80 61 27 49 84 0 10 69 48 27 71 77 0 93 45 52 50 51 48 8 44 48 0 51 58 62 0 22 49 76 35 83 32 80 0 0 0 47 79 0 85 49 51 85 48 
42 50 100 71 0 19 40 26 15 1 18 84 15 15 6 10 93 35 0 33 2 0 78 0 0 0 79 3 50 84 0 47 15 72 56 25 42 42 34 36 43 79 86 33 89 32 0 8 96 78 3 93 57 0 68 28 21 0 20 100 58 17 0 35 40 77 80 0 18 0 0 0 75 70 53 0 29 0 48 12 16 0 41 88 6 0 56 88 86 95 8 63 38 82 23 83 52 51 3 29 
10 92 39 0 36 42 77 0 31 100 71 9 0 2 87 0 21 91 76 0 56 11 67 0 100 39 27 41 37 92 68 0 0 0 49 0 0 16 55 3 43 41 76 0 35 63 75 1 22 85 77 6 18 2 22 0 42 0 48 26 22 0 79 0 26 0 0 71 65 78 60 64 33 10 10 0 0 34 74 16 69 92 6 0 33 86 95 97 0 77 4 0 73 72 7 35 0 0 86 38 
0 6 66 3 13 18 0 88 68 37 82 0 67 59 51 45 3 70 0 0 0 96 0 18 79 42 0 76 0 14 0 0 0 88 83 85 73 17 0 70 59 4 59 0 43 90 11 90 5 12 91 41 91 0 20 15 27 92 15 0 55 0 72 81 23 93 18 65 96 60 77 30 71 23 29 36 54 91 97 93 38 74 24 94 0 72 86 97 8 13 99 78 68 0 98 0 75 55 67 0 
79 73 61 59 68 46 16 22 36 0 57 95 83 63 58 0 96 20 88 32 4 94 56 19 58 64 0 68 49 0 0 24 54 61 69 0 12 0 37 84 12 100 4 0 0 22 75 5 38 81 81 44 88 42 60 68 80 88 74 85 7 18 66 0 80 45 0 78 60 24 81 56 82 2 0 0 79 21 74 0 88 29 2 97 0 0 83 1 97 74 0 66 0 0 90 4 71 0 50 86 
48 0 0 26 23 94 58 54 43 46 9 63 40 0 23 83 94 9 9 0 41 0 60 0 52 36 67 0 0 33 72 0 77 0 0 45 74 85 4 25 67 45 0 0 47 2 39 65 24 18 16 82 15 86 17 0 80 99 98 15 72 0 0 40 59 52 0 60 77 81 38 91 68 47 31 99 61 33 0 5 69 7 90 8 11 0 15 91 30 59 58 72 14 0 91 80 85 38 55 13 
73 72 0 31 0 0 61 13 93 87 17 0 87 0 65 0 95 62 0 0 37 94 36 58 47 98 19 17 39 61 0 44 0 0 0 63 31 43 20 33 9 19 61 15 0 0 54 0 74 0 0 0 12 47 89 2 0 1 91 0 45 81 19 96 86 50 0 64 30 56 91 66 5 61 1 0 28 0 0 94 33 61 49 18 0 70 95 41 0 50 20 0 0 82 98 15 0 20 9 41 
2 9 6 60 4 50 0 91 0 0 28 12 0 70 0 0 37 0 0 0 33 45 31 60 0 12 92 76 13 0 24 79 0 98 23 0 68 67 68 50 0 95 3 93 31 93 42 35 0 74 85 68 0 52 50 87 0 78 35 13 99 37 38 43 45 51 75 33 71 82 68 5 8 85 75 0 22 43 0 61 32 0 12 37 42 71 95 52 63 74 0 69 0 0 0 45 75 26 0 31 
67 0 83 66 0 91 67 86 0 42 87 61 96 22 33 58 63 68 45 87 0 53 0 10 53 99 0 0 0 0 10 0 95 63 49 0 51 31 62 0 78 90 57 68 42 42 14 0 24 62 64 50 13 0 28 5 46 14 0 46 73 29 6 0 50 48 70 10 23 2 47 61 85 54 90 0 27 45 81 84 9 0 0 81 0 0 49 40 17 0 46 51 78 0 74 72 0 64 45 98 
66 0 18 50 80 12 42 85 10 82 77 16 68 91 6 83 47 0 2 0 97 0 0 6 0 43 62 43 0 0 0 0 0 52 0 4 92 35 53 13 79 64 0 0 0 46 96 79 99 8 91 70 0 32 17 88 80 43 0 12 20 44 0 0 39 8 53 10 29 0 31 1 75 90 29 61 62 78 23 0 11 86 58 2 63 97 56 49 29 0 29 57 48 3 0 57 63 90 12 3 
0 85 56 73 0 0 0 18 2 60 30 73 0 54 9 85 5 31 58 94 43 0 48 82 22 0 37 74 33 89 69 56 11 69 68 100 30 91 87 84 37 35 95 30 63 88 31 100 67 9 29 38 90 98 59 98 59 29 84 82 94 0 50 0 0 44 0 0 36 0 99 0 0 0 61 27 36 0 0 99 41 2 66 38 47 31 9 96 67 0 0 0 43 54 36 0 0 64 86 30 
53 23 15 92 0 96 61 30 0 87 15 0 12 0 0 0 0 77 0 85 0 0 0 30 34 77 43 43 100 13 0 0 0 81 37 31 68 0 17 14 45 87 53 7 46 42 51 91 36 0 53 16 60 9 0 6 45 75 58 62 9 0 59 0 75 48 29 0 54 79 61 28 22 27 62 36 81 85 0 29 0 0 0 82 8 47 81 0 4 0 2 0 0 51 0 50 18 82 14 0 
33 93 26 23 0 48 3 0 96 36 53 19 0 22 0 4 12 52 68 0 87 43 57 0 25 87 0 0 64 29 71 38 57 7 63 76 0 0 81 0 80 92 84 85 79 0 62 0 43 52 99 0 78 0 20 83 18 0 0 17 22 43 38 0 0 0 0 34 91 21 33 0 43 45 78 0 85 65 85 0 15 0 0 29 0 94 72 7 79 72 0 0 2 26 0 41 13 96 45 87 
95 23 0 25 22 0 26 41 89 6 70 78 79 0 53 40 63 0 0 17 4 30 60 91 5 59 82 7 0 7 67 94 48 0 88 64 30 80 42 25 46 0 0 75 83 95 83 0 71 31 0 75 97 7 87 0 80 99 58 64 56 97 0 48 90 51 48 74 97 74 0 0 0 81 23 0 0 85 6 97 23 15 0 0 18 36 0 98 43 58 1 57 56 51 33 1 63 17 80 0 
23 14 36 64 46 53 0 27 0 89 98 3 22 63 59 1 47 91 0 11 97 87 0 0 29 41 0 69 41 0 5 37 45 43 79 24 62 57 89 0 23 0 66 5 0 44 43 6 0 18 23 39 49 49 0 67 73 47 80 15 27 68 13 49 0 58 12 16 93 0 5 94 61 84 0 99 29 0 97 62 82 75 47 0 67 0 63 21 98 0 97 6 0 59 99 66 85 80 21 0 
0 5 51 52 19 33 1 26 36 83 66 14 35 42 31 13 78 79 22 47 84 21 53 33 66 29 59 56 0 89 40 0 54 98 15 55 0 25 89 18 0 28 53 63 0 0 21 69 32 52 0 24 25 0 55 80 14 0 40 26 77 52 0 0 82 62 16 69 38 88 69 33 32 9 11 41 0 15 23 82 0 0 11 0 17 0 12 93 4 82 34 24 98 0 62 59 33 0 56 12 
0 17 0 0 0 0 0 49 34 46 20 93 51 0 29 0 40 59 0 96 79 91 40 20 74 0 0 0 55 97 0 0 0 55 90 87 56 28 0 97 53 96 4 39 0 23 25 62 46 43 0 0 9 39 82 100 18 38 72 0 100 9 0 90 48 0 0 92 74 29 7 61 0 0 86 2 0 0 15 75 0 89 75 78 0 89 100 20 0 77 0 75 37 71 0 0 95 0 38 50 
0 6 0 85 23 0 44 0 14 25 42 78 35 96 10 80 62 32 89 52 80 0 43 0 0 41 77 95 40 6 37 0 18 64 45 0 16 62 57 62 87 68 76 83 6 0 4 22 17 8 36 14 47 0 0 67 46 92 0 68 41 0 0 71 93 22 41 6 24 2 90 49 12 0 58 66 0 0 0 47 11 75 43 58 18 0 51 80 36 0 68 0 0 19 6 0 34 86 18 1 
23 23 65 95 55 0 83 0 0 61 77 0 4 0 55 31 52 13 95 0 25 51 94 0 57 0 80 100 44 21 58 0 69 53 32 14 80 15 8 18 45 95 20 33 21 79 0 65 60 0 14 78 50 75 47 64 52 17 80 0 0 30 60 91 80 49 88 0 94 97 8 18 37 81 2 38 82 29 0 0 0 78 58 0 12 10 0 19 0 16 0 0 92 90 42 76 0 0 0 95 
4 46 35 57 0 13 8 8 0 66 51 0 0 17 30 84 13 12 31 64 6 38 98 0 0 4 61 94 0 49 0 47 80 56 15 53 27 0 98 53 0 54 17 25 45 41 0 36 83 0 63 21 41 32 28 19 70 15 0 21 0 0 45 70 94 76 6 33 0 0 11 0 42 0 63 47 8 0 18 67 17 0 18 12 62 78 0 81 64 67 51 40 85 0 4 90 0 19 35 24 
2 29 77 0 50 2 41 19 92 80 49 74 54 0 80 6 23 65 0 49 9 48 0 61 1 31 32 78 97 0 9 100 43 54 76 36 0 15 50 0 0 0 42 0 86 0 55 26 0 64 33 1 12 95 17 0 50 0 69 7 0 0 0 0 25 35 0 86 72 0 0 70 71 0 97 31 47 94 36 0 0 89 0 10 78 0 0 82 0 47 83 13 0 99 98 0 26 0 57 57 
0 76 71 95 0 0 98 19 36 98 41 60 32 17 18 88 0 83 41 50 0 79 0 72 89 57 60 0 64 0 0 41 0 70 40 85 97 87 54 8 0 22 27 0 36 36 36 49 0 32 35 92 92 18 60 57 33 95 38 67 24 89 98 62 40 83 56 95 86 83 15 95 95 49 56 9 81 72 0 63 12 100 51 0 0 0 60 93 1 0 0 17 62 13 11 0 73 74 64 40 
9 99 69 0 0 21 63 53 0 39 7 50 0 40 0 7 0 35 86 3 63 0 12 70 22 50 98 28 8 50 0 23 33 63 82 79 0 98 12 54 9 0 8 0 74 10 20 0 49 0 0 0 63 0 0 21 49 87 0 0 9 8 4 57 52 32 88 97 97 1 91 41 52 40 49 96 0 7 98 21 93 20 80 19 81 82 93 18 0 20 21 52 52 44 33 0 91 0 56 57 
40 14 80 13 24 36 0 29 71 3 0 99 26 6 48 25 56 9 0 61 45 89 72 16 0 70 44 0 55 97 66 94 40 34 93 0 0 64 8 0 54 85 1 77 0 74 0 11 51 8 44 68 11 34 0 19 0 0 9 44 8 0 82 58 34 80 86 0 8 97 30 0 63 17 29 67 4 79 43 98 4 0 36 0 64 0 1 0 94 0 60 72 26 55 77 25 85 6 82 77 
1 6 64 0 0 0 0 54 0 5 15 19 0 1 57 38 42 0 90 87 0 58 0 0 13 0 0 63 31 65 88 0 58 26 0 18 64 16 58 0 40 7 87 85 90 7 11 10 84 23 0 0 55 0 0 94 85 0 0 0 31 44 75 11 8 0 95 77 13 74 59 50 74 0 0 0 0 72 58 0 82 77 0 16 67 47 0 20 0 0 0 15 0 40 20 89 14 12 30 58 
60 60 65 19 25 56 82 60 94 2 95 1 89 93 85 29 79 8 18 0 3 84 0 30 57 25 70 66 39 9 11 0 14 0 45 15 70 93 100 97 9 93 44 0 28 83 0 66 0 98 23 78 33 29 92 73 86 21 55 19 3 74 0 12 21 0 8 4 99 0 58 20 0 46 29 0 2 0 1 97 34 0 68 0 51 83 0 21 60 0 68 38 54 0 20 21 0 59 0 67 
14 82 61 82 35 71 98 0 0 17 85 60 56 0 22 0 0 7 0 60 53 3 84 14 54 83 0 36 0 5 0 57 0 43 43 55 0 0 68 82 93 0 31 94 0 47 0 32 21 89 37 0 92 0 0 67 21 91 49 74 32 0 91 45 86 0 63 0 78 66 72 0 69 51 57 0 0 0 57 6 24 75 0 0 40 13 17 52 72 15 38 84 16 78 29 94 44 36 63 0 
92 38 0 100 18 77 92 8 12 63 95 69 50 52 0 0 79 71 84 34 82 93 11 67 41 0 53 0 0 78 57 89 50 25 84 79 0 0 0 70 50 0 73 38 15 0 64 0 86 62 0 0 0 0 69 0 48 0 72 1 37 0 20 8 71 47 38 73 68 0 14 0 0 78 48 43 0 2 56 0 98 37 0 92 85 0 62 52 26 0 54 16 0 0 8 99 25 93 0 3 
87 68 0 43 55 11 57 0 0 47 40 0 0 81 0 0 96 60 46 8 73 0 85 0 0 38 37 82 74 0 6 83 48 96 0 80 0 41 41 44 77 0 14 75 0 8 39 73 0 82 98 83 0 60 59 95 24 45 0 13 18 0 0 0 0 79 82 72 0 0 0 82 0 0 3 54 51 26 51 59 0 71 19 90 0 99 13 44 55 40 0 78 0 20 62 21 93 11 33 0 
5 37 100 16 85 0 0 72 58 46 19 45 41 71 53 51 0 28 98 35 78 0 94 18 41 0 2 68 94 32 80 0 35 48 0 0 86 46 0 87 16 0 26 48 63 32 94 0 70 0 0 0 0 8 68 0 30 0 0 98 32 20 95 14 5 0 23 7 98 90 91 98 0 74 0 36 0 0 33 99 62 0 6 42 4 98 11 33 77 20 20 29 8 62 0 75 0 85 79 8 
80 64 90 0 0 90 53 27 0 36 69 69 22 52 93 97 0 0 21 10 99 85 0 28 70 9 68 0 36 0 92 0 19 0 27 66 0 0 99 20 0 19 20 10 79 36 7 75 42 79 47 56 95 84 39 92 76 0 88 0 29 40 43 8 29 85 83 35 0 4 80 15 45 72 57 0 50 41 1 66 59 0 0 76 90 0 0 0 25 89 21 94 99 21 75 77 0 91 0 81 
0 35 83 56 13 61 23 51 71 60 6 68 86 50 26 58 15 18 97 0 75 0 65 55 48 30 6 0 11 42 34 0 0 65 21 75 78 26 0 10 0 63 81 0 43 0 62 0 0 94 0 16 40 85 70 83 82 56 74 47 96 37 27 16 29 49 52 0 75 71 85 0 75 0 63 0 18 13 63 85 33 95 34 0 0 26 73 91 85 14 0 44 25 93 0 0 74 0 0 42 
25 0 0 51 0 0 85 0 61 50 53 8 90 0 19 0 3 18 69 56 0 61 19 39 58 38 2 29 100 7 14 56 29 49 53 0 0 56 90 0 0 45 17 3 1 31 88 85 70 9 32 47 37 97 79 0 0 47 0 0 42 97 0 79 0 51 51 0 55 0 38 20 26 64 90 64 82 96 17 80 0 0 86 0 19 0 74 0 6 12 59 36 93 11 85 91 0 63 4 92 
0 10 72 59 64 79 78 41 84 89 61 93 85 63 68 29 5 51 0 94 89 3 0 70 0 32 97 36 0 74 47 6 24 88 93 0 0 17 0 86 37 0 92 8 46 68 0 55 45 97 71 31 49 67 90 45 0 83 22 0 0 15 28 48 0 85 3 86 67 50 55 9 0 45 12 86 14 45 80 21 56 38 18 0 35 57 64 56 82 30 0 63 0 33 79 0 0 4 58 15 
10 48 5 54 0 72 94 73 21 0 0 54 0 4 73 86 99 80 93 58 42 0 9 94 0 91 0 1 21 0 38 80 82 1 0 56 14 0 0 0 33 0 0 27 18 55 45 3 39 56 0 0 32 97 46 0 42 83 41 0 79 4 84 77 37 48 29 38 0 86 13 41 31 98 3 30 0 87 0 0 12 50 1 95 24 57 40 57 77 58 67 0 3 0 8 81 42 92 15 64 
