50 258
8 70 96 76 43 32 20 13 55 73 31 91 49 54 24 60 75 43 34 93 81 88 97 98 74 99 0 3 54 0 84 88 86 23 53 61 70 60 9 93 38 82 66 83 57 75 99 4 30 95 
68 7 0 87 0 0 31 48 57 36 80 51 98 89 59 41 0 60 32 59 74 95 0 27 0 36 72 0 0 0 0 0 36 36 44 65 10 58 0 0 0 46 0 33 1 95 10 14 0 36 
7 2 77 54 72 0 46 38 0 69 42 15 50 3 1 15 0 42 10 0 79 48 73 2 67 66 0 53 33 95 23 0 0 0 23 4 2 0 9 40 1 60 14 92 87 5 80 0 25 0 
0 77 3 0 76 0 48 0 0 50 100 91 17 19 17 69 90 76 86 42 0 32 0 4 3 0 0 74 27 0 7 0 58 70 73 87 83 9 29 87 36 33 1 26 20 0 44 0 0 72 
87 54 0 85 0 91 86 79 31 0 0 96 22 43 15 10 5 30 0 63 50 92 6 73 0 72 9 0 0 85 23 93 23 14 5 17 6 23 46 29 76 99 14 6 60 82 38 68 37 64 
0 72 76 0 36 54 65 26 36 0 86 75 86 51 81 51 28 15 49 20 4 32 14 9 0 17 0 37 39 0 46 54 5 3 0 63 67 39 15 42 79 4 25 0 0 63 67 29 32 35 
0 0 0 91 54 41 41 86 99 95 57 0 8 9 12 22 94 34 51 38 53 63 47 79 55 100 39 66 61 0 0 6 83 18 56 15 26 0 36 51 0 0 65 35 77 71 69 80 64 65 
31 46 48 86 65 41 38 21 100 90 83 0 72 5 0 48 0 0 58 32 76 33 89 20 74 45 1 0 32 48 0 0 53 15 97 51 0 0 63 0 33 61 93 66 96 0 42 60 57 0 
48 38 0 79 26 86 21 28 49 10 0 74 52 0 0 36 27 0 31 11 90 7 0 0 67 95 12 3 78 0 71 84 98 71 0 3 59 26 31 60 66 50 73 92 23 25 64 52 0 85 
57 0 0 31 36 99 100 49 75 0 0 95 0 13 0 19 82 100 43 16 0 56 51 59 54 55 0 63 0 42 98 0 0 54 0 17 39 0 87 34 39 98 33 7 7 45 79 21 46 0 
36 69 50 0 0 95 90 10 0 0 48 0 68 0 88 0 0 95 7 14 0 81 0 48 86 74 48 60 15 74 0 66 18 0 30 3 69 19 71 0 14 0 0 36 0 0 61 0 36 13 
80 42 100 0 86 57 83 0 0 48 14 49 49 94 80 0 0 0 22 46 19 0 23 55 0 50 0 0 24 0 25 35 18 55 85 0 13 0 64 0 43 6 35 100 50 99 98 0 0 52 
51 15 91 96 75 0 0 74 95 0 49 81 77 84 90 0 38 11 0 0 74 0 0 68 0 50 0 70 47 38 39 0 60 15 72 0 80 98 58 1 28 0 87 71 50 0 50 0 81 81 
98 50 17 22 86 8 72 52 0 68 49 77 48 39 91 9 0 72 16 0 27 0 19 42 18 46 94 0 50 91 12 0 96 48 0 53 33 0 0 0 13 2 0 21 36 0 56 71 77 11 
89 3 19 43 51 9 5 0 13 0 94 84 39 56 74 11 79 72 0 65 25 29 0 80 0 7 0 17 18 86 93 49 15 0 87 39 45 64 68 0 53 63 0 20 74 0 0 8 53 39 
59 1 17 15 81 12 0 0 0 88 80 90 91 74 84 2 42 96 76 52 12 62 19 0 51 40 0 0 33 81 41 0 0 57 17 0 4 67 78 43 0 26 40 77 0 16 58 61 0 67 
41 15 69 10 51 22 48 36 19 0 0 0 9 11 2 0 0 61 3 26 0 1 0 44 83 8 41 98 63 0 0 82 98 92 57 0 53 23 85 78 94 80 36 97 34 11 22 75 0 29 
0 0 90 5 28 94 0 27 82 0 0 38 0 79 42 0 1 0 4 28 0 4 45 32 0 78 4 95 99 0 33 59 0 50 28 47 37 100 50 34 29 0 99 65 64 79 35 49 0 52 
60 42 76 30 15 34 0 0 100 95 0 11 72 72 96 61 0 98 56 24 22 91 76 0 3 34 30 29 68 44 0 54 86 9 88 22 54 13 91 86 85 18 30 0 41 27 26 49 0 0 
32 10 86 0 49 51 58 31 43 7 22 0 16 0 76 3 4 56 0 19 19 53 29 54 60 0 8 0 72 27 51 0 41 73 9 36 68 0 89 35 0 69 0 71 70 50 25 15 0 28 
59 0 42 63 20 38 32 11 16 14 46 0 0 65 52 26 28 24 19 33 0 98 60 13 72 0 77 38 0 20 3 0 0 15 0 57 22 16 0 88 71 12 63 76 58 59 50 0 54 78 
74 79 0 50 4 53 76 90 0 0 19 74 27 25 12 0 0 22 19 0 0 8 91 97 7 93 96 0 0 4 6 15 31 68 36 43 93 0 0 10 2 0 96 89 0 36 34 14 0 0 
95 48 32 92 32 63 33 7 56 81 0 0 0 29 62 1 4 91 53 98 8 0 36 0 71 0 94 0 12 0 58 0 71 61 84 21 8 59 36 46 0 64 64 72 72 49 4 39 2 61 
0 73 0 6 14 47 89 0 51 0 23 0 19 0 19 0 45 76 29 60 91 36 54 9 50 66 5 0 63 60 0 88 2 15 57 0 0 54 67 24 0 26 59 50 92 4 27 0 73 89 
27 2 4 73 9 79 20 0 59 48 55 68 42 80 0 44 32 0 54 13 97 0 9 35 66 45 90 93 0 51 0 20 60 90 0 11 53 1 100 37 0 46 87 0 42 82 60 87 36 6 
0 67 3 0 0 55 74 67 54 86 0 0 18 0 51 83 0 3 60 72 7 71 50 66 51 93 4 0 61 66 80 98 39 3 5 2 17 63 47 46 36 60 50 89 0 0 67 91 0 0 
36 66 0 72 17 100 45 95 55 74 50 50 46 7 40 8 78 34 0 0 93 0 66 45 93 54 58 54 6 88 80 0 0 1 7 62 90 41 14 53 43 82 32 85 0 49 55 43 98 11 
72 0 0 9 0 39 1 12 0 48 0 0 94 0 0 41 4 30 8 77 96 94 5 90 4 58 26 0 88 72 0 10 0 97 60 0 77 0 30 3 100 0 50 74 10 11 0 25 7 88 
0 53 74 0 37 66 0 3 63 60 0 70 0 17 0 98 95 29 0 38 0 0 0 93 0 54 0 0 18 71 82 57 9 17 28 87 77 30 15 53 70 98 66 20 42 77 51 49 41 7 
0 33 27 0 39 61 32 78 0 15 24 47 50 18 33 63 99 68 72 0 0 12 63 0 61 6 88 18 85 25 10 5 0 0 19 69 6 53 61 0 6 0 96 0 38 12 74 21 77 69 
0 95 0 85 0 0 48 0 42 74 0 38 91 86 81 0 0 44 27 20 4 0 60 51 66 88 72 71 25 9 11 0 50 9 0 0 11 0 31 68 42 0 96 67 75 12 96 84 78 41 
0 23 7 23 46 0 0 71 98 0 25 39 12 93 41 0 33 0 51 3 6 58 0 0 80 80 0 82 10 11 86 32 14 19 47 81 80 0 0 8 85 0 0 0 0 64 0 86 0 0 
0 0 0 93 54 6 0 84 0 66 35 0 0 49 0 82 59 54 0 0 15 0 88 20 98 0 10 57 5 0 32 0 81 48 29 5 45 0 62 0 0 12 61 16 73 0 19 78 3 14 
36 0 58 23 5 83 53 98 0 18 18 60 96 15 0 98 0 86 41 0 31 71 2 60 39 0 0 9 0 50 14 81 95 0 0 0 74 60 50 99 19 1 60 69 0 45 69 68 8 93 
36 0 70 14 3 18 15 71 54 0 55 15 48 0 57 92 50 9 73 15 68 61 15 90 3 1 97 17 0 9 19 48 0 71 45 4 73 71 19 0 24 83 0 48 43 0 0 7 99 98 
44 23 73 5 0 56 97 0 0 30 85 72 0 87 17 57 28 88 9 0 36 84 57 0 5 7 60 28 19 0 47 29 0 45 0 58 83 54 11 76 4 27 19 33 0 97 95 47 14 19 
65 4 87 17 63 15 51 3 17 3 0 0 53 39 0 0 47 22 36 57 43 21 0 11 2 62 0 87 69 0 81 5 0 4 58 52 0 0 4 61 41 89 20 91 99 0 35 75 58 0 
10 2 83 6 67 26 0 59 39 69 13 80 33 45 4 53 37 54 68 22 93 8 0 53 17 90 77 77 6 11 80 45 74 73 83 0 54 30 68 59 27 15 0 67 83 40 87 0 96 68 
58 0 9 23 39 0 0 26 0 19 0 98 0 64 67 23 100 13 0 16 0 59 54 1 63 41 0 30 53 0 0 0 60 71 54 0 30 0 0 0 79 22 35 51 35 4 0 54 32 0 
0 9 29 46 15 36 63 31 87 71 64 58 0 68 78 85 50 91 89 0 0 36 67 100 47 14 30 15 61 31 0 62 50 19 11 4 68 0 99 78 1 35 8 41 22 86 90 85 0 91 
0 40 87 29 42 51 0 60 34 0 0 1 0 0 43 78 34 86 35 88 10 46 24 37 46 53 3 53 0 68 8 0 99 0 76 61 59 0 78 13 72 28 25 71 32 90 70 53 0 23 
0 1 36 76 79 0 33 66 39 14 43 28 13 53 0 94 29 85 0 71 2 0 0 0 36 43 100 70 6 42 85 0 19 24 4 41 27 79 1 72 77 0 70 85 97 84 0 82 40 79 
46 60 33 99 4 0 61 50 98 0 6 0 2 63 26 80 0 18 69 12 0 64 26 46 60 82 0 98 0 0 0 12 1 83 27 89 15 22 35 28 0 31 0 20 29 56 0 38 0 56 
0 14 1 14 25 65 93 73 33 0 35 87 0 0 40 36 99 30 0 63 96 64 59 87 50 32 50 66 96 96 0 61 60 0 19 20 0 35 8 25 70 0 57 0 23 64 27 35 0 73 
33 92 26 6 0 35 66 92 7 36 100 71 21 20 77 97 65 0 71 76 89 72 50 0 89 85 74 20 0 67 0 16 69 48 33 91 67 51 41 71 85 20 0 53 85 0 0 85 57 70 
1 87 20 60 0 77 96 23 7 0 50 50 36 74 0 34 64 41 70 58 0 72 92 42 0 0 10 42 38 75 0 73 0 43 0 99 83 35 22 32 97 29 23 85 57 68 0 77 60 15 
95 5 0 82 63 71 0 25 45 0 99 0 0 0 16 11 79 27 50 59 36 49 4 82 0 49 11 77 12 12 64 0 45 0 97 0 40 4 86 90 84 56 64 0 68 0 59 63 0 0 
10 80 44 38 67 69 42 64 79 61 98 50 56 0 58 22 35 26 25 50 34 4 27 60 67 55 0 51 74 96 0 19 69 0 95 35 87 0 90 70 0 0 27 0 0 59 18 0 91 54 
14 0 0 68 29 80 60 52 21 0 0 0 71 8 61 75 49 49 15 0 14 39 0 87 91 43 25 49 21 84 86 78 68 7 47 75 0 54 85 53 82 38 35 85 77 63 0 87 34 63 
0 25 0 37 32 64 57 0 46 36 0 81 77 53 0 0 0 0 0 54 0 2 73 36 0 98 7 41 77 78 0 3 8 99 14 58 96 32 0 0 40 0 0 57 60 0 91 34 23 72 
36 0 72 64 35 65 0 85 0 13 52 81 11 39 67 29 52 0 28 78 0 61 89 6 0 11 88 7 69 41 0 14 93 98 19 0 68 0 91 23 79 56 73 70 15 0 54 63 72 0 
