Nodes: 25

0.0 68.0 77.0 36.0 29.0 38.0 27.0 3.0 45.0 59.0 50.0 77.0 72.0 44.0 86.0 44.0 19.0 54.0 50.0 64.0 37.0 22.0 54.0 20.0 14.0
68.0 0.0 50.0 93.0 49.0 106.0 42.0 65.0 47.0 28.0 23.0 46.0 26.0 112.0 37.0 42.0 71.0 16.0 62.0 20.0 55.0 90.0 58.0 71.0 82.0
77.0 50.0 0.0 81.0 47.0 101.0 64.0 75.0 32.0 25.0 38.0 5.0 24.0 108.0 24.0 33.0 91.0 42.0 99.0 30.0 42.0 98.0 98.0 65.0 90.0
36.0 93.0 81.0 0.0 44.0 23.0 60.0 39.0 53.0 74.0 71.0 83.0 87.0 29.0 99.0 56.0 54.0 77.0 86.0 82.0 42.0 37.0 91.0 22.0 35.0
29.0 49.0 47.0 44.0 0.0 59.0 25.0 28.0 16.0 31.0 26.0 47.0 45.0 66.0 58.0 14.0 44.0 32.0 62.0 38.0 11.0 51.0 63.0 23.0 43.0
38.0 106.0 101.0 23.0 59.0 0.0 66.0 42.0 71.0 90.0 85.0 103.0 104.0 7.0 117.0 73.0 50.0 90.0 84.0 97.0 60.0 25.0 90.0 36.0 29.0
27.0 42.0 64.0 60.0 25.0 66.0 0.0 24.0 38.0 41.0 29.0 63.0 52.0 72.0 67.0 34.0 29.0 30.0 37.0 43.0 36.0 48.0 38.0 38.0 40.0
3.0 65.0 75.0 39.0 28.0 42.0 24.0 0.0 44.0 56.0 48.0 75.0 70.0 47.0 84.0 42.0 18.0 51.0 47.0 61.0 36.0 25.0 52.0 21.0 17.0
45.0 47.0 32.0 53.0 16.0 71.0 38.0 44.0 0.0 21.0 24.0 32.0 34.0 78.0 45.0 5.0 60.0 31.0 75.0 30.0 11.0 66.0 75.0 34.0 58.0
59.0 28.0 25.0 74.0 31.0 90.0 41.0 56.0 21.0 0.0 12.0 23.0 14.0 97.0 27.0 18.0 69.0 17.0 74.0 9.0 32.0 81.0 72.0 53.0 73.0
50.0 23.0 38.0 71.0 26.0 85.0 29.0 48.0 24.0 12.0 0.0 35.0 23.0 92.0 37.0 19.0 58.0 7.0 61.0 13.0 32.0 73.0 59.0 49.0 65.0
77.0 46.0 5.0 83.0 47.0 103.0 63.0 75.0 32.0 23.0 35.0 0.0 19.0 110.0 19.0 32.0 90.0 39.0 97.0 26.0 43.0 98.0 95.0 67.0 91.0
72.0 26.0 24.0 87.0 45.0 104.0 52.0 70.0 34.0 14.0 23.0 19.0 0.0 111.0 14.0 31.0 82.0 24.0 82.0 10.0 45.0 95.0 80.0 67.0 87.0
44.0 112.0 108.0 29.0 66.0 7.0 72.0 47.0 78.0 97.0 92.0 110.0 111.0 0.0 124.0 80.0 54.0 97.0 88.0 104.0 67.0 29.0 94.0 44.0 33.0
86.0 37.0 24.0 99.0 58.0 117.0 67.0 84.0 45.0 27.0 37.0 19.0 14.0 124.0 0.0 44.0 96.0 38.0 96.0 24.0 57.0 109.0 93.0 80.0 101.0
44.0 42.0 33.0 56.0 14.0 73.0 34.0 42.0 5.0 18.0 19.0 32.0 31.0 80.0 44.0 0.0 58.0 26.0 70.0 26.0 14.0 66.0 70.0 36.0 58.0
19.0 71.0 91.0 54.0 44.0 50.0 29.0 18.0 60.0 69.0 58.0 90.0 82.0 54.0 96.0 58.0 0.0 60.0 34.0 72.0 54.0 25.0 40.0 40.0 21.0
54.0 16.0 42.0 77.0 32.0 90.0 30.0 51.0 31.0 17.0 7.0 39.0 24.0 97.0 38.0 26.0 60.0 0.0 58.0 14.0 39.0 76.0 56.0 55.0 68.0
50.0 62.0 99.0 86.0 62.0 84.0 37.0 47.0 75.0 74.0 61.0 97.0 82.0 88.0 96.0 70.0 34.0 58.0 0.0 72.0 73.0 59.0 7.0 68.0 55.0
64.0 20.0 30.0 82.0 38.0 97.0 43.0 61.0 30.0 9.0 13.0 26.0 10.0 104.0 24.0 26.0 72.0 14.0 72.0 0.0 40.0 86.0 70.0 61.0 78.0
37.0 55.0 42.0 42.0 11.0 60.0 36.0 36.0 11.0 32.0 32.0 43.0 45.0 67.0 57.0 14.0 54.0 39.0 73.0 40.0 0.0 56.0 75.0 23.0 49.0
22.0 90.0 98.0 37.0 51.0 25.0 48.0 25.0 66.0 81.0 73.0 98.0 95.0 29.0 109.0 66.0 25.0 76.0 59.0 86.0 56.0 0.0 65.0 35.0 8.0
54.0 58.0 98.0 91.0 63.0 90.0 38.0 52.0 75.0 72.0 59.0 95.0 80.0 94.0 93.0 70.0 40.0 56.0 7.0 70.0 75.0 65.0 0.0 72.0 61.0
20.0 71.0 65.0 22.0 23.0 36.0 38.0 21.0 34.0 53.0 49.0 67.0 67.0 44.0 80.0 36.0 40.0 55.0 68.0 61.0 23.0 35.0 72.0 0.0 28.0
14.0 82.0 90.0 35.0 43.0 29.0 40.0 17.0 58.0 73.0 65.0 91.0 87.0 33.0 101.0 58.0 21.0 68.0 55.0 78.0 49.0 8.0 61.0 28.0 0.0

1 -> 11
2 -> 12
3 -> 13
4 -> 14
5 -> 15
6 -> 16
7 -> 17
8 -> 18
9 -> 19
10 -> 20
