Nodes: 50

0.0 32.0 22.0 70.0 65.0 45.0 20.0 45.0 62.0 30.0 58.0 28.0 24.0 33.0 74.0 48.0 39.0 26.0 25.0 64.0 37.0 47.0 32.0 39.0 24.0 50.0 21.0 46.0 9.0 28.0 55.0 43.0 30.0 52.0 19.0 76.0 38.0 33.0 16.0 41.0 72.0 50.0 29.0 47.0 21.0 32.0 64.0 54.0 33.0 48.0
32.0 0.0 49.0 40.0 37.0 15.0 52.0 22.0 77.0 61.0 39.0 35.0 29.0 35.0 86.0 65.0 34.0 53.0 54.0 49.0 43.0 71.0 26.0 70.0 56.0 71.0 20.0 26.0 42.0 37.0 66.0 58.0 24.0 63.0 26.0 51.0 37.0 56.0 15.0 28.0 47.0 29.0 41.0 79.0 48.0 64.0 67.0 66.0 35.0 67.0
22.0 49.0 0.0 79.0 73.0 64.0 19.0 53.0 41.0 29.0 60.0 50.0 24.0 29.0 53.0 28.0 62.0 4.0 7.0 62.0 28.0 24.0 55.0 26.0 16.0 28.0 44.0 68.0 18.0 22.0 37.0 25.0 53.0 35.0 42.0 80.0 61.0 10.0 34.0 44.0 78.0 72.0 50.0 35.0 35.0 29.0 50.0 36.0 29.0 27.0
70.0 40.0 79.0 0.0 7.0 39.0 89.0 26.0 92.0 99.0 26.0 75.0 55.0 53.0 96.0 84.0 70.0 83.0 86.0 36.0 59.0 95.0 64.0 105.0 91.0 92.0 61.0 55.0 79.0 59.0 79.0 76.0 62.0 76.0 67.0 17.0 74.0 82.0 53.0 36.0 14.0 55.0 81.0 114.0 88.0 102.0 71.0 79.0 53.0 86.0
65.0 37.0 73.0 7.0 0.0 39.0 84.0 20.0 85.0 94.0 19.0 72.0 48.0 46.0 89.0 77.0 69.0 77.0 80.0 29.0 52.0 89.0 62.0 99.0 86.0 86.0 58.0 55.0 74.0 53.0 72.0 69.0 60.0 69.0 64.0 15.0 72.0 76.0 49.0 29.0 11.0 55.0 79.0 108.0 84.0 96.0 64.0 72.0 46.0 79.0
45.0 15.0 64.0 39.0 39.0 0.0 65.0 31.0 93.0 73.0 47.0 38.0 45.0 50.0 102.0 81.0 31.0 68.0 69.0 59.0 58.0 86.0 26.0 84.0 69.0 87.0 27.0 16.0 54.0 53.0 81.0 73.0 25.0 78.0 33.0 54.0 35.0 71.0 30.0 41.0 50.0 17.0 45.0 92.0 57.0 76.0 81.0 81.0 50.0 82.0
20.0 52.0 19.0 89.0 84.0 65.0 0.0 63.0 58.0 11.0 74.0 40.0 37.0 44.0 71.0 46.0 54.0 19.0 14.0 78.0 46.0 37.0 49.0 19.0 5.0 43.0 40.0 65.0 10.0 38.0 55.0 44.0 48.0 54.0 36.0 93.0 52.0 28.0 37.0 58.0 90.0 69.0 38.0 27.0 19.0 12.0 69.0 54.0 44.0 44.0
45.0 22.0 53.0 26.0 20.0 31.0 63.0 0.0 69.0 74.0 17.0 56.0 28.0 28.0 76.0 60.0 56.0 56.0 60.0 28.0 35.0 70.0 48.0 79.0 65.0 68.0 41.0 46.0 53.0 33.0 57.0 52.0 46.0 53.0 47.0 31.0 59.0 56.0 29.0 12.0 27.0 47.0 62.0 87.0 64.0 76.0 53.0 56.0 28.0 62.0
62.0 77.0 41.0 92.0 85.0 93.0 58.0 69.0 0.0 66.0 66.0 90.0 48.0 43.0 12.0 13.0 100.0 39.0 44.0 60.0 35.0 24.0 92.0 55.0 54.0 16.0 81.0 102.0 59.0 40.0 13.0 19.0 90.0 16.0 81.0 84.0 100.0 30.0 67.0 57.0 84.0 105.0 91.0 59.0 77.0 64.0 26.0 13.0 43.0 13.0
30.0 61.0 29.0 99.0 94.0 73.0 11.0 74.0 66.0 0.0 85.0 44.0 48.0 55.0 79.0 54.0 58.0 29.0 23.0 89.0 57.0 43.0 54.0 16.0 13.0 50.0 46.0 71.0 20.0 49.0 65.0 54.0 53.0 64.0 41.0 104.0 55.0 37.0 46.0 69.0 101.0 74.0 39.0 22.0 20.0 4.0 79.0 64.0 55.0 53.0
58.0 39.0 60.0 26.0 19.0 47.0 74.0 17.0 66.0 85.0 0.0 73.0 37.0 32.0 70.0 59.0 73.0 63.0 68.0 12.0 35.0 72.0 65.0 87.0 75.0 68.0 58.0 62.0 65.0 39.0 53.0 51.0 63.0 50.0 63.0 20.0 76.0 61.0 45.0 16.0 18.0 64.0 78.0 96.0 79.0 87.0 44.0 53.0 32.0 61.0
28.0 35.0 50.0 75.0 72.0 38.0 40.0 56.0 90.0 44.0 73.0 0.0 47.0 57.0 102.0 77.0 14.0 53.0 51.0 82.0 63.0 74.0 12.0 59.0 46.0 78.0 15.0 29.0 33.0 54.0 83.0 71.0 13.0 80.0 10.0 86.0 11.0 61.0 29.0 59.0 82.0 33.0 7.0 66.0 24.0 48.0 90.0 82.0 57.0 77.0
24.0 29.0 24.0 55.0 48.0 45.0 37.0 28.0 48.0 48.0 37.0 47.0 0.0 9.0 58.0 36.0 55.0 28.0 32.0 40.0 15.0 43.0 46.0 51.0 38.0 42.0 35.0 54.0 29.0 8.0 37.0 28.0 44.0 34.0 37.0 56.0 55.0 28.0 19.0 20.0 53.0 57.0 50.0 59.0 45.0 50.0 42.0 37.0 9.0 37.0
33.0 35.0 29.0 53.0 46.0 50.0 44.0 28.0 43.0 55.0 32.0 57.0 9.0 0.0 51.0 32.0 63.0 31.0 36.0 33.0 8.0 42.0 54.0 55.0 44.0 40.0 43.0 61.0 37.0 7.0 31.0 24.0 52.0 28.0 46.0 52.0 64.0 29.0 28.0 17.0 49.0 64.0 60.0 64.0 54.0 56.0 33.0 30.0 0.0 34.0
74.0 86.0 53.0 96.0 89.0 102.0 71.0 76.0 12.0 79.0 70.0 102.0 58.0 51.0 0.0 25.0 111.0 51.0 57.0 62.0 43.0 36.0 103.0 67.0 66.0 28.0 91.0 112.0 72.0 50.0 20.0 30.0 101.0 23.0 92.0 87.0 111.0 43.0 77.0 63.0 87.0 115.0 103.0 71.0 89.0 77.0 26.0 20.0 51.0 26.0
48.0 65.0 28.0 84.0 77.0 81.0 46.0 60.0 13.0 54.0 59.0 77.0 36.0 32.0 25.0 0.0 87.0 26.0 32.0 55.0 25.0 16.0 79.0 45.0 41.0 10.0 67.0 89.0 46.0 28.0 11.0 8.0 77.0 12.0 67.0 79.0 87.0 18.0 54.0 48.0 77.0 93.0 77.0 50.0 63.0 53.0 28.0 10.0 32.0 2.0
39.0 34.0 62.0 70.0 69.0 31.0 54.0 56.0 100.0 58.0 73.0 14.0 55.0 63.0 111.0 87.0 0.0 65.0 64.0 83.0 70.0 86.0 8.0 72.0 59.0 90.0 19.0 18.0 45.0 62.0 91.0 81.0 11.0 89.0 19.0 84.0 4.0 72.0 35.0 61.0 80.0 21.0 19.0 80.0 38.0 62.0 97.0 91.0 63.0 87.0
26.0 53.0 4.0 83.0 77.0 68.0 19.0 56.0 39.0 29.0 63.0 53.0 28.0 31.0 51.0 26.0 65.0 0.0 6.0 64.0 30.0 21.0 58.0 24.0 16.0 25.0 47.0 72.0 21.0 24.0 36.0 25.0 57.0 35.0 46.0 83.0 64.0 8.0 38.0 48.0 81.0 75.0 53.0 32.0 37.0 28.0 50.0 35.0 31.0 25.0
25.0 54.0 7.0 86.0 80.0 69.0 14.0 60.0 44.0 23.0 68.0 51.0 32.0 36.0 57.0 32.0 64.0 6.0 0.0 70.0 36.0 24.0 57.0 19.0 10.0 29.0 47.0 71.0 18.0 29.0 42.0 31.0 56.0 41.0 44.0 88.0 62.0 14.0 39.0 52.0 85.0 75.0 50.0 27.0 33.0 22.0 56.0 41.0 36.0 30.0
64.0 49.0 62.0 36.0 29.0 59.0 78.0 28.0 60.0 89.0 12.0 82.0 40.0 33.0 62.0 55.0 83.0 64.0 70.0 0.0 34.0 70.0 75.0 89.0 78.0 65.0 67.0 74.0 70.0 40.0 47.0 48.0 73.0 44.0 72.0 25.0 86.0 60.0 53.0 23.0 25.0 76.0 87.0 97.0 85.0 90.0 36.0 47.0 33.0 58.0
37.0 43.0 28.0 59.0 52.0 58.0 46.0 35.0 35.0 57.0 35.0 63.0 15.0 8.0 43.0 25.0 70.0 30.0 36.0 34.0 0.0 37.0 62.0 54.0 44.0 33.0 51.0 69.0 41.0 9.0 23.0 17.0 59.0 20.0 53.0 55.0 71.0 26.0 35.0 23.0 54.0 72.0 66.0 62.0 58.0 57.0 26.0 22.0 8.0 27.0
47.0 71.0 24.0 95.0 89.0 86.0 37.0 70.0 24.0 43.0 72.0 74.0 43.0 42.0 36.0 16.0 86.0 21.0 24.0 70.0 37.0 0.0 79.0 31.0 32.0 8.0 68.0 92.0 42.0 36.0 28.0 22.0 77.0 28.0 67.0 93.0 85.0 15.0 57.0 59.0 91.0 96.0 73.0 35.0 57.0 41.0 44.0 27.0 42.0 13.0
32.0 26.0 55.0 64.0 62.0 26.0 49.0 48.0 92.0 54.0 65.0 12.0 46.0 54.0 103.0 79.0 8.0 58.0 57.0 75.0 62.0 79.0 0.0 68.0 54.0 82.0 11.0 17.0 39.0 53.0 83.0 73.0 2.0 80.0 13.0 76.0 11.0 64.0 26.0 53.0 72.0 20.0 19.0 76.0 35.0 58.0 88.0 82.0 54.0 79.0
39.0 70.0 26.0 105.0 99.0 84.0 19.0 79.0 55.0 16.0 87.0 59.0 51.0 55.0 67.0 45.0 72.0 24.0 19.0 89.0 54.0 31.0 68.0 0.0 14.0 39.0 59.0 84.0 29.0 48.0 56.0 46.0 67.0 56.0 55.0 107.0 70.0 30.0 55.0 71.0 104.0 88.0 55.0 8.0 36.0 12.0 72.0 55.0 55.0 43.0
24.0 56.0 16.0 91.0 86.0 69.0 5.0 65.0 54.0 13.0 75.0 46.0 38.0 44.0 66.0 41.0 59.0 16.0 10.0 78.0 44.0 32.0 54.0 14.0 0.0 38.0 45.0 70.0 15.0 37.0 52.0 41.0 53.0 51.0 41.0 94.0 57.0 24.0 40.0 58.0 91.0 74.0 43.0 23.0 25.0 12.0 66.0 51.0 44.0 40.0
50.0 71.0 28.0 92.0 86.0 87.0 43.0 68.0 16.0 50.0 68.0 78.0 42.0 40.0 28.0 10.0 90.0 25.0 29.0 65.0 33.0 8.0 82.0 39.0 38.0 0.0 71.0 94.0 46.0 35.0 20.0 17.0 80.0 21.0 70.0 88.0 89.0 17.0 58.0 56.0 87.0 97.0 78.0 43.0 63.0 48.0 37.0 20.0 40.0 7.0
21.0 20.0 44.0 61.0 58.0 27.0 40.0 41.0 81.0 46.0 58.0 15.0 35.0 43.0 91.0 67.0 19.0 47.0 47.0 67.0 51.0 68.0 11.0 59.0 45.0 71.0 0.0 25.0 30.0 42.0 72.0 61.0 9.0 69.0 6.0 71.0 20.0 53.0 15.0 44.0 68.0 29.0 20.0 67.0 29.0 50.0 77.0 71.0 43.0 68.0
46.0 26.0 68.0 55.0 55.0 16.0 65.0 46.0 102.0 71.0 62.0 29.0 54.0 61.0 112.0 89.0 18.0 72.0 71.0 74.0 69.0 92.0 17.0 84.0 70.0 94.0 25.0 0.0 55.0 62.0 91.0 82.0 17.0 88.0 29.0 70.0 22.0 77.0 35.0 54.0 66.0 4.0 36.0 92.0 52.0 74.0 94.0 91.0 61.0 90.0
9.0 42.0 18.0 79.0 74.0 54.0 10.0 53.0 59.0 20.0 65.0 33.0 29.0 37.0 72.0 46.0 45.0 21.0 18.0 70.0 41.0 42.0 39.0 29.0 15.0 46.0 30.0 55.0 0.0 32.0 54.0 43.0 38.0 52.0 26.0 84.0 44.0 29.0 26.0 49.0 81.0 59.0 31.0 38.0 17.0 23.0 65.0 53.0 37.0 46.0
28.0 37.0 22.0 59.0 53.0 53.0 38.0 33.0 40.0 49.0 39.0 54.0 8.0 7.0 50.0 28.0 62.0 24.0 29.0 40.0 9.0 36.0 53.0 48.0 37.0 35.0 42.0 62.0 32.0 0.0 29.0 20.0 51.0 26.0 44.0 59.0 63.0 22.0 27.0 23.0 56.0 65.0 57.0 57.0 49.0 50.0 35.0 29.0 7.0 29.0
55.0 66.0 37.0 79.0 72.0 81.0 55.0 57.0 13.0 65.0 53.0 83.0 37.0 31.0 20.0 11.0 91.0 36.0 42.0 47.0 23.0 28.0 83.0 56.0 52.0 20.0 72.0 91.0 54.0 29.0 0.0 11.0 81.0 3.0 73.0 72.0 92.0 28.0 57.0 44.0 71.0 95.0 84.0 62.0 72.0 64.0 16.0 1.0 31.0 14.0
43.0 58.0 25.0 76.0 69.0 73.0 44.0 52.0 19.0 54.0 51.0 71.0 28.0 24.0 30.0 8.0 81.0 25.0 31.0 48.0 17.0 22.0 73.0 46.0 41.0 17.0 61.0 82.0 43.0 20.0 11.0 0.0 70.0 10.0 62.0 71.0 81.0 17.0 47.0 40.0 70.0 85.0 72.0 53.0 60.0 53.0 25.0 10.0 24.0 10.0
30.0 24.0 53.0 62.0 60.0 25.0 48.0 46.0 90.0 53.0 63.0 13.0 44.0 52.0 101.0 77.0 11.0 57.0 56.0 73.0 59.0 77.0 2.0 67.0 53.0 80.0 9.0 17.0 38.0 51.0 81.0 70.0 0.0 78.0 12.0 74.0 13.0 63.0 24.0 50.0 71.0 21.0 20.0 75.0 34.0 57.0 86.0 80.0 52.0 77.0
52.0 63.0 35.0 76.0 69.0 78.0 54.0 53.0 16.0 64.0 50.0 80.0 34.0 28.0 23.0 12.0 89.0 35.0 41.0 44.0 20.0 28.0 80.0 56.0 51.0 21.0 69.0 88.0 52.0 26.0 3.0 10.0 78.0 0.0 70.0 69.0 89.0 27.0 54.0 41.0 68.0 92.0 81.0 62.0 70.0 63.0 16.0 3.0 28.0 15.0
19.0 26.0 42.0 67.0 64.0 33.0 36.0 47.0 81.0 41.0 63.0 10.0 37.0 46.0 92.0 67.0 19.0 46.0 44.0 72.0 53.0 67.0 13.0 55.0 41.0 70.0 6.0 29.0 26.0 44.0 73.0 62.0 12.0 70.0 0.0 77.0 19.0 52.0 19.0 49.0 74.0 33.0 15.0 63.0 23.0 45.0 80.0 72.0 46.0 68.0
76.0 51.0 80.0 17.0 15.0 54.0 93.0 31.0 84.0 104.0 20.0 86.0 56.0 52.0 87.0 79.0 84.0 83.0 88.0 25.0 55.0 93.0 76.0 107.0 94.0 88.0 71.0 70.0 84.0 59.0 72.0 71.0 74.0 69.0 77.0 0.0 87.0 81.0 61.0 36.0 4.0 70.0 92.0 116.0 96.0 106.0 61.0 72.0 52.0 81.0
38.0 37.0 61.0 74.0 72.0 35.0 52.0 59.0 100.0 55.0 76.0 11.0 55.0 64.0 111.0 87.0 4.0 64.0 62.0 86.0 71.0 85.0 11.0 70.0 57.0 89.0 20.0 22.0 44.0 63.0 92.0 81.0 13.0 89.0 19.0 87.0 0.0 71.0 36.0 64.0 83.0 25.0 16.0 77.0 35.0 59.0 98.0 91.0 64.0 87.0
33.0 56.0 10.0 82.0 76.0 71.0 28.0 56.0 30.0 37.0 61.0 61.0 28.0 29.0 43.0 18.0 72.0 8.0 14.0 60.0 26.0 15.0 64.0 30.0 24.0 17.0 53.0 77.0 29.0 22.0 28.0 17.0 63.0 27.0 52.0 81.0 71.0 0.0 42.0 46.0 79.0 80.0 60.0 37.0 46.0 36.0 42.0 27.0 29.0 17.0
16.0 15.0 34.0 53.0 49.0 30.0 37.0 29.0 67.0 46.0 45.0 29.0 19.0 28.0 77.0 54.0 35.0 38.0 39.0 53.0 35.0 57.0 26.0 55.0 40.0 58.0 15.0 35.0 26.0 27.0 57.0 47.0 24.0 54.0 19.0 61.0 36.0 42.0 0.0 30.0 57.0 39.0 34.0 63.0 34.0 49.0 62.0 56.0 28.0 55.0
41.0 28.0 44.0 36.0 29.0 41.0 58.0 12.0 57.0 69.0 16.0 59.0 20.0 17.0 63.0 48.0 61.0 48.0 52.0 23.0 23.0 59.0 53.0 71.0 58.0 56.0 44.0 54.0 49.0 23.0 44.0 40.0 50.0 41.0 49.0 36.0 64.0 46.0 30.0 0.0 33.0 57.0 64.0 80.0 62.0 70.0 41.0 44.0 17.0 50.0
72.0 47.0 78.0 14.0 11.0 50.0 90.0 27.0 84.0 101.0 18.0 82.0 53.0 49.0 87.0 77.0 80.0 81.0 85.0 25.0 54.0 91.0 72.0 104.0 91.0 87.0 68.0 66.0 81.0 56.0 71.0 70.0 71.0 68.0 74.0 4.0 83.0 79.0 57.0 33.0 0.0 66.0 88.0 113.0 92.0 103.0 61.0 71.0 49.0 80.0
50.0 29.0 72.0 55.0 55.0 17.0 69.0 47.0 105.0 74.0 64.0 33.0 57.0 64.0 115.0 93.0 21.0 75.0 75.0 76.0 72.0 96.0 20.0 88.0 74.0 97.0 29.0 4.0 59.0 65.0 95.0 85.0 21.0 92.0 33.0 70.0 25.0 80.0 39.0 57.0 66.0 0.0 39.0 96.0 56.0 78.0 96.0 94.0 64.0 93.0
29.0 41.0 50.0 81.0 79.0 45.0 38.0 62.0 91.0 39.0 78.0 7.0 50.0 60.0 103.0 77.0 19.0 53.0 50.0 87.0 66.0 73.0 19.0 55.0 43.0 78.0 20.0 36.0 31.0 57.0 84.0 72.0 20.0 81.0 15.0 92.0 16.0 60.0 34.0 64.0 88.0 39.0 0.0 62.0 19.0 43.0 92.0 83.0 60.0 77.0
47.0 79.0 35.0 114.0 108.0 92.0 27.0 87.0 59.0 22.0 96.0 66.0 59.0 64.0 71.0 50.0 80.0 32.0 27.0 97.0 62.0 35.0 76.0 8.0 23.0 43.0 67.0 92.0 38.0 57.0 62.0 53.0 75.0 62.0 63.0 116.0 77.0 37.0 63.0 80.0 113.0 96.0 62.0 0.0 42.0 18.0 78.0 61.0 64.0 48.0
21.0 48.0 35.0 88.0 84.0 57.0 19.0 64.0 77.0 20.0 79.0 24.0 45.0 54.0 89.0 63.0 38.0 37.0 33.0 85.0 58.0 57.0 35.0 36.0 25.0 63.0 29.0 52.0 17.0 49.0 72.0 60.0 34.0 70.0 23.0 96.0 35.0 46.0 34.0 62.0 92.0 56.0 19.0 42.0 0.0 24.0 83.0 71.0 54.0 63.0
32.0 64.0 29.0 102.0 96.0 76.0 12.0 76.0 64.0 4.0 87.0 48.0 50.0 56.0 77.0 53.0 62.0 28.0 22.0 90.0 57.0 41.0 58.0 12.0 12.0 48.0 50.0 74.0 23.0 50.0 64.0 53.0 57.0 63.0 45.0 106.0 59.0 36.0 49.0 70.0 103.0 78.0 43.0 18.0 24.0 0.0 78.0 63.0 56.0 51.0
64.0 67.0 50.0 71.0 64.0 81.0 69.0 53.0 26.0 79.0 44.0 90.0 42.0 33.0 26.0 28.0 97.0 50.0 56.0 36.0 26.0 44.0 88.0 72.0 66.0 37.0 77.0 94.0 65.0 35.0 16.0 25.0 86.0 16.0 80.0 61.0 98.0 42.0 62.0 41.0 61.0 96.0 92.0 78.0 83.0 78.0 0.0 17.0 33.0 30.0
54.0 66.0 36.0 79.0 72.0 81.0 54.0 56.0 13.0 64.0 53.0 82.0 37.0 30.0 20.0 10.0 91.0 35.0 41.0 47.0 22.0 27.0 82.0 55.0 51.0 20.0 71.0 91.0 53.0 29.0 1.0 10.0 80.0 3.0 72.0 72.0 91.0 27.0 56.0 44.0 71.0 94.0 83.0 61.0 71.0 63.0 17.0 0.0 30.0 13.0
33.0 35.0 29.0 53.0 46.0 50.0 44.0 28.0 43.0 55.0 32.0 57.0 9.0 0.0 51.0 32.0 63.0 31.0 36.0 33.0 8.0 42.0 54.0 55.0 44.0 40.0 43.0 61.0 37.0 7.0 31.0 24.0 52.0 28.0 46.0 52.0 64.0 29.0 28.0 17.0 49.0 64.0 60.0 64.0 54.0 56.0 33.0 30.0 0.0 34.0
48.0 67.0 27.0 86.0 79.0 82.0 44.0 62.0 13.0 53.0 61.0 77.0 37.0 34.0 26.0 2.0 87.0 25.0 30.0 58.0 27.0 13.0 79.0 43.0 40.0 7.0 68.0 90.0 46.0 29.0 14.0 10.0 77.0 15.0 68.0 81.0 87.0 17.0 55.0 50.0 80.0 93.0 77.0 48.0 63.0 51.0 30.0 13.0 34.0 0.0

1 -> 21
2 -> 22
3 -> 23
4 -> 24
5 -> 25
6 -> 26
7 -> 27
8 -> 28
9 -> 29
10 -> 30
11 -> 31
12 -> 32
13 -> 33
14 -> 34
15 -> 35
16 -> 36
17 -> 37
18 -> 38
19 -> 39
20 -> 40
