20

5

0.0 773.0 267.0 558.0 126.0 404.0 345.0 515.0 464.0 414.0 815.0 169.0 291.0 137.0 748.0 79.0 337.0 716.0 23.0 489.0 
773.0 0.0 893.0 711.0 879.0 698.0 1013.0 769.0 1090.0 570.0 156.0 830.0 736.0 858.0 117.0 831.0 527.0 450.0 752.0 377.0 
267.0 893.0 0.0 419.0 182.0 670.0 120.0 782.0 212.0 665.0 973.0 421.0 558.0 368.0 834.0 311.0 369.0 944.0 284.0 536.0 
558.0 711.0 419.0 0.0 555.0 860.0 508.0 981.0 513.0 792.0 842.0 723.0 788.0 695.0 611.0 634.0 306.0 960.0 558.0 352.0 
126.0 879.0 182.0 555.0 0.0 518.0 229.0 623.0 350.0 539.0 931.0 245.0 400.0 189.0 843.0 137.0 399.0 842.0 149.0 565.0 
404.0 698.0 670.0 860.0 518.0 0.0 746.0 121.0 867.0 127.0 657.0 295.0 122.0 356.0 736.0 386.0 560.0 412.0 385.0 621.0 
345.0 1013.0 120.0 508.0 229.0 746.0 0.0 852.0 122.0 757.0 1091.0 473.0 629.0 413.0 955.0 366.0 489.0 1048.0 366.0 655.0 
515.0 769.0 782.0 981.0 623.0 121.0 852.0 0.0 974.0 216.0 707.0 386.0 224.0 448.0 821.0 487.0 679.0 418.0 498.0 732.0 
464.0 1090.0 212.0 513.0 350.0 867.0 122.0 974.0 0.0 873.0 1178.0 595.0 750.0 535.0 1021.0 487.0 562.0 1156.0 484.0 720.0 
414.0 570.0 665.0 792.0 539.0 127.0 757.0 216.0 873.0 0.0 533.0 354.0 197.0 408.0 611.0 420.0 485.0 320.0 391.0 519.0 
815.0 156.0 973.0 842.0 931.0 657.0 1091.0 707.0 1178.0 533.0 0.0 841.0 721.0 879.0 273.0 862.0 621.0 334.0 792.0 494.0 
169.0 830.0 421.0 723.0 245.0 295.0 473.0 386.0 595.0 354.0 841.0 0.0 172.0 62.0 828.0 110.0 476.0 674.0 165.0 607.0 
291.0 736.0 558.0 788.0 400.0 122.0 629.0 224.0 750.0 197.0 721.0 172.0 0.0 234.0 757.0 265.0 501.0 514.0 274.0 592.0 
137.0 858.0 368.0 695.0 189.0 356.0 413.0 448.0 535.0 408.0 879.0 62.0 234.0 0.0 848.0 62.0 467.0 728.0 143.0 611.0 
748.0 117.0 834.0 611.0 843.0 736.0 955.0 821.0 1021.0 611.0 273.0 828.0 757.0 848.0 0.0 813.0 465.0 545.0 729.0 301.0 
79.0 831.0 311.0 634.0 137.0 386.0 366.0 487.0 487.0 420.0 862.0 110.0 265.0 62.0 813.0 0.0 415.0 734.0 89.0 564.0 
337.0 527.0 369.0 306.0 399.0 560.0 489.0 679.0 562.0 485.0 621.0 476.0 501.0 467.0 465.0 415.0 0.0 671.0 326.0 169.0 
716.0 450.0 944.0 960.0 842.0 412.0 1048.0 418.0 1156.0 320.0 334.0 674.0 514.0 728.0 545.0 734.0 671.0 0.0 692.0 620.0 
23.0 752.0 284.0 558.0 149.0 385.0 366.0 498.0 484.0 391.0 792.0 165.0 274.0 143.0 729.0 89.0 326.0 692.0 0.0 475.0 
489.0 377.0 536.0 352.0 565.0 621.0 655.0 732.0 720.0 519.0 494.0 607.0 592.0 611.0 301.0 564.0 169.0 620.0 475.0 0.0 

0.0  13147.02355244473
0.0  10732.143799627198
9393.39192008102  10395.612767591003
3229.7205621679072  4130.720562167908
2553.5799994083063  2.147483647E9
12330.011883031555  2.147483647E9
2324.5799994083063  4312.979042917543
1176.9790429175428  1880.9790429175428
0.0  10183.612767591003
0.0  9907.116066760202
11673.011883031555  12471.011883031555
652.7025628762351  1316.702562876235
1400.9790429175428  2.147483647E9
8603.116066760202  10315.116066760202
5125.307346318426  6680.307346318426
3863.7205621679072  2.147483647E9
6402.389126972096  6655.389126972096
2356.6441662204243  2.147483647E9
10374.143799627198  11484.143799627198
1736.6441662204245  3508.9790429175428

1 -> 18
3 -> 15
19 -> 17
6 -> 4
7 -> 12
8 -> 2
9 -> 13
10 -> 5
