15

5

0.0 543.0 707.0 431.0 591.0 839.0 234.0 688.0 137.0 808.0 556.0 718.0 395.0 707.0 675.0 
543.0 0.0 839.0 563.0 68.0 759.0 345.0 341.0 463.0 303.0 855.0 666.0 907.0 341.0 145.0 
707.0 839.0 0.0 305.0 907.0 308.0 811.0 633.0 600.0 877.0 255.0 264.0 662.0 656.0 970.0 
431.0 563.0 305.0 0.0 632.0 414.0 506.0 454.0 307.0 675.0 301.0 297.0 535.0 480.0 704.0 
591.0 68.0 907.0 632.0 0.0 819.0 379.0 387.0 520.0 304.0 923.0 729.0 964.0 383.0 84.0 
839.0 759.0 308.0 414.0 819.0 0.0 860.0 458.0 706.0 690.0 543.0 120.0 914.0 475.0 860.0 
234.0 345.0 811.0 506.0 379.0 860.0 0.0 582.0 235.0 639.0 722.0 743.0 628.0 596.0 459.0 
688.0 341.0 633.0 454.0 387.0 458.0 582.0 0.0 559.0 244.0 746.0 395.0 953.0 25.0 412.0 
137.0 463.0 600.0 307.0 520.0 706.0 235.0 559.0 0.0 700.0 488.0 586.0 444.0 580.0 604.0 
808.0 303.0 877.0 675.0 304.0 690.0 639.0 244.0 700.0 0.0 974.0 638.0 1130.0 222.0 275.0 
556.0 855.0 255.0 301.0 923.0 543.0 722.0 746.0 488.0 974.0 0.0 464.0 415.0 771.0 998.0 
718.0 666.0 264.0 297.0 729.0 120.0 743.0 395.0 586.0 638.0 464.0 0.0 810.0 416.0 778.0 
395.0 907.0 662.0 535.0 964.0 914.0 628.0 953.0 444.0 1130.0 415.0 810.0 0.0 977.0 1048.0 
707.0 341.0 656.0 480.0 383.0 475.0 596.0 25.0 580.0 222.0 771.0 416.0 977.0 0.0 403.0 
675.0 145.0 970.0 704.0 84.0 860.0 459.0 412.0 604.0 275.0 998.0 778.0 1048.0 403.0 0.0 

0.0  11202.318726464642
10581.652727682595  12278.318726464642
0.0  2.147483647E9
883.6589140957484  2720.6589140957485
4075.4671514757147  4194.467151475715
0.0  2.147483647E9
2787.53005546716  4439.530055467159
0.0  2.147483647E9
3445.0023003774795  3857.0023003774795
1678.913677245444  2841.913677245444
0.0  2.147483647E9
6400.543287957287  7538.543287957287
0.0  2.147483647E9
5361.9196157071165  6075.653801728878
0.0  2.147483647E9

4 -> 5
6 -> 14
7 -> 13
8 -> 12
9 -> 2
10 -> 1
