25
1 2 1
1 -2 2
1 3 1
1 -4 2
1 -8 1
1 9 1
1 13 7
1 15 8
1 -15 5
1 -17 9
1 -20 1
1 22 5
1 23 5
1 24 5
1 25 8
-1 -6 1
-1 7 10
-1 10 10
-1 -10 1
-1 11 8
-1 -13 5
-1 14 10
-1 18 10
-1 -21 4
-1 -23 9
2 -3 9
2 4 4
2 7 8
2 -7 10
2 10 2
2 12 10
2 13 3
2 -14 10
2 15 2
2 -15 3
2 -17 6
2 18 9
2 19 10
2 -20 9
2 21 7
2 22 3
2 -23 3
-2 -3 1
-2 -4 7
-2 5 9
-2 -6 9
-2 7 2
-2 -7 4
-2 8 1
-2 12 9
-2 14 2
-2 -15 2
-2 18 3
-2 -18 5
-2 19 1
-2 -19 4
3 4 6
3 -4 7
3 5 8
3 -5 3
3 -7 6
3 8 2
3 9 10
3 -9 10
3 -10 10
3 -11 8
3 -12 5
3 -14 5
3 17 3
3 -18 6
3 19 1
3 20 6
3 22 10
3 -23 1
3 -24 6
-3 -6 3
-3 7 6
-3 -9 3
-3 10 8
-3 -10 4
-3 13 2
-3 -13 7
-3 -14 6
-3 15 6
-3 -16 5
-3 -17 3
-3 -18 7
-3 -20 2
-3 22 7
-3 -23 2
-3 -24 8
4 5 9
4 -5 9
4 6 9
4 -6 10
4 -7 3
4 8 1
4 -9 3
4 -10 1
4 11 4
4 -11 4
4 13 7
4 15 7
4 -15 1
4 17 3
4 18 3
4 -20 4
4 -21 5
4 22 1
4 23 2
4 -23 4
4 24 6
-4 6 7
-4 -7 6
-4 -8 10
-4 9 1
-4 13 5
-4 16 3
-4 17 8
-4 -20 6
-4 22 2
-4 23 4
-4 -23 8
-4 -25 9
5 6 1
5 7 5
5 9 9
5 -10 7
5 11 5
5 -13 1
5 -14 10
5 15 7
5 16 2
5 -16 10
5 -17 2
5 -18 4
5 -22 7
5 -23 6
5 24 2
5 -24 3
5 25 8
5 -25 5
-5 -6 2
-5 7 8
-5 -8 2
-5 9 6
-5 -9 2
-5 10 6
-5 12 5
-5 -12 1
-5 13 9
-5 14 5
-5 -14 10
-5 -16 2
-5 -17 6
-5 -18 8
-5 -19 5
-5 20 6
-5 21 5
-5 -21 10
-5 22 7
-5 -22 6
-5 -23 7
6 -9 9
6 -11 3
6 13 3
6 -13 4
6 -14 10
6 -15 8
6 -17 8
6 -19 9
6 22 6
6 -22 4
6 -23 6
6 -25 10
-6 8 8
-6 11 1
-6 12 7
-6 14 3
-6 -14 1
-6 16 1
-6 -16 1
-6 17 7
-6 -17 7
-6 18 1
-6 -18 5
-6 -19 4
-6 -21 5
-6 22 1
-6 24 9
-6 -25 8
7 8 10
7 10 9
7 11 2
7 -11 4
7 -12 5
7 -13 4
7 14 9
7 -17 7
7 18 10
7 -20 8
7 -21 4
7 -22 2
-7 -8 3
-7 9 8
-7 -9 6
-7 -11 8
-7 12 7
-7 -14 7
-7 -17 7
-7 -18 4
-7 19 8
-7 -20 8
-7 -21 10
-7 -24 1
-7 25 7
8 -9 5
8 -10 3
8 -11 1
8 -12 4
8 13 6
8 -14 10
8 17 3
8 -17 4
8 19 3
8 -19 5
8 20 8
8 -20 7
8 22 9
8 -23 5
8 24 1
8 -24 6
8 25 3
-8 9 6
-8 10 4
-8 -10 6
-8 12 6
-8 13 3
-8 -13 5
-8 -14 10
-8 16 5
-8 -16 10
-8 20 4
-8 21 2
-8 22 3
-8 -23 4
-8 24 10
-8 25 4
9 11 9
9 14 5
9 15 3
9 -15 3
9 16 9
9 17 1
9 -17 4
9 -18 9
9 -19 3
9 20 5
9 -22 6
9 23 1
9 -23 8
9 -25 10
-9 11 10
-9 -12 10
-9 17 6
-9 -18 8
-9 -20 4
-9 21 8
-9 22 9
-9 23 2
-9 -23 9
-9 -24 7
10 -12 4
10 13 8
10 -14 6
10 16 10
10 -16 2
10 17 1
10 -18 10
10 19 6
10 -19 1
10 20 2
10 21 7
10 -21 9
10 -24 1
-10 11 1
-10 -11 6
-10 -12 9
-10 -14 3
-10 -15 10
-10 16 5
-10 -16 6
-10 19 1
-10 -19 1
-10 -20 7
-10 -21 5
-10 23 7
-10 24 8
-10 -24 3
11 12 9
11 13 6
11 17 6
11 -17 7
11 20 4
11 21 4
11 22 5
11 -22 8
11 23 6
11 -23 10
11 -25 6
-11 13 3
-11 -14 7
-11 15 9
-11 -15 2
-11 16 2
-11 -16 5
-11 -19 4
-11 20 2
-11 -21 5
-11 24 4
-11 25 10
12 -13 4
12 -14 4
12 -15 3
12 -16 9
12 17 1
12 -18 10
12 -19 7
12 22 2
12 -22 10
12 -24 9
12 25 6
-12 13 10
-12 -13 2
-12 14 8
-12 -14 7
-12 15 8
-12 -15 5
-12 16 1
-12 -19 9
-12 20 5
-12 -20 1
-12 -22 6
-12 -23 5
-12 25 7
-12 -25 7
13 14 6
13 -14 8
13 -15 4
13 16 1
13 -17 9
13 -18 7
13 -19 5
13 20 9
13 -20 4
13 -21 8
13 -22 7
13 23 1
13 24 9
-13 15 3
-13 -16 10
-13 17 10
-13 -17 1
-13 18 10
-13 19 6
-13 -21 9
-13 22 3
14 15 9
14 -16 7
14 18 8
14 -20 6
14 -22 10
14 -24 4
-14 17 9
-14 -18 10
-14 19 7
-14 20 7
-14 -20 9
-14 23 4
-14 -24 10
-14 -25 1
15 17 6
15 19 2
15 20 4
15 -20 4
15 22 10
15 -22 6
15 -23 7
15 24 6
15 -24 4
-15 17 8
-15 -17 4
-15 20 9
-15 -21 4
-15 -22 4
-15 23 3
-15 -23 2
-15 24 2
16 18 9
16 -18 3
16 -19 1
16 -20 4
16 -21 4
16 -22 5
16 23 10
16 24 6
16 -24 4
-16 17 3
-16 18 1
-16 20 4
-16 -20 2
-16 22 1
-16 -24 10
-16 25 4
17 18 7
17 -18 8
17 -19 9
17 22 7
17 23 2
17 -23 9
17 25 8
17 -25 9
-17 18 1
-17 -18 8
-17 19 1
-17 -19 4
-17 21 2
-17 22 2
-17 -22 8
-17 25 8
-17 -25 6
18 20 5
18 21 10
18 22 10
18 -24 2
18 25 8
-18 22 8
-18 23 2
-18 -23 6
-18 25 5
19 20 1
19 -20 9
19 -21 3
19 -22 2
19 25 7
-19 -20 1
-19 -21 3
-19 -22 6
-19 23 8
-19 24 9
-19 -24 5
-19 25 7
20 21 4
20 22 1
20 -22 3
20 -25 5
-20 21 4
-20 -24 2
-20 25 6
-20 -25 1
21 22 3
-21 22 9
-21 24 7
-21 -25 9
22 23 5
22 -23 4
22 25 2
22 -25 6
-22 24 10
-22 25 4
-22 -25 7
23 24 3
23 -24 8
23 25 1
23 -25 5
-23 24 1
-23 -24 1
-24 25 8
-24 -25 6