39
1 6 7
1 8 9
1 9 8
1 -9 9
1 -19 7
1 -22 7
1 -32 4
1 -33 4
1 -34 7
1 35 6
-1 -8 1
-1 -9 6
-1 12 6
-1 -15 2
-1 16 10
-1 27 2
-1 30 2
-1 -32 5
-1 -37 5
-1 -38 1
2 -4 9
2 -6 9
2 -16 10
2 -17 8
-2 -3 3
-2 -9 10
-2 13 2
-2 -17 2
-2 23 8
-2 25 6
-2 -26 8
-2 -32 10
-2 36 10
3 -10 2
3 -18 4
3 -20 10
3 25 3
3 31 7
3 -31 8
3 -35 6
3 -37 3
-3 -4 3
-3 9 2
-3 10 8
-3 -14 1
-3 -18 6
-3 31 8
-3 -31 1
-3 -39 1
4 6 10
4 -10 6
4 -11 7
4 14 5
4 24 9
4 -25 6
4 -32 8
4 36 9
-4 -15 3
-4 24 9
-4 31 7
5 -6 3
5 7 7
5 -10 1
5 12 5
5 19 6
5 22 5
5 -26 8
5 29 8
5 37 1
5 39 1
-5 -32 10
-5 -38 10
6 -7 3
6 9 3
6 13 4
6 -19 4
6 -24 9
6 -36 2
-6 -12 5
-6 13 4
-6 16 7
-6 18 7
-6 20 9
-6 21 6
-6 22 4
-6 25 5
7 -11 9
7 18 6
7 20 5
7 27 2
7 33 1
7 36 9
-7 -8 7
-7 -9 2
-7 -10 5
-7 -23 1
-7 25 3
-7 26 6
-7 -31 3
-7 39 2
8 10 1
8 -16 2
8 -17 7
8 -22 4
8 -23 2
8 28 10
8 -29 6
8 31 2
8 -38 3
-8 -9 2
-8 -11 3
-8 -14 5
-8 -22 9
-8 23 9
9 14 2
9 18 1
9 -18 4
9 19 7
9 -19 2
9 -25 5
9 27 4
9 -34 7
-9 16 9
-9 19 1
-9 -23 8
-9 28 8
-9 -28 3
-9 -29 4
-9 -33 2
10 29 7
10 -30 2
-10 11 9
-10 21 9
-10 -21 7
-10 -23 9
-10 33 5
-10 35 5
11 -13 1
11 18 3
11 -21 7
11 -24 9
11 -26 10
11 -29 4
11 -36 4
-11 19 10
-11 -23 2
-11 -27 2
-11 32 4
-11 -34 9
-11 -37 2
12 -16 2
12 17 8
12 -26 4
12 -28 7
12 -29 4
-12 -13 8
-12 -26 6
-12 27 1
-12 31 1
-12 -35 2
-12 -36 1
13 -15 8
13 17 1
13 22 2
13 26 7
13 32 4
13 -33 8
-13 -14 6
-13 -15 7
-13 16 2
-13 -16 3
-13 -29 1
-13 -30 7
-13 -39 5
14 18 7
14 39 5
-14 16 8
-14 18 7
-14 26 10
-14 -26 8
-14 -30 10
-14 35 4
-14 37 1
-14 38 7
-14 39 7
15 19 3
15 22 9
15 -22 6
15 25 5
15 29 7
15 -32 4
15 37 9
-15 18 4
-15 -21 6
-15 26 5
-15 30 10
-15 -30 1
-15 -37 2
-15 39 9
16 -22 7
16 27 9
16 -36 8
-16 -17 9
-16 -26 9
-16 -30 9
17 20 3
17 -28 6
17 33 6
17 -34 2
17 -35 3
17 36 10
-17 25 5
-17 28 1
-17 -31 5
-17 33 5
18 21 7
18 -26 8
18 29 3
18 33 7
18 39 1
-18 21 7
-18 -22 6
-18 -24 5
-18 38 8
-18 39 1
19 25 1
19 26 9
19 -29 8
19 37 7
19 39 9
19 -39 4
-19 -33 1
20 23 8
20 26 2
20 30 8
20 32 1
20 36 2
20 39 7
20 -39 7
-20 26 3
21 36 6
-21 22 10
-21 25 3
-21 -27 6
-21 29 1
-21 33 7
22 -24 4
22 25 1
22 -29 5
22 34 6
22 35 6
22 -35 8
22 39 9
-22 -25 1
-22 27 7
-22 29 4
-22 -33 6
-22 38 1
23 -26 3
23 27 7
23 33 8
-23 -28 5
-23 -36 3
-23 37 9
24 -27 7
24 -29 10
24 32 10
-24 25 8
-24 -27 10
-24 29 4
-24 -35 3
25 27 2
25 -32 6
-25 -28 8
-25 -31 6
26 28 10
26 -38 10
-26 -37 10
27 35 8
27 37 5
-27 -28 2
-27 29 9
-27 31 4
-27 32 6
-27 -33 5
-27 -34 7
-27 37 2
-27 38 1
28 -30 4
29 -35 10
-29 33 6
-29 -36 10
30 36 10
30 -38 5
30 -39 7
-30 -31 9
-30 -32 4
-30 36 3
-30 -37 8
-30 -39 1
31 32 2
31 34 6
31 -34 2
-31 34 2
-31 -38 2
-32 38 6
33 38 7
-33 37 2
-34 39 10
35 39 2
-35 -38 10
36 37 8
-36 -39 10
37 39 4
-38 -39 8