41
1 -3 3
1 5 7
1 -10 10
1 18 8
1 19 5
1 -19 3
1 21 9
1 23 1
1 -25 1
1 -26 1
1 -27 9
1 -32 6
1 33 6
1 34 4
1 36 2
1 -37 3
-1 -2 9
-1 -5 10
-1 8 5
-1 -8 8
-1 13 6
-1 14 1
-1 -16 8
-1 22 2
-1 -25 9
-1 30 3
-1 32 1
-1 -35 5
-1 36 8
-1 37 10
-1 -39 8
-1 40 4
2 4 7
2 -12 3
2 -17 7
2 -22 10
2 -25 7
2 26 7
2 27 9
2 28 2
2 29 1
2 30 8
2 32 2
2 -34 8
2 -35 10
-2 4 2
-2 6 10
-2 13 7
-2 15 8
-2 -16 10
-2 -19 10
-2 20 9
-2 22 3
-2 -24 2
-2 -25 6
-2 27 4
-2 32 2
-2 -40 9
3 6 6
3 8 2
3 -14 2
3 16 2
3 -18 7
3 19 6
3 -19 6
3 -22 4
3 23 2
3 24 6
3 -24 2
3 26 7
3 35 3
-3 6 3
-3 18 10
-3 20 2
-3 -36 8
-3 38 1
-3 39 3
4 -8 7
4 -9 6
4 10 6
4 16 8
4 -16 3
4 17 9
4 18 4
4 19 5
4 -27 5
4 -29 1
4 -34 7
-4 6 1
-4 8 5
-4 -8 8
-4 -19 10
-4 25 10
-4 -31 9
-4 -34 8
-4 -41 5
5 7 7
5 9 4
5 -12 6
5 15 2
5 -16 7
5 18 1
5 19 1
5 23 4
5 -23 10
5 24 6
5 28 8
5 -28 9
5 30 6
5 -37 5
5 41 8
-5 -13 4
-5 -15 5
-5 -17 8
-5 -22 2
-5 -25 8
-5 26 6
-5 -26 1
-5 -27 6
-5 29 4
-5 -29 3
-5 -34 2
-5 -37 6
6 12 8
6 21 8
6 22 2
6 24 1
6 25 3
6 -29 10
6 33 7
6 -33 4
-6 -7 2
-6 -12 8
-6 13 3
-6 16 2
-6 18 5
-6 -18 6
-6 -26 1
-6 -27 5
-6 -33 1
-6 34 7
-6 -41 1
7 9 9
7 -16 2
7 -19 8
7 21 5
7 -23 4
7 35 7
7 40 10
-7 -9 3
-7 16 9
-7 -16 5
-7 17 8
-7 18 2
-7 -22 10
-7 23 10
-7 -24 2
-7 33 3
-7 -34 3
-7 -40 1
8 12 5
8 16 3
8 19 7
8 21 6
8 25 10
8 -36 8
8 39 7
8 -39 1
-8 15 8
-8 22 2
-8 -29 7
-8 -31 1
-8 32 2
-8 38 10
9 -11 7
9 -17 7
9 23 2
9 24 9
9 -24 9
9 -26 7
9 29 4
9 30 1
9 -31 6
9 36 5
-9 15 6
-9 17 6
-9 23 3
-9 24 2
-9 -26 9
-9 -27 6
-9 29 6
-9 30 9
-9 38 7
10 -12 1
10 -14 9
10 25 8
10 -28 1
10 29 4
10 31 4
10 33 10
10 34 7
10 -38 3
10 -40 4
10 41 7
-10 21 2
-10 -21 5
-10 -31 6
-10 32 4
-10 -35 1
11 14 7
11 15 4
11 16 9
11 17 7
11 21 5
11 -26 9
11 -29 5
11 31 6
-11 -15 8
-11 -16 1
-11 -23 3
-11 27 9
-11 -28 4
-11 -36 7
12 -18 2
12 19 5
12 -19 8
12 -28 10
12 -30 9
12 -31 5
12 32 9
-12 32 5
-12 -33 6
-12 -34 6
13 -18 4
13 19 5
13 25 6
13 27 8
13 -32 2
13 33 2
13 -34 10
13 -36 4
13 39 5
13 -40 2
13 -41 1
-13 15 5
-13 -19 10
-13 22 6
-13 -29 9
-13 31 7
-13 -34 7
-13 36 3
-13 38 6
-13 39 5
14 17 9
14 21 4
14 24 8
14 28 9
14 -32 5
14 -33 3
14 35 3
14 36 7
14 38 2
14 -38 3
14 41 8
-14 15 9
-14 22 9
-14 -25 3
-14 -29 8
-14 -32 2
-14 34 10
-14 -36 2
-14 41 1
15 26 10
15 -27 6
15 31 6
15 -32 7
15 -35 6
-15 17 8
-15 18 3
-15 21 6
-15 27 10
-15 -32 2
-15 33 2
-15 -36 5
16 -17 1
16 24 5
16 -24 5
16 26 3
16 28 7
16 -28 2
16 29 10
16 -35 10
16 41 4
-16 -20 5
-16 23 1
-16 -29 1
-16 30 2
-16 -31 3
-16 -32 3
-16 -33 5
-16 34 6
-16 37 3
-16 -37 3
-16 -39 6
-16 41 7
-16 -41 1
17 -18 7
17 -22 3
17 -24 5
17 -27 1
17 -29 10
17 -30 9
17 -32 1
17 -34 9
17 -35 5
17 -40 3
-17 -20 7
-17 21 10
-17 -22 10
-17 -24 9
-17 -32 8
-17 -34 6
18 20 2
18 -27 2
18 -32 6
18 33 8
18 36 9
18 38 5
18 39 10
18 -39 8
18 40 4
-18 21 1
-18 -22 1
-18 -30 6
-18 31 9
-18 32 6
-18 35 1
-18 39 4
19 21 10
19 -21 3
19 -29 10
19 -33 9
19 -35 2
19 -40 5
-19 -23 6
-19 24 3
-19 -24 8
-19 25 10
-19 -28 4
-19 30 9
-19 -35 9
-19 40 7
20 -22 5
20 -23 2
20 24 8
20 26 7
20 32 9
20 34 7
20 38 5
20 -40 10
-20 -23 10
-20 30 2
-20 -30 3
-20 32 2
-20 -35 3
-20 37 9
21 38 4
21 39 8
-21 26 1
-21 27 1
-21 29 10
-21 33 7
-21 34 3
-21 35 2
-21 -37 10
22 -26 9
22 -30 8
-22 26 3
-22 -33 8
-22 -36 8
23 -27 1
23 -28 4
23 30 6
23 -31 9
23 32 1
23 36 6
23 37 10
23 38 6
-23 29 8
-23 37 9
-23 39 5
-23 40 9
-23 41 10
24 29 4
24 30 9
24 -31 4
24 32 6
24 -34 2
24 40 5
-24 25 7
-24 -33 10
-24 36 7
-24 -37 8
25 -26 4
25 30 5
25 -41 10
-25 28 6
-25 -33 6
-25 -35 6
-25 36 10
-25 -36 8
-25 38 10
-25 39 4
-25 -39 1
26 -29 9
26 -32 10
26 36 10
26 37 3
26 -37 3
-26 27 3
-26 -29 5
-26 -31 3
-26 32 8
27 29 2
27 32 9
27 -35 7
27 36 2
27 -36 7
27 -38 3
27 39 10
27 -39 5
-27 29 9
-27 -29 2
-27 31 4
-27 35 7
28 -30 8
28 -31 5
28 -32 1
-28 33 9
-28 40 7
-28 41 6
29 -30 6
29 33 7
29 -34 4
29 -35 5
29 -36 7
29 -37 3
29 40 1
-29 -31 4
-29 -33 2
-29 -34 5
-29 35 8
-30 -31 7
-30 -32 6
-30 -33 8
-30 34 7
-30 38 8
31 -32 6
31 -34 10
31 36 10
31 41 9
-31 -36 7
-31 37 8
32 34 1
32 -35 8
32 37 5
-32 39 9
33 -34 1
33 36 7
33 -38 8
-33 -35 3
-33 -37 2
-33 -39 10
34 37 2
34 39 8
-34 35 4
-34 36 3
-34 -37 4
-34 -38 4
-34 -40 7
35 -36 8
35 37 3
35 38 5
35 39 7
35 40 8
-35 -36 4
-35 41 4
36 37 5
36 38 1
36 -38 7
36 39 10
36 40 7
-36 -39 6
37 41 5
37 -41 5
-37 40 6
-37 -41 10
-38 40 8
39 40 7
39 41 3