35
1 -3 6
1 4 4
1 5 2
1 -8 10
1 -25 1
1 -26 3
1 -31 3
1 -32 5
1 -35 7
-1 -7 10
-1 -10 5
-1 19 5
-1 -19 6
-1 23 5
-1 -27 3
2 -5 5
2 -10 5
2 19 10
2 -23 7
2 -31 4
-2 -3 9
-2 6 8
-2 16 1
-2 19 2
-2 -27 5
-2 31 4
-2 -32 6
-2 34 2
-2 -35 10
3 -5 1
3 -11 3
3 12 3
3 -14 4
3 -19 9
3 20 1
3 -23 6
3 -25 6
3 -29 2
-3 -16 2
-3 22 4
-3 25 10
-3 33 7
-3 -33 10
-3 -34 5
4 6 2
4 8 10
4 9 7
4 12 3
4 16 7
4 19 2
4 28 5
4 -28 4
4 -34 3
4 -35 4
-4 -7 6
-4 -17 1
-4 -22 2
-4 -23 4
-4 -27 3
-4 -30 9
5 -7 8
5 11 9
5 -23 3
5 25 5
5 -27 8
-5 11 4
-5 -12 7
-5 14 7
-5 21 5
-5 24 4
-5 -33 6
6 12 4
6 -14 8
6 -17 3
6 -27 3
6 -31 9
-6 13 2
-6 -21 9
-6 28 5
7 11 7
7 12 9
7 23 8
7 -27 10
7 33 7
-7 10 5
-7 -22 4
-7 34 10
8 9 10
8 -11 10
8 16 9
8 -20 5
8 21 3
8 27 2
8 28 4
8 31 6
8 35 2
-8 -9 10
-8 16 8
-8 -24 10
-8 29 5
-8 -35 2
9 11 9
9 12 7
9 14 8
9 -33 7
9 34 9
-9 22 2
-9 31 5
-9 -34 5
10 -16 2
10 20 6
10 25 9
10 27 9
10 35 8
-10 17 10
-10 22 9
-10 26 2
-10 -26 6
-10 27 9
-10 -29 1
11 -14 3
11 16 10
11 22 1
11 26 1
-11 18 9
-11 -19 7
-11 20 4
-11 34 1
-11 -35 6
12 17 5
12 20 10
12 24 6
12 -27 5
12 32 1
-12 -15 2
-12 -18 6
-12 -26 5
-12 32 2
-12 35 4
13 -14 7
13 15 5
13 20 8
13 24 1
13 -28 4
13 -33 1
-13 23 3
-13 -30 5
-13 31 8
14 18 9
14 -18 6
14 19 10
14 25 8
14 26 7
14 -26 6
14 -31 5
-14 17 9
-14 23 3
-14 26 2
-14 28 8
-14 -28 2
-14 32 9
15 -25 9
15 28 5
-15 19 8
-15 -20 8
-15 21 2
-15 22 10
-15 -30 6
-15 33 10
16 -17 3
16 -20 3
16 21 2
16 24 1
-16 -18 4
-16 -19 4
-16 -24 3
17 -19 9
17 26 7
17 28 7
17 32 6
17 34 3
-17 18 4
-17 -22 6
-17 -23 4
-17 31 6
-17 -33 10
-17 -34 6
18 21 1
18 25 6
18 -29 8
18 -33 2
-18 22 8
-18 -26 1
-18 -32 1
19 23 5
19 -26 2
19 28 1
19 -31 2
19 -34 7
-19 23 8
-19 29 10
-19 -31 9
20 -28 10
20 30 3
20 32 6
-20 29 6
-20 33 6
-20 -33 6
-20 35 1
21 35 2
22 -29 5
-22 23 8
-22 -23 8
-22 32 9
23 -27 8
23 29 7
23 -34 8
23 35 4
23 -35 8
-23 26 7
-23 27 5
-23 -30 1
-23 32 7
24 -31 7
24 -32 8
-24 33 10
-24 35 7
-25 26 1
-25 -31 1
-25 34 5
-25 -35 2
26 28 4
26 -28 3
26 33 10
26 -34 4
-26 28 4
-26 30 10
-26 -34 1
27 33 7
27 -33 10
27 35 7
28 33 9
-28 -31 7
29 -31 5
29 -32 8
29 -34 7
-29 31 3
-29 -31 4
30 35 9
-30 -32 4
32 -35 3
-32 -34 6
-32 -35 2
-33 -35 6