50
1 2 5
1 -2 5
1 4 3
1 -6 6
1 7 8
1 -12 6
1 -13 6
1 -14 7
1 16 7
1 -16 9
1 -17 3
1 18 2
1 21 1
1 22 7
1 -22 2
1 -23 8
1 -24 8
1 25 10
1 -25 10
1 29 9
1 -31 10
1 32 5
1 33 6
1 -33 7
1 34 10
1 35 4
1 38 9
1 39 1
1 -42 2
1 43 4
1 45 5
1 -45 9
1 46 2
1 -47 10
1 48 10
1 49 5
1 50 3
-1 2 4
-1 -4 3
-1 -5 2
-1 6 2
-1 7 1
-1 -8 7
-1 -12 3
-1 -13 2
-1 -14 5
-1 -15 10
-1 -18 4
-1 20 5
-1 -23 6
-1 25 8
-1 -27 6
-1 30 2
-1 -30 6
-1 31 5
-1 32 10
-1 33 4
-1 -33 8
-1 36 10
-1 37 10
-1 -40 9
-1 -44 6
-1 -47 8
-1 -48 2
-1 -49 2
-1 -50 10
2 -3 5
2 -4 5
2 -7 5
2 -8 8
2 11 8
2 12 4
2 -13 2
2 15 10
2 -15 4
2 17 7
2 18 8
2 -19 5
2 -20 9
2 23 6
2 -25 4
2 26 9
2 27 9
2 28 7
2 30 2
2 -30 2
2 31 4
2 33 4
2 -35 3
2 39 9
2 40 3
2 -40 1
2 -42 3
2 44 8
2 -44 9
2 -45 7
2 46 9
2 -46 4
2 47 6
2 -48 10
2 -49 1
-2 3 1
-2 5 7
-2 6 6
-2 7 9
-2 -7 7
-2 -8 1
-2 10 1
-2 -10 1
-2 11 4
-2 12 6
-2 16 3
-2 18 9
-2 -18 3
-2 21 10
-2 -21 10
-2 -22 1
-2 -25 6
-2 -28 6
-2 30 5
-2 -32 1
-2 -33 6
-2 34 4
-2 -34 3
-2 35 7
-2 36 9
-2 37 1
-2 -37 7
-2 41 1
-2 -41 4
-2 -42 2
-2 43 5
-2 -46 10
-2 47 5
-2 49 8
-2 -49 6
3 6 7
3 -6 4
3 8 2
3 -10 7
3 11 4
3 -12 6
3 13 4
3 -15 9
3 16 10
3 -17 4
3 20 3
3 -20 2
3 -22 6
3 23 6
3 -23 2
3 26 10
3 -26 2
3 27 3
3 -27 9
3 28 6
3 -28 6
3 32 8
3 -34 2
3 -36 3
3 38 7
3 -39 8
3 -40 7
3 41 8
3 43 10
3 -45 4
3 46 1
3 -49 7
3 50 4
-3 6 1
-3 -7 9
-3 8 3
-3 -8 10
-3 -10 2
-3 11 4
-3 -12 5
-3 13 9
-3 -14 9
-3 15 6
-3 -15 6
-3 17 2
-3 -17 5
-3 22 8
-3 23 6
-3 24 8
-3 25 10
-3 -25 4
-3 26 5
-3 -27 2
-3 -28 5
-3 29 8
-3 -30 10
-3 -32 8
-3 -33 5
-3 34 9
-3 35 8
-3 37 4
-3 -37 9
-3 -40 10
-3 -42 7
-3 43 4
-3 -43 7
-3 44 7
-3 -44 5
-3 -48 6
-3 -50 3
4 -6 8
4 7 3
4 -7 4
4 -8 4
4 10 6
4 -12 8
4 13 4
4 15 10
4 16 7
4 -16 2
4 -17 5
4 18 4
4 -19 2
4 -21 10
4 -22 2
4 24 6
4 25 9
4 -25 3
4 -26 6
4 -28 6
4 29 1
4 -30 8
4 31 7
4 -31 5
4 33 3
4 -35 3
4 39 9
4 -39 10
4 40 8
4 -43 4
4 -46 5
4 48 7
4 -49 3
-4 6 10
-4 -6 2
-4 -7 1
-4 -8 5
-4 -9 1
-4 -10 3
-4 -12 3
-4 14 6
-4 -14 9
-4 18 3
-4 -18 6
-4 20 5
-4 -21 2
-4 23 9
-4 24 5
-4 25 6
-4 26 7
-4 -26 6
-4 27 9
-4 -27 3
-4 -29 2
-4 31 2
-4 -31 6
-4 32 4
-4 -32 3
-4 -34 1
-4 -35 7
-4 -36 5
-4 37 10
-4 -38 3
-4 -39 10
-4 41 7
-4 -44 6
-4 45 7
-4 46 1
-4 47 5
-4 -48 6
-4 -50 7
5 -6 10
5 -7 1
5 8 7
5 9 9
5 -9 6
5 12 2
5 13 3
5 -13 2
5 14 2
5 -16 10
5 20 1
5 -20 10
5 21 10
5 -21 8
5 22 3
5 23 4
5 -23 5
5 -24 1
5 -26 4
5 -28 7
5 29 2
5 33 8
5 34 8
5 38 7
5 39 5
5 -39 1
5 40 6
5 -43 5
5 -44 3
5 45 3
5 46 9
5 47 5
5 48 10
5 50 7
-5 6 10
-5 -6 5
-5 -8 10
-5 9 3
-5 -9 6
-5 -12 4
-5 13 9
-5 -16 10
-5 18 8
-5 -18 9
-5 -19 7
-5 -21 4
-5 22 8
-5 25 6
-5 -27 3
-5 28 4
-5 32 1
-5 34 5
-5 -34 5
-5 35 1
-5 36 1
-5 38 10
-5 -39 9
-5 -42 8
-5 43 1
-5 -43 9
-5 -44 9
-5 45 9
-5 -45 2
-5 47 4
6 9 2
6 10 7
6 -11 5
6 12 3
6 -12 1
6 13 2
6 -16 9
6 -17 5
6 18 5
6 20 6
6 -20 9
6 -22 9
6 -23 9
6 -24 3
6 -26 1
6 -27 8
6 -28 3
6 30 5
6 -32 1
6 -34 7
6 35 7
6 -35 2
6 -41 5
6 -42 7
6 44 6
6 -44 4
6 -45 10
6 47 8
6 -48 7
6 50 5
-6 8 9
-6 10 10
-6 -10 4
-6 -11 10
-6 13 7
-6 14 4
-6 -15 1
-6 16 6
-6 -16 2
-6 17 4
-6 -17 3
-6 -18 7
-6 20 1
-6 -24 3
-6 26 5
-6 27 1
-6 -27 6
-6 -28 7
-6 -30 10
-6 33 9
-6 -34 5
-6 35 2
-6 37 9
-6 -37 9
-6 -39 4
-6 40 9
-6 42 9
-6 -43 5
-6 -46 4
-6 -47 10
-6 -49 4
-6 50 5
7 8 6
7 -8 9
7 -10 3
7 15 2
7 16 7
7 -16 5
7 17 3
7 -17 5
7 18 9
7 -18 10
7 19 1
7 24 8
7 -24 6
7 -25 6
7 26 9
7 -28 6
7 -32 2
7 33 10
7 36 9
7 37 1
7 -37 6
7 38 2
7 -38 9
7 39 5
7 -39 4
7 41 2
7 -43 5
7 -46 5
7 48 6
7 49 2
7 -49 10
-7 8 10
-7 -8 9
-7 9 2
-7 -10 3
-7 11 1
-7 -14 5
-7 -16 8
-7 -18 9
-7 -21 9
-7 -24 4
-7 25 4
-7 -25 5
-7 -28 5
-7 29 9
-7 30 4
-7 -31 3
-7 -32 9
-7 -34 10
-7 -36 2
-7 -37 5
-7 38 3
-7 43 3
-7 -44 5
-7 45 9
-7 -45 7
-7 -46 4
-7 47 5
-7 -47 6
-7 48 10
-7 -48 5
-7 49 4
8 -9 3
8 10 6
8 -10 4
8 -11 7
8 12 8
8 -12 6
8 14 8
8 16 2
8 -16 7
8 17 10
8 19 1
8 24 3
8 25 5
8 26 1
8 29 10
8 -29 9
8 -30 2
8 31 7
8 34 2
8 -34 6
8 35 1
8 36 10
8 37 9
8 -37 1
8 -39 10
8 40 7
8 41 3
8 43 5
8 -43 10
8 45 3
8 -45 6
8 46 3
8 -47 10
8 49 3
8 -49 6
8 50 3
-8 9 6
-8 -11 9
-8 13 8
-8 -13 9
-8 -15 4
-8 17 1
-8 -17 4
-8 -18 5
-8 22 3
-8 -23 3
-8 -24 10
-8 26 3
-8 28 1
-8 29 8
-8 -29 2
-8 30 2
-8 32 7
-8 -35 4
-8 38 1
-8 -38 2
-8 41 6
-8 -41 10
-8 -42 8
-8 43 3
-8 46 6
-8 -46 7
-8 -48 6
-8 50 5
9 10 6
9 -12 2
9 14 6
9 -16 1
9 18 9
9 -19 2
9 21 4
9 -21 1
9 23 3
9 -23 6
9 -24 1
9 -25 5
9 27 7
9 -30 7
9 31 5
9 -32 10
9 34 10
9 -35 6
9 36 8
9 -36 3
9 -39 7
9 -40 8
9 41 4
9 43 2
9 44 2
9 -44 9
9 -45 4
9 46 2
9 -46 3
9 49 5
9 50 6
-9 10 9
-9 -10 9
-9 -15 5
-9 -17 10
-9 20 6
-9 -20 9
-9 -21 7
-9 22 4
-9 -24 7
-9 34 2
-9 35 5
-9 -35 10
-9 37 8
-9 38 10
-9 -39 2
-9 -42 2
-9 44 7
-9 -45 1
-9 -50 1
10 -11 5
10 -13 2
10 -14 1
10 16 3
10 -16 3
10 17 9
10 -17 6
10 18 1
10 19 3
10 -20 10
10 21 1
10 -22 10
10 24 3
10 -24 10
10 -25 7
10 -26 10
10 27 5
10 28 1
10 29 4
10 -30 10
10 -33 1
10 35 9
10 -35 5
10 37 5
10 38 9
10 -38 9
10 -40 3
10 41 5
10 -42 2
10 -43 4
10 44 8
10 -44 9
10 45 5
10 -45 4
10 46 10
10 -46 6
-10 12 1
-10 -13 6
-10 -14 4
-10 -18 6
-10 -20 1
-10 -27 6
-10 -29 7
-10 32 6
-10 35 7
-10 -35 10
-10 -36 9
-10 41 6
-10 -41 1
-10 -42 6
-10 43 4
-10 -44 7
-10 46 2
-10 -49 3
11 12 3
11 13 8
11 -14 8
11 15 7
11 -15 6
11 16 6
11 -18 2
11 21 3
11 -22 4
11 -23 5
11 -24 3
11 25 4
11 26 5
11 -27 4
11 -32 1
11 34 3
11 -34 9
11 -35 10
11 36 10
11 37 8
11 -38 5
11 -39 3
11 42 7
11 -42 5
11 45 3
11 -45 5
11 48 4
-11 14 6
-11 -15 7
-11 16 8
-11 -17 2
-11 18 1
-11 -18 10
-11 -19 6
-11 -22 5
-11 23 5
-11 -23 1
-11 25 2
-11 -29 1
-11 -30 10
-11 31 4
-11 34 1
-11 36 1
-11 -36 5
-11 40 7
-11 -40 5
-11 -41 9
-11 -45 4
-11 -46 3
-11 49 2
12 -13 7
12 14 4
12 15 6
12 -16 7
12 17 3
12 -17 6
12 19 6
12 -19 5
12 20 9
12 21 10
12 22 10
12 23 1
12 -23 6
12 24 7
12 -24 4
12 25 6
12 26 5
12 -28 9
12 29 1
12 -31 6
12 33 10
12 -33 6
12 -36 2
12 38 8
12 40 4
12 -40 7
12 -42 2
12 44 7
12 -44 8
12 -46 5
12 50 3
12 -50 8
-12 13 2
-12 14 6
-12 -14 3
-12 -15 6
-12 -17 6
-12 19 4
-12 20 1
-12 21 5
-12 -21 2
-12 23 10
-12 -23 3
-12 -24 8
-12 26 5
-12 27 3
-12 28 4
-12 31 4
-12 -31 8
-12 32 10
-12 -33 3
-12 -34 4
-12 -36 8
-12 -40 3
-12 41 8
-12 -43 4
-12 -44 6
-12 -47 3
-12 49 2
13 14 1
13 -14 4
13 15 8
13 -15 6
13 18 6
13 20 2
13 22 8
13 23 10
13 24 10
13 -24 10
13 30 3
13 31 4
13 34 5
13 35 2
13 36 1
13 38 7
13 39 3
13 -41 8
13 45 9
13 -45 5
13 49 6
-13 14 5
-13 -14 5
-13 -16 10
-13 -20 9
-13 22 8
-13 23 3
-13 -23 5
-13 24 3
-13 -24 3
-13 -25 2
-13 -26 1
-13 -27 6
-13 28 6
-13 -28 2
-13 -29 8
-13 -31 4
-13 -32 9
-13 33 5
-13 -33 6
-13 34 5
-13 -34 8
-13 35 2
-13 -36 1
-13 37 5
-13 -37 3
-13 -38 9
-13 -39 9
-13 -42 4
-13 -43 10
-13 44 4
-13 -45 9
-13 -49 1
-13 -50 4
14 15 6
14 -16 10
14 17 8
14 19 7
14 -19 2
14 -20 5
14 21 9
14 -22 7
14 -23 1
14 29 3
14 31 3
14 32 2
14 33 1
14 35 7
14 -35 10
14 36 6
14 44 5
14 -45 5
-14 17 8
-14 20 8
-14 22 4
-14 23 6
-14 -23 6
-14 24 5
-14 26 10
-14 -26 9
-14 -27 7
-14 29 4
-14 30 10
-14 -31 10
-14 32 9
-14 33 8
-14 -33 1
-14 -34 1
-14 35 5
-14 -37 10
-14 -39 4
-14 40 4
-14 41 6
-14 42 6
-14 -42 7
-14 -43 4
-14 -44 3
-14 45 5
-14 -45 1
-14 -47 1
-14 -48 5
15 16 9
15 -24 5
15 26 1
15 28 5
15 -28 3
15 30 5
15 -30 2
15 -32 8
15 35 4
15 -35 5
15 37 5
15 -38 2
15 39 2
15 41 1
15 -41 9
15 -42 2
15 43 3
15 -47 3
15 48 6
15 -50 3
-15 -17 8
-15 -19 4
-15 -20 7
-15 24 9
-15 -24 2
-15 -25 4
-15 29 1
-15 -29 4
-15 30 10
-15 -31 2
-15 -34 5
-15 -35 6
-15 38 10
-15 39 4
-15 42 3
-15 44 8
-15 46 9
-15 -47 2
-15 49 5
-15 -49 3
-15 -50 4
16 -20 7
16 21 6
16 -21 1
16 -23 3
16 24 2
16 25 4
16 -25 5
16 26 7
16 -27 2
16 28 10
16 29 7
16 -32 7
16 36 9
16 -36 1
16 -39 9
16 44 5
16 -49 1
16 50 6
-16 -18 7
-16 -19 4
-16 -22 9
-16 23 5
-16 -24 5
-16 25 1
-16 28 2
-16 -28 8
-16 -29 4
-16 33 5
-16 -33 7
-16 -35 3
-16 37 10
-16 -37 5
-16 38 6
-16 -38 9
-16 -41 9
-16 42 5
-16 43 9
-16 48 3
17 -20 6
17 -21 8
17 -22 7
17 25 7
17 28 8
17 -29 6
17 -30 3
17 -32 8
17 -33 10
17 34 9
17 35 5
17 -35 6
17 -37 6
17 -38 4
17 -39 8
17 -41 5
17 43 6
17 -43 2
17 -44 10
17 46 8
17 -46 8
17 -50 2
-17 -19 3
-17 -21 10
-17 22 5
-17 -26 1
-17 29 10
-17 30 10
-17 -30 6
-17 31 1
-17 -31 9
-17 -32 1
-17 -33 5
-17 -34 4
-17 36 9
-17 -36 3
-17 39 4
-17 41 7
-17 42 1
-17 -42 2
-17 44 2
-17 47 8
-17 49 5
-17 -49 2
18 -19 6
18 20 9
18 -20 10
18 21 1
18 -21 1
18 22 9
18 -22 4
18 24 6
18 27 8
18 28 9
18 -33 10
18 34 8
18 35 2
18 37 4
18 38 9
18 -39 2
18 -40 2
18 41 5
18 42 3
18 43 3
18 -43 8
18 45 7
18 -45 1
18 47 7
18 -49 10
-18 21 3
-18 22 6
-18 -23 8
-18 25 3
-18 29 2
-18 -29 2
-18 30 2
-18 31 4
-18 -31 4
-18 -32 4
-18 34 9
-18 -36 4
-18 37 4
-18 -37 2
-18 38 7
-18 -39 9
-18 40 3
-18 -40 6
-18 -41 7
-18 45 9
-18 -46 4
-18 49 6
-18 50 4
19 -20 10
19 23 8
19 24 3
19 -24 5
19 -25 9
19 -28 9
19 -30 4
19 32 8
19 -32 3
19 -33 6
19 -36 8
19 -37 7
19 38 1
19 39 9
19 -39 4
19 -40 9
19 -41 8
19 42 2
19 -44 10
19 50 5
-19 20 8
-19 -20 7
-19 21 1
-19 -23 5
-19 -24 6
-19 25 5
-19 -26 2
-19 -28 3
-19 30 2
-19 -31 4
-19 32 4
-19 -33 4
-19 34 3
-19 35 4
-19 -35 3
-19 39 5
-19 40 8
-19 -40 2
-19 42 8
-19 -42 3
-19 -44 5
-19 -45 7
-19 -47 2
-19 49 7
-19 50 7
20 22 4
20 -22 4
20 28 3
20 -28 4
20 29 10
20 -29 6
20 30 10
20 -30 10
20 -34 4
20 37 2
20 38 7
20 -38 4
20 40 2
20 43 6
20 -45 7
20 46 2
20 -46 4
20 -47 7
20 -50 2
-20 -21 9
-20 22 6
-20 -22 2
-20 25 2
-20 26 9
-20 27 4
-20 -28 8
-20 -30 10
-20 31 7
-20 32 7
-20 -34 8
-20 -35 2
-20 -36 7
-20 37 3
-20 39 6
-20 -39 7
-20 41 4
-20 -44 5
-20 45 9
-20 -46 4
-20 47 6
-20 48 3
-20 -48 5
21 -22 9
21 24 4
21 25 4
21 -26 4
21 28 6
21 29 10
21 30 5
21 32 5
21 -32 5
21 -34 3
21 36 10
21 -37 2
21 -39 6
21 -40 7
21 41 3
21 42 9
21 -43 7
21 44 10
21 -44 5
21 49 7
-21 -22 3
-21 24 8
-21 -24 9
-21 25 8
-21 26 10
-21 -26 10
-21 29 2
-21 -36 3
-21 37 7
-21 -37 9
-21 38 8
-21 -40 3
-21 41 5
-21 -42 8
-21 44 2
-21 46 10
-21 -46 9
-21 -47 2
22 -23 3
22 -24 1
22 -25 4
22 28 10
22 30 1
22 -30 2
22 31 6
22 33 1
22 -33 9
22 35 5
22 -36 3
22 38 6
22 39 1
22 -43 8
22 44 6
22 45 10
22 46 4
22 48 8
22 -48 5
22 50 9
-22 23 3
-22 -23 2
-22 -24 10
-22 25 6
-22 -25 7
-22 26 9
-22 -26 5
-22 31 3
-22 -31 2
-22 -32 8
-22 -34 1
-22 -35 2
-22 37 5
-22 41 7
-22 42 1
-22 43 7
-22 44 2
-22 45 5
-22 -45 5
-22 -49 8
-22 -50 3
23 -24 3
23 -26 9
23 27 4
23 -27 7
23 -30 8
23 31 3
23 -32 3
23 -33 3
23 34 9
23 35 1
23 37 8
23 -37 9
23 -38 2
23 -39 8
23 -40 2
23 -41 10
23 42 10
23 -42 1
23 44 9
23 -45 3
23 46 8
23 -46 1
23 47 10
23 -49 5
-23 25 2
-23 -26 5
-23 28 5
-23 -28 10
-23 30 4
-23 -30 10
-23 31 7
-23 33 8
-23 34 9
-23 -35 3
-23 38 7
-23 39 4
-23 -39 9
-23 40 5
-23 -40 6
-23 -42 8
-23 -44 7
-23 -45 10
-23 49 8
-23 50 2
-23 -50 9
24 25 9
24 27 1
24 29 6
24 -29 5
24 -30 1
24 32 5
24 -33 3
24 34 2
24 -35 3
24 37 8
24 -37 6
24 38 7
24 -39 2
24 -40 8
24 43 2
24 -43 4
24 45 4
24 -47 3
24 49 8
24 -50 8
-24 26 1
-24 -27 5
-24 28 7
-24 31 8
-24 -31 4
-24 32 9
-24 35 3
-24 38 6
-24 -38 8
-24 39 2
-24 41 7
-24 -41 7
-24 -42 3
-24 43 3
-24 45 5
-24 -45 9
-24 47 2
-24 -47 6
-24 49 9
-24 -50 7
25 -27 10
25 -28 7
25 29 9
25 31 6
25 32 5
25 -32 6
25 33 1
25 -34 9
25 -35 10
25 36 3
25 -37 8
25 -38 10
25 40 9
25 -40 9
25 -41 1
25 43 5
25 -45 8
25 48 10
25 -48 2
25 -50 10
-25 27 7
-25 -27 10
-25 -29 6
-25 30 5
-25 31 2
-25 32 2
-25 35 4
-25 38 6
-25 -38 1
-25 40 10
-25 41 5
-25 -41 3
-25 -44 2
-25 -45 2
-25 49 10
-25 -49 10
-25 50 9
26 29 6
26 30 8
26 31 4
26 -31 3
26 -33 6
26 35 8
26 -35 3
26 37 9
26 -38 10
26 39 5
26 -41 10
26 42 9
26 -43 5
26 44 10
26 45 5
26 -45 2
26 46 10
26 -46 8
26 -47 9
26 -48 7
26 -50 3
-26 27 4
-26 -27 7
-26 -28 1
-26 32 8
-26 -33 2
-26 34 4
-26 37 9
-26 -38 7
-26 -40 7
-26 -41 8
-26 42 10
-26 43 2
-26 -43 6
-26 44 7
-26 47 10
-26 -50 5
27 28 2
27 -28 4
27 29 3
27 -29 3
27 37 1
27 -37 7
27 38 7
27 -38 5
27 -41 8
27 -42 2
27 43 3
27 -43 6
27 45 4
27 -46 5
27 47 9
27 -50 6
-27 28 7
-27 -28 7
-27 -30 4
-27 -31 3
-27 -32 6
-27 -35 9
-27 38 10
-27 -39 6
-27 42 6
-27 43 5
-27 -44 9
-27 45 4
-27 -46 2
-27 48 4
-27 -48 8
-27 -50 6
28 30 10
28 31 1
28 34 10
28 -35 8
28 36 5
28 -36 8
28 37 8
28 38 10
28 40 8
28 41 5
28 43 3
28 47 10
-28 -29 5
-28 30 5
-28 -30 2
-28 -32 9
-28 35 6
-28 -35 9
-28 -39 4
-28 -40 6
-28 41 10
-28 -43 8
-28 -46 6
-28 -47 1
-28 48 3
-28 -49 2
-28 -50 8
29 -30 4
29 -31 6
29 34 9
29 -34 7
29 -35 1
29 38 5
29 39 5
29 -39 1
29 43 2
29 44 8
29 45 8
29 -45 5
29 50 4
-29 33 4
-29 40 3
-29 -41 7
-29 -43 4
-29 -44 6
-29 48 3
30 33 2
30 36 1
30 -37 8
30 39 6
30 -40 9
30 -42 1
30 43 3
30 -44 10
30 45 9
30 46 6
30 -46 10
30 47 4
30 -47 5
30 48 7
30 49 7
30 -49 6
-30 33 10
-30 34 1
-30 -37 1
-30 -38 4
-30 39 6
-30 42 10
-30 45 4
-30 -45 9
-30 46 10
-30 -46 8
-30 -47 7
-30 50 1
31 32 7
31 33 2
31 34 6
31 37 2
31 -39 2
31 40 2
31 41 1
31 -41 2
31 -43 4
31 44 7
31 -44 6
31 -45 1
31 -46 3
31 50 8
-31 -32 7
-31 -34 7
-31 36 7
-31 38 6
-31 39 3
-31 40 2
-31 -41 8
-31 42 8
-31 43 3
-31 -47 8
-31 48 1
-31 -50 6
32 33 2
32 -35 7
32 -37 1
32 -38 10
32 40 4
32 -43 4
32 44 5
32 -44 3
32 45 6
32 -48 8
32 49 7
32 -49 8
-32 35 3
-32 36 2
-32 -36 10
-32 -38 7
-32 39 2
-32 -41 9
-32 -43 9
-32 44 1
-32 45 9
-32 -47 4
-32 -50 9
33 34 8
33 41 7
33 -41 3
33 -42 8
33 -43 3
33 -44 3
33 45 7
33 48 2
33 49 1
33 -49 4
33 -50 8
-33 34 7
-33 -34 10
-33 35 3
-33 -35 7
-33 -36 6
-33 39 7
-33 40 1
-33 41 1
-33 42 3
-33 44 8
-33 -44 2
-33 -45 6
-33 46 4
-33 -48 5
-33 50 8
34 35 2
34 38 5
34 -38 3
34 -40 9
34 -41 2
34 -42 10
34 43 7
34 45 1
34 -45 5
34 46 8
34 -46 8
-34 35 9
-34 -36 2
-34 -37 5
-34 38 6
-34 -38 1
-34 -39 4
-34 40 8
-34 -40 10
-34 -41 8
-34 42 8
-34 -43 5
-34 46 10
-34 -46 8
-34 -49 9
-34 50 8
-34 -50 2
35 36 6
35 -36 8
35 37 8
35 -37 2
35 -38 3
35 39 1
35 -39 3
35 -41 5
35 42 7
35 -42 6
35 45 6
35 -45 4
35 46 2
35 47 8
-35 -36 2
-35 41 7
-35 42 4
-35 -44 1
-35 45 6
-35 -46 9
-35 -48 1
-35 50 2
-35 -50 10
36 -37 5
36 -38 9
36 -39 4
36 40 2
36 -41 7
36 42 4
36 47 10
36 -48 2
36 49 4
36 -49 7
36 -50 8
-36 37 4
-36 -38 7
-36 42 1
-36 44 10
-36 45 8
-36 48 9
-36 49 10
-36 50 3
-36 -50 9
37 -38 2
37 39 9
37 42 5
37 43 6
37 44 6
37 -44 8
37 -45 7
37 -46 4
37 -47 9
-37 -41 9
-37 43 8
-37 -45 9
-37 46 2
-37 -46 1
-37 48 7
-37 50 2
38 39 3
38 -39 4
38 40 9
38 -42 10
38 -43 5
38 44 3
38 -47 2
38 -49 4
-38 -39 8
-38 40 4
-38 -40 10
-38 41 9
-38 43 9
-38 -43 5
-38 -44 7
-38 46 10
-38 -46 1
-38 47 7
-38 -47 2
-38 48 2
-38 49 9
39 40 4
39 -40 1
39 41 4
39 -42 3
39 -43 4
39 -46 2
39 48 3
39 50 7
-39 -40 8
-39 -42 5
-39 44 9
-39 45 5
-39 -45 7
-39 49 10
-39 -50 9
40 41 3
40 43 9
40 44 5
40 -44 6
40 -45 10
40 46 5
40 -47 9
40 -49 8
40 50 2
40 -50 10
-40 42 5
-40 -43 4
-40 45 8
-40 -46 4
-40 47 4
-40 -47 9
-40 -48 3
-40 -49 8
41 -42 6
41 43 8
41 45 7
41 47 7
41 -48 4
41 49 6
41 -50 2
-41 42 7
-41 -42 10
-41 -43 10
-41 45 5
-41 -45 8
-41 50 9
42 -44 9
42 -45 10
42 46 8
42 -47 7
42 48 4
42 50 8
-42 44 6
-42 47 7
-42 48 9
43 44 4
43 46 6
43 -46 8
43 48 3
43 -48 8
43 -49 10
-43 47 2
-43 48 3
-43 -49 9
-43 -50 6
44 46 10
44 -46 2
44 47 6
44 -48 9
-44 46 10
-44 -46 3
-44 49 5
-44 -49 4
-44 50 4
45 -48 10
45 49 6
45 -49 7
45 50 10
-45 46 8
-45 -46 2
-45 -49 4
46 49 1
-46 47 9
-46 -47 10
-46 48 3
-46 -48 3
-46 50 8
-46 -50 1
47 48 7
47 -48 7
47 49 2
47 -49 1
47 -50 4
-47 49 9
-48 49 1
-48 -49 5
-48 -50 4
-49 50 8