36
1 -4 10
1 -7 7
1 -14 3
1 -15 10
1 -19 10
1 24 4
1 -29 1
1 36 9
-1 -4 6
-1 5 8
-1 6 4
-1 -7 10
-1 10 10
-1 -11 9
-1 13 5
-1 36 2
-1 -36 7
2 -5 7
2 14 7
2 19 4
2 -21 3
2 22 2
2 24 3
2 28 4
2 36 9
-2 6 3
-2 -11 3
-2 16 7
-2 26 7
-2 27 5
-2 30 10
-2 -35 2
-2 -36 6
3 7 10
3 9 10
3 10 9
3 -11 6
3 -18 10
3 -20 10
3 -25 5
3 -27 7
-3 -5 4
-3 -14 4
-3 -15 9
-3 18 6
-3 -22 5
-3 25 4
-3 -26 3
-3 -27 4
-3 31 5
-3 -31 7
-3 -32 2
-3 -36 5
4 6 9
4 -7 10
4 15 9
4 -19 2
4 -20 2
4 -26 1
4 -27 6
4 31 6
4 -31 3
4 -34 5
-4 -7 9
-4 -9 9
-4 -14 1
-4 -19 1
-4 22 1
-4 25 2
-4 -27 5
-4 32 9
5 9 4
5 17 4
5 18 5
5 -24 8
5 -32 2
5 33 10
5 36 4
-5 12 5
-5 -14 5
-5 15 4
-5 16 10
-5 -17 1
-5 -18 2
-5 26 7
-5 -28 9
-5 -29 5
-5 33 4
-5 34 2
6 11 5
6 18 1
6 21 10
6 22 10
6 25 9
6 -26 4
6 -29 3
6 -31 3
6 -33 4
6 -34 10
-6 -8 1
-6 13 8
-6 15 9
-6 -16 6
-6 17 10
-6 19 4
-6 21 4
-6 24 7
-6 -30 5
-6 -35 2
7 9 6
7 20 7
7 22 4
7 -27 6
7 30 2
7 34 2
-7 8 9
-7 11 3
-7 -11 6
-7 20 9
-7 -21 5
-7 -24 7
-7 29 4
-7 30 3
-7 31 10
-7 32 3
-7 34 8
8 11 3
8 21 9
8 -26 7
8 -28 10
8 32 7
-8 17 1
-8 -23 7
-8 25 5
-8 -26 6
-8 -27 9
-8 28 2
-8 -31 3
9 -25 6
9 27 5
9 31 6
-9 14 4
-9 22 7
-9 -22 5
-9 23 3
-9 24 8
-9 -26 5
-9 34 4
10 -15 3
10 17 5
10 19 2
10 -20 6
10 23 6
10 27 3
10 -34 4
10 36 9
-10 13 5
-10 -17 6
-10 -20 10
-10 -25 9
-10 26 9
-10 -30 6
-10 33 1
-10 -33 2
11 -14 2
11 20 5
11 23 9
11 -24 5
11 26 1
11 -26 6
11 -29 4
11 -30 2
11 -31 7
11 32 4
11 -33 8
-11 -14 10
-11 -15 4
-11 -16 5
-11 21 3
-11 -21 4
-11 -23 9
-11 24 1
-11 28 8
-11 -28 9
-11 32 8
-11 -33 7
12 13 1
12 16 8
12 20 9
12 24 1
12 -24 10
12 26 8
12 -30 6
12 34 10
12 35 2
12 -36 4
-12 14 4
-12 -15 3
-12 -21 1
-12 26 6
-12 29 5
-12 30 9
-12 -36 6
13 14 5
13 24 5
13 -29 1
13 -32 9
13 33 2
13 34 3
-13 14 2
-13 15 6
-13 -17 8
-13 19 9
-13 24 4
-13 25 5
-13 -26 10
-13 32 3
-13 34 3
-13 35 1
14 18 7
14 22 7
14 -26 10
14 -28 5
-14 18 4
-14 -19 7
-14 24 10
-14 -28 2
-14 34 3
-14 35 4
15 -16 4
15 17 10
15 -17 4
15 -18 5
15 22 6
15 -23 8
15 30 5
-15 -18 9
-15 20 1
-15 22 5
-15 25 5
-15 -25 5
-15 -33 9
16 21 9
16 -27 6
16 28 6
16 29 8
16 32 1
-16 20 5
-16 29 4
-16 -31 4
-16 32 3
17 -20 6
17 21 10
17 22 4
17 -30 7
17 33 5
-17 -21 2
-17 -25 5
-17 29 10
-17 -36 6
18 -19 10
18 21 10
18 -22 10
18 23 10
18 -26 8
18 27 3
18 28 8
18 32 5
-18 -21 8
-18 -24 2
-18 -29 1
-18 34 1
19 20 9
19 -23 10
19 26 1
19 27 1
19 29 4
19 31 3
-19 23 3
-19 -23 2
-19 36 7
20 -21 8
20 23 5
20 -26 10
20 27 9
20 -27 9
20 33 5
20 35 2
-20 22 2
-20 23 2
-20 -25 7
-20 28 3
-20 33 9
21 -25 2
21 26 6
21 27 9
21 30 7
21 -32 9
21 33 1
21 -34 6
21 36 2
-21 32 6
-21 35 10
-22 23 9
-22 -24 7
-22 -28 4
-22 35 10
23 24 5
-23 26 7
-23 27 10
-23 -29 7
-23 31 1
-23 33 4
-24 26 3
-24 -27 1
-24 -30 10
-24 -31 1
-24 33 9
25 -33 1
-25 -29 5
-25 30 2
26 32 1
26 36 6
-26 -27 6
-26 35 7
27 34 8
27 -35 7
-27 31 3
-27 32 5
-27 -34 9
-27 36 8
28 -33 5
-28 33 1
-28 -35 7
29 33 4
-29 -30 7
30 34 6
-30 -33 6
-30 34 5
-31 35 5
-31 36 9
32 34 1
-32 36 3