50
1 2 8
1 -2 6
1 4 8
1 5 7
1 6 9
1 7 1
1 -7 6
1 9 8
1 10 4
1 11 7
1 13 10
1 -14 7
1 -15 3
1 18 7
1 -18 7
1 19 6
1 -19 1
1 20 3
1 -20 8
1 21 2
1 22 8
1 23 8
1 24 7
1 -24 5
1 25 10
1 -26 1
1 27 2
1 -27 7
1 28 5
1 29 3
1 -30 7
1 32 8
1 33 3
1 34 9
1 -34 3
1 37 7
1 -37 1
1 -38 8
1 39 7
1 40 6
1 -41 3
1 42 3
1 44 1
1 -44 5
1 -46 4
1 47 2
1 -47 7
1 48 3
1 -48 7
1 49 1
1 -50 1
-1 -2 8
-1 3 6
-1 4 3
-1 6 9
-1 -6 4
-1 -7 1
-1 -8 8
-1 10 8
-1 -11 2
-1 12 5
-1 -12 2
-1 -15 3
-1 16 5
-1 -16 8
-1 17 1
-1 -17 1
-1 19 2
-1 22 6
-1 -22 5
-1 23 4
-1 24 2
-1 -24 2
-1 -26 10
-1 27 10
-1 29 3
-1 30 5
-1 -30 9
-1 31 6
-1 -31 10
-1 -32 10
-1 36 5
-1 -36 3
-1 -37 4
-1 38 6
-1 -38 4
-1 -39 7
-1 40 1
-1 -40 8
-1 -41 7
-1 42 6
-1 -42 9
-1 -44 7
-1 45 3
-1 47 5
-1 -48 9
-1 -50 3
2 4 1
2 -4 6
2 -5 10
2 -6 4
2 7 2
2 -9 6
2 10 6
2 -10 7
2 -11 2
2 13 8
2 14 3
2 15 9
2 16 7
2 -16 3
2 17 5
2 18 9
2 19 1
2 21 10
2 22 8
2 23 4
2 24 5
2 -24 3
2 -25 3
2 -26 6
2 27 4
2 -28 2
2 29 3
2 30 2
2 31 9
2 -32 7
2 33 3
2 -33 3
2 36 10
2 37 2
2 38 1
2 -38 4
2 40 6
2 -40 4
2 41 1
2 42 6
2 43 6
2 -43 9
2 -44 7
2 -46 7
2 48 1
2 -48 1
2 -49 7
2 -50 10
-2 4 1
-2 -4 9
-2 5 4
-2 -5 2
-2 8 4
-2 9 4
-2 -9 4
-2 10 10
-2 12 6
-2 13 2
-2 -13 9
-2 16 7
-2 18 10
-2 21 10
-2 23 4
-2 24 8
-2 -25 6
-2 26 4
-2 -26 3
-2 27 1
-2 -27 10
-2 28 8
-2 -28 4
-2 32 5
-2 -32 8
-2 -33 7
-2 34 4
-2 35 10
-2 -35 5
-2 36 8
-2 37 2
-2 -37 6
-2 38 10
-2 -39 4
-2 41 2
-2 -42 4
-2 -43 1
-2 44 4
-2 45 9
-2 -46 1
-2 47 2
-2 -47 1
-2 -48 1
-2 49 10
-2 -50 1
3 4 3
3 -4 9
3 5 2
3 -5 7
3 6 4
3 7 6
3 -8 8
3 -9 6
3 11 7
3 12 3
3 -12 8
3 13 8
3 14 9
3 -14 5
3 17 3
3 -17 6
3 18 8
3 -18 5
3 19 4
3 -20 9
3 21 3
3 -21 6
3 22 1
3 24 4
3 -24 6
3 26 10
3 -26 7
3 27 3
3 -27 9
3 28 4
3 29 4
3 30 2
3 -30 8
3 31 2
3 -31 8
3 -32 7
3 33 10
3 34 2
3 35 10
3 37 8
3 -37 6
3 38 2
3 39 6
3 -39 1
3 40 9
3 -40 8
3 41 7
3 -42 7
3 -44 10
3 45 2
3 -45 2
3 46 1
3 48 1
3 -48 2
3 50 1
3 -50 6
-3 -4 10
-3 5 10
-3 -5 9
-3 7 6
-3 8 10
-3 -9 3
-3 -10 2
-3 11 2
-3 -11 6
-3 13 3
-3 15 8
-3 -16 3
-3 17 7
-3 18 7
-3 19 1
-3 -19 6
-3 -21 3
-3 22 2
-3 -23 7
-3 -24 6
-3 25 8
-3 -25 4
-3 26 3
-3 -27 2
-3 -28 4
-3 -31 4
-3 34 5
-3 -38 3
-3 -39 2
-3 -40 8
-3 41 4
-3 42 1
-3 -43 2
-3 -44 3
-3 45 3
-3 -45 10
-3 46 1
-3 -46 4
-3 47 3
-3 48 7
-3 -49 3
-3 50 7
-3 -50 1
4 -5 10
4 -8 9
4 9 7
4 -9 2
4 10 8
4 -12 9
4 15 4
4 -16 5
4 18 1
4 21 6
4 -21 1
4 22 7
4 -22 10
4 23 2
4 -23 10
4 24 2
4 -24 4
4 25 4
4 -26 2
4 28 6
4 -31 6
4 32 6
4 33 8
4 -33 3
4 34 7
4 -34 2
4 -35 4
4 36 2
4 -36 10
4 37 8
4 -37 6
4 40 10
4 41 2
4 -41 2
4 42 9
4 -42 3
4 -44 2
4 45 5
4 -45 3
4 46 4
4 47 10
4 -47 9
4 48 2
-4 -6 4
-4 7 7
-4 8 4
-4 10 7
-4 -11 9
-4 13 2
-4 -15 3
-4 -17 3
-4 -18 2
-4 19 4
-4 -19 7
-4 20 6
-4 -21 3
-4 23 8
-4 24 3
-4 -24 7
-4 -26 7
-4 28 4
-4 30 10
-4 31 2
-4 32 7
-4 -32 1
-4 33 10
-4 -33 4
-4 -34 6
-4 35 1
-4 -35 9
-4 36 5
-4 -36 8
-4 37 3
-4 -37 9
-4 38 3
-4 -38 9
-4 -39 5
-4 40 10
-4 -40 10
-4 41 6
-4 43 6
-4 -43 5
-4 45 3
-4 -47 8
-4 49 7
-4 50 8
-4 -50 2
5 -8 10
5 9 5
5 -9 8
5 10 7
5 11 7
5 -12 9
5 13 10
5 14 8
5 -14 2
5 15 8
5 -15 10
5 16 6
5 19 9
5 20 9
5 -20 4
5 -21 1
5 -22 4
5 23 5
5 -23 6
5 26 1
5 27 7
5 -27 8
5 28 2
5 29 2
5 -30 6
5 32 8
5 33 7
5 34 7
5 -34 9
5 -35 10
5 36 3
5 39 3
5 40 10
5 42 4
5 -42 4
5 43 9
5 -44 7
5 45 8
5 47 7
5 -49 8
5 50 4
5 -50 5
-5 -7 3
-5 -8 2
-5 9 2
-5 -9 1
-5 -10 5
-5 -12 9
-5 -13 4
-5 15 9
-5 16 1
-5 -17 10
-5 -18 3
-5 20 4
-5 -20 8
-5 21 2
-5 -21 10
-5 22 8
-5 -22 8
-5 23 7
-5 24 2
-5 25 10
-5 -26 7
-5 28 10
-5 29 5
-5 30 5
-5 -30 5
-5 31 5
-5 -31 6
-5 -32 7
-5 34 9
-5 -35 1
-5 36 5
-5 -37 10
-5 38 6
-5 -38 6
-5 40 8
-5 41 8
-5 -41 6
-5 -42 2
-5 -45 2
-5 -46 1
-5 47 6
-5 49 10
-5 -49 5
-5 -50 7
6 7 8
6 -10 7
6 -12 8
6 -13 7
6 -14 9
6 17 2
6 -17 4
6 -18 5
6 -19 7
6 20 8
6 -22 9
6 -23 9
6 24 9
6 -24 8
6 26 9
6 -26 4
6 -27 9
6 31 6
6 35 5
6 -37 6
6 -38 3
6 -39 10
6 43 5
6 -44 10
6 45 10
6 46 10
6 47 2
6 -47 7
6 49 2
6 -50 9
-6 7 10
-6 -7 4
-6 8 5
-6 -9 6
-6 -10 9
-6 -11 9
-6 12 8
-6 -12 6
-6 13 3
-6 14 3
-6 -14 7
-6 -15 1
-6 16 2
-6 17 1
-6 -18 7
-6 20 6
-6 -20 3
-6 21 4
-6 -22 5
-6 -23 10
-6 24 10
-6 -24 4
-6 25 9
-6 -27 5
-6 28 6
-6 -29 8
-6 31 10
-6 32 10
-6 -32 8
-6 -34 6
-6 -35 9
-6 36 3
-6 -37 9
-6 -38 8
-6 41 1
-6 -41 7
-6 42 5
-6 43 1
-6 -43 9
-6 44 10
-6 -44 4
-6 45 3
-6 46 8
-6 -46 3
-6 48 8
-6 -48 7
-6 -49 5
-6 50 7
-6 -50 9
7 8 8
7 -8 6
7 10 1
7 -10 6
7 11 6
7 -11 9
7 12 7
7 13 2
7 -13 5
7 -17 5
7 18 9
7 19 6
7 -19 5
7 20 1
7 21 6
7 22 6
7 24 4
7 26 10
7 -26 5
7 27 7
7 28 6
7 29 8
7 -30 9
7 31 1
7 -31 4
7 32 1
7 -32 1
7 -33 7
7 -35 8
7 36 7
7 -36 5
7 37 7
7 38 3
7 -38 9
7 39 5
7 -39 3
7 -40 2
7 41 7
7 43 1
7 44 3
7 -46 1
7 -47 3
7 48 2
7 -48 3
7 49 6
7 -49 7
7 50 8
7 -50 10
-7 9 6
-7 -11 9
-7 12 10
-7 13 1
-7 -14 9
-7 -15 10
-7 17 1
-7 18 6
-7 -19 10
-7 20 5
-7 -20 3
-7 -22 4
-7 25 6
-7 26 6
-7 27 6
-7 -27 6
-7 -29 1
-7 30 2
-7 -30 9
-7 31 2
-7 32 1
-7 33 1
-7 34 9
-7 -34 4
-7 35 2
-7 -35 10
-7 36 2
-7 37 9
-7 -37 1
-7 39 9
-7 41 3
-7 -41 9
-7 42 4
-7 -43 1
-7 -45 9
-7 -46 2
-7 47 1
-7 -47 10
-7 -48 4
8 -9 10
8 11 1
8 12 10
8 -12 3
8 13 3
8 14 7
8 -14 2
8 15 9
8 17 3
8 -18 2
8 -19 10
8 -21 2
8 -22 1
8 -24 3
8 -25 7
8 26 9
8 -26 1
8 27 5
8 -27 4
8 -28 6
8 29 6
8 -29 2
8 -30 9
8 31 3
8 -32 4
8 33 6
8 -36 2
8 -38 6
8 -40 5
8 41 9
8 -43 1
8 44 8
8 46 10
8 -46 2
8 50 5
8 -50 4
-8 11 2
-8 -12 8
-8 13 1
-8 -13 4
-8 -14 6
-8 -16 9
-8 -17 10
-8 18 3
-8 19 5
-8 -20 7
-8 22 5
-8 23 1
-8 24 10
-8 25 8
-8 -25 2
-8 -26 5
-8 27 5
-8 -27 10
-8 -28 5
-8 -29 4
-8 30 7
-8 31 7
-8 32 7
-8 34 10
-8 35 4
-8 -35 5
-8 -36 1
-8 37 1
-8 38 6
-8 -39 8
-8 40 9
-8 -40 2
-8 41 6
-8 -43 9
-8 44 2
-8 -45 8
-8 -46 8
-8 47 5
-8 -47 5
-8 48 9
-8 -48 5
-8 49 6
9 10 6
9 -10 5
9 -11 10
9 -12 6
9 -15 8
9 16 2
9 19 3
9 -21 8
9 -23 4
9 24 9
9 -24 3
9 25 8
9 -26 9
9 -27 3
9 29 7
9 -30 5
9 31 8
9 -32 5
9 34 3
9 -34 9
9 35 6
9 36 4
9 -36 7
9 37 9
9 -37 5
9 38 5
9 39 8
9 -41 9
9 43 5
9 -44 6
9 -45 6
9 -46 3
-9 -11 2
-9 12 7
-9 13 2
-9 -13 6
-9 14 8
-9 16 8
-9 -16 4
-9 -17 10
-9 -19 2
-9 -20 4
-9 21 9
-9 -21 6
-9 22 5
-9 -23 8
-9 24 5
-9 -24 7
-9 -25 10
-9 26 8
-9 -26 10
-9 27 8
-9 -28 7
-9 29 5
-9 -29 6
-9 -30 3
-9 31 2
-9 33 3
-9 -35 1
-9 36 1
-9 37 1
-9 38 4
-9 -38 2
-9 -39 1
-9 -40 10
-9 41 7
-9 -41 8
-9 42 6
-9 44 9
-9 -44 9
-9 45 9
-9 -45 2
-9 -47 9
-9 48 2
-9 -48 1
-9 49 10
-9 -49 9
10 11 1
10 -12 6
10 -13 5
10 14 2
10 -14 3
10 16 4
10 -16 4
10 -17 1
10 -18 8
10 19 4
10 -19 3
10 21 3
10 24 1
10 -24 8
10 25 3
10 -25 4
10 26 10
10 27 3
10 -29 5
10 32 6
10 -32 4
10 -36 5
10 37 3
10 38 8
10 -38 3
10 -39 6
10 40 1
10 -40 8
10 42 7
10 -42 6
10 43 2
10 -43 8
10 44 5
10 -45 10
10 -48 5
10 -50 6
-10 -11 5
-10 12 8
-10 -12 1
-10 -13 4
-10 -16 4
-10 17 5
-10 -17 1
-10 18 3
-10 -18 1
-10 19 8
-10 -20 8
-10 22 2
-10 23 9
-10 24 4
-10 -24 3
-10 -25 8
-10 -27 8
-10 30 2
-10 31 1
-10 33 8
-10 -33 1
-10 -34 5
-10 37 10
-10 -37 5
-10 -38 8
-10 39 9
-10 -39 4
-10 -41 5
-10 -42 7
-10 -44 9
-10 -45 3
-10 -46 8
-10 47 6
-10 -47 3
-10 48 4
-10 -48 3
-10 49 10
-10 50 1
11 12 7
11 -12 1
11 -13 8
11 14 8
11 -15 5
11 16 8
11 -17 2
11 19 6
11 -20 7
11 22 9
11 -22 2
11 24 8
11 -25 5
11 -26 2
11 28 7
11 29 7
11 -29 9
11 -30 4
11 33 9
11 -33 7
11 34 2
11 35 8
11 -35 6
11 36 3
11 37 2
11 -38 5
11 42 1
11 -42 9
11 43 9
11 47 3
11 -48 5
11 -49 3
11 -50 4
-11 12 10
-11 -13 7
-11 15 2
-11 -15 2
-11 -16 5
-11 -17 1
-11 18 8
-11 -18 5
-11 19 1
-11 -20 6
-11 21 2
-11 -21 6
-11 24 6
-11 26 9
-11 -26 2
-11 27 2
-11 28 6
-11 -28 7
-11 29 3
-11 -29 1
-11 -31 4
-11 32 7
-11 33 4
-11 -35 6
-11 37 3
-11 38 7
-11 39 1
-11 42 4
-11 -42 4
-11 -43 4
-11 44 7
-11 46 2
-11 -46 4
-11 47 4
-11 50 7
-11 -50 7
12 -13 5
12 -14 9
12 18 9
12 -18 3
12 -19 4
12 -20 9
12 22 1
12 -22 8
12 23 3
12 24 6
12 -24 7
12 -25 5
12 -26 5
12 27 5
12 28 3
12 -28 10
12 29 6
12 -29 9
12 31 6
12 -31 7
12 -33 6
12 -34 2
12 36 2
12 37 1
12 -37 3
12 39 10
12 -39 1
12 41 3
12 42 5
12 43 6
12 -43 4
12 -44 7
12 46 9
12 -47 2
12 -48 9
12 -49 7
12 50 8
12 -50 3
-12 13 1
-12 -13 5
-12 14 8
-12 -14 10
-12 15 9
-12 -15 1
-12 16 1
-12 -16 1
-12 17 6
-12 19 4
-12 -19 5
-12 20 3
-12 -20 8
-12 21 10
-12 -23 3
-12 -24 7
-12 -26 1
-12 -27 8
-12 29 5
-12 30 4
-12 31 5
-12 32 7
-12 -32 5
-12 -33 6
-12 34 10
-12 -34 1
-12 35 2
-12 -36 10
-12 37 5
-12 38 9
-12 -41 8
-12 42 9
-12 43 7
-12 -44 8
-12 45 3
-12 -45 6
-12 -46 4
-12 -49 3
-12 50 3
13 14 1
13 -16 5
13 17 3
13 -18 1
13 -19 8
13 21 6
13 24 5
13 25 6
13 -25 2
13 -27 7
13 30 1
13 31 7
13 -33 5
13 -34 9
13 35 10
13 -35 9
13 36 2
13 38 8
13 -40 9
13 -42 10
13 43 10
13 -43 5
13 45 4
13 47 10
13 -47 8
13 48 4
13 -48 10
13 49 10
13 -49 7
-13 14 8
-13 -14 3
-13 15 5
-13 18 1
-13 22 9
-13 -23 7
-13 24 2
-13 -24 9
-13 -25 6
-13 -26 2
-13 -27 9
-13 28 9
-13 -28 10
-13 29 1
-13 32 1
-13 -32 10
-13 33 7
-13 -34 6
-13 35 10
-13 -36 4
-13 37 10
-13 -37 2
-13 39 10
-13 40 10
-13 -40 9
-13 41 8
-13 43 4
-13 44 6
-13 -44 9
-13 45 9
-13 -45 8
-13 46 8
-13 47 6
-13 -48 7
-13 49 5
-13 -49 9
-13 -50 1
14 15 3
14 16 9
14 -16 6
14 -17 1
14 -18 5
14 -19 5
14 -23 8
14 24 5
14 -24 9
14 25 10
14 -25 2
14 -26 8
14 30 4
14 31 1
14 32 10
14 -32 3
14 -33 5
14 -34 7
14 35 10
14 36 2
14 -36 3
14 -37 1
14 38 10
14 41 1
14 -41 2
14 42 7
14 -42 2
14 -43 10
14 46 9
14 -46 9
14 47 7
14 48 8
-14 16 2
-14 -16 3
-14 -18 8
-14 19 4
-14 -19 2
-14 20 10
-14 21 5
-14 -21 5
-14 -23 7
-14 24 5
-14 -24 5
-14 25 2
-14 -25 10
-14 26 9
-14 -26 10
-14 -27 10
-14 29 2
-14 -29 2
-14 31 1
-14 -31 4
-14 -32 3
-14 34 5
-14 35 5
-14 -35 4
-14 36 10
-14 -40 7
-14 43 2
-14 -43 8
-14 44 6
-14 -45 2
-14 46 5
-14 -46 1
-14 47 5
-14 48 7
-14 -48 7
-14 50 9
-14 -50 7
15 -16 4
15 17 10
15 19 3
15 -19 9
15 20 4
15 -20 4
15 -21 3
15 22 6
15 23 9
15 -23 3
15 -24 10
15 25 1
15 26 3
15 -26 2
15 27 3
15 -28 5
15 30 8
15 -30 9
15 31 3
15 32 5
15 -33 6
15 -36 9
15 -37 2
15 38 3
15 -38 2
15 -39 5
15 -41 4
15 -42 4
15 43 8
15 -43 2
15 44 3
15 45 9
15 -45 5
15 47 5
15 -47 8
15 48 3
15 49 2
-15 -16 7
-15 17 3
-15 19 9
-15 -19 10
-15 -20 2
-15 -22 8
-15 -23 5
-15 -24 2
-15 25 8
-15 -25 3
-15 26 4
-15 -26 5
-15 27 10
-15 -27 6
-15 30 1
-15 -30 8
-15 -31 8
-15 32 6
-15 -32 2
-15 34 7
-15 35 5
-15 -36 6
-15 37 5
-15 -37 4
-15 38 5
-15 39 2
-15 -39 6
-15 41 1
-15 -42 2
-15 43 2
-15 44 3
-15 45 10
-15 -46 3
-15 50 2
16 17 9
16 -17 7
16 -19 9
16 20 8
16 -20 3
16 -21 3
16 22 2
16 -22 4
16 23 2
16 24 6
16 -26 10
16 -27 1
16 29 3
16 30 9
16 31 8
16 -32 4
16 34 10
16 -34 2
16 -35 10
16 -36 10
16 -37 9
16 38 10
16 40 1
16 -40 4
16 42 6
16 -43 7
16 44 5
16 45 8
16 -45 5
16 46 10
16 -46 8
16 -48 7
16 49 10
16 -49 7
-16 -17 7
-16 18 1
-16 -18 5
-16 20 1
-16 -22 2
-16 24 8
-16 -24 6
-16 26 3
-16 -26 3
-16 27 4
-16 29 2
-16 30 5
-16 -30 8
-16 31 9
-16 -33 9
-16 -34 7
-16 35 2
-16 -35 2
-16 36 3
-16 -36 1
-16 39 3
-16 40 10
-16 41 7
-16 42 4
-16 -42 6
-16 43 8
-16 44 4
-16 45 1
-16 -45 7
-16 46 10
-16 -46 4
-16 -47 6
-16 48 3
-16 -48 10
-16 49 4
-16 -50 2
17 19 5
17 20 7
17 -21 6
17 23 5
17 24 6
17 -24 9
17 25 10
17 -25 6
17 28 1
17 -28 3
17 29 9
17 -29 7
17 -30 4
17 31 9
17 32 1
17 -33 1
17 34 10
17 -34 8
17 -35 2
17 36 6
17 -36 7
17 38 4
17 -38 6
17 40 10
17 -40 9
17 42 3
17 43 1
17 44 8
17 -44 5
17 45 6
17 -45 9
17 46 10
17 -46 5
17 -47 8
17 48 4
17 -48 2
17 49 2
17 50 5
-17 -18 6
-17 19 4
-17 -19 7
-17 -20 10
-17 21 7
-17 -21 10
-17 -22 2
-17 23 5
-17 -24 5
-17 -25 3
-17 26 2
-17 27 4
-17 -29 10
-17 30 9
-17 -30 6
-17 31 8
-17 -31 4
-17 32 5
-17 -32 5
-17 -33 6
-17 36 1
-17 -38 8
-17 -41 10
-17 -42 8
-17 43 4
-17 -43 6
-17 44 5
-17 46 3
-17 -48 5
-17 50 4
-17 -50 1
18 20 8
18 -21 10
18 22 1
18 23 7
18 -23 2
18 25 5
18 26 2
18 -27 3
18 -28 2
18 -29 2
18 -30 6
18 31 5
18 32 10
18 -32 5
18 -33 7
18 35 5
18 36 6
18 38 5
18 -43 1
18 44 6
18 -44 5
18 45 6
18 -45 8
18 48 2
18 -48 10
18 50 7
-18 19 1
-18 21 8
-18 22 6
-18 -22 6
-18 -23 7
-18 25 4
-18 26 7
-18 -26 5
-18 27 1
-18 28 3
-18 -28 9
-18 -30 4
-18 -31 3
-18 -32 7
-18 36 1
-18 -36 7
-18 37 8
-18 -38 6
-18 39 6
-18 -39 10
-18 40 4
-18 -41 6
-18 42 7
-18 43 5
-18 44 5
-18 45 9
-18 46 4
-18 -46 5
-18 47 9
-18 -47 2
-18 48 5
-18 -50 5
19 21 6
19 -21 7
19 -22 7
19 24 1
19 -24 4
19 -25 6
19 27 9
19 -27 6
19 -29 4
19 31 2
19 -34 8
19 36 8
19 -37 9
19 40 4
19 41 1
19 42 9
19 44 8
19 -45 8
19 -47 2
19 50 1
19 -50 7
-19 -20 6
-19 21 7
-19 -21 5
-19 -23 5
-19 -24 3
-19 26 2
-19 27 1
-19 -29 3
-19 -30 2
-19 33 3
-19 34 3
-19 -34 2
-19 -35 2
-19 36 8
-19 -37 4
-19 38 5
-19 -38 7
-19 -39 8
-19 41 7
-19 -41 3
-19 43 6
-19 -43 3
-19 44 7
-19 -44 3
-19 47 7
-19 -48 10
-19 49 2
-19 -49 7
-19 50 5
20 21 6
20 22 2
20 26 3
20 -26 3
20 27 3
20 -27 8
20 28 8
20 -28 7
20 29 9
20 31 3
20 33 2
20 -34 5
20 37 2
20 -38 7
20 46 5
20 -46 6
20 47 2
20 -47 6
20 -48 10
20 -49 4
20 50 3
-20 22 7
-20 23 5
-20 24 2
-20 26 6
-20 28 8
-20 -32 9
-20 33 10
-20 -33 1
-20 34 2
-20 -35 3
-20 37 9
-20 40 1
-20 41 2
-20 -41 8
-20 42 2
-20 43 2
-20 -43 4
-20 -44 9
-20 -45 4
-20 -46 9
-20 47 2
-20 48 1
-20 -50 9
21 22 6
21 -23 4
21 -24 9
21 25 10
21 26 5
21 -26 1
21 27 4
21 28 7
21 -28 5
21 29 6
21 -29 4
21 31 4
21 -31 7
21 -32 6
21 36 10
21 -38 8
21 40 5
21 -40 4
21 41 9
21 43 7
21 -43 9
21 44 1
21 -48 2
21 -49 6
21 50 8
21 -50 5
-21 23 6
-21 -23 3
-21 -25 10
-21 27 3
-21 28 9
-21 30 6
-21 -30 7
-21 31 10
-21 32 9
-21 33 3
-21 -33 5
-21 34 3
-21 -34 3
-21 37 8
-21 -37 9
-21 -38 6
-21 39 7
-21 -39 8
-21 -40 6
-21 42 5
-21 43 6
-21 -43 9
-21 46 7
-21 -46 9
-21 -47 6
-21 -48 10
-21 -49 6
-21 50 2
22 24 7
22 -25 5
22 26 10
22 -26 4
22 -27 6
22 29 1
22 -29 6
22 30 10
22 -30 9
22 31 2
22 -33 6
22 35 5
22 36 1
22 37 5
22 -37 2
22 38 3
22 -38 5
22 39 3
22 -40 4
22 41 4
22 -42 10
22 43 7
22 -43 9
22 45 1
22 -45 7
22 46 1
22 47 4
22 48 1
22 -48 6
22 -49 9
22 -50 4
-22 -23 10
-22 24 5
-22 -24 6
-22 26 7
-22 27 4
-22 29 4
-22 32 2
-22 33 2
-22 34 8
-22 35 4
-22 36 9
-22 -37 5
-22 -40 1
-22 41 7
-22 -42 10
-22 -43 2
-22 44 6
-22 -44 7
-22 -45 7
-22 46 1
-22 -47 9
-22 -48 4
-22 49 3
-22 -49 9
23 -24 5
23 -27 2
23 28 2
23 29 3
23 30 8
23 31 2
23 34 2
23 -34 6
23 35 3
23 -35 9
23 36 10
23 -38 8
23 -40 5
23 -41 7
23 42 3
23 -43 6
23 45 3
23 -45 1
23 -46 7
23 47 5
23 48 2
23 -48 7
23 49 7
23 -49 2
23 -50 8
-23 -31 1
-23 32 8
-23 -33 9
-23 -34 1
-23 35 10
-23 -36 6
-23 -37 2
-23 39 9
-23 -39 5
-23 -40 1
-23 -41 8
-23 -42 4
-23 44 9
-23 46 10
-23 -46 4
-23 -47 3
-23 48 7
-23 -48 1
-23 50 10
-23 -50 3
24 -25 6
24 26 6
24 -26 4
24 27 3
24 -27 9
24 28 10
24 -30 1
24 31 6
24 -32 4
24 33 7
24 -34 10
24 35 1
24 -35 3
24 37 7
24 -38 6
24 39 3
24 -40 1
24 41 3
24 -41 10
24 42 6
24 -42 10
24 44 8
24 45 4
24 -45 3
24 46 6
24 -46 5
24 48 10
24 -49 8
24 -50 3
-24 28 1
-24 -29 10
-24 31 3
-24 -31 3
-24 34 10
-24 -34 2
-24 -35 5
-24 36 7
-24 -36 5
-24 37 3
-24 -37 3
-24 -42 7
-24 43 9
-24 -43 10
-24 -44 10
-24 46 4
-24 -46 10
-24 -47 3
-24 -48 6
-24 -49 9
-24 -50 1
25 -26 10
25 28 2
25 -28 1
25 31 8
25 -31 2
25 32 3
25 -32 7
25 33 8
25 -33 4
25 34 1
25 -34 10
25 35 8
25 37 9
25 38 8
25 -38 8
25 39 5
25 45 10
25 -45 9
25 -46 10
25 48 10
25 -49 10
25 50 1
-25 26 3
-25 -27 2
-25 30 4
-25 -30 7
-25 31 4
-25 33 1
-25 -34 7
-25 35 8
-25 -36 1
-25 37 8
-25 -38 3
-25 39 5
-25 41 3
-25 42 9
-25 44 9
-25 -44 9
-25 45 9
-25 46 7
-25 -46 2
-25 -50 9
26 27 4
26 -28 2
26 29 9
26 30 8
26 31 8
26 32 8
26 -32 5
26 -34 4
26 35 2
26 37 6
26 -37 4
26 38 6
26 -38 8
26 40 2
26 -40 10
26 -41 4
26 42 5
26 43 9
26 -43 8
26 45 8
26 46 10
26 -46 6
26 47 9
26 -47 2
26 50 10
26 -50 7
-26 27 4
-26 -27 4
-26 -28 1
-26 29 9
-26 -29 5
-26 30 2
-26 31 9
-26 -32 6
-26 -33 3
-26 34 10
-26 35 4
-26 -35 8
-26 -36 1
-26 37 4
-26 -37 5
-26 38 3
-26 -39 3
-26 40 7
-26 -40 9
-26 41 5
-26 42 9
-26 -44 8
-26 47 6
-26 -47 6
-26 49 5
-26 -49 8
-26 50 6
-26 -50 4
27 28 7
27 30 6
27 31 8
27 32 10
27 -34 6
27 35 6
27 -35 9
27 -37 3
27 38 9
27 40 6
27 42 8
27 -42 7
27 -43 10
27 45 1
27 -45 7
27 47 6
27 -48 3
-27 30 1
-27 -30 7
-27 32 3
-27 36 3
-27 37 10
-27 -37 3
-27 39 4
-27 40 7
-27 -40 10
-27 41 9
-27 -41 7
-27 42 10
-27 -42 4
-27 43 10
-27 -43 2
-27 44 3
-27 -44 3
-27 45 2
-27 -45 7
-27 -49 5
28 -29 7
28 30 8
28 32 10
28 -33 7
28 34 9
28 -34 3
28 35 9
28 -35 5
28 37 3
28 -39 6
28 -40 2
28 44 8
28 45 7
28 -48 3
28 -49 3
28 50 6
-28 29 8
-28 -29 10
-28 -30 10
-28 -31 4
-28 33 2
-28 36 8
-28 -37 2
-28 38 6
-28 -38 2
-28 -39 3
-28 40 4
-28 42 9
-28 -44 7
-28 45 2
-28 -46 10
-28 47 4
-28 -47 9
-28 49 7
-28 -49 6
-28 50 5
29 30 2
29 -30 2
29 -31 1
29 -32 1
29 33 9
29 34 7
29 -35 4
29 -36 1
29 37 4
29 38 4
29 39 1
29 -41 5
29 43 4
29 -43 9
29 44 4
29 45 6
29 -45 6
29 46 4
29 -47 5
29 48 5
29 -48 2
29 49 10
29 -49 7
-29 30 10
-29 -30 1
-29 32 8
-29 33 4
-29 -33 6
-29 34 4
-29 39 4
-29 -39 9
-29 40 5
-29 -41 6
-29 42 8
-29 -43 6
-29 -44 2
-29 -45 9
-29 47 2
-29 48 3
-29 49 10
-29 -49 9
30 31 1
30 -31 8
30 -32 4
30 34 6
30 -35 5
30 -36 6
30 37 1
30 38 5
30 39 10
30 -39 8
30 41 5
30 -41 2
30 -42 1
30 44 5
30 45 10
30 -48 1
30 -49 7
30 50 4
30 -50 3
-30 -32 2
-30 34 4
-30 -34 3
-30 -35 1
-30 36 9
-30 -36 5
-30 -37 2
-30 38 3
-30 -38 3
-30 -39 10
-30 -40 2
-30 -41 8
-30 42 9
-30 44 10
-30 -45 5
-30 -46 8
-30 47 2
-30 -47 10
-30 -48 7
-30 49 7
-30 -49 3
-30 -50 7
31 -33 6
31 35 5
31 -36 1
31 37 2
31 -39 7
31 40 10
31 -41 4
31 42 5
31 -42 4
31 46 7
31 -46 2
31 47 8
31 -47 6
31 48 6
31 50 9
-31 32 3
-31 -32 10
-31 -34 9
-31 35 9
-31 -35 3
-31 37 5
-31 -37 9
-31 38 3
-31 41 1
-31 42 6
-31 -42 8
-31 44 9
-31 -45 5
-31 46 2
-31 -46 7
-31 47 3
-31 -47 4
-31 50 1
-31 -50 9
32 33 4
32 35 2
32 -35 1
32 -37 9
32 38 10
32 45 2
32 -45 2
32 -47 7
32 48 4
32 -49 10
-32 -33 7
-32 -34 1
-32 36 9
-32 37 1
-32 38 10
-32 -38 7
-32 39 3
-32 41 5
-32 -42 4
-32 -43 2
-32 44 2
-32 45 2
-32 46 3
-32 47 5
-32 48 2
33 34 3
33 -34 6
33 -36 9
33 37 7
33 -37 6
33 38 4
33 39 9
33 -39 9
33 -42 1
33 43 9
33 -43 6
33 44 5
33 46 9
33 47 10
33 48 1
33 -48 5
33 49 7
33 -49 9
33 50 6
33 -50 8
-33 34 9
-33 -34 2
-33 -36 2
-33 37 9
-33 -38 2
-33 39 2
-33 -39 8
-33 41 4
-33 -41 6
-33 -42 4
-33 -43 2
-33 44 2
-33 -46 8
-33 47 1
-33 -47 9
-33 48 9
-33 -49 2
-33 -50 8
34 35 4
34 -35 8
34 36 1
34 -36 6
34 38 4
34 -38 8
34 -39 10
34 40 10
34 43 4
34 -45 10
34 47 4
34 -47 1
34 -48 3
34 49 4
34 -50 7
-34 36 5
-34 -39 8
-34 41 8
-34 -42 3
-34 43 2
-34 -43 5
-34 44 7
-34 45 7
-34 -47 1
-34 -48 5
-34 -49 7
-34 50 5
35 -37 10
35 38 1
35 -38 6
35 -40 5
35 41 3
35 42 7
35 -43 5
35 45 6
35 -45 2
35 46 5
35 47 1
35 -48 3
35 49 6
35 -49 9
-35 36 1
-35 -36 4
-35 37 4
-35 -38 10
-35 39 3
-35 -39 10
-35 40 1
-35 -40 10
-35 41 3
-35 -41 1
-35 42 3
-35 -43 6
-35 -44 10
-35 -46 5
-35 -48 4
-35 -49 1
-35 50 3
36 37 3
36 -37 1
36 38 3
36 -38 7
36 39 1
36 40 1
36 -41 2
36 42 8
36 -42 9
36 43 5
36 -43 4
36 44 9
36 -45 6
36 47 6
36 -50 4
-36 37 9
-36 -37 7
-36 39 5
-36 -39 1
-36 -42 5
-36 -45 2
-36 48 5
-36 -48 3
-36 -49 8
-36 50 5
-36 -50 9
37 38 2
37 -38 7
37 40 1
37 -40 5
37 41 7
37 -43 7
37 44 2
37 -44 5
37 45 4
37 -46 6
37 47 2
37 -47 6
37 48 7
37 -48 5
37 49 3
-37 38 10
-37 -38 3
-37 39 9
-37 40 10
-37 -42 8
-37 43 8
-37 -43 7
-37 46 3
-37 -47 6
-37 49 9
-37 -49 7
38 39 5
38 41 1
38 -41 6
38 44 5
38 -44 1
38 45 5
38 -45 7
38 47 6
38 -48 3
38 50 10
38 -50 4
-38 -40 2
-38 41 3
-38 -41 7
-38 42 2
-38 -45 9
-38 49 8
39 41 1
39 42 5
39 43 3
39 -43 3
39 45 6
39 -45 2
39 46 10
39 -47 3
39 48 8
39 49 6
39 -49 3
39 -50 1
-39 40 10
-39 -41 6
-39 -42 8
-39 45 1
-39 46 7
-39 -49 2
-39 50 2
40 -41 2
40 -42 3
40 -43 1
40 -44 7
40 45 1
40 -45 3
40 47 9
40 -47 8
40 -48 5
40 49 8
40 50 5
-40 41 3
-40 43 3
-40 44 1
-40 -45 8
-40 46 3
-40 47 5
-40 -47 8
-40 48 5
-40 49 9
-40 -49 7
-40 50 9
-40 -50 7
41 -42 1
41 -43 1
41 44 5
41 -44 4
41 45 4
41 -45 3
41 -46 9
41 48 9
41 49 1
-41 -43 5
-41 45 4
-41 46 9
-41 -46 5
-41 -47 4
-41 -48 9
-41 -49 2
-41 -50 3
42 43 7
42 44 7
42 45 1
42 46 4
42 -47 6
42 -48 3
42 -49 4
42 50 7
-42 45 2
-42 47 9
-42 -47 6
-42 48 3
-42 -48 9
-42 -50 10
43 -44 4
43 -46 8
43 47 9
43 -47 7
43 48 5
43 -48 5
43 49 9
43 -49 9
43 50 10
-43 44 8
-43 -44 8
-43 -45 6
-43 47 4
-43 49 1
44 45 10
44 -45 1
44 47 4
44 -47 1
44 49 10
44 50 4
-44 45 2
-44 46 6
-44 -46 8
-44 47 2
-44 48 7
-44 -48 9
-44 -50 3
45 46 3
45 -46 8
45 47 6
45 -47 7
45 48 5
45 50 2
45 -50 1
46 47 5
46 -47 9
46 -48 10
46 -49 6
46 50 7
-46 48 3
-46 -49 2
-46 -50 2
47 49 6
47 -49 10
47 50 6
-47 -48 1
-47 50 3
-47 -50 3
48 49 10
48 -49 4
-48 -50 10
49 -50 2
-49 50 5
-49 -50 8