200 1000
1 1 1 1 1 1 1 1 1 2 2 2 2 2 2 2 3 3 3 3 3 3 3 3 3 3 3 3 4 4 4 4 4 4 4 4 4 4 4 4 4 4 5 5 5 5 5 5 5 5 5 5 5 5 5 5 5 6 6 6 6 6 6 6 6 6 6 7 7 7 7 7 7 7 7 8 8 8 8 8 8 9 9 9 9 9 9 9 9 9 10 10 10 10 10 10 10 10 10 10 11 11 11 11 11 11 11 11 11 11 11 12 12 12 12 12 12 12 12 12 12 13 13 13 13 13 13 13 13 13 13 13 13 13 13 14 14 14 14 14 14 14 14 15 15 15 15 15 15 15 15 15 16 16 16 16 16 16 16 16 16 16 17 17 17 17 17 17 17 17 17 18 18 18 18 18 18 18 18 18 18 18 18 19 19 19 19 19 19 19 19 20 20 20 20 20 20 20 20 21 21 21 21 21 21 21 21 21 22 22 22 22 22 22 22 22 22 23 23 23 23 23 23 23 23 23 23 23 23 23 23 23 23 24 24 24 24 24 24 24 24 24 25 25 25 25 25 25 25 26 26 26 26 26 26 26 26 26 26 27 27 27 27 27 27 27 27 27 27 27 27 28 28 28 28 28 28 29 29 29 29 29 29 30 30 30 30 30 30 30 30 31 31 31 31 31 32 32 32 32 32 32 32 32 32 33 33 33 33 33 33 33 33 33 33 33 34 34 34 34 34 34 34 34 34 34 34 34 34 34 34 34 34 34 34 34 35 35 35 35 35 35 36 36 36 36 36 36 36 36 36 36 36 36 36 36 36 36 37 37 37 37 37 37 37 37 37 37 37 37 37 37 37 37 37 38 38 38 38 38 38 38 38 38 39 39 39 39 39 39 39 39 39 39 40 40 40 40 40 40 40 41 41 41 41 41 41 41 41 41 41 41 41 41 41 42 42 42 42 42 42 42 42 42 42 42 42 42 42 42 42 42 42 43 43 43 43 43 43 43 43 43 43 44 44 44 44 44 44 44 45 45 45 45 45 45 45 45 45 45 46 46 46 46 46 46 46 46 46 46 46 46 46 46 47 47 47 47 48 48 48 48 48 48 48 48 48 48 48 48 48 48 48 48 49 49 49 49 49 49 50 50 50 50 50 50 50 50 50 50 50 50 51 51 51 51 51 51 51 51 51 51 51 51 51 52 52 52 52 52 52 52 52 52 53 53 53 53 53 53 53 53 53 54 54 54 54 54 54 54 54 54 54 54 54 54 54 55 55 55 55 55 55 55 55 55 55 56 56 56 56 56 56 56 56 56 56 57 57 57 57 57 57 57 57 57 57 57 57 58 58 58 58 58 58 58 58 58 58 58 58 59 59 59 59 59 59 59 59 59 59 59 59 59 59 60 60 60 60 60 60 60 60 60 60 60 60 60 61 61 61 61 61 61 61 61 61 61 61 61 62 62 62 62 62 62 62 62 63 63 63 63 63 63 63 64 64 64 64 64 64 64 64 64 65 65 65 65 65 65 65 66 66 66 66 66 66 66 66 66 66 66 67 67 67 67 67 67 67 67 67 67 67 67 67 67 67 67 67 67 68 68 68 68 68 68 69 69 69 69 69 69 69 69 70 70 70 70 71 71 71 71 71 71 71 71 71 71 71 71 71 72 72 72 72 72 72 72 72 72 72 72 73 73 73 74 74 74 74 74 75 75 75 75 75 75 75 75 75 75 75 75 76 76 76 76 76 76 76 76 76 77 77 77 77 77 77 77 77 77 78 78 78 78 78 78 78 79 79 79 79 79 79 79 79 79 80 80 80 80 80 80 80 80 80 81 81 81 81 81 81 81 81 81 81 82 82 82 82 82 82 82 83 83 83 83 83 83 83 83 83 83 83 83 84 84 84 84 84 85 85 85 85 85 85 85 85 85 85 85 85 86 86 86 86 86 86 86 86 86 86 87 87 87 87 87 87 87 87 87 87 87 87 87 87 88 88 88 88 88 88 88 88 89 89 89 89 89 89 89 89 89 90 90 90 90 90 90 91 91 91 91 91 91 91 91 91 92 92 92 92 92 92 92 92 92 92 92 92 93 93 93 93 93 93 93 93 93 93 94 94 94 94 94 94 94 94 94 94 94 94 94 94 94 95 95 95 95 95 95 95 95 95 95 95 96 96 96 96 96 96 96 96 96 96 96 96 97 97 97 97 97 97 97 98 98 98 98 98 98 98 99 99 99 99 99 99 99 99 99 99 99 100 100 100 100 100 100 100 100 
100 102 77 57 186 187 
46 175 87 120 190 
161 190 102 47 
155 124 69 87 
184 89 67 156 
112 110 173 30 
96 27 140 
166 197 102 
179 55 
1 149 175 119 
136 101 30 141 
94 27 14 
192 143 
64 71 
162 38 
82 
1 3 4 196 104 74 110 191 
0 131 6 187 51 56 155 127 
35 11 45 145 147 183 190 94 
194 39 169 60 29 158 
8 51 22 89 186 
113 163 6 22 
178 25 137 189 
48 140 86 
122 157 165 
40 113 172 
156 199 
50 3 
96 34 38 7 109 16 50 
71 104 44 16 18 53 
70 74 43 23 151 
44 117 56 92 126 
7 77 86 186 124 
10 61 29 173 
106 139 179 126 
199 188 175 
183 180 63 
144 131 147 
122 147 180 
99 31 
21 94 
153 
36 38 105 44 109 83 191 
160 115 117 182 123 188 
97 73 81 148 56 188 
96 72 25 186 94 
146 116 24 57 27 
160 122 13 46 
72 73 193 105 
65 34 130 39 
148 138 140 109 
65 137 143 
129 153 169 
192 10 54 
43 110 
98 
170 
128 129 196 43 82 88 124 152 158 
1 101 135 173 15 48 52 
71 179 152 185 61 63 
194 174 19 22 159 
99 108 17 181 63 
64 68 150 25 58 
80 145 18 197 
144 81 177 15 
191 66 67 154 
145 84 142 31 
7 104 141 22 120 27 
133 105 10 142 145 95 
4 37 134 82 146 55 
64 39 171 156 190 
99 169 143 179 61 
91 20 69 46 
192 115 
194 29 
195 49 23 86 55 
75 17 89 90 191 
80 187 43 157 
170 106 154 31 
180 100 165 
195 
65 130 71 42 115 150 
161 172 147 61 93 
64 66 139 55 
80 113 145 178 
188 180 110 31 
113 69 118 173 
121 107 139 
178 121 34 
195 69 
65 100 11 18 147 22 
129 168 44 48 91 
25 50 188 174 
128 25 84 199 
102 140 54 175 
180 189 
48 76 
54 31 
92 
46 
34 130 164 43 142 114 179 27 29 
97 35 136 105 76 149 93 126 
67 9 10 44 17 81 53 
4 107 19 86 90 
130 39 45 112 177 
162 101 169 106 82 
161 146 180 58 188 
39 40 141 24 31 
82 77 122 
148 101 
38 
7 40 175 79 126 
0 103 75 44 14 
113 115 132 195 
105 19 119 71 
128 92 190 142 
120 138 182 111 
194 36 181 
129 185 44 
97 169 125 
196 
67 72 145 82 118 186 187 
129 172 175 16 147 157 126 
64 193 66 35 4 199 
134 136 141 14 190 
132 165 142 58 63 
8 112 165 63 
96 123 12 46 
116 76 191 
121 137 55 
176 193 36 
98 116 37 
153 147 47 
144 145 
139 110 
160 136 41 42 76 20 156 
192 172 144 83 90 95 
34 164 100 91 124 
138 180 191 
91 196 14 
185 166 
17 98 
43 181 
105 114 146 52 117 150 121 63 
156 26 31 15 
46 42 179 6 
42 36 52 87 
42 132 106 183 
120 93 87 63 
160 91 29 
199 159 
56 57 
137 44 172 80 149 151 187 
185 197 39 121 126 95 
131 132 11 18 22 
161 38 167 175 122 
170 65 58 20 
153 197 182 
137 194 46 
93 78 39 
32 129 107 
187 37 
66 4 38 70 167 11 12 175 83 88 
0 131 40 139 183 
3 134 51 185 63 
40 44 119 56 58 
98 137 75 114 127 
176 33 67 180 
152 187 133 151 
197 117 158 
144 
163 132 38 72 77 117 29 
165 77 13 183 125 
64 9 43 53 189 
88 131 45 192 
151 57 111 95 
153 50 5 181 
113 5 149 135 
26 147 52 149 
168 89 127 
188 127 
161 186 
34 13 
1 67 195 27 188 
134 8 175 49 118 
96 89 113 167 
152 82 87 7 
160 33 145 178 
96 94 176 
174 167 
136 13 
34 137 147 24 186 190 158 
196 107 149 181 61 
131 141 157 165 
57 118 110 
45 134 119 
169 191 
81 54 
20 119 
33 193 169 52 87 
57 155 86 31 
97 187 12 140 
64 83 19 4 
105 51 93 79 
192 177 142 
97 12 5 
113 11 23 
112 
36 177 146 56 58 123 28 
130 196 5 136 77 121 29 
42 115 61 23 
73 114 158 46 
178 18 187 157 
192 195 63 
167 43 87 
41 
136 
3 132 195 71 106 18 115 158 
65 196 168 49 50 82 92 
2 6 169 78 177 122 30 
133 40 170 112 54 120 
134 40 143 80 147 183 
66 163 37 6 
112 110 188 38 
57 171 93 95 
81 65 18 128 
183 196 21 103 
58 131 84 
89 117 167 
90 180 
152 37 
93 69 
52 
5 101 75 12 171 83 20 
74 77 17 23 90 93 63 
161 170 43 79 121 29 
89 41 61 150 
1 171 6 22 
64 60 6 184 
152 103 79 
34 36 
41 103 
64 134 167 178 59 95 
130 135 105 114 23 57 
34 103 7 111 23 158 
162 134 71 108 49 
104 183 61 15 
154 140 
177 197 
193 66 40 110 81 56 184 
160 77 78 177 26 
74 28 63 55 
72 106 21 47 
1 35 5 
76 166 71 
18 67 85 
64 186 135 
156 141 
173 15 
38 199 173 15 82 188 
137 75 84 182 152 91 
193 131 45 141 59 126 
69 38 52 85 93 
164 179 148 46 
186 145 82 45 
10 134 
99 148 
67 124 
179 54 
0 102 
48 
65 50 20 89 124 
25 2 27 109 
151 75 85 111 
99 11 147 173 
97 75 
145 50 
145 171 134 47 
25 130 173 142 
48 196 13 190 
129 147 132 
50 
101 
2 70 173 174 54 
36 7 109 48 157 
131 101 168 47 115 
161 112 147 182 59 
25 53 142 159 
120 34 4 175 
9 98 125 
154 12 79 
163 73 43 45 148 53 189 
96 98 167 104 50 156 
2 198 8 60 124 190 
129 133 157 
152 160 
97 195 177 21 56 90 94 
66 135 40 14 15 55 
65 76 19 22 58 
108 95 70 23 
121 186 155 189 
73 167 97 71 
34 182 
24 156 
113 
133 74 142 17 118 88 28 157 
73 42 142 15 17 54 
154 107 90 91 92 
0 35 6 103 12 
145 131 100 156 
153 174 45 133 
56 57 101 157 
113 82 54 79 
93 94 133 
190 191 
183 
192 98 3 109 177 54 184 156 
162 99 198 49 114 83 58 
66 133 171 12 156 123 60 
0 99 167 199 189 30 
96 70 138 14 154 
170 50 28 103 
183 82 123 175 
76 125 150 87 
183 196 12 92 
137 83 111 
42 140 197 
60 76 39 
59 58 11 
80 152 109 
59 141 55 
57 114 132 
112 98 167 
32 103 
86 38 
129 116 
133 38 170 174 121 
162 75 180 173 
143 33 194 15 
88 99 3 5 
176 106 
91 78 
166 7 72 9 103 136 179 52 149 95 
130 5 105 19 121 59 31 
164 137 76 16 50 52 86 
2 171 110 151 29 127 
33 70 8 16 126 
65 11 193 103 
184 41 115 61 
72 9 154 134 
160 148 149 
152 162 166 
91 150 159 
35 116 14 
24 1 132 
73 37 174 
184 87 
72 102 
192 73 41 15 49 114 121 31 
194 132 133 138 181 55 158 
101 37 44 49 181 189 93 
195 137 107 48 176 158 62 
96 34 4 70 25 95 
141 80 176 87 25 94 
96 65 99 181 188 
164 69 145 184 92 
187 155 39 7 
134 169 67 22 
49 122 108 119 
65 33 5 167 
51 19 68 
32 30 
99 92 
176 18 
107 
97 77 145 116 117 56 59 62 
128 36 68 42 85 125 61 
35 166 168 41 176 146 
165 14 184 25 157 
127 76 5 31 
0 81 4 45 
79 55 
17 183 
108 
163 104 168 76 174 
167 172 45 93 30 
80 99 68 179 
186 189 183 
66 19 146 
186 162 79 
42 30 7 
43 19 52 
17 30 
107 
195 109 77 21 157 127 
130 78 175 178 53 
9 196 148 78 
81 90 191 
137 195 175 
72 165 
66 61 
41 51 179 149 86 88 186 
121 69 102 72 12 89 186 
0 194 199 106 78 117 122 
3 164 12 77 118 157 61 
5 141 84 57 190 
91 3 132 46 
115 195 7 
93 53 157 
0 59 87 
72 116 54 
187 5 87 
73 95 
136 199 
81 
69 72 15 83 150 25 90 124 
37 136 74 170 174 154 156 
7 72 143 181 27 29 
1 20 181 123 157 191 
161 195 79 144 145 182 
96 33 66 165 47 53 
107 109 86 93 31 
1 40 169 139 156 
154 71 76 19 90 
134 67 61 62 
64 175 75 79 
16 64 116 150 
124 94 143 
102 11 6 
60 189 
32 88 
53 
0 
32 2 162 36 140 14 47 48 19 120 
35 102 11 43 79 19 149 
73 106 180 85 153 94 
69 186 173 15 83 90 
104 11 45 103 
89 65 187 165 
8 57 55 
33 20 150 
147 23 
99 
1 163 7 113 18 21 118 152 89 
49 172 110 127 
24 97 2 101 
91 99 50 3 
1 153 19 39 
26 116 22 
97 50 
135 138 109 80 49 87 92 
0 66 67 106 139 63 
96 74 171 79 148 126 
164 134 40 21 86 
104 168 14 146 191 
9 67 70 
72 82 44 
68 71 
128 115 
42 
40 105 170 13 144 21 53 158 
104 48 52 181 22 124 
96 33 3 70 108 
72 99 91 69 
112 90 164 86 
177 70 55 
16 144 110 
108 150 103 
35 92 165 
109 147 69 
24 56 
91 45 
8 154 
62 
129 69 108 157 94 
179 19 141 198 
115 77 6 31 
151 47 
129 193 139 174 15 52 126 
96 34 99 197 167 74 82 
195 42 45 86 89 186 
74 12 174 149 118 
163 199 137 152 188 
194 101 39 10 89 
48 187 179 37 
89 33 60 23 
123 35 55 
9 11 17 
164 37 79 
121 107 39 
0 126 168 
40 129 180 
142 
164 
195 180 157 175 
56 73 60 61 
37 87 31 
48 57 39 
33 181 
97 151 
97 132 177 153 59 124 
38 72 81 18 178 158 
195 74 107 138 146 
96 8 149 186 155 
169 41 11 142 188 
112 131 116 109 
185 26 86 
33 20 105 
114 101 
158 30 
2 171 
92 94 
133 113 82 117 23 26 
132 133 180 86 187 92 
23 181 86 55 89 
34 168 137 14 17 
169 75 84 150 
105 125 62 165 
192 36 30 
8 40 54 
72 164 45 
126 139 54 
9 51 
26 182 
136 139 
68 100 198 71 72 137 43 20 
98 8 75 15 16 25 
191 164 75 21 95 127 
33 142 143 148 184 
193 34 165 20 155 
131 72 117 119 30 
17 122 20 22 
56 154 77 
50 163 54 
99 195 6 7 10 172 181 182 
104 9 107 109 80 
36 44 175 188 93 
42 44 144 17 49 
16 49 43 54 
142 83 147 14 
184 78 62 
3 126 
61 
32 67 134 45 16 86 125 
161 165 199 43 112 20 63 
162 71 87 190 63 
140 149 118 89 92 
73 44 174 50 182 
72 171 77 179 29 
107 105 83 77 
96 169 68 183 
108 114 60 109 
94 161 76 70 
186 77 54 149 
129 189 103 
59 166 
6 
33 141 175 82 153 29 159 
64 195 25 58 187 
11 16 116 152 153 
75 16 114 189 157 
34 132 11 51 24 
18 182 21 14 
137 186 171 53 
160 191 194 135 
97 195 54 
58 156 
102 169 10 13 81 17 19 115 
64 7 40 181 118 
145 164 165 174 
115 84 29 127 
167 37 126 79 
178 74 173 159 
162 141 111 
80 68 7 
59 145 43 
154 13 
194 171 47 149 119 28 93 
163 112 147 116 155 60 
163 195 168 110 26 59 
6 104 111 120 95 
162 197 168 121 94 
32 161 35 196 
144 66 138 130 
153 66 172 
150 142 30 
0 186 2 
184 154 180 
192 57 129 
129 196 8 40 84 23 
134 75 82 118 86 87 
102 77 82 188 31 
134 144 152 122 157 
135 107 172 77 23 
33 148 29 39 
72 162 83 45 
98 107 189 
105 197 110 
103 39 
161 87 
152 86 
193 69 105 17 51 56 
4 8 169 175 89 
66 67 198 167 14 
98 35 167 13 20 
166 70 170 145 149 
196 147 140 198 
40 11 96 
128 148 160 
80 130 197 
128 136 126 
1 59 101 
177 10 
118 
184 
107 14 143 80 30 186 59 94 
99 180 54 122 92 
197 199 16 124 94 
107 47 19 149 28 
180 130 67 132 
10 108 94 
50 163 159 
183 90 23 
91 53 182 
1 105 
53 15 
194 55 
192 46 
153 73 46 84 117 25 26 126 
128 137 10 75 48 54 55 
7 45 13 149 60 31 
67 163 197 7 181 
36 110 181 61 94 
161 4 182 151 
148 179 92 199 
32 91 27 119 
174 190 22 
52 87 76 
0 89 45 
28 
193 169 74 139 172 109 52 
94 58 30 
85 77 6 
24 33 80 
136 167 
19 28 
138 164 
127 
35 102 42 47 21 27 30 
194 99 71 113 146 119 31 
35 137 170 75 50 62 
10 78 55 59 189 
196 167 81 17 146 
151 99 142 103 
64 121 12 
96 67 69 106 12 82 55 
66 4 68 38 133 75 
81 145 20 57 61 
17 146 83 19 91 
197 136 41 44 90 
99 52 157 70 
110 3 86 7 
56 126 22 
49 196 
9 178 181 150 23 153 
44 178 182 153 92 
164 197 14 17 86 
97 66 76 138 
98 165 118 143 
198 54 
121 77 
97 98 197 49 178 54 119 183 186 
161 104 171 78 180 150 58 124 
65 161 43 114 117 23 
139 150 182 152 26 126 
128 19 85 118 63 
1 198 46 180 156 
81 51 147 110 
172 181 70 
193 103 47 
116 22 183 
93 6 
128 37 102 38 105 49 116 154 159 
162 40 111 145 152 121 
32 1 163 12 142 92 
34 35 110 180 181 
33 68 170 16 116 
1 161 24 122 59 
36 10 141 17 88 
105 52 76 55 
78 83 132 46 
98 171 181 118 
24 56 164 181 
17 137 141 
32 74 127 
112 34 111 
192 50 119 
122 99 
116 118 
109 38 
192 38 45 17 19 121 
5 169 17 49 89 
90 123 101 199 
187 92 5 119 
51 166 7 
177 167 
1 99 70 41 106 12 55 
199 103 85 190 63 
116 114 180 76 
153 45 166 
128 70 191 
193 91 149 
41 100 
196 189 
97 170 20 151 187 
40 18 176 154 
92 47 
120 
2 98 134 38 11 142 146 186 
108 52 94 135 
49 106 51 139 
33 67 151 
194 115 31 
112 81 28 
48 114 187 
130 27 45 
112 100 
131 195 
56 160 
32 183 
12 20 
38 104 77 47 51 59 
161 34 70 169 141 94 
129 11 49 58 59 
135 44 109 181 85 
96 123 61 182 
169 194 187 183 
199 59 68 103 
65 67 166 54 
135 170 139 111 
56 138 
109 
162 163 73 43 78 146 24 
42 107 79 
161 5 
2 133 77 46 56 
131 189 71 7 
108 3 92 142 
66 59 114 
136 
106 143 79 183 94 95 
129 98 38 45 19 
164 2 26 36 
73 27 52 55 
105 123 172 77 
42 123 155 158 
1 153 193 
199 68 71 
177 58 133 
34 50 167 
11 62 
99 38 
165 8 170 171 46 177 
163 73 115 118 123 
161 71 172 87 154 
120 9 178 103 
136 75 5 
80 148 191 
26 44 198 
59 111 7 
65 
138 115 117 118 183 26 
7 72 199 171 94 126 
131 10 138 85 55 95 
37 199 7 9 156 
104 49 146 23 
64 99 93 
42 98 39 
64 42 
139 164 
96 130 101 166 109 188 
103 39 178 51 57 
96 193 51 164 
88 90 93 181 
152 108 94 119 
80 161 167 23 
134 70 
194 2 11 175 182 
81 180 172 47 
151 109 190 127 
62 51 13 14 
42 58 70 
81 165 86 
186 44 30 
154 149 
77 6 
194 74 76 113 50 
65 44 133 52 
72 150 165 6 
48 140 182 168 
73 179 4 6 
183 18 53 63 
194 15 7 
27 11 119 
158 70 
34 163 90 38 198 177 22 185 26 
153 26 198 174 
144 118 111 
89 129 180 
177 170 164 
18 124 150 
177 13 
33 55 
112 23 
120 
152 177 196 118 
175 61 62 119 
25 108 13 47 
32 146 14 
65 100 85 
131 159 
162 101 
102 72 46 20 187 
34 77 18 154 59 
128 68 18 63 95 
34 164 21 70 
56 116 133 184 
128 169 11 
33 82 155 
92 142 143 
152 82 95 
122 29 
145 186 
93 
67 39 186 53 26 188 62 
196 168 43 13 50 
152 154 53 199 
65 69 173 
96 146 84 
43 76 51 20 52 117 29 
34 73 169 106 16 
91 75 52 184 123 
136 41 12 77 46 
0 1 162 20 
104 89 95 87 
96 99 112 117 
64 9 38 
123 126 159 
41 161 
122 151 
46 
64 70 9 14 83 54 182 90 
131 164 106 78 153 25 
97 138 14 26 59 
0 194 197 139 25 
7 143 50 82 59 
138 115 19 116 189 
170 53 55 
96 163 189 
57 29 30 
72 22 
4 133 134 39 51 182 125 191 
98 37 102 74 16 112 63 
69 7 174 113 19 155 
32 98 77 144 49 56 
6 104 139 172 144 59 
69 11 14 87 56 58 
68 138 83 87 157 
186 73 10 143 
116 146 76 95 
120 9 11 92 
130 115 23 
107 177 91 
9 179 109 
67 143 
96 70 137 144 146 178 151 
9 82 190 106 
184 194 44 23 
97 129 169 
27 6 151 
146 115 20 
160 93 
177 110 
192 101 69 8 155 84 123 
167 71 46 17 56 191 
4 80 17 148 149 26 
174 82 146 22 56 
169 147 36 187 
137 107 45 159 
130 23 
32 152 
99 
32 68 37 109 116 148 183 
131 199 136 12 83 
8 41 83 119 91 
109 117 182 151 89 
43 140 70 
179 150 23 
138 155 61 31 
151 74 27 31 
150 61 78 
155 84 165 
74 181 190 
166 30 175 
16 27 28 
51 175 
50 98 
34 68 6 72 81 53 
79 112 15 83 126 191 
5 135 7 143 146 
105 106 141 78 185 
160 153 74 107 
185 155 134 135 
121 5 166 55 
90 195 28 85 
168 50 52 
197 155 77 
59 60 
18 174 
128 3 166 141 48 84 181 
34 91 74 187 146 115 123 
68 139 90 157 63 
65 2 161 36 71 
134 78 143 122 95 
168 154 117 174 
162 156 114 84 
66 166 82 78 
107 116 
14 
131 42 106 177 114 179 22 
36 102 168 47 115 
135 40 11 139 118 
198 104 108 116 125 
194 106 85 46 
0 185 56 79 
184 18 179 116 
168 41 122 55 
192 99 12 
8 125 38 
41 131 38 
123 115 
130 157 
17 170 
68 
69 198 146 115 150 91 
67 135 42 155 55 91 
65 163 36 196 138 146 
1 177 82 184 57 
160 35 163 113 151 
4 154 111 146 58 
1 37 7 16 61 
147 12 45 150 
125 46 87 
161 170 109 
113 179 183 
113 20 119 122 28 
2 175 187 92 94 
67 131 169 43 86 
112 9 54 105 
34 60 106 79 
172 155 108 165 
112 187 127 
13 102 
18 59 
86 46 
3 54 
39 
108 77 174 51 86 27 63 
165 106 52 91 124 127 
0 107 18 115 57 191 
129 67 69 15 186 156 
141 60 82 150 124 
49 84 157 150 
193 123 
2 11 49 178 53 86 123 
68 165 7 108 79 147 28 
129 73 44 140 47 126 
199 71 141 26 125 
137 138 78 
146 155 140 
185 68 
100 6 109 47 25 59 189 
67 15 21 155 61 
176 19 171 167 
56 188 76 198 
81 141 54 47 
9 3 117 
197 181 
107 179 
113 28 
49 186 
12 
4 196 122 80 18 117 58 93 190 
129 194 195 141 53 121 91 
32 197 70 74 85 56 121 
32 196 9 170 139 49 124 
34 102 7 104 113 145 
164 101 38 169 115 
65 180 71 
9 67 134 
