200 2000
1 1 1 1 1 1 1 1 1 1 1 1 1 1 1 1 2 2 2 2 2 2 2 2 2 2 2 2 2 2 2 2 2 3 3 3 3 3 3 3 3 3 3 3 3 3 3 3 3 3 3 3 3 3 4 4 4 4 4 4 4 4 4 4 4 4 4 5 5 5 5 5 5 5 5 5 5 5 5 5 5 5 5 5 5 5 5 5 5 5 6 6 6 6 6 6 6 6 6 6 6 6 6 6 6 6 6 6 6 6 6 6 7 7 7 7 7 7 7 7 7 7 7 7 7 7 7 7 7 7 7 7 7 7 7 7 8 8 8 8 8 8 8 8 8 8 8 8 8 8 8 8 8 8 8 9 9 9 9 9 9 9 9 9 9 9 9 9 9 9 9 9 9 9 9 9 9 10 10 10 10 10 10 10 10 10 10 10 10 11 11 11 11 11 11 11 11 11 11 11 11 11 11 11 11 11 11 11 11 11 11 11 11 11 11 12 12 12 12 12 12 12 12 12 12 12 12 12 12 13 13 13 13 13 13 13 13 13 13 13 13 13 13 13 13 13 13 13 13 13 13 14 14 14 14 14 14 14 14 14 14 14 14 14 14 15 15 15 15 15 15 15 15 15 15 15 15 15 16 16 16 16 16 16 16 16 16 16 16 16 16 16 16 17 17 17 17 17 17 17 17 17 17 17 17 17 17 17 17 17 17 17 17 17 18 18 18 18 18 18 18 18 18 18 18 18 18 18 18 18 18 18 18 18 19 19 19 19 19 19 19 19 19 19 19 19 19 19 19 19 19 19 19 19 19 19 19 19 19 19 19 20 20 20 20 20 20 20 20 20 20 20 20 20 21 21 21 21 21 21 21 21 21 21 21 21 21 21 21 21 21 21 21 21 21 21 21 21 21 22 22 22 22 22 22 22 22 22 22 22 22 22 22 22 22 23 23 23 23 23 23 23 23 23 23 23 23 23 23 23 23 23 24 24 24 24 24 24 24 24 24 24 24 24 24 24 24 24 24 24 24 24 24 24 24 24 24 24 25 25 25 25 25 25 25 25 25 25 25 25 25 25 25 25 25 25 25 25 25 25 25 25 25 25 25 25 25 25 26 26 26 26 26 26 26 26 26 26 26 26 26 26 26 26 26 26 26 26 26 26 26 26 27 27 27 27 27 27 27 27 27 27 27 27 27 27 27 27 27 27 28 28 28 28 28 28 28 28 28 28 28 28 28 28 29 29 29 29 29 29 29 29 29 29 29 29 29 29 29 29 29 30 30 30 30 30 30 30 30 30 30 30 30 30 30 30 30 30 30 30 31 31 31 31 31 31 31 31 31 31 31 31 31 31 31 31 31 31 32 32 32 32 32 32 32 32 32 32 32 32 32 32 32 32 32 32 32 32 32 33 33 33 33 33 33 33 33 33 33 33 33 33 33 33 34 34 34 34 34 34 34 34 34 34 34 34 34 34 34 34 34 35 35 35 35 35 35 35 35 35 35 35 35 35 35 35 35 35 35 35 35 35 35 35 36 36 36 36 36 36 36 36 36 36 36 36 36 36 36 36 36 36 36 36 36 36 36 37 37 37 37 37 37 37 37 37 37 37 37 37 37 37 37 37 38 38 38 38 38 38 38 38 38 38 38 38 38 38 38 38 38 38 38 38 38 39 39 39 39 39 39 39 39 39 39 39 39 39 39 39 39 39 39 39 39 39 40 40 40 40 40 40 40 40 40 40 40 40 40 40 40 40 40 40 40 40 41 41 41 41 41 41 41 41 41 41 41 41 41 41 41 41 41 41 41 41 41 42 42 42 42 42 42 42 42 42 42 42 42 42 42 42 42 42 42 42 42 43 43 43 43 43 43 43 43 43 43 43 43 43 43 43 44 44 44 44 44 44 44 44 44 44 44 44 44 44 44 44 44 44 45 45 45 45 45 45 45 45 45 45 45 45 45 45 45 45 45 45 45 45 45 45 46 46 46 46 46 46 46 46 46 46 46 46 46 46 46 46 46 47 47 47 47 47 47 47 47 47 47 47 47 47 47 47 47 47 47 47 47 47 47 47 47 47 47 48 48 48 48 48 48 48 48 48 48 48 48 48 48 48 48 48 48 48 48 48 48 48 48 49 49 49 49 49 49 49 49 49 49 49 49 49 49 50 50 50 50 50 50 50 50 50 50 50 50 50 50 50 50 50 50 50 51 51 51 51 51 51 51 51 51 51 51 51 51 51 51 51 51 51 51 52 52 52 52 52 52 52 52 52 52 52 52 52 52 52 52 52 52 52 52 53 53 53 53 53 53 53 53 53 53 53 53 53 53 53 53 53 53 53 53 53 53 53 54 54 54 54 54 54 54 54 54 54 54 54 54 54 54 54 54 54 54 54 55 55 55 55 55 55 55 55 55 55 55 55 55 55 55 55 55 55 55 56 56 56 56 56 56 56 56 56 56 56 56 56 56 56 56 56 56 56 56 57 57 57 57 57 57 57 57 57 57 57 57 57 57 57 57 57 57 57 57 57 57 57 57 57 57 57 58 58 58 58 58 58 58 58 58 58 58 58 58 58 58 58 58 58 58 58 59 59 59 59 59 59 59 59 59 59 59 59 59 59 59 59 59 60 60 60 60 60 60 60 60 60 60 60 60 60 61 61 61 61 61 61 61 61 61 61 61 61 61 61 61 61 61 62 62 62 62 62 62 62 62 62 62 62 62 62 62 63 63 63 63 63 63 63 63 63 63 63 63 63 63 63 63 63 63 63 63 63 63 63 63 63 64 64 64 64 64 64 64 64 64 64 64 64 64 64 64 64 64 64 64 64 64 64 64 65 65 65 65 65 65 65 65 65 65 65 65 65 65 66 66 66 66 66 66 66 66 66 66 66 66 66 66 66 67 67 67 67 67 67 67 67 67 67 67 67 67 67 67 67 67 67 67 68 68 68 68 68 68 68 68 68 68 68 68 68 68 68 68 68 69 69 69 69 69 69 69 69 69 69 69 69 69 69 69 69 69 69 69 69 69 69 69 69 69 70 70 70 70 70 70 70 70 70 70 70 70 70 70 70 70 70 70 70 70 70 71 71 71 71 71 71 71 71 71 71 71 71 71 71 71 71 71 71 71 71 71 71 71 71 71 71 72 72 72 72 72 72 72 72 72 72 72 72 72 72 72 72 72 72 72 73 73 73 73 73 73 73 73 73 73 73 73 73 73 73 73 73 73 73 73 74 74 74 74 74 74 74 74 74 74 74 74 74 74 74 74 74 74 75 75 75 75 75 75 75 75 75 75 75 75 75 75 75 75 75 75 75 75 75 75 76 76 76 76 76 76 76 76 76 76 76 76 76 76 76 76 76 76 76 76 76 76 76 76 77 77 77 77 77 77 77 77 77 77 77 77 77 77 77 77 77 77 77 78 78 78 78 78 78 78 78 78 78 78 78 78 78 78 78 78 78 78 78 78 78 78 79 79 79 79 79 79 79 79 79 79 79 79 79 79 79 79 79 79 79 79 79 80 80 80 80 80 80 80 80 80 80 80 80 80 80 80 80 80 80 80 80 80 80 80 80 80 81 81 81 81 81 81 81 81 81 81 81 81 81 81 81 81 81 81 81 81 81 82 82 82 82 82 82 82 82 82 82 82 82 82 82 82 82 82 82 82 82 82 82 82 82 82 82 82 82 83 83 83 83 83 83 83 83 83 83 83 83 83 83 83 83 83 84 84 84 84 84 84 84 84 84 84 84 84 84 84 84 84 84 84 84 84 84 84 84 85 85 85 85 85 85 85 85 85 85 85 85 85 85 85 85 85 85 85 85 86 86 86 86 86 86 86 86 86 86 86 86 86 86 86 86 86 86 86 86 86 86 86 86 86 86 87 87 87 87 87 87 87 87 87 87 87 87 87 87 87 87 87 87 87 88 88 88 88 88 88 88 88 88 88 88 88 88 88 88 88 88 88 89 89 89 89 89 89 89 89 89 89 89 89 89 89 89 89 89 89 90 90 90 90 90 90 90 90 90 90 90 90 90 90 90 90 90 90 90 91 91 91 91 91 91 91 91 91 91 91 91 91 91 91 91 91 91 91 91 91 91 91 91 91 92 92 92 92 92 92 92 92 92 92 92 92 92 92 92 92 92 92 92 92 93 93 93 93 93 93 93 93 93 93 93 93 93 93 93 93 93 94 94 94 94 94 94 94 94 94 94 94 94 94 94 94 94 94 94 94 94 95 95 95 95 95 95 95 95 95 95 95 95 95 95 95 95 95 95 95 95 95 95 96 96 96 96 96 96 96 96 96 96 96 96 96 96 96 96 96 96 96 96 97 97 97 97 97 97 97 97 97 97 97 97 97 97 97 97 97 97 97 97 97 97 97 97 97 98 98 98 98 98 98 98 98 98 98 98 98 98 98 98 98 98 98 98 98 98 98 98 98 98 98 99 99 99 99 99 99 99 99 99 99 99 99 99 99 99 99 99 100 100 100 100 100 100 100 100 100 100 100 100 100 100 100 100 100 100 100 100 100 100 
66 98 146 20 85 121 92 
35 137 176 147 117 184 
36 69 143 179 58 155 
40 156 165 7 
194 178 12 38 
132 185 52 133 
0 37 196 21 
151 169 126 47 
121 182 39 
16 17 146 
135 157 7 
49 122 12 
104 38 
197 70 
176 73 
116 54 
168 170 141 149 23 27 191 
131 168 143 48 147 181 
141 176 82 185 63 
130 103 16 29 189 
88 187 12 199 
123 107 13 135 
144 106 199 15 
42 171 74 6 
96 70 95 
154 92 14 
96 123 155 
32 146 61 
185 4 
161 78 
34 173 
104 
4 
36 69 148 189 155 92 125 159 
65 36 197 48 52 95 63 
35 102 106 108 50 59 
96 161 38 171 53 
1 129 97 198 22 
28 109 14 83 156 
104 9 137 194 
137 153 171 77 
16 123 108 183 
58 131 125 149 
1 20 132 68 
64 193 101 7 
41 58 161 172 
112 75 13 118 
67 59 155 22 
93 77 71 
27 11 183 
1 157 57 
152 97 45 
41 105 
147 37 
99 102 72 108 119 122 30 
33 69 75 44 140 147 184 
64 162 168 10 28 
93 85 13 6 
192 100 109 62 
65 33 131 
161 29 198 
41 98 84 
162 85 102 
8 195 
81 37 
193 35 
47 
163 133 44 146 148 21 29 
131 101 135 76 26 92 157 
129 168 174 114 88 58 
47 80 143 53 118 93 
121 132 104 168 57 92 
67 138 12 45 86 
5 72 168 174 189 
4 107 112 82 191 
73 11 105 143 
196 116 63 
80 130 164 
140 103 47 
35 45 110 
72 59 100 
24 49 104 
178 50 14 
170 130 
162 26 
130 126 
104 33 
186 123 
176 
31 
163 195 198 167 9 169 85 119 59 
68 71 108 45 46 19 183 
65 69 10 109 111 177 189 
0 4 199 74 176 178 
130 37 137 15 19 
1 197 7 115 188 
196 132 67 44 
53 37 21 134 
137 12 142 167 
88 193 42 146 
124 9 169 28 
24 114 3 
64 69 5 
144 89 160 
169 4 63 
194 10 126 
153 11 60 
8 35 188 
139 93 142 
176 109 
162 106 
76 189 
195 36 198 136 173 176 52 92 
49 177 118 54 88 126 63 
163 102 198 74 13 179 61 
162 134 70 76 148 90 
134 104 79 176 148 185 
102 110 14 111 188 61 
0 161 45 51 156 
47 124 155 188 191 
82 117 77 127 
81 41 98 197 
148 74 139 76 
113 179 44 125 
183 90 172 146 
72 33 196 124 
146 155 44 92 
4 36 84 
84 141 63 
9 138 175 
99 3 14 
160 105 58 
91 62 135 
13 71 
121 7 
148 158 
163 133 143 178 181 151 30 159 
40 186 148 22 122 188 95 
0 198 145 53 152 188 
44 177 118 120 155 125 
114 19 182 183 26 
111 112 144 18 153 
2 74 14 53 57 
161 130 103 18 91 
105 66 93 122 
56 187 83 141 
40 154 88 109 
81 150 22 86 
42 83 142 
8 101 94 
184 30 
150 142 
176 103 
21 
98 
33 15 178 54 89 26 188 
128 164 7 8 46 146 94 
68 69 8 136 178 24 29 
107 155 25 91 57 95 
128 99 138 149 183 90 
97 132 167 175 182 
129 98 133 103 145 
4 113 52 86 31 
17 10 139 146 
56 134 11 54 
2 134 101 22 
120 129 194 44 
147 165 109 31 
168 34 181 192 
171 52 157 
193 123 78 
98 35 135 
94 122 46 
158 75 54 
161 164 
64 80 
56 109 
162 37 42 75 138 55 152 187 30 
194 105 115 52 21 181 
33 10 77 111 58 
100 9 55 87 61 
67 3 181 118 122 
178 34 102 79 
194 171 108 126 
82 110 165 70 
56 58 101 118 
184 156 29 182 
88 105 58 125 
132 146 36 159 
66 135 45 142 20 182 
128 133 143 112 61 31 
35 196 69 137 115 19 
140 46 16 24 90 125 
196 9 11 171 121 63 
4 101 88 158 190 
33 70 108 182 24 
73 90 77 62 
81 33 156 45 
176 66 107 159 
106 35 140 189 
8 130 155 
21 62 199 
8 153 136 
107 145 19 
18 26 189 
168 9 192 
117 15 
36 54 
28 30 
59 100 
97 36 
56 71 
22 31 
154 99 
50 85 
132 69 165 166 179 24 154 59 
38 198 110 157 57 93 
38 18 87 24 152 190 
162 175 81 89 125 
163 40 110 152 154 
154 172 69 38 
18 131 171 14 
40 18 50 151 
104 26 112 176 
176 49 137 
113 69 87 
169 76 31 
88 136 160 
90 179 
128 130 74 43 187 16 151 91 31 
65 162 167 106 176 21 55 
96 168 172 176 113 93 
161 198 9 172 109 14 
3 76 50 86 155 
37 199 48 154 156 
129 100 171 45 178 
160 38 77 16 117 
170 23 117 119 92 
164 156 135 
56 125 14 
44 53 62 
98 4 151 
123 50 83 
18 131 100 
93 94 
42 183 
161 198 
138 43 
185 6 
168 
108 
1 191 169 171 76 77 79 186 158 31 
194 5 9 108 109 21 23 
100 165 170 53 182 88 63 
74 81 177 87 151 
192 47 144 84 190 
98 173 79 180 156 
168 113 22 92 93 
76 145 24 186 126 
42 108 17 62 31 
152 41 145 183 
33 197 182 
32 43 141 
104 66 29 
162 68 
99 166 7 41 110 17 54 154 
60 80 112 124 28 62 
11 12 140 78 81 126 
124 115 56 187 188 
104 17 161 62 
36 157 44 173 
72 41 127 79 
64 140 120 109 
25 181 134 
43 179 23 
33 183 175 
161 77 
73 36 
33 42 45 80 145 50 60 95 
33 162 69 76 140 120 25 29 
159 132 5 70 143 61 190 31 
130 194 5 176 149 125 
35 4 9 47 120 58 
192 170 12 180 117 
42 133 6 30 
17 108 189 167 
192 50 199 111 
104 169 173 192 
160 140 132 
96 35 150 
194 107 86 
179 
5 
5 74 109 46 114 83 126 191 
130 76 109 13 14 152 126 
33 99 69 5 50 91 
198 106 16 146 51 62 
0 45 113 177 186 187 
170 134 109 30 
16 125 29 191 
32 64 117 23 
192 161 171 5 
97 178 62 
163 84 109 
91 85 6 
9 134 97 
77 142 175 
73 119 
177 69 
167 87 
169 13 
171 62 
143 135 
126 
192 37 7 9 43 141 149 92 
96 33 166 76 152 188 126 
144 114 51 119 94 126 
128 165 175 16 122 189 
100 68 40 168 181 
194 171 111 19 85 
67 136 180 117 159 
102 166 172 46 188 
136 1 131 33 
108 4 85 191 
180 182 94 15 
4 77 103 
188 156 70 
75 93 39 
124 78 
32 72 
41 68 
151 135 
40 162 
169 83 
0 196 133 109 175 176 51 52 
40 11 174 52 121 94 
102 198 78 88 156 63 
142 111 114 147 52 88 
0 161 165 16 57 
132 8 73 111 182 
195 12 45 84 88 
193 46 15 22 187 
2 71 76 51 62 
32 46 52 154 92 
10 35 5 114 
176 138 19 78 
32 82 11 150 
93 84 53 110 
97 83 193 105 
160 9 145 100 
90 3 22 
154 123 198 
105 93 159 
3 125 95 
24 41 60 
40 35 155 
43 28 53 
138 27 125 
96 116 192 
75 119 
164 
162 4 37 36 70 133 107 49 148 
192 193 199 172 141 93 31 
64 43 46 145 50 57 
139 46 47 15 148 189 
100 41 13 147 151 
36 107 48 57 63 
43 131 45 151 
145 170 51 198 
8 10 88 
46 172 38 
193 165 
12 
19 
128 193 100 10 85 53 22 
130 35 6 146 115 90 
34 134 155 27 94 127 
161 193 41 139 110 126 
160 166 139 49 147 118 
130 38 81 123 188 
103 72 104 182 30 
136 18 54 88 93 
164 171 115 126 191 
0 67 70 78 111 
160 172 146 19 150 
168 153 26 199 
25 82 11 62 
65 41 13 6 
8 73 107 174 
145 196 13 141 
113 162 169 87 
185 75 131 13 
161 198 5 142 
184 140 102 
85 46 165 
104 18 101 
36 109 150 
176 10 
160 109 
161 34 10 76 173 150 23 
33 3 167 10 140 81 
34 42 12 77 55 90 
10 82 117 62 159 
0 198 167 110 154 
109 14 145 121 187 
80 83 165 38 
135 185 36 95 
96 82 127 
171 189 30 
42 180 82 
1 34 154 
177 28 45 
160 68 143 
107 99 
116 
7 82 146 120 152 127 
65 171 175 50 120 91 
66 68 109 81 124 126 
65 139 83 147 188 
100 43 111 86 94 
56 97 50 62 
56 25 171 134 
68 133 190 167 
129 99 21 70 
193 77 61 63 
168 34 93 90 
144 170 91 79 
57 34 83 
8 171 181 
80 41 149 
158 31 
27 151 
163 40 115 148 23 157 
98 100 171 83 149 153 
193 2 67 34 105 145 
97 132 167 12 47 52 
35 109 178 89 27 
40 12 18 54 22 
145 131 100 151 
122 37 14 95 
96 123 174 111 
73 84 198 23 
129 67 59 114 
81 1 82 171 
145 179 47 
4 174 135 
42 93 29 
112 106 118 
160 28 167 
184 115 127 
9 93 
56 35 
41 180 
48 45 
172 
183 
87 
17 
97 66 6 169 75 43 180 187 
2 4 145 52 54 57 156 
192 99 3 74 13 88 
160 71 11 175 48 113 
194 172 80 115 54 57 
7 12 82 21 150 89 
35 101 198 172 140 94 
66 168 142 117 181 31 
36 106 180 58 157 
196 42 12 182 119 
192 167 41 138 87 
37 81 83 121 91 
98 41 120 188 31 
32 131 140 158 
129 145 99 92 
88 137 141 95 
195 140 110 199 
112 178 192 31 
161 173 127 
48 194 173 
169 13 38 
193 60 23 
192 65 132 
81 135 
75 63 
111 7 
75 62 
97 95 
62 71 
42 30 
37 72 169 84 150 57 154 124 
101 72 105 137 138 15 158 
193 66 139 114 123 29 
195 110 111 18 53 
129 141 54 183 25 
162 130 21 23 156 
139 76 109 45 24 
192 39 25 60 126 
82 166 189 110 
104 97 173 191 
194 162 199 183 
186 68 29 54 
40 185 56 82 
16 121 104 47 
129 170 94 
130 125 78 
101 36 77 
48 12 45 
88 82 117 
83 148 
82 21 
27 179 
99 
94 
195 5 103 11 173 48 145 20 156 61 94 
162 163 68 71 8 41 83 155 
101 197 8 138 84 157 125 
160 130 67 58 115 26 158 
139 108 44 77 113 82 
194 98 112 181 54 
49 53 131 29 
9 129 149 7 
192 1 28 
186 54 87 
80 88 94 
80 169 20 
51 162 43 
57 148 157 
145 47 
157 126 
144 63 
168 6 
167 112 176 19 52 155 
196 138 139 85 122 190 
32 99 196 43 139 185 
35 118 182 187 94 
64 192 91 148 123 
199 8 108 180 21 
34 36 9 174 82 
196 41 173 24 26 
185 107 117 62 
58 11 150 
32 50 29 
80 130 43 
137 99 110 
32 152 191 
97 38 136 9 54 23 24 88 
99 134 167 71 151 184 
165 11 141 24 89 120 
137 78 16 56 59 
160 161 179 53 189 
64 164 189 183 
100 111 70 95 
3 187 38 189 
33 172 28 
137 145 22 
170 137 122 
11 53 182 
121 83 195 
72 130 128 
130 125 158 
37 142 
45 126 
194 196 138 174 17 113 115 52 146 127 95 
130 138 172 183 184 94 31 
65 129 43 143 23 59 
6 49 147 54 124 
68 101 6 178 188 
5 198 173 117 150 
128 101 53 87 
165 149 190 119 
114 91 79 71 
148 100 37 118 
72 126 86 138 
0 179 140 37 
64 177 80 95 
154 163 31 
91 172 86 
34 86 63 
57 149 151 
83 47 
194 53 
3 172 14 49 90 91 127 
173 176 113 121 124 31 
34 13 175 113 121 
196 135 73 114 190 
69 37 44 143 113 
101 7 137 12 81 
115 44 187 182 
51 140 78 47 
9 68 61 142 
91 75 114 47 
168 68 111 
124 36 77 
152 77 159 
40 48 52 
8 151 
107 3 
53 157 
94 
32 9 170 155 144 153 58 91 
35 166 74 45 79 122 124 
166 71 43 46 179 185 122 
161 99 165 72 173 22 183 
133 6 39 139 108 150 
196 101 43 182 54 24 
64 165 72 50 188 
3 100 4 138 187 
77 118 152 57 127 
8 43 19 152 
197 139 76 187 
10 20 94 119 
40 1 30 41 
56 153 2 188 
99 181 159 
42 51 95 
176 131 4 
41 67 5 
168 82 13 
193 174 
80 101 
193 134 6 78 79 174 155 31 
135 136 76 109 175 83 150 
171 81 157 23 28 93 
100 74 80 114 123 
129 131 121 90 159 
64 103 41 15 28 
135 174 51 120 126 
0 10 66 168 
186 179 52 39 
160 33 178 195 
125 30 87 
17 91 157 
180 6 
141 47 
127 
33 3 4 105 16 26 188 95 63 
130 10 50 53 190 159 
0 198 108 21 120 90 
194 131 102 45 155 
162 132 80 113 27 
37 46 179 22 189 
67 36 41 178 184 
96 195 5 125 95 
153 154 115 156 
175 108 62 151 
120 57 67 3 
99 28 163 
90 146 103 
26 191 
89 28 
133 
85 
1 102 105 175 116 117 57 124 
0 192 67 38 103 172 190 158 
163 197 110 16 82 157 
64 135 77 90 27 62 
2 77 55 57 122 
162 12 119 184 59 
69 77 143 177 150 
162 9 58 125 
145 123 155 143 
65 138 146 15 
119 47 6 31 
135 89 62 7 
49 43 52 189 
192 121 60 133 
153 101 54 133 
40 170 48 119 
72 11 144 
145 198 7 
75 22 55 
35 102 71 
172 92 69 
184 91 
171 52 
99 103 72 80 112 150 119 91 
32 163 39 105 110 145 26 
37 72 177 52 90 62 
193 35 134 108 112 113 
172 179 87 24 59 125 
67 132 169 109 82 151 
2 131 105 88 90 93 
32 194 166 134 80 
131 138 107 89 156 
133 11 181 186 60 
177 147 90 62 191 
40 139 93 31 
65 17 85 157 
170 123 141 
59 52 22 
9 137 14 
24 88 76 
35 7 
136 43 
100 134 
99 164 
138 
141 
33 164 6 23 184 89 187 
133 43 142 110 144 
69 45 147 151 25 
160 114 118 152 122 
64 78 58 188 62 
40 195 21 183 
136 161 58 147 
40 49 6 54 
121 122 94 
89 90 126 
98 197 30 
56 178 74 
17 92 
113 161 
146 84 
152 154 
194 
198 144 53 86 22 89 90 156 
160 73 143 111 145 90 27 
194 110 48 115 151 95 
2 44 144 177 114 147 
2 196 73 51 27 29 
98 38 39 177 114 28 
5 8 10 170 120 60 
0 173 21 91 156 
36 143 178 118 122 
162 137 114 86 93 
0 161 163 13 177 
135 105 139 23 121 
72 25 143 127 
48 164 111 79 
137 2 22 130 
116 34 195 84 
100 44 92 
1 154 166 
178 18 102 
24 12 142 
173 183 
131 4 108 29 116 154 93 
35 166 7 175 23 89 187 
38 122 43 11 108 26 
67 40 44 46 123 
165 108 46 82 95 
99 195 169 43 16 
159 34 155 143 
175 67 163 143 
135 173 86 55 
58 100 198 143 
113 179 12 52 
16 163 102 
120 190 94 
178 34 14 
184 17 33 
56 14 143 
97 19 
9 51 
58 190 
111 
3 
71 199 43 88 26 158 62 
162 7 113 18 51 156 31 
96 129 134 109 178 91 190 
69 40 73 52 21 150 
193 39 9 45 16 57 
163 69 74 78 91 
97 6 110 58 191 
64 4 5 18 155 
102 104 76 19 190 
128 10 26 132 
160 132 198 168 
56 58 67 94 
72 169 82 152 
67 19 165 198 
161 19 125 134 
179 29 174 79 
48 26 128 
73 179 113 
24 4 47 
48 99 
192 121 10 74 177 57 
196 168 75 50 89 
130 163 5 92 191 
130 197 73 148 117 
1 99 102 48 147 
136 129 4 54 
33 19 140 159 
49 142 4 140 
64 153 185 71 
72 196 101 23 
142 19 60 6 
48 186 51 117 
196 4 127 
168 147 196 
115 36 183 
172 53 111 
9 133 22 
177 178 75 
74 189 
199 
25 
128 105 76 174 17 94 
100 169 138 82 88 28 
24 41 178 113 
9 2 140 95 
73 122 180 118 
16 43 27 5 
48 145 50 124 
191 163 119 63 
24 89 67 
1 77 191 
52 166 159 
91 77 21 
89 121 
42 13 
156 140 
188 133 
109 103 
55 
25 
136 
78 80 81 82 51 92 93 
66 173 115 54 56 152 
99 199 139 50 116 56 
47 80 15 88 27 156 
105 75 13 14 27 
33 164 119 56 93 
168 133 6 7 
176 142 187 30 
194 90 51 127 
42 166 21 102 
81 138 139 62 
59 84 102 63 
65 26 
138 44 
26 187 
8 143 83 53 22 23 89 158 
32 97 100 132 106 44 143 63 
130 74 141 19 86 90 
132 42 76 144 178 127 
34 131 134 113 26 187 
32 1 128 144 148 
128 186 179 166 
43 12 181 119 
136 161 69 87 
156 19 140 
64 175 55 
50 130 111 
42 198 78 
136 99 159 
136 76 15 
123 54 
169 106 
72 174 
193 3 68 41 75 142 176 61 
2 165 9 174 118 183 
32 163 105 171 17 
103 111 50 158 190 
130 40 44 113 18 
102 74 44 142 60 
195 71 140 174 188 
98 102 74 57 63 
27 169 170 111 59 
36 7 140 24 30 
16 113 88 172 
96 11 192 183 
33 188 61 78 
65 140 93 141 
40 42 115 155 
153 133 181 
140 142 7 
137 14 22 
56 158 46 
114 116 
178 102 
10 93 
104 174 79 149 119 122 157 62 
96 162 165 8 173 52 183 
71 40 77 19 90 93 
160 1 194 11 87 29 
165 11 111 18 20 156 
194 136 9 12 27 159 
40 73 42 117 149 92 
99 75 50 54 29 
75 83 60 30 191 
129 50 62 127 
33 100 22 135 
120 187 110 
74 147 156 
162 155 63 
158 107 46 
139 101 
72 
96 166 107 11 139 110 47 171 91 
68 134 39 79 50 114 181 156 
129 131 101 10 143 83 118 
162 2 104 177 181 186 
161 66 104 180 25 
1 169 9 77 93 
88 138 59 168 
81 109 70 55 
56 113 168 151 
83 132 125 119 
104 193 173 7 
26 99 182 14 
154 91 164 30 
136 149 168 199 
48 122 19 182 
132 162 44 
20 13 6 
128 124 63 
10 110 103 
179 126 119 
57 53 22 
51 86 
163 102 
92 157 
94 
48 
110 18 30 152 31 94 95 
194 133 135 8 138 170 95 
66 164 102 47 52 23 
32 163 168 119 156 94 
69 114 55 93 158 31 
99 35 82 151 57 
69 102 135 49 147 
66 195 37 54 159 
101 6 150 55 190 
2 196 109 110 175 
129 72 22 152 94 
126 3 118 103 
0 116 141 143 
25 178 60 39 
170 138 86 71 
89 106 189 102 
177 173 118 
120 61 6 
168 57 116 
177 52 109 
105 190 
43 196 
168 176 
86 
192 97 195 43 77 47 53 27 94 
138 12 50 84 24 
193 100 197 101 133 
81 1 196 160 
24 129 134 183 
66 188 132 61 
24 36 168 135 
41 198 126 
186 172 118 
148 36 119 
135 133 127 
104 71 
84 92 
53 
0 6 139 182 56 27 92 
103 137 10 75 47 112 146 
68 104 168 16 19 86 89 
34 100 76 144 17 52 
0 132 198 167 78 48 
33 73 176 180 118 189 
33 35 78 20 122 
68 140 181 154 189 
46 92 63 62 95 
56 90 93 111 
64 130 109 160 
112 34 141 31 
31 52 7 
137 197 86 
56 97 141 
171 84 
101 166 
81 42 
18 175 
100 198 73 55 58 
120 57 82 125 
193 18 45 102 
10 27 196 82 
115 73 19 21 
192 119 190 71 
105 123 76 
160 58 52 
130 189 134 
60 22 119 
178 172 199 
66 60 92 
147 181 22 
92 133 94 
18 83 199 
186 13 
136 83 
154 11 
174 
100 103 106 76 46 175 147 188 
174 110 112 47 183 120 
37 41 43 86 151 124 
34 58 111 186 91 
163 109 113 146 60 
2 147 164 45 
148 188 28 79 
97 146 5 119 
114 173 94 154 
199 36 111 
98 118 175 
168 157 118 
16 196 175 
81 108 143 
180 158 175 
64 45 6 
90 130 
194 36 
192 46 
112 
37 70 169 42 113 147 52 
130 67 74 170 52 153 95 
161 39 45 46 18 19 20 
35 7 146 181 54 57 
4 20 149 118 122 
142 55 155 28 191 
34 75 17 113 53 
101 9 171 17 121 
33 176 149 121 57 
108 25 100 15 
184 49 26 15 
80 184 118 143 
144 106 189 191 
195 31 14 7 
24 194 5 167 
81 37 31 
8 24 173 
120 58 103 
136 125 93 
186 172 190 
135 131 79 
80 162 
138 69 
1 163 143 146 183 31 
197 180 53 119 183 
96 160 198 13 186 
160 194 137 119 94 
5 167 105 58 27 
56 108 117 173 
17 137 177 151 
57 18 198 23 
48 188 116 29 
47 19 39 7 
152 123 45 189 
38 124 6 
153 42 52 
1 156 95 
178 4 5 
1 172 175 
163 37 165 
139 62 
66 180 
103 
194 73 148 53 21 22 157 30 
35 6 143 80 53 21 149 152 
0 65 7 168 110 23 159 
100 68 136 181 88 120 
102 174 80 147 181 188 
2 34 132 120 124 
138 109 80 156 93 
1 38 39 174 93 
42 196 4 135 
41 148 5 79 
73 98 110 135 
83 164 157 174 
117 13 79 
160 17 30 
161 68 158 
148 158 71 
105 180 151 
120 67 
99 
191 37 137 11 108 124 127 
33 195 36 58 14 26 92 
130 102 198 140 175 83 
164 143 185 156 127 
99 100 181 183 
11 20 61 133 
151 52 103 71 
33 131 181 158 
49 130 121 57 
136 129 46 
138 131 174 
124 20 183 
120 1 169 
11 12 181 
161 83 181 
73 179 
65 163 
145 185 
186 67 
13 102 
69 102 179 117 118 125 
66 73 11 178 28 
37 172 47 82 150 
5 112 182 28 30 
98 38 141 46 18 
112 57 182 22 
145 139 196 85 
82 43 133 55 
13 4 5 190 
34 171 166 71 
120 169 186 
78 171 6 
159 181 7 
164 108 86 
197 41 93 
89 187 21 
129 75 124 
40 61 192 
123 84 143 
65 106 179 
143 122 119 
113 123 132 
116 159 
128 43 
73 118 
164 20 
103 
68 5 198 108 44 48 112 155 189 
199 82 179 56 154 61 
38 138 176 53 59 
136 44 142 83 90 
100 38 105 10 149 
161 4 112 119 59 
121 106 185 135 
168 66 124 133 
57 178 100 165 
24 147 12 181 
66 31 46 23 
152 197 63 
109 102 7 
176 196 63 
32 49 165 
168 81 170 
37 70 
150 
87 
85 
34 199 136 142 178 51 58 126 
129 71 77 19 20 121 91 
65 191 133 84 183 95 
129 163 148 185 124 
34 99 103 72 44 
177 182 173 54 
122 142 62 127 
41 43 29 47 
48 9 52 136 
171 130 83 53 
0 147 119 
104 52 103 
177 108 70 
2 119 
112 175 
137 165 
184 
160 197 111 82 115 89 189 126 
5 102 168 73 180 88 61 
165 170 143 147 150 153 91 
1 196 74 13 174 63 
7 9 52 149 186 
173 145 87 152 158 
196 43 19 186 187 
176 82 153 122 187 
17 83 30 
24 1 80 
146 188 142 
104 60 167 
64 111 
68 135 168 199 16 17 82 91 
35 145 84 181 184 121 123 
195 164 5 8 77 111 17 
0 134 137 43 115 118 
64 134 173 19 53 159 
135 74 141 180 150 151 
192 135 74 138 180 
9 11 79 149 59 
162 22 151 120 191 
32 139 111 176 119 
42 190 182 159 
89 78 38 
152 186 138 
89 99 148 
74 115 175 
183 119 
9 
195 137 51 53 28 159 
2 162 100 112 116 30 
43 12 46 50 93 
197 72 168 77 54 
133 77 17 118 125 
160 121 101 134 
40 148 21 
91 5 95 
9 70 111 
177 19 172 
49 175 87 
176 2 67 
108 175 
16 
73 106 174 113 19 116 56 
39 51 19 183 90 155 
198 9 169 173 80 49 
3 14 79 117 86 31 
5 169 106 177 51 151 
195 167 138 11 176 49 
138 171 13 80 126 
163 198 144 53 120 
102 40 110 54 88 
131 8 136 60 189 
97 193 7 109 153 
96 128 171 125 
83 18 27 131 
96 100 44 127 
193 114 188 126 
74 188 94 55 
32 74 43 100 
135 19 166 7 
148 60 54 
98 3 31 
144 178 188 
121 74 154 
124 153 52 
100 55 
32 96 
192 35 167 140 122 191 
70 154 139 46 180 122 
41 76 142 19 30 63 
99 195 168 80 115 122 
99 78 53 86 59 
100 73 80 114 53 
128 33 144 21 
32 125 134 184 
58 20 134 87 
143 162 10 39 
105 187 43 45 
95 182 62 47 
121 165 38 
58 22 106 
177 70 63 
91 93 151 
99 3 172 
160 2 168 
24 48 30 
155 187 
176 98 
163 135 
193 
130 165 199 45 94 
132 98 177 20 
50 107 44 147 
8 18 28 39 
88 61 45 
129 36 125 
54 75 22 
104 153 45 
59 93 6 
176 94 
53 111 
185 134 
35 189 
160 2 
132 40 148 28 63 127 
41 112 148 86 94 
8 77 178 19 94 
164 178 24 125 127 
4 85 110 143 
110 172 44 94 
185 82 149 174 
120 173 101 159 
104 101 23 
161 91 110 
9 101 190 
115 46 39 
48 89 19 
146 37 
8 
102 115 84 53 58 124 30 
171 140 13 14 154 31 
69 172 16 83 56 31 
193 163 167 47 178 189 
111 178 83 24 89 
38 106 75 76 90 
2 136 173 48 188 
121 82 130 39 
70 98 11 14 
89 33 107 156 
0 92 37 175 
82 77 102 149 
48 44 150 
112 1 173 
21 195 13 
148 173 31 
98 61 14 
50 
178 
194 5 42 49 121 28 63 
192 6 167 172 116 122 158 
0 68 166 109 112 121 31 
192 197 7 144 114 52 
32 68 40 55 154 190 
96 196 165 106 109 112 
134 70 78 50 123 189 
35 36 174 46 121 
120 133 94 173 
97 58 148 
40 157 183 
32 9 18 
11 12 95 
186 67 
148 20 
130 91 
26 22 
1 68 78 143 83 55 61 
0 161 2 141 178 147 
4 38 113 57 90 
194 15 176 114 151 
171 13 19 87 159 
6 71 105 172 82 
16 50 20 118 125 
40 178 109 30 
88 195 60 77 
97 44 109 173 
48 152 190 183 
98 130 106 7 
190 125 174 
194 155 125 
32 50 134 
154 68 
87 47 
37 134 
184 75 
153 143 
105 131 
74 90 
3 181 
157 151 
153 
32 69 6 173 16 22 152 
102 199 138 77 173 144 
2 194 199 117 153 190 
134 166 78 110 30 127 
161 164 167 75 19 117 
137 145 88 27 159 
161 196 174 102 
194 58 187 87 
24 178 176 39 
127 102 31 
156 195 108 
24 1 195 
177 94 191 
198 29 118 
61 174 173 
59 188 
161 69 
66 4 
176 
156 
161 
162 37 108 117 22 119 120 30 
67 13 145 117 190 94 
193 66 133 44 53 149 
0 101 146 86 60 31 
9 137 75 138 110 147 
165 42 140 12 14 53 
195 37 74 174 112 180 
35 36 131 102 119 187 
160 3 73 86 89 
131 195 44 86 153 
32 132 15 118 26 
126 109 30 63 
67 37 157 183 
49 177 174 102 
81 73 188 
56 41 83 
73 185 108 
64 186 5 
77 37 111 
99 149 
182 79 
81 91 
0 148 
115 140 
88 162 
56 153 
68 199 8 40 14 89 30 
199 71 46 144 187 
198 174 55 25 159 
128 6 72 114 119 
191 100 140 151 159 
17 170 22 103 
187 92 117 142 
112 137 146 179 
122 28 29 30 
112 187 173 103 
188 173 31 
154 166 94 
56 135 103 
50 114 127 
178 125 93 
109 134 
145 183 
168 67 
190 
0 5 107 47 15 112 126 30 
96 4 133 198 135 146 126 63 
99 103 49 177 22 186 31 
197 70 144 188 148 56 92 
132 166 103 48 151 59 62 
129 34 75 171 112 121 
99 136 142 182 58 124 
131 75 44 87 191 
99 142 151 185 28 
96 129 49 150 185 
163 3 139 175 116 
33 71 9 92 95 
49 133 149 55 
104 180 158 7 
194 154 109 14 
178 126 14 
2 190 7 
169 121 99 
91 163 191 
128 
136 43 143 23 185 191 
161 45 80 18 88 159 
34 163 154 41 90 
37 39 24 123 158 
67 52 157 14 
134 1 11 17 
67 4 139 92 
16 2 154 31 
48 180 29 192 
116 199 111 39 
184 147 61 103 
49 177 20 
153 154 70 
59 164 45 
91 43 166 
64 41 
153 150 
134 
128 193 40 137 74 13 51 
100 103 142 117 153 187 
165 135 72 109 54 
163 10 47 49 185 
69 24 58 156 191 
67 133 13 81 113 
140 141 149 54 126 
144 17 113 176 150 
160 73 137 177 60 
131 74 112 153 159 
115 33 162 11 
96 4 160 15 
48 182 13 176 
25 91 12 119 
104 197 77 189 
160 36 21 191 
53 19 45 127 
58 59 52 
152 42 92 
174 175 
0 140 
89 
65 34 105 108 45 112 190 
32 99 42 121 93 62 
96 195 102 145 117 123 
33 66 165 146 95 
88 34 91 108 
116 57 172 108 
16 65 137 178 
113 108 157 134 
136 100 174 38 
89 33 67 161 
48 115 147 109 
51 116 55 
50 83 61 
33 177 109 
172 84 183 
40 17 151 
154 30 
196 150 
192 110 
9 179 
160 182 
154 22 
93 62 
68 
129 4 74 113 83 153 31 
162 7 118 119 58 
8 9 176 18 181 
98 199 7 73 55 
49 180 121 47 
153 35 124 86 
65 138 35 164 
137 115 141 
177 83 38 
40 26 197 
169 163 15 
196 45 151 
56 108 
154 15 
99 179 
104 196 
96 15 
6 
125 
3 72 107 44 85 21 150 91 
194 99 9 77 18 118 156 
166 89 187 188 189 31 
199 72 105 13 185 159 
166 104 42 79 48 
131 138 107 12 13 
104 9 46 189 94 
97 168 77 186 93 
105 83 180 187 
69 44 61 154 
50 147 174 154 
176 11 62 23 
135 58 115 7 
65 181 30 86 
160 191 55 
136 183 55 
0 2 14 
0 97 87 
81 41 69 
153 178 
121 140 
60 118 
49 147 
101 103 40 43 45 110 87 
4 198 168 108 126 95 
160 69 199 105 143 118 
135 137 20 84 119 
134 175 112 152 189 
96 193 42 132 
56 155 103 55 
161 17 51 15 
120 18 142 103 
1 37 14 133 
152 105 115 94 
155 28 133 
185 107 47 
17 109 37 
58 68 62 
51 7 
74 198 
152 145 
24 
97 
162 
4 102 167 82 51 157 29 
168 108 174 78 144 183 185 
4 196 71 40 44 78 25 
129 70 45 143 113 155 
132 197 111 18 22 
169 48 24 59 120 
128 161 35 78 115 
34 165 167 77 91 
167 103 105 188 159 
72 148 60 117 
32 51 19 5 
140 100 126 135 
72 152 124 29 
160 49 50 145 
26 196 191 
25 117 158 
175 11 7 
16 157 118 
154 67 76 
129 148 23 
74 35 
131 54 
64 
134 
55 
39 167 137 10 168 18 84 180 
97 34 141 82 115 85 121 94 
195 68 144 146 189 152 157 
97 100 141 175 28 
0 8 107 92 126 
104 137 124 93 94 
35 142 50 119 157 
40 10 4 44 
112 65 147 70 
101 196 92 77 
192 122 187 119 
136 115 68 
64 81 21 
25 161 121 
112 41 125 
160 45 103 
28 62 127 
129 140 
25 28 
33 61 
162 
129 36 133 154 20 122 124 158 
104 42 173 15 113 54 183 
32 192 101 16 89 157 
0 70 199 148 184 30 
128 99 101 37 166 122 
136 169 185 124 31 
7 108 44 114 155 
96 10 163 21 
25 146 188 132 
40 110 112 70 
169 53 62 191 
32 129 116 110 
169 74 134 30 
143 178 38 15 
104 180 94 127 
128 105 138 199 
145 85 5 119 
146 12 85 
40 9 195 
43 19 49 
88 117 159 
128 58 115 
37 35 29 
48 177 22 
64 84 
16 199 
56 194 
97 
98 36 101 7 186 75 45 141 179 117 56 90 190 
160 130 39 7 106 115 57 
1 163 105 15 189 62 31 
166 103 81 147 184 185 62 
32 195 6 9 59 
33 48 20 52 159 
130 134 7 14 48 
130 70 199 23 124 
67 103 174 178 181 
132 154 36 71 
1 36 54 76 
89 199 133 151 
40 139 110 
77 69 79 
97 194 7 
99 124 
65 66 
130 37 14 142 114 83 84 122 
32 96 133 102 166 107 51 
130 3 171 177 20 87 
35 163 70 111 181 28 
135 11 110 54 119 93 
198 137 179 29 159 
1 33 136 168 50 
130 45 176 179 52 
197 70 179 120 126 
58 43 114 138 
17 154 108 37 
136 66 160 95 
136 1 195 30 
113 55 31 
96 163 118 
131 31 7 
152 63 
64 191 
136 173 
14 15 
81 37 
179 103 
168 
191 38 166 8 40 144 62 31 
38 168 174 111 177 90 61 31 
160 75 79 112 117 184 154 
1 194 164 199 82 59 157 
99 137 170 56 27 62 
71 43 145 50 148 28 
96 161 195 145 149 124 
73 107 139 172 48 116 
199 42 74 14 19 
108 67 100 141 
183 106 125 23 
72 1 113 
187 84 78 
137 165 142 
24 12 175 
18 26 155 
29 166 
160 34 
174 38 
35 189 
6 170 44 112 81 20 
195 173 92 82 156 95 
5 170 13 174 47 125 
139 173 85 21 152 154 
73 42 105 25 191 
129 80 181 119 157 
96 66 131 107 91 
65 103 82 114 25 
97 199 44 112 63 
128 199 46 84 150 
64 1 101 38 78 
145 76 193 86 
138 115 165 154 
80 173 94 7 
72 2 27 188 
137 42 3 63 
50 35 148 111 
89 10 92 78 
32 129 13 
25 145 197 
72 187 5 
136 147 92 
64 162 94 
40 12 
25 196 
195 
128 131 4 167 9 50 147 88 
64 99 169 16 51 52 188 
68 105 139 144 185 186 158 
197 136 106 141 144 152 
3 197 14 47 154 61 
194 117 150 87 56 60 
133 47 16 149 59 
176 151 157 190 159 
198 70 72 78 114 
131 110 48 89 27 
129 194 93 166 
74 19 94 167 
16 58 59 93 
40 48 88 66 
16 172 20 
135 21 47 
64 181 
168 
56 
3 68 37 137 109 150 56 58 27 
11 143 149 23 88 62 
38 135 43 11 152 189 
161 104 75 14 89 93 
97 67 142 149 121 127 
68 169 13 53 62 94 
153 101 77 61 
40 34 21 38 
8 185 20 176 
176 52 174 126 
120 98 100 
73 155 15 
169 126 94 
106 51 53 
105 178 20 
17 116 181 
19 22 
24 93 
192 75 140 179 151 185 186 62 
97 68 132 78 15 
35 5 7 75 63 
0 193 103 182 151 
66 108 77 176 115 
151 83 117 87 
152 99 190 118 
80 193 37 133 
121 10 68 77 
41 129 141 130 
168 185 29 39 
89 108 117 
1 76 143 
112 36 173 
16 4 
161 42 
178 70 
25 138 
1 33 108 112 178 181 152 89 
70 42 44 14 78 87 188 
73 137 175 53 87 126 
162 195 149 62 60 126 
67 134 17 126 190 
196 155 84 186 59 
35 6 199 39 189 
16 73 4 52 
81 17 78 95 
197 57 157 
114 61 134 
57 188 79 
178 83 68 
116 91 28 
28 173 135 
138 123 
74 107 
85 31 
118 
39 8 76 144 21 31 
36 133 38 40 170 92 
129 45 175 116 21 61 
6 74 47 55 152 93 
2 131 47 51 54 89 
174 118 55 120 191 
163 172 50 57 155 
68 172 116 55 62 
9 134 76 14 
185 115 52 47 
56 194 190 103 
65 123 141 191 
151 194 27 47 
42 12 130 
2 58 5 
34 125 130 
128 86 47 
171 5 
64 115 
32 138 
168 170 
112 114 
134 135 
68 166 
96 
4 68 136 140 174 50 
70 168 175 120 59 31 
65 104 41 82 149 92 
135 138 17 178 188 
98 168 109 150 25 
99 118 153 187 190 
162 77 46 114 122 
101 134 82 123 159 
16 158 117 38 
64 26 72 173 
48 146 44 71 
169 107 181 199 
160 198 184 
195 108 143 
40 34 143 
9 110 70 
73 50 94 
11 155 85 
49 10 
3 
66 132 73 116 52 22 122 
97 3 105 150 182 27 31 
160 139 77 45 116 127 
196 165 183 88 184 
128 2 13 180 85 
35 163 13 85 27 
32 75 17 88 187 
74 45 50 55 59 
184 107 165 102 
168 193 12 
9 171 173 
0 186 90 
122 165 71 
130 46 
153 163 
180 132 
111 
33 130 131 9 50 24 156 157 
96 99 132 40 136 169 
128 33 199 8 157 29 
100 10 43 151 88 188 
129 194 101 181 54 121 
1 33 163 74 171 92 
193 39 72 170 124 
135 104 74 108 27 
102 145 181 150 26 
4 16 52 23 185 
168 60 53 22 
136 177 107 92 
29 52 13 149 
135 42 160 47 
184 98 134 
98 69 6 
24 53 158 
88 60 63 
93 
195 
0 3 197 46 180 150 27 
131 169 145 51 151 31 
129 138 75 145 50 23 
64 68 71 141 187 31 
115 36 5 87 
8 81 108 156 
183 2 46 119 
194 190 5 126 
17 90 131 134 
136 107 173 119 
10 173 95 15 
177 58 155 28 
16 162 66 177 
80 166 184 
170 50 165 
60 79 39 
72 79 7 
16 38 
168 102 
96 111 
140 111 
143 
192 66 164 76 109 112 51 87 
32 129 161 10 119 151 
103 81 57 58 91 61 
178 51 117 22 152 
49 170 92 37 
167 181 95 87 
193 13 86 55 
32 143 45 15 
168 90 108 39 
162 28 53 119 
73 2 116 
196 156 117 
32 57 148 
104 98 12 
26 84 69 
58 140 62 
27 100 
54 159 
28 126 
59 
4 134 43 112 116 85 149 181 185 127 95 
192 196 70 198 74 170 48 117 127 
0 131 4 146 117 22 149 58 
97 90 8 72 88 26 
64 45 81 115 116 85 
195 164 134 150 92 
168 41 53 113 
136 140 36 193 
177 102 93 86 
170 68 71 39 
170 115 164 5 
64 35 196 199 
42 20 28 126 
131 111 127 71 
104 41 173 97 
121 106 20 79 
122 61 130 
88 185 189 
41 150 79 
102 22 127 
17 74 85 
176 51 
165 102 
47 
33 
128 160 194 103 15 83 51 157 
66 133 137 156 50 20 92 
97 164 39 138 171 49 
1 129 103 21 186 
33 2 194 103 191 
165 199 71 53 57 
37 110 146 147 20 
113 43 45 38 
96 9 144 85 
1 35 92 173 
27 11 120 7 
94 191 46 183 
83 59 52 22 
56 25 144 73 
112 27 69 
162 154 126 
131 69 175 
56 132 52 
121 126 
193 93 
178 179 
194 148 
77 199 
146 171 
110 
122 
1 5 44 140 14 18 119 91 63 
198 136 169 47 150 60 
102 40 144 23 191 
8 23 21 87 185 
192 11 80 187 157 
81 122 140 5 
17 138 30 105 
56 113 107 60 
18 108 133 14 
13 142 167 
10 35 28 
124 125 87 
153 185 108 
98 108 69 
144 141 143 
94 55 
144 62 
163 17 178 156 188 28 190 
3 165 137 74 115 119 125 
15 53 120 152 62 31 
197 178 52 53 84 87 
100 16 147 181 57 
139 112 84 152 95 
7 141 81 184 126 
2 133 79 115 117 
186 195 21 199 
64 81 89 167 
16 35 131 173 
8 50 156 77 
128 74 140 90 
78 20 38 135 
122 131 54 143 
16 18 119 
136 34 35 
152 28 14 
24 149 184 
115 133 
16 162 
65 71 
