200 2000
1 1 1 1 1 1 1 1 1 1 1 1 1 1 1 1 1 1 1 1 1 1 1 1 2 2 2 2 2 2 2 2 2 2 2 2 2 2 2 2 2 2 2 2 2 2 2 2 2 2 2 2 3 3 3 3 3 3 3 3 3 3 3 3 3 3 3 3 3 3 3 3 3 3 4 4 4 4 4 4 4 4 4 4 4 4 4 4 4 4 4 5 5 5 5 5 5 5 5 5 5 5 5 6 6 6 6 6 6 6 6 6 6 6 6 6 6 6 6 6 6 6 6 6 6 6 6 6 7 7 7 7 7 7 7 7 7 7 7 7 7 7 7 7 7 7 7 7 7 7 7 7 8 8 8 8 8 8 8 8 8 8 8 8 8 8 8 8 8 8 8 8 8 8 8 8 8 9 9 9 9 9 9 9 9 9 9 9 9 9 9 9 9 9 9 9 9 9 9 9 9 9 9 9 9 9 10 10 10 10 10 10 10 10 10 10 10 10 10 10 10 11 11 11 11 11 11 11 11 11 11 11 11 11 11 11 11 11 11 11 11 11 11 11 11 12 12 12 12 12 12 12 12 12 12 12 12 12 12 12 12 12 12 12 12 13 13 13 13 13 13 13 13 13 13 13 13 13 13 13 13 13 13 13 13 13 13 14 14 14 14 14 14 14 14 14 14 14 14 14 14 15 15 15 15 15 15 15 15 15 15 15 15 15 15 15 15 15 15 15 16 16 16 16 16 16 16 16 16 16 16 16 17 17 17 17 17 17 17 17 17 18 18 18 18 18 18 18 18 18 18 18 18 19 19 19 19 19 19 19 19 19 19 19 20 20 20 20 20 20 20 20 20 20 20 20 20 20 20 20 20 20 20 20 20 20 20 20 20 21 21 21 21 21 21 21 21 21 21 21 21 21 22 22 22 22 22 22 22 22 22 22 22 22 22 22 22 22 22 22 22 22 22 22 22 22 23 23 23 23 23 23 23 23 23 23 23 23 23 23 23 23 23 23 23 24 24 24 24 24 24 24 24 24 24 24 24 24 24 24 24 24 25 25 25 25 25 25 25 25 25 25 25 25 25 25 25 26 26 26 26 26 26 26 26 26 26 26 26 26 26 26 26 27 27 27 27 27 27 27 27 27 27 27 27 27 27 27 27 27 27 27 27 27 27 28 28 28 28 28 28 28 28 28 28 28 28 28 28 28 28 28 29 29 29 29 29 29 29 29 29 29 29 29 29 29 29 29 29 29 29 29 29 29 29 29 30 30 30 30 30 30 30 30 30 30 30 30 30 30 31 31 31 31 31 31 31 31 31 31 31 31 31 31 31 31 31 31 31 32 32 32 32 32 32 32 32 32 32 32 32 32 32 32 32 32 33 33 33 33 33 33 33 33 33 33 33 33 33 33 33 34 34 34 34 34 34 34 34 34 34 34 34 34 34 34 34 35 35 35 35 35 35 35 35 35 36 36 36 36 36 36 36 36 36 36 36 36 36 36 36 36 36 36 36 37 37 37 37 37 37 37 37 37 37 37 37 37 37 37 37 37 37 37 37 37 37 37 38 38 38 38 38 38 38 38 38 38 38 38 38 38 38 38 38 38 38 38 38 38 38 38 38 38 39 39 39 39 39 39 39 39 39 39 39 39 39 39 39 39 39 39 40 40 40 40 40 40 40 40 40 40 40 40 40 40 40 41 41 41 41 41 41 41 41 41 41 41 41 41 41 41 41 41 41 41 41 41 41 41 41 42 42 42 42 42 42 42 42 42 42 42 42 42 42 42 42 42 42 42 42 42 42 42 43 43 43 43 43 43 43 43 43 43 43 43 43 43 43 43 43 43 43 43 43 43 44 44 44 44 44 44 44 44 44 44 44 44 44 44 44 44 44 44 44 44 44 44 44 45 45 45 45 45 45 45 45 45 45 45 45 45 45 45 45 45 45 45 45 45 45 45 45 46 46 46 46 46 46 46 46 46 46 46 46 46 46 46 46 46 46 46 46 46 47 47 47 47 47 47 47 47 47 47 47 47 47 47 47 47 47 47 47 47 47 47 47 47 47 47 48 48 48 48 48 48 48 48 48 48 48 48 48 48 48 48 48 48 48 48 48 49 49 49 49 49 49 49 49 49 49 49 49 49 49 49 49 49 49 49 49 49 49 49 50 50 50 50 50 50 50 50 50 50 50 50 50 50 50 50 50 51 51 51 51 51 51 51 51 51 51 51 51 51 51 51 51 51 51 51 52 52 52 52 52 52 52 52 52 52 52 52 52 52 52 52 52 52 52 52 52 52 52 52 52 52 52 52 52 53 53 53 53 53 53 53 53 53 53 53 53 53 53 53 53 53 53 53 53 53 53 53 54 54 54 54 54 54 54 54 54 54 54 54 55 55 55 55 55 55 55 55 55 55 55 55 56 56 56 56 56 56 56 56 56 56 56 56 56 56 56 56 56 56 56 56 56 56 56 56 56 56 56 57 57 57 57 57 57 57 57 57 57 57 57 57 57 57 57 57 57 57 57 57 58 58 58 58 58 58 58 58 58 58 58 58 58 58 58 58 58 58 58 58 58 58 58 58 58 59 59 59 59 59 59 59 59 59 59 59 59 59 59 59 59 59 60 60 60 60 60 60 60 60 60 60 60 60 60 60 60 60 60 60 60 60 60 60 60 60 61 61 61 61 61 61 61 61 61 61 61 61 61 61 61 61 61 61 61 61 62 62 62 62 62 62 62 62 62 62 62 62 62 62 62 62 62 62 62 62 62 62 62 62 62 63 63 63 63 63 63 63 63 63 63 63 63 63 63 63 63 63 63 63 63 64 64 64 64 64 64 64 64 64 64 64 64 64 64 64 64 65 65 65 65 65 65 65 65 65 65 65 65 65 65 65 65 65 65 65 65 65 65 65 65 66 66 66 66 66 66 66 66 66 66 66 66 66 66 66 66 67 67 67 67 67 67 67 67 67 67 67 67 67 67 67 67 68 68 68 68 68 68 68 68 68 68 68 68 68 68 68 68 68 68 68 69 69 69 69 69 69 69 69 69 69 69 69 69 69 69 69 69 69 69 70 70 70 70 70 70 70 70 70 70 70 70 70 70 70 70 70 70 71 71 71 71 71 71 71 71 71 71 71 71 71 71 71 71 71 71 71 71 71 71 71 72 72 72 72 72 72 72 72 72 72 72 72 72 72 72 72 72 72 72 73 73 73 73 73 73 73 73 73 73 73 73 73 73 73 73 73 73 73 73 73 74 74 74 74 74 74 74 74 74 74 74 74 74 74 75 75 75 75 75 75 75 75 75 75 75 75 75 75 75 76 76 76 76 76 76 76 76 76 76 76 76 76 76 76 76 76 76 76 76 77 77 77 77 77 77 77 77 77 77 77 77 77 77 77 77 77 77 77 77 77 77 77 77 77 77 77 78 78 78 78 78 78 78 78 78 78 78 78 78 78 78 78 78 78 78 78 78 78 78 78 78 78 78 78 79 79 79 79 79 79 79 79 80 80 80 80 80 80 80 80 80 80 80 80 80 80 80 80 81 81 81 81 81 81 81 81 81 81 81 81 81 81 81 81 81 81 81 81 81 81 81 82 82 82 82 82 82 82 82 82 82 82 82 82 82 82 83 83 83 83 83 83 83 83 83 83 83 83 83 83 83 83 83 83 83 84 84 84 84 84 84 84 84 84 84 84 84 84 84 84 84 84 84 84 85 85 85 85 85 85 85 85 85 85 85 85 85 85 85 85 85 85 85 85 85 86 86 86 86 86 86 86 86 86 86 86 86 86 86 86 86 86 86 86 86 86 86 86 86 87 87 87 87 87 87 87 87 87 87 87 87 87 87 87 87 87 87 87 87 87 88 88 88 88 88 88 88 88 88 88 88 88 88 88 88 88 88 88 88 88 88 88 88 88 88 88 89 89 89 89 89 89 89 89 89 89 89 89 89 89 89 89 89 90 90 90 90 90 90 90 90 90 90 90 90 90 90 90 90 90 90 91 91 91 91 91 91 91 91 91 91 91 91 91 91 91 91 91 91 91 91 91 91 91 91 92 92 92 92 92 92 92 92 92 92 92 92 92 92 92 92 92 92 92 92 92 92 92 92 92 92 92 93 93 93 93 93 93 93 93 93 93 93 93 93 93 93 93 93 93 94 94 94 94 94 94 94 94 94 94 94 94 94 94 94 94 94 94 94 94 94 94 94 94 94 95 95 95 95 95 95 95 95 95 95 95 95 95 95 95 95 95 95 95 95 95 95 95 95 96 96 96 96 96 96 96 96 96 96 96 96 96 96 96 96 96 96 96 96 96 96 96 96 96 96 96 96 97 97 97 97 97 97 97 97 97 97 97 97 97 97 97 97 97 97 98 98 98 98 98 98 98 98 98 98 98 98 98 98 98 98 98 98 98 98 98 98 99 99 99 99 99 99 99 99 99 99 99 99 99 99 99 99 99 99 99 100 100 100 100 100 100 100 100 100 100 100 100 100 100 100 100 100 100 100 100 100 100 100 100 100 100 100 100 
192 1 98 161 195 105 79 16 178 125 
68 101 44 142 48 81 19 155 60 
33 5 13 115 125 
40 62 54 63 
175 117 78 135 
123 83 92 63 
41 129 121 7 
72 115 53 70 
151 137 191 111 
160 107 189 
17 82 113 
120 138 173 
66 83 77 
187 125 79 
185 178 15 
192 107 5 
0 194 12 
186 180 164 
195 39 
105 186 
117 198 
30 7 
148 143 
190 
163 36 11 17 115 86 119 
1 4 167 113 58 92 95 
65 36 134 170 45 180 124 
96 6 39 12 110 121 
14 82 180 53 157 159 
142 18 115 57 92 
131 167 44 82 90 
57 169 76 133 
104 154 157 63 
158 28 5 78 
152 34 190 142 
169 35 166 14 
0 114 28 128 
193 108 173 150 
26 67 106 154 
41 26 3 110 
112 179 30 
176 87 15 
104 13 149 
72 116 119 
184 21 181 
161 155 70 
70 23 
92 78 
168 169 
82 118 
107 78 
64 177 
106 16 117 185 154 63 
104 109 174 46 177 156 
0 164 165 138 55 
128 99 6 135 140 
1 100 119 125 94 
193 126 79 55 
170 155 37 47 
57 147 196 93 
89 42 134 183 
16 91 182 142 
156 34 44 69 
88 145 19 13 
64 109 54 141 
184 65 3 
112 134 38 
122 76 146 
10 171 190 
88 75 135 
153 102 55 
153 181 
179 47 
109 
163 196 37 107 78 182 62 
38 137 76 141 55 27 92 
4 136 43 157 187 29 95 
64 47 81 179 182 26 
67 168 84 121 124 62 
131 197 42 52 118 
129 1 67 50 153 
107 121 11 76 
57 145 196 86 
144 197 163 187 
9 27 6 
155 148 23 
40 100 37 
73 182 78 
125 182 
79 
2 
193 99 132 101 88 26 91 
64 12 175 90 125 63 
198 7 86 190 95 
97 17 180 84 127 
34 104 77 176 55 
144 37 7 
120 169 68 
120 139 147 
2 140 173 
107 93 53 
168 10 
128 45 
66 73 105 79 48 53 22 
98 3 130 46 14 80 
194 102 106 109 115 27 
32 195 8 144 116 189 
75 48 151 26 61 
98 169 138 140 81 
34 131 40 26 156 
3 106 43 17 113 
199 22 186 126 127 
163 4 199 77 62 
131 115 182 86 185 
146 45 118 167 
168 18 29 87 
8 196 93 174 
1 30 49 
84 30 15 
116 98 28 
144 18 157 
72 195 20 
129 122 19 
148 71 47 
176 90 5 
163 164 198 
156 15 
53 
2 3 166 9 10 148 120 121 154 152 
14 18 22 151 56 186 123 60 
71 141 176 87 24 90 127 
67 110 143 187 60 63 
4 52 21 86 22 119 
35 4 163 73 30 
32 52 26 93 63 
194 131 150 120 189 
161 131 52 153 27 
106 50 20 152 190 
194 138 51 191 
155 69 22 119 
120 42 76 136 
104 159 191 31 
81 129 91 111 
41 11 171 
193 124 95 
170 98 100 
84 5 
88 66 
80 88 
88 55 
176 84 
69 
192 161 68 176 19 85 21 87 24 121 
161 3 166 45 82 52 27 
39 168 115 51 86 61 
6 39 117 189 92 93 
168 106 173 181 25 90 
14 81 61 87 125 
99 108 14 149 153 
88 177 132 103 
32 153 42 177 
137 83 77 173 
40 10 125 87 
33 146 83 45 
193 142 76 94 
161 59 54 
68 21 94 
106 37 183 
167 78 159 
89 81 147 
29 37 21 
73 195 93 
52 182 
124 30 
156 87 
186 58 
130 118 
39 158 41 188 185 91 124 94 
34 36 166 8 168 174 122 
134 172 81 88 121 126 
36 40 105 143 119 154 
162 164 144 184 62 
129 105 14 82 120 
172 21 30 63 
10 19 156 79 
178 66 123 175 
0 74 11 167 
136 60 37 63 
59 131 195 15 
148 2 123 100 
16 164 107 139 
110 60 14 92 
145 124 166 63 
162 106 139 172 
128 159 130 71 
96 37 6 
16 40 7 
65 149 190 
113 90 188 
157 126 55 
11 124 173 
175 135 
115 46 
169 146 
163 76 
24 152 
0 66 145 177 52 150 87 
75 110 14 183 122 
80 60 77 165 
172 69 38 127 
136 129 196 86 
72 43 4 110 
32 177 44 136 
144 2 90 
160 106 11 
134 190 110 
156 100 55 
152 161 118 
68 85 
186 115 
188 
186 145 188 118 23 184 58 92 158 
195 43 83 20 24 155 152 
128 106 141 173 15 91 125 
132 46 177 146 52 157 
41 77 81 53 86 117 
98 135 144 145 51 187 
67 166 168 85 118 182 
0 140 120 186 124 127 
3 72 9 46 29 
167 71 44 149 87 
2 197 30 23 
176 177 141 102 
10 195 100 87 
64 76 5 160 
80 81 129 136 
170 186 42 109 
82 100 93 198 
195 149 157 127 
152 53 110 
128 152 78 
192 123 198 
106 91 85 
160 
122 
32 4 142 81 183 186 189 
103 71 173 59 124 
137 11 142 87 183 
194 164 168 114 152 
193 34 155 36 
2 147 189 70 
137 50 94 130 
48 146 198 174 
191 35 143 
145 138 157 
106 172 54 
147 180 47 
24 180 198 
129 26 180 
74 20 102 
177 39 
147 55 
179 60 
97 115 
89 
69 9 10 140 79 56 123 
136 172 174 117 118 190 
32 96 15 87 27 126 
161 168 11 144 146 91 
70 105 173 57 29 159 
34 194 88 186 187 158 
162 67 13 82 117 
194 163 118 183 156 
59 92 187 31 
193 83 53 45 
10 37 150 79 
109 115 188 93 
146 171 77 6 
80 81 87 
66 83 14 
194 69 166 
74 28 30 
18 188 
139 116 
158 110 
178 156 
124 
194 170 42 45 119 60 
162 36 172 79 178 125 
145 83 100 165 
107 2 99 34 
33 161 20 165 
72 74 133 46 
94 50 129 22 
34 140 61 134 
104 41 115 12 
24 75 197 
136 132 5 
158 126 
160 
191 
71 104 142 175 82 121 26 
96 108 53 86 88 124 
140 46 78 145 91 30 
160 8 177 86 157 
162 2 100 181 153 
0 166 13 46 150 
41 175 79 24 61 
137 90 147 130 
152 188 76 159 
184 105 18 161 
183 58 11 55 
151 89 12 143 
179 84 158 
120 33 114 
84 165 190 
72 105 155 
186 196 52 
84 167 
0 101 
97 2 172 112 180 25 94 
169 75 175 147 92 125 
131 13 110 19 54 89 
71 72 107 19 148 
165 37 15 17 150 
184 1 164 189 
196 53 173 
138 140 174 
120 132 182 
162 50 
112 17 
117 13 
160 33 82 120 121 157 
196 15 23 91 29 
72 74 107 172 27 
112 97 139 100 
40 2 15 
159 172 79 
162 86 87 
170 90 
56 171 
66 194 4 8 42 111 115 125 
69 5 9 108 109 19 60 
195 73 50 22 55 25 156 
2 68 134 11 50 187 124 
1 198 168 13 46 61 
75 109 115 150 151 88 
35 109 112 149 126 
8 105 177 184 61 
160 37 6 47 
88 12 13 
175 189 103 
122 52 118 
25 90 99 124 
75 133 22 159 
0 182 198 14 
0 25 155 22 
159 42 98 47 
1 52 156 
186 124 198 
53 21 
19 140 
10 
149 
137 171 141 179 148 55 56 92 
133 40 107 142 143 123 30 
131 71 108 12 88 120 
34 194 177 53 24 189 
12 143 80 114 150 157 
194 11 147 181 154 
163 104 53 181 27 
44 45 85 186 187 
192 194 155 126 191 
70 153 85 54 
49 119 105 23 
112 12 14 103 
106 188 13 190 
24 33 4 38 
74 53 46 23 
67 52 163 110 
64 74 14 
35 3 165 
112 186 26 
56 64 79 
120 141 
168 60 
172 156 
84 
46 
129 194 101 8 42 171 124 
0 43 173 20 27 
196 101 102 179 124 
152 12 20 189 
169 26 75 86 
16 56 188 31 
97 52 78 
164 157 95 
126 75 38 
88 2 
25 194 
3 172 
38 
0 133 166 73 145 84 25 31 
67 196 41 174 26 188 29 
134 198 43 109 142 92 
197 9 114 150 93 127 
4 104 41 87 26 61 
1 130 71 113 116 87 
135 9 76 152 153 186 
65 1 134 141 80 50 
153 79 113 57 92 
34 16 182 154 127 
64 133 112 152 95 
103 105 17 147 31 
154 166 197 150 
80 90 60 141 
10 171 74 110 
16 49 48 127 
16 146 72 144 
42 199 4 103 
193 194 179 
129 70 167 
72 29 5 
9 42 25 
116 79 
92 
194 35 36 199 73 148 87 188 95 
74 174 177 181 58 156 158 
161 102 21 87 60 125 
169 105 53 21 87 
121 15 57 60 94 
66 69 102 6 58 
100 15 17 149 86 
66 72 92 126 31 
114 155 116 119 
40 161 170 93 
90 179 154 
129 153 195 
60 95 68 
132 76 166 
154 11 
64 192 
154 12 
146 
52 
106 11 14 117 152 29 
165 103 111 15 149 
74 116 52 22 121 
178 115 21 25 90 
16 162 10 12 
101 182 85 102 
186 76 70 159 
145 58 52 66 
49 53 191 119 
17 195 165 190 
17 108 126 
40 80 37 
96 97 95 
106 110 159 
32 20 
182 47 
40 
32 34 194 138 85 89 92 29 
1 42 138 14 48 177 61 
4 148 120 156 157 
3 168 180 26 159 
103 138 139 173 53 
192 165 134 71 
40 145 109 95 
192 122 123 62 
44 87 31 
168 33 6 
65 20 191 
154 131 
193 195 
112 7 
104 183 
34 185 12 177 88 25 27 61 
65 165 170 107 118 23 57 190 
128 131 112 85 24 89 88 
128 165 43 110 143 182 186 
38 141 83 117 53 120 
11 108 18 87 124 
186 18 4 173 
187 12 93 133 
16 155 151 
27 19 110 
133 150 15 
104 150 127 
56 42 
126 110 
106 67 
145 
7 9 82 83 115 120 153 59 31 
193 72 80 82 86 93 
34 98 132 18 153 61 
164 198 74 114 92 125 
35 115 19 118 63 
100 37 172 173 159 
39 104 107 52 63 
199 7 144 49 86 
16 51 141 79 
159 184 166 95 
107 173 5 151 
160 11 139 175 
178 155 182 183 
48 113 90 3 
25 194 155 
164 44 110 
196 85 6 
18 70 7 
8 82 53 
165 31 
8 176 
187 
102 73 110 80 20 118 61 
160 71 108 78 157 94 
163 77 120 156 191 
170 50 54 119 24 
123 108 148 155 93 
96 101 38 119 
128 65 60 61 
17 195 174 151 
40 121 146 95 
112 107 5 151 
115 19 135 
61 94 71 
136 197 198 
37 46 31 
2 53 98 
162 83 
170 
67 4 68 104 105 43 21 124 158 
98 101 39 41 45 14 81 
5 39 41 19 116 188 125 
195 81 49 51 152 186 
2 8 75 141 145 94 
160 99 163 112 123 
165 38 81 50 25 
65 132 167 119 88 
164 68 181 55 28 
41 137 107 177 30 
135 173 84 60 29 
34 198 14 91 158 
89 57 123 195 
140 180 52 77 
41 98 36 44 
114 131 76 134 
40 88 4 101 
105 126 94 
57 139 151 
151 66 71 
104 97 105 
97 11 
146 
114 
32 65 198 199 48 149 88 
0 34 166 168 46 186 189 
0 98 164 166 137 106 61 
160 1 98 165 13 31 63 
193 98 135 137 110 148 
3 165 84 124 159 
174 69 134 39 
105 194 115 47 
9 190 113 
192 194 126 
177 131 174 
106 195 166 
16 123 
76 39 
135 78 46 82 183 121 93 
129 33 171 17 119 184 29 
71 139 44 14 149 122 124 
2 6 136 138 108 78 
3 195 23 155 95 
111 145 179 88 28 
101 70 8 9 29 
112 99 36 133 
178 34 158 150 
64 195 117 134 
42 52 149 174 
137 124 191 
8 88 60 
137 114 69 
105 36 47 
191 42 79 
9 71 
128 
142 
0 192 34 164 197 146 62 
96 98 172 113 147 53 
33 43 139 111 
177 122 11 116 
73 26 59 198 
120 123 174 78 
64 17 60 55 
74 69 78 98 
59 133 87 63 
24 75 168 192 
97 146 43 
169 12 95 
161 174 79 
81 85 69 
49 132 
151 
156 
97 163 164 133 8 44 145 148 58 
99 185 41 43 78 121 
159 147 84 122 191 
72 138 17 146 88 
112 145 53 58 124 
80 183 182 103 
98 11 76 101 
169 114 76 126 
96 142 6 47 
136 125 37 
59 3 101 
120 29 30 
5 95 
185 93 
76 53 
64 133 141 113 19 20 85 126 
64 196 105 137 107 181 62 
4 39 46 177 185 58 61 
192 70 71 44 79 
194 166 135 54 154 
57 170 163 140 
104 155 53 189 
34 187 93 47 
106 108 79 
161 181 199 
70 99 46 
56 107 
88 173 
145 131 
185 163 
126 
6 103 13 80 84 22 152 91 
162 167 168 78 49 153 91 63 
73 108 143 150 155 189 
96 10 147 189 31 
160 36 183 
152 26 116 
193 132 165 
58 31 
187 173 
165 39 8 10 170 12 116 184 
129 166 108 179 52 57 90 
98 36 7 42 43 149 
100 137 144 178 148 86 
160 67 115 123 191 
162 20 189 93 94 
96 4 133 30 
40 169 26 110 
49 107 193 55 
57 196 4 
58 108 54 
48 175 127 
117 70 143 
1 108 97 
49 74 75 
58 98 7 
75 13 110 
94 151 
69 190 
96 34 6 73 141 110 180 117 56 
98 72 138 75 50 83 
165 175 51 86 156 30 
35 100 102 38 111 181 
100 70 50 122 126 
101 113 179 89 90 
132 8 77 144 92 
1 36 48 113 30 
148 170 185 124 
120 166 158 119 
43 165 166 23 
170 146 100 154 
168 41 106 
197 196 61 
59 94 39 
88 125 71 
25 63 
32 112 
168 65 
120 167 
117 7 
25 
122 
129 68 7 42 170 84 189 
160 65 109 16 48 93 
37 6 73 137 46 175 
33 34 82 83 150 182 
198 80 145 112 58 124 
72 175 15 145 117 
134 166 77 86 91 
128 162 59 189 62 
65 26 115 181 
110 134 149 6 
129 19 69 37 
50 117 37 6 
40 97 59 167 
177 26 156 79 
72 43 126 39 
0 90 101 114 
136 76 181 14 
140 189 22 183 
191 150 78 47 
136 90 138 
58 36 66 
88 189 191 
99 59 158 
146 124 109 
26 125 
38 
131 133 38 172 16 83 115 85 180 31 
64 101 73 44 17 149 185 122 
160 10 74 44 17 122 
103 113 114 23 126 
128 164 68 70 89 
128 27 92 77 
137 45 37 126 
122 59 197 14 
192 131 156 53 
8 57 96 89 
148 132 78 
167 179 103 
25 186 193 
192 27 182 
42 92 127 
24 135 
56 188 
50 
129 162 74 75 145 85 86 122 
192 8 81 22 154 61 62 
197 9 42 116 87 154 
96 164 105 143 53 23 
194 39 110 47 114 148 
193 66 72 180 189 61 
132 47 117 183 89 126 
8 187 14 86 185 59 
64 52 60 79 
143 10 144 111 
10 123 148 150 
48 189 86 
89 148 31 
45 174 
78 
162 34 100 172 189 123 125 
96 128 82 116 21 22 
2 136 107 142 188 
36 101 142 153 63 
13 82 56 185 120 
195 168 15 52 183 
96 18 43 158 
112 9 91 147 
112 191 42 63 
8 150 134 151 
16 26 196 175 
64 131 79 
88 50 117 
129 107 62 
36 61 165 
102 35 94 
145 194 46 
1 12 92 
120 66 98 
185 196 
24 1 
152 175 
140 
64 
96 65 133 42 106 16 82 56 191 
97 165 139 76 77 174 59 157 
32 37 7 72 10 49 89 62 
103 108 21 22 56 153 190 
66 131 101 7 138 14 
32 66 99 44 179 154 
193 104 43 173 24 120 
99 178 83 88 184 
192 66 165 106 80 
35 105 149 86 125 
129 74 12 47 
10 4 12 127 
64 104 190 47 
137 115 119 
56 195 159 
121 124 79 
124 165 111 
40 74 5 
91 59 
169 158 
152 114 
115 29 
176 122 
32 168 43 12 45 82 187 
162 35 44 61 120 93 
161 169 174 83 31 95 
164 75 76 78 46 83 
40 148 22 184 155 
163 36 48 86 157 
166 107 77 177 146 
133 83 52 117 59 
172 144 118 87 126 
167 76 48 26 123 
41 100 6 183 
170 115 149 23 
64 150 125 142 
58 188 165 146 
66 148 174 118 
96 49 145 
50 147 20 
121 35 37 
88 172 12 
9 10 76 
94 70 
31 
192 164 101 134 167 16 
97 70 74 107 143 51 
0 42 77 47 16 120 
99 132 70 88 185 
34 140 45 47 58 
73 138 83 123 125 
48 163 173 190 
162 17 42 146 
158 150 6 127 
185 3 20 45 
25 123 121 127 
145 27 28 171 
108 153 195 28 
113 58 7 
48 36 157 
186 170 59 
96 153 150 
129 177 149 
50 11 
40 156 
152 146 
58 30 
143 
36 186 172 13 50 154 188 191 
98 36 102 146 52 85 54 189 
35 133 174 144 88 159 
131 197 11 78 115 187 
136 141 78 57 190 
162 99 41 118 154 
168 109 49 53 184 
8 42 180 106 
169 108 77 95 
124 9 100 134 
40 68 151 
66 3 21 
188 108 93 
154 164 158 
90 197 
97 50 
74 6 
5 189 
196 29 
17 50 
40 119 
76 63 
133 
158 
195 48 150 87 185 157 31 
106 172 77 175 126 63 
34 133 197 137 111 58 
69 137 111 18 22 24 
161 10 119 88 159 
193 173 113 178 90 
128 163 167 106 120 
67 38 109 85 191 
124 1 103 71 
136 99 30 127 
2 180 166 154 
25 129 131 189 
168 98 109 86 
64 162 107 102 
138 171 197 
170 117 135 
48 35 60 
99 11 124 
144 7 
173 189 
16 152 
1 165 77 110 16 146 85 30 
129 130 140 13 188 179 124 
130 71 9 87 152 57 190 
100 41 170 80 122 30 
37 77 47 54 25 156 
161 2 132 55 26 159 
199 177 18 50 26 157 
98 99 101 78 177 
194 197 173 48 113 
164 7 113 118 186 
198 138 48 85 118 
34 99 156 26 188 
128 104 82 53 86 
154 188 93 151 
193 98 68 94 
144 53 158 79 
89 140 77 190 
43 125 62 141 
121 190 118 
118 70 71 
112 194 
48 175 
154 118 
89 
63 
179 
64 36 103 73 141 78 111 27 
195 70 186 78 147 24 154 157 
38 39 48 21 60 158 31 
162 35 103 172 175 23 187 
153 137 77 110 173 121 125 
146 23 53 119 25 59 
72 113 54 92 29 
24 73 131 134 
123 196 63 31 
170 132 61 87 
58 179 190 
180 110 151 
23 149 7 
184 42 44 
0 3 36 
56 114 151 
26 29 
124 78 
11 125 
176 23 
88 135 
9 107 77 115 121 156 61 126 
165 103 7 12 13 113 84 159 
101 38 167 104 54 119 93 
80 112 22 25 157 158 
96 187 116 183 27 126 
33 129 70 137 43 179 
67 4 133 116 89 25 
97 170 114 151 29 
1 197 78 25 95 
66 67 172 89 30 
123 162 27 142 
66 67 198 138 
9 179 149 70 
25 117 174 63 
104 116 181 
64 1 20 
196 133 165 
129 62 
58 59 
51 156 
193 182 
88 11 
49 
67 196 5 133 16 54 150 189 
98 101 70 72 142 16 60 
102 107 43 171 81 178 
96 1 66 132 113 118 
131 170 143 20 52 
100 168 145 149 184 
66 81 184 187 156 
154 23 58 124 190 
162 195 101 107 54 
184 130 46 175 
0 61 54 
88 65 133 
138 173 
56 119 
113 140 
19 167 
30 
1 66 163 70 73 145 147 55 122 
193 101 136 59 88 58 91 188 
33 100 11 108 174 
152 9 109 175 
40 91 197 39 
74 115 77 183 
196 108 111 39 
104 9 20 109 
160 172 156 13 
169 172 134 
19 76 111 
131 93 21 
16 38 143 
187 151 
94 46 
50 6 
90 12 
148 23 
173 
99 168 171 76 48 144 147 30 
32 65 195 142 114 115 146 86 
136 46 82 21 117 23 29 
160 68 138 143 113 117 59 
100 138 45 174 143 155 
109 175 144 82 20 62 
98 169 114 21 95 
36 101 37 9 16 
160 138 176 148 31 
103 74 107 44 50 
65 37 73 179 119 
5 197 41 81 185 
0 53 182 135 
105 18 174 39 
99 131 189 190 
195 166 77 14 
115 5 198 95 
48 153 99 5 
24 128 103 
171 28 111 
20 61 6 
59 34 11 
73 134 
65 87 
132 87 
179 133 
66 55 
176 166 
187 
8 41 10 73 108 179 191 
194 197 8 10 149 154 
192 25 92 157 158 
195 102 74 150 95 
64 47 90 92 191 
163 29 38 149 
26 59 190 175 
192 113 53 141 
11 180 134 55 
184 1 191 49 
153 134 166 30 
80 194 42 51 
167 191 95 
44 38 31 
105 123 60 
163 6 167 
58 70 23 
129 153 
146 75 
144 109 
94 
7 
34 
40 46 111 17 181 126 
199 172 157 143 
66 134 179 94 
161 19 76 63 
196 76 149 143 
49 198 173 38 
116 109 189 
169 146 51 
94 86 175 
163 44 92 
92 126 
123 103 
32 98 131 164 197 124 62 
65 194 112 144 51 56 
180 74 91 68 
50 3 58 133 
2 131 110 143 
191 172 39 
83 60 175 
48 51 5 
83 199 
161 50 
64 62 
55 
76 46 14 49 119 122 61 
164 27 77 176 181 59 95 
40 44 141 87 153 188 
133 6 166 73 117 155 
131 195 180 53 183 56 
6 166 8 105 43 147 
136 14 81 17 177 
72 75 173 143 82 
5 143 176 49 90 
40 43 177 92 30 
38 169 137 155 29 
135 139 86 119 156 
40 1 139 55 
168 42 52 71 
8 16 174 79 
136 92 109 31 
187 133 141 
120 41 11 
78 133 30 
171 181 
188 127 
170 76 
160 106 
116 5 
50 
179 
53 
37 197 170 173 143 149 59 93 94 
65 133 8 72 169 109 175 183 
96 35 140 77 13 115 149 
99 9 79 80 121 154 
0 104 81 182 152 95 
0 197 42 44 177 87 
130 79 62 126 159 
144 138 59 117 
153 109 116 5 
176 106 35 
144 163 63 
112 58 68 
120 162 74 
131 133 111 
130 43 77 
198 134 31 
133 95 39 
124 142 
180 116 
22 
58 
33 162 34 196 41 21 184 187 
99 101 41 170 140 142 29 
0 191 106 107 87 91 31 
6 170 43 48 81 54 
32 196 102 166 6 87 
65 100 79 146 115 25 
104 107 13 151 185 
129 98 9 183 121 
178 50 149 183 159 
2 80 22 24 62 
64 192 24 27 92 
7 8 48 112 50 
1 73 43 91 63 
153 154 52 141 
0 9 178 99 
32 194 98 158 
56 74 122 
78 54 111 
35 180 86 
83 157 190 
152 135 
28 85 
2 126 
123 78 
179 
32 160 45 82 121 190 63 
0 67 71 51 119 153 
13 142 113 85 181 185 
194 45 111 19 188 
65 135 72 118 190 
163 37 8 86 55 
168 49 115 117 86 
100 115 22 27 93 
196 133 167 79 144 
16 124 54 71 
41 129 175 63 
74 157 166 189 
136 25 186 144 
48 145 74 
144 85 127 
72 112 46 
116 108 6 
97 34 193 4 139 150 184 58 127 
99 68 108 111 181 89 26 187 
96 33 134 187 185 27 
193 196 103 72 71 
72 105 169 120 156 
24 72 84 197 
129 35 20 61 
72 81 133 135 
128 129 180 148 
64 186 147 70 
128 171 174 183 
186 148 54 
34 163 46 
130 61 14 
80 191 167 
146 53 198 
164 100 
195 77 
59 188 
77 23 
80 
157 
169 
167 
191 6 10 45 142 56 95 
162 9 109 112 153 189 
162 71 138 111 80 
162 168 12 20 31 
128 196 74 75 29 
187 3 53 47 
176 41 139 127 
131 20 198 102 
178 51 93 102 
163 77 46 23 
136 10 6 
124 163 60 
153 2 195 
33 194 131 
19 101 157 
185 122 20 
197 46 
45 54 
65 60 
33 190 
32 100 75 172 48 82 147 93 
128 133 38 103 142 143 19 94 
0 102 7 46 142 180 54 
131 198 170 80 120 121 26 
1 3 16 178 28 63 
166 137 43 120 124 30 
70 14 146 86 119 158 
197 171 107 12 149 189 
32 161 196 199 92 
163 132 74 52 123 
165 135 119 25 191 
177 29 83 13 
140 4 142 55 
153 85 70 87 
153 156 165 
48 122 176 
48 27 165 
107 91 27 
72 172 60 
24 114 95 
152 180 6 
186 154 196 
137 43 167 
8 181 
32 75 
1 37 170 155 79 177 84 89 91 
163 102 112 117 22 60 
97 110 79 180 187 63 
128 164 46 112 149 54 
160 44 177 90 91 
33 15 48 59 126 
162 73 111 149 190 
78 12 54 183 
161 169 77 127 
91 28 174 46 
123 75 184 63 
195 69 198 95 
0 136 125 102 
161 83 111 
105 153 69 
80 35 132 
64 172 71 
180 20 
56 136 
137 26 
128 1 68 101 39 84 21 125 
197 105 139 23 21 87 159 
65 194 197 72 115 
193 98 59 171 123 
51 11 147 78 
177 76 38 47 
120 29 12 21 
72 98 44 198 
10 198 69 141 
73 77 7 
56 149 167 
187 116 53 
136 83 12 
78 47 
196 13 
105 
96 34 98 135 7 152 
97 193 155 115 59 191 
37 166 39 16 178 87 
71 45 78 113 60 
104 139 18 91 63 
78 113 179 182 187 
97 16 177 91 157 
94 108 78 103 
82 134 156 94 
192 9 155 142 
65 153 12 39 
48 12 21 86 
191 101 53 173 
19 20 28 
66 43 74 
192 105 14 
34 188 140 
59 179 118 
184 25 55 
177 90 189 
147 31 
56 10 
81 51 
0 
128 1 13 144 24 89 26 
37 44 48 179 151 58 62 
161 167 170 108 174 155 
101 116 184 59 188 
33 195 71 51 21 
160 74 171 51 182 
142 4 6 195 
137 42 174 15 
73 196 157 167 
144 107 148 29 
42 50 45 
17 91 191 
72 101 142 
91 111 
22 
19 
37 12 46 86 56 89 27 
128 1 142 149 150 95 
1 132 70 139 16 152 
13 143 15 82 158 
37 5 171 45 173 
123 186 74 107 
159 41 153 127 
18 11 182 118 
184 73 139 103 
145 90 52 194 
194 58 93 167 
188 6 39 
25 38 78 
69 127 
113 6 
48 151 
5 6 105 11 185 27 
33 133 6 135 106 75 
163 196 173 144 151 94 
166 168 46 89 154 
102 77 45 19 28 
197 102 112 90 29 
16 10 187 13 
51 155 190 126 
50 138 74 15 
8 146 149 154 
73 1 178 92 
1 170 134 
48 116 181 
152 69 165 
112 146 143 
105 187 132 
120 173 126 
105 149 
32 191 
97 140 173 48 52 23 
168 142 16 121 186 
24 90 107 197 
199 76 6 84 
41 60 191 55 
129 164 166 119 
32 50 92 142 
56 138 5 157 
152 1 130 
72 108 69 
99 101 134 
25 3 4 
24 60 21 
180 14 143 
97 12 132 
176 36 142 
120 183 
155 
1 
0 194 101 74 12 116 55 122 92 
140 155 144 147 90 27 
34 101 6 172 23 55 
165 197 104 44 181 122 
37 199 78 20 21 121 
169 107 13 24 190 184 
193 130 39 47 48 
74 171 153 154 127 
162 37 39 85 94 
81 28 190 102 
79 198 14 30 
155 103 79 
197 123 125 
128 51 54 
8 57 123 
128 79 
150 159 
140 92 
131 36 173 123 188 126 
34 164 42 76 152 58 
1 194 68 108 110 56 
33 100 90 94 127 
66 3 172 50 151 
99 3 156 150 
65 41 121 191 
72 185 90 59 
41 42 107 13 
185 195 5 110 
96 37 181 
104 163 85 
82 181 70 
156 133 54 
18 91 198 
184 145 3 
24 1 177 
24 140 
10 11 
80 21 
181 
159 
77 
161 195 107 15 143 82 117 22 29 
129 100 101 13 16 23 93 
194 67 175 16 79 187 189 
59 176 177 123 28 61 126 
97 98 133 13 143 157 
164 136 11 172 16 
2 38 102 22 190 
131 132 170 82 31 
105 177 20 25 63 
131 40 107 152 122 
121 177 21 135 
145 163 116 23 
48 153 43 101 
180 11 166 158 
74 44 23 
24 39 7 
1 83 
137 45 
93 
97 196 38 71 40 74 
196 11 49 180 62 
44 143 179 124 190 
134 77 53 119 187 
81 17 37 165 
107 10 51 103 
112 53 166 7 
107 152 3 149 
96 98 181 110 
168 137 86 
26 94 191 
128 122 5 
138 43 166 
40 82 182 
0 139 134 
0 194 22 
185 126 54 
109 22 
168 127 
49 12 
68 
97 133 198 138 175 118 120 
0 2 66 131 43 126 
66 136 42 83 183 63 
162 101 7 139 16 112 
113 50 19 27 188 
130 37 133 177 90 
81 138 51 92 
175 146 173 79 
8 91 19 144 
128 49 94 175 
50 93 130 
153 109 
33 
155 
128 5 10 81 18 147 23 92 
70 73 78 22 55 183 93 
33 20 181 91 124 191 
154 140 48 51 26 31 
67 6 71 81 126 
24 153 56 111 
144 188 116 22 
33 26 6 114 
128 89 186 155 
16 24 107 113 
110 83 46 
169 51 22 
25 129 105 
96 97 99 
40 133 
100 69 134 170 57 122 62 
33 35 198 107 153 94 
64 187 110 54 123 159 
41 11 77 81 117 188 
198 8 140 87 124 
130 67 195 41 74 
129 100 10 176 20 
136 178 148 134 
146 37 76 29 
153 34 164 50 
41 35 189 199 
16 84 5 141 
97 193 63 
42 196 69 
83 67 114 
24 27 96 
110 134 54 
82 60 
176 107 
70 
129 195 100 140 55 94 
161 66 175 84 56 93 
194 10 14 178 54 150 
130 68 106 16 24 
75 173 174 156 157 
98 78 53 182 87 
169 162 131 187 
188 170 99 60 
153 26 5 142 
18 154 54 79 
186 98 139 179 
92 53 175 
136 3 172 
42 125 191 
56 115 53 
3 5 183 
82 107 138 
24 21 157 
184 163 77 
176 25 186 
11 54 
72 86 
198 54 
50 142 
54 
141 
62 
35 147 22 157 58 61 95 
98 67 135 43 151 58 189 
129 68 72 173 93 180 125 
96 33 132 102 40 143 115 
34 130 164 132 81 182 
196 42 177 86 184 157 
97 194 100 36 149 158 
1 68 196 51 94 159 
33 162 164 186 159 
196 71 13 18 158 
165 142 81 151 93 
129 116 22 60 30 
36 6 167 51 116 
192 134 44 80 95 
78 80 52 85 59 
162 172 108 187 29 
97 135 39 109 87 
194 36 5 40 80 
93 77 69 15 
136 106 144 
82 166 159 
170 50 43 
80 116 55 
144 110 
144 97 
44 23 
26 53 
155 
132 196 111 54 120 186 
194 81 115 86 31 
81 161 174 14 
41 131 100 165 
51 3 193 175 
121 189 151 
119 110 111 
186 
192 138 107 77 19 120 186 
121 69 104 54 89 122 
32 194 166 172 148 
34 99 136 109 154 
75 47 112 148 121 
134 171 18 180 63 
9 18 50 17 
152 154 29 78 
24 41 144 37 
32 97 164 30 
104 29 102 
120 81 2 
27 44 87 
26 108 
173 
143 
4 197 38 198 104 147 61 191 
98 3 99 12 44 49 60 
68 134 170 140 183 
37 112 17 149 151 
136 42 77 17 145 
33 167 43 145 125 
162 101 167 135 50 
187 20 84 71 
145 91 84 147 
83 147 30 15 
56 181 118 
16 51 45 
3 196 163 
148 29 190 
1 9 119 
108 63 
171 53 
76 78 
196 77 
104 73 
192 63 
95 
186 
161 101 170 84 181 118 152 
36 167 79 15 83 118 55 
65 12 141 81 82 116 85 
162 163 9 146 87 
2 132 46 148 150 
98 171 56 187 120 
164 43 147 150 56 
170 142 14 82 63 
75 125 78 191 
8 34 55 
136 134 167 
177 3 52 
49 28 
170 51 
64 
96 3 101 84 182 191 
9 175 155 28 62 159 
128 130 44 45 118 86 
1 132 8 21 87 
103 40 170 20 56 
8 178 28 152 
184 106 108 62 
131 37 38 165 
152 3 109 63 
153 102 44 30 
99 92 111 
96 178 118 
36 78 
2 133 
46 15 
74 187 
156 28 
2 23 
11 4 
1 129 11 14 78 117 88 27 28 
194 163 5 133 174 144 155 93 
0 196 101 40 108 173 127 
1 132 103 40 10 16 
32 128 37 166 167 89 
35 69 81 113 52 63 
0 98 41 149 26 127 
35 166 70 39 174 
144 98 123 131 
136 4 20 60 
35 100 39 
155 124 143 
176 197 86 
132 172 92 
178 60 151 
186 98 6 
192 68 199 
121 51 
115 197 
129 194 135 11 156 63 
192 193 71 182 119 57 
3 196 139 177 152 186 
96 2 101 116 155 29 
69 141 144 181 152 
131 165 77 142 153 
170 108 51 85 87 
37 174 111 19 189 
0 96 134 119 
180 68 38 143 
11 188 126 127 
49 161 171 
58 51 182 
59 172 77 
50 142 143 
75 187 102 
56 121 181 
43 53 
0 175 
152 
22 
99 164 72 105 14 148 23 88 
34 168 173 80 17 115 
102 17 24 91 125 30 
33 134 170 49 148 23 
162 108 44 145 157 
69 10 77 54 189 
72 41 138 44 121 
161 52 85 54 91 
2 102 74 27 159 
194 67 101 127 
72 9 88 85 
56 18 70 146 
0 153 94 135 
168 101 85 94 
21 117 13 
176 90 36 
28 85 62 
199 46 95 
146 109 15 
193 58 47 
184 97 124 
97 167 
33 180 
131 101 
2 42 13 17 156 124 61 190 
47 81 115 52 21 122 60 95 
32 130 196 71 173 18 153 
1 195 132 6 172 150 
99 138 51 181 27 62 
196 5 71 178 91 
36 12 173 157 189 
129 161 3 136 170 
64 162 100 149 58 
32 199 79 84 181 
0 1 195 69 125 
199 7 11 108 119 
9 10 13 150 
49 124 190 113 
16 50 80 171 
49 155 180 
194 148 149 
64 154 160 
58 182 23 
32 25 160 
11 93 54 
160 130 35 162 108 46 179 154 187 
161 70 42 107 86 24 121 
97 102 141 148 85 122 
166 171 16 51 179 156 
167 107 179 58 60 
36 197 74 174 48 
34 164 47 124 31 
105 114 94 60 190 
13 18 115 188 127 
65 107 112 150 119 
35 132 36 21 190 
80 145 4 39 
184 121 66 27 
123 27 36 30 
16 113 40 160 
170 154 77 54 
56 41 50 153 
40 67 163 
17 196 140 
96 137 130 
48 131 44 
92 109 38 
41 36 118 
121 111 
186 166 
107 
37 133 135 167 197 80 177 149 88 61 94 
35 71 11 78 82 21 
134 103 81 151 186 62 
98 17 18 187 31 
161 162 176 54 57 
64 160 158 159 
80 146 52 136 
88 68 173 184 
192 105 110 102 
128 26 173 183 
89 11 13 22 
42 5 22 79 
54 102 83 30 
97 11 139 
80 137 61 
187 36 119 
96 42 28 
32 132 5 102 71 166 155 50 88 27 
128 67 4 131 9 145 50 56 
64 130 153 198 74 46 121 
79 184 23 24 152 94 
171 15 149 118 54 25 
194 199 138 181 122 
83 26 74 69 
159 43 38 127 
193 163 149 
139 181 95 
184 51 127 
67 125 47 
160 123 191 
18 157 102 
50 198 
24 109 
184 108 
57 117 
102 166 167 19 53 21 56 155 
70 92 156 179 152 154 124 
128 162 130 170 13 30 
193 107 83 181 58 125 
132 40 47 182 152 63 
35 40 136 174 83 179 
160 162 46 14 63 
35 179 25 124 94 
98 166 143 80 190 
162 196 4 140 149 
131 48 117 121 28 
150 102 131 22 
33 27 76 102 
0 25 129 121 
130 12 38 
161 42 198 
52 119 92 
150 44 22 
106 147 
167 7 
89 33 
195 
191 
148 
132 9 74 12 53 119 153 61 
163 139 46 179 152 156 
98 164 137 139 141 149 
18 86 87 25 92 
12 79 85 123 124 
196 105 11 51 94 
32 48 177 153 94 
33 8 72 74 124 
186 122 139 156 
145 101 132 13 
56 35 76 198 
81 67 148 135 
96 169 59 131 
26 173 90 146 
48 98 52 86 
128 57 99 
88 35 182 
24 162 64 
108 52 197 
73 162 194 
19 22 175 
83 43 46 
145 141 190 
143 138 111 
144 113 
179 
17 
198 47 177 83 85 121 91 
165 39 9 142 50 154 
76 79 182 184 60 158 
65 97 3 36 185 62 
146 179 55 183 26 
88 112 127 103 
105 177 37 133 
136 155 196 6 
122 11 78 130 
184 11 12 
58 44 39 
27 3 68 
61 54 
2 95 
195 109 
160 192 
180 36 
169 
162 98 69 165 15 84 182 191 
72 75 171 141 19 87 63 
100 44 13 176 51 127 
195 41 109 16 82 88 
128 196 134 76 116 84 
5 72 147 20 94 95 
108 114 56 90 157 
195 169 142 147 119 
123 2 83 198 
88 10 42 68 
116 196 92 135 
126 84 6 31 
130 60 78 167 
56 117 6 55 
10 21 102 175 
48 116 12 173 
80 99 92 6 
193 35 20 134 
168 194 4 
168 42 86 
67 3 122 
101 189 
24 81 
72 199 
40 
103 138 79 17 178 182 92 
4 144 84 148 24 120 
103 39 146 179 53 
96 103 111 23 24 
141 85 22 154 188 
6 103 43 29 157 
32 153 76 133 
97 90 78 15 
169 122 123 22 
194 77 5 22 
96 91 180 95 
140 173 158 
171 85 134 
36 53 94 
100 45 165 
178 60 151 
152 9 78 
177 130 
89 175 
120 105 
89 69 
41 54 
185 123 
176 
70 166 136 139 50 121 28 
129 38 198 139 110 48 114 
135 39 174 113 92 62 
131 167 140 17 86 
67 167 71 74 139 
42 173 143 176 182 
68 105 13 176 19 
0 167 75 143 149 
80 151 166 47 
180 106 83 12 
40 105 122 43 
58 163 122 55 
0 108 182 47 
81 153 95 
128 121 45 
64 169 98 
171 36 101 
90 19 52 
169 146 111 
121 146 94 
10 21 39 
152 6 
37 22 
96 121 
184 106 
121 70 
65 
154 
8 170 45 80 18 148 188 95 
2 5 166 198 42 16 157 
32 101 73 138 151 
130 195 166 182 123 
138 142 48 20 26 
98 105 29 125 159 
129 14 49 90 187 
42 123 187 189 
72 67 125 190 
112 3 84 22 
193 10 20 21 
17 172 197 31 
74 99 13 
26 84 7 
64 81 10 
0 154 165 
16 118 
48 
129 3 197 73 112 113 29 
103 141 46 81 18 84 
2 72 50 178 152 156 
64 67 136 10 17 89 
128 140 115 151 121 159 
129 68 165 42 18 158 
44 119 25 60 31 
73 169 47 57 189 
161 36 50 85 153 
128 98 10 58 95 
168 11 125 6 
32 52 60 76 
88 26 86 
89 133 190 
16 40 53 
17 186 143 
57 164 55 
105 18 177 
56 179 132 
168 41 
106 53 
54 
133 40 74 11 45 16 84 153 186 
34 194 196 137 112 51 122 94 
0 196 39 73 169 77 120 
97 167 72 104 111 147 22 
64 166 43 15 55 58 191 
68 101 105 44 79 55 
32 193 13 56 190 
195 12 17 123 94 
96 193 19 84 87 
104 138 190 183 
128 105 42 194 
113 114 129 193 
41 137 61 138 
191 77 157 23 
96 65 185 
17 139 126 
152 42 75 
105 139 
195 164 
99 105 76 174 82 179 21 151 59 
33 67 142 115 148 151 
128 195 4 83 157 
192 33 163 71 156 
130 103 174 180 126 
37 137 41 83 117 
192 41 142 159 
96 149 150 173 
8 17 88 190 
97 108 117 118 
192 162 148 181 
81 59 3 184 
121 189 198 
153 130 54 
1 14 33 
122 86 103 
72 198 143 
24 27 103 
1 62 167 
184 101 54 
57 75 105 
137 164 109 
112 9 94 
85 198 
192 81 
139 125 
40 55 
24 199 
