200 1000
1 1 1 1 1 1 1 2 2 2 2 2 2 2 2 2 2 3 3 3 3 3 3 3 3 3 3 3 3 3 3 3 4 4 4 4 4 4 4 4 4 5 5 5 5 5 5 5 5 5 5 5 5 5 5 5 6 6 6 6 6 6 6 6 6 6 7 7 7 7 7 7 7 7 7 8 8 8 8 8 8 8 8 8 8 8 9 9 9 9 9 9 9 9 9 9 9 10 10 10 10 10 10 10 10 10 10 10 10 11 11 11 11 11 11 11 11 11 11 11 12 12 12 12 12 12 12 12 13 13 13 13 13 13 13 14 14 14 14 14 14 14 14 14 14 15 15 15 15 15 15 15 15 15 16 16 16 16 16 16 16 16 16 16 16 16 16 16 17 17 17 17 17 17 17 17 17 17 17 17 17 18 18 18 18 18 18 18 18 18 18 19 19 19 19 19 19 19 19 19 19 19 19 19 19 20 20 20 20 20 20 20 20 20 20 21 21 21 21 21 21 22 22 22 22 22 22 22 22 22 22 23 23 23 23 24 24 24 24 24 24 24 24 25 25 25 25 25 25 25 25 25 25 25 25 26 26 26 26 26 26 26 27 27 27 27 27 27 27 27 27 28 28 28 28 28 28 28 28 28 28 28 28 28 28 29 29 29 29 29 29 29 29 29 29 30 30 30 30 30 30 30 30 30 30 30 30 30 31 31 31 31 31 31 31 31 31 31 31 32 32 32 32 32 32 32 32 33 33 33 33 33 33 33 34 34 34 34 34 34 34 34 34 34 34 34 34 34 34 34 35 35 35 35 35 35 35 35 35 35 35 35 35 36 36 36 36 36 36 36 37 37 37 37 37 37 37 37 38 38 38 38 38 38 39 39 39 39 39 39 40 40 40 40 40 40 40 40 40 40 40 40 40 41 41 41 41 41 41 41 41 42 42 42 42 42 42 42 42 43 43 43 43 43 43 43 43 43 43 43 44 44 44 44 44 44 44 44 44 44 44 44 44 44 44 45 45 45 45 45 45 46 46 46 46 46 46 46 46 46 46 46 46 46 46 47 47 47 47 47 47 47 47 47 47 47 47 47 47 47 47 48 48 48 48 48 48 48 48 48 48 48 48 49 49 49 49 49 49 49 49 49 49 49 50 50 50 50 50 50 50 50 50 50 50 50 50 51 51 51 51 51 51 51 51 51 51 52 52 52 52 52 52 52 52 52 52 53 53 53 53 54 54 54 54 54 54 54 55 55 55 55 55 55 55 55 55 55 56 56 56 56 56 56 56 56 56 56 56 56 56 56 57 57 57 57 57 57 57 58 58 58 58 58 58 58 58 59 59 59 59 59 59 59 59 60 60 60 60 60 60 60 60 60 60 60 60 60 60 60 60 61 61 61 61 61 61 61 61 61 61 61 61 61 61 61 62 62 62 62 62 62 62 62 63 63 63 63 64 64 64 64 64 64 64 64 64 64 64 64 64 65 65 65 65 65 65 65 65 65 66 66 66 66 66 66 66 66 66 66 67 67 67 67 67 67 67 67 67 67 68 68 68 68 68 68 68 68 68 68 68 69 69 69 69 69 69 70 70 70 70 70 70 70 70 71 71 71 71 71 71 71 71 71 72 72 72 72 72 72 72 72 72 72 72 72 72 72 72 73 73 73 73 73 73 73 74 74 74 74 74 75 75 75 75 75 75 75 75 75 75 75 76 76 76 76 76 76 76 76 76 76 76 76 76 76 76 77 77 77 77 77 77 77 77 77 77 77 77 78 78 78 78 78 78 78 79 79 79 79 79 79 79 79 79 79 80 80 80 80 80 80 80 80 80 80 80 80 80 80 80 80 81 81 81 81 81 81 81 81 81 81 81 81 81 81 81 81 81 81 82 82 82 82 82 82 82 82 82 82 82 82 83 83 83 83 83 83 83 84 84 84 84 84 84 84 84 85 85 85 85 85 86 86 86 86 86 86 86 86 87 87 87 87 87 87 87 87 87 88 88 88 88 88 88 88 89 89 89 89 89 89 89 89 89 89 89 89 89 90 90 90 90 90 90 90 90 90 91 91 91 91 92 92 92 92 92 92 93 93 93 93 93 93 93 93 93 94 94 94 94 94 94 94 94 94 94 94 94 94 94 94 94 95 95 95 95 95 95 95 95 95 95 96 96 96 96 96 96 96 96 97 97 97 97 97 98 98 98 98 98 98 98 98 99 99 99 99 99 99 99 99 99 99 99 99 99 100 100 100 100 100 100 100 100 100 100 100 100 100 
32 1 159 3 68 5 75 145 148 21 85 121 91 92 125 127 
3 36 195 139 45 81 145 177 121 122 91 
6 106 12 44 108 47 84 182 95 63 
2 102 104 105 139 24 154 63 
34 105 119 152 89 31 
37 75 50 54 87 
89 25 126 23 
0 3 133 134 73 11 13 15 79 177 116 118 151 91 
99 164 5 107 140 78 147 148 54 184 92 63 
65 193 35 4 67 133 39 46 85 153 123 28 
128 33 160 193 133 40 178 53 124 
130 167 40 174 15 16 176 188 126 
96 131 195 16 114 21 149 91 94 
130 75 144 180 150 59 159 
99 36 76 112 20 117 87 
71 15 146 117 24 
187 12 13 63 
0 162 195 133 134 41 138 75 109 141 118 88 91 125 63 
185 102 72 73 11 79 113 178 20 118 87 25 187 
194 4 36 69 135 167 169 18 83 180 22 26 127 
96 69 38 101 167 197 109 114 53 117 125 59 61 
68 197 103 169 108 12 140 113 188 61 191 
194 197 73 9 41 107 15 148 180 87 154 
121 161 6 42 175 179 53 150 184 89 122 
64 97 164 38 7 9 13 15 176 191 
97 193 132 114 147 180 56 126 63 
0 66 165 46 174 118 151 
128 2 98 132 166 170 17 
168 75 77 146 151 92 
113 179 180 189 27 157 
98 126 121 58 61 62 
47 48 89 126 158 
192 161 164 199 171 108 172 51 88 153 154 31 
130 3 197 102 170 172 175 184 122 62 63 
1 35 74 14 147 93 120 123 29 184 
68 37 39 173 113 18 149 54 186 
99 103 169 141 17 83 88 125 
2 35 66 197 171 16 121 
33 2 70 172 93 29 63 
97 168 105 76 173 144 
8 140 84 150 119 184 
34 3 101 166 42 75 76 174 15 144 145 178 21 23 27 
65 34 135 170 75 44 171 176 145 51 184 56 61 94 
65 165 38 74 107 12 108 46 111 48 177 116 23 184 
194 101 137 140 46 50 147 151 185 31 61 126 63 
32 130 67 99 168 140 141 14 82 150 23 151 31 
1 69 166 135 8 141 173 116 181 24 120 63 
1 164 102 199 41 110 80 179 90 188 29 
34 166 103 15 16 80 146 181 151 127 
162 36 69 10 109 47 113 52 90 
129 132 37 172 115 117 86 184 90 
5 40 109 175 115 147 54 87 29 
32 195 42 13 173 56 28 126 
129 164 140 174 157 29 30 
166 40 41 19 86 190 127 
133 154 186 89 26 155 
99 37 70 135 166 198 42 177 52 85 151 155 
34 35 195 9 106 137 149 89 122 156 
162 5 134 44 140 78 85 56 90 93 
191 100 5 74 17 178 53 87 88 159 
67 195 198 168 137 139 108 52 22 61 
128 37 80 81 83 115 185 127 31 
32 196 83 147 181 23 183 155 
64 129 196 108 78 50 178 159 
163 69 139 45 125 94 
64 137 133 175 
32 129 66 67 102 134 139 109 47 113 188 25 26 156 95 
132 69 39 74 11 12 47 117 89 26 123 188 29 158 
96 196 70 105 45 13 15 176 180 93 62 31 
130 100 165 167 136 73 199 44 143 82 24 
129 196 101 70 73 77 175 150 119 56 187 
4 36 101 196 16 17 144 24 154 187 92 
2 3 133 105 46 174 17 149 119 56 60 
198 167 8 9 42 14 52 152 158 31 
129 69 170 11 143 54 155 94 
159 164 46 15 143 177 83 148 21 181 57 125 63 
1 99 163 196 167 9 140 111 80 83 21 153 125 
128 98 162 132 163 139 110 79 15 145 183 90 63 
128 160 193 166 7 73 9 10 139 18 122 
64 129 38 134 40 198 173 145 116 185 
170 44 13 51 119 187 93 190 63 
129 4 7 140 141 180 151 88 
194 105 44 51 117 61 126 31 
197 169 80 17 144 24 88 
9 22 150 24 59 191 
33 130 133 13 15 52 
129 162 5 103 73 169 187 149 181 151 120 154 27 28 191 
33 162 100 40 73 141 84 149 180 26 59 125 95 
96 192 36 169 10 11 12 77 108 177 88 156 
2 165 136 13 16 144 53 85 183 56 124 191 
64 129 69 70 13 47 48 82 24 27 92 
3 102 103 70 167 187 111 116 87 123 159 
34 165 72 136 142 118 87 90 188 94 
130 162 110 14 80 178 182 23 88 125 
129 99 35 36 82 148 58 126 
160 4 37 39 106 117 119 56 
161 136 45 78 55 152 188 
2 4 133 70 7 10 42 170 141 46 187 53 184 90 27 92 93 
153 163 165 7 138 75 45 77 16 51 20 21 83 115 88 89 
97 3 131 40 44 172 175 81 50 146 149 54 121 127 
1 33 35 194 198 43 176 145 188 183 152 156 158 
161 103 154 107 142 50 19 24 122 88 62 
35 164 44 173 14 46 78 19 24 62 
128 164 69 133 39 168 170 107 178 93 
130 36 8 123 19 23 55 151 89 59 
38 39 134 138 48 114 178 187 62 
41 105 47 82 127 126 31 
96 55 120 121 184 95 
195 134 44 142 18 
163 5 9 43 45 14 46 78 79 18 147 84 27 156 
32 1 65 194 4 40 106 13 174 22 182 61 30 
196 37 134 198 174 15 112 81 181 182 57 
97 99 67 176 177 83 22 157 122 187 125 
0 1 67 3 138 82 180 149 55 123 158 
98 196 166 141 48 177 83 152 121 190 
36 5 169 11 107 119 88 122 94 
64 9 73 169 17 50 146 155 29 
96 176 179 52 91 28 159 
69 137 170 108 151 156 
142 196 77 110 
33 98 99 9 106 107 44 47 80 112 50 83 176 86 152 28 
66 167 72 10 172 45 110 143 19 118 152 156 
195 198 199 168 73 175 81 147 155 
193 199 59 143 175 19 88 27 62 
44 120 175 17 18 52 182 88 60 
0 1 64 161 134 166 124 125 
132 43 108 172 180 23 91 
70 40 76 29 31 
1 67 4 5 134 7 139 108 78 24 120 126 
164 166 107 142 48 144 83 84 56 185 186 187 
33 162 41 42 170 140 51 21 184 89 61 
128 161 166 39 41 108 18 85 124 
161 37 105 142 114 188 157 95 
70 103 139 45 23 153 91 188 
97 162 193 71 141 45 55 151 
0 96 128 195 37 41 74 123 169 16 20 151 91 126 95 
64 97 132 6 7 134 46 79 146 115 121 27 190 
64 128 68 100 197 72 74 12 173 14 175 82 120 
64 128 131 164 39 10 106 107 79 181 154 28 
160 102 103 42 75 44 142 111 50 83 58 
35 5 72 105 81 145 182 56 88 93 
4 9 41 108 13 47 79 118 121 27 
162 104 41 138 170 46 82 123 63 
129 165 106 76 149 154 91 
132 135 39 199 147 123 
70 8 76 141 46 176 82 51 52 181 58 157 
164 135 169 107 75 12 139 171 113 184 121 
160 129 2 98 45 93 118 186 61 190 159 
199 168 42 76 155 174 146 120 27 188 191 
65 129 133 6 165 110 112 53 89 
64 68 48 51 185 58 91 126 95 
161 130 4 69 41 49 83 183 29 
97 4 167 143 177 21 91 30 
34 67 146 155 156 
185 132 69 70 101 103 110 175 49 18 147 84 21 179 189 25 123 29 
33 134 8 105 138 107 12 60 124 118 152 121 28 94 
160 192 130 132 170 12 175 80 177 180 21 24 60 184 
1 67 36 68 74 79 48 112 115 87 184 123 30 
65 4 170 171 142 178 21 86 57 158 94 159 
130 67 185 102 199 136 140 46 183 121 126 
128 162 3 70 38 172 15 175 147 123 
1 65 100 101 102 135 11 16 86 93 
1 134 6 139 12 140 141 143 114 159 
6 168 73 138 14 51 149 185 186 61 
194 38 71 138 45 173 143 52 88 157 
160 98 35 111 81 117 155 124 190 
160 2 162 79 185 190 125 126 
2 162 69 7 170 12 119 95 
0 164 154 137 14 82 85 117 23 183 58 123 
102 166 43 44 46 156 116 122 92 190 159 
133 105 108 110 144 18 83 50 88 186 127 
1 193 6 135 40 14 78 151 189 30 
0 33 5 6 46 110 80 120 63 
33 98 35 161 14 17 19 158 62 
128 39 41 155 45 141 147 27 61 
166 104 176 56 122 124 152 94 
73 10 141 79 17 177 153 122 
154 9 114 90 91 124 
35 71 78 179 84 86 
89 43 16 25 61 
90 107 69 149 
160 129 99 4 197 74 43 140 77 175 145 86 88 27 
32 194 163 101 43 47 80 182 119 152 153 154 29 184 
65 153 67 100 197 74 75 144 177 18 85 25 186 
160 162 36 69 132 137 138 46 143 179 27 29 127 
3 68 100 38 10 42 171 20 84 124 30 63 
35 133 102 11 108 172 78 114 22 118 24 
65 193 3 6 73 105 141 86 88 186 95 
0 159 98 191 154 56 126 124 94 63 
1 122 7 166 105 167 117 125 90 93 
65 2 34 136 111 176 118 23 
1 37 101 7 138 139 108 111 112 49 181 182 184 25 93 
33 3 132 37 72 42 170 176 53 24 92 29 191 
65 130 101 102 199 40 105 76 172 17 156 
133 9 74 11 19 151 88 26 60 94 127 
163 164 69 7 136 142 112 20 151 29 
34 195 166 50 83 22 183 120 154 125 
128 97 34 67 5 48 189 30 191 
1 99 68 69 101 72 17 83 89 
129 195 6 172 110 146 147 126 
36 165 103 39 167 107 171 17 
160 8 9 136 139 26 
197 138 177 28 189 
160 3 152 122 156 
121 36 84 15 
1 34 3 66 165 39 199 138 109 48 17 179 182 62 63 
97 162 101 8 187 78 14 110 145 82 52 116 91 
0 193 98 133 165 7 72 143 86 56 186 
3 197 134 169 11 46 118 157 31 
194 102 42 138 140 151 122 59 62 
64 132 168 59 141 116 91 189 31 
0 96 132 199 72 49 50 93 
128 166 39 7 41 112 116 61 
96 132 10 42 175 20 22 156 
194 133 8 83 154 
64 159 191 169 74 108 47 178 147 20 186 123 63 
65 98 103 107 77 111 112 17 178 52 189 
130 37 90 42 114 85 22 152 58 30 
130 74 106 171 54 56 25 154 61 62 
160 36 69 138 43 115 180 118 59 
159 1 73 115 55 56 31 
64 2 67 4 99 165 170 108 17 178 151 91 
193 66 68 38 166 107 141 52 118 27 157 62 
69 135 72 73 45 77 178 83 54 26 31 
65 163 105 174 176 18 119 26 190 29 158 
67 199 136 168 50 52 182 121 59 157 
133 72 73 16 146 21 89 156 30 
134 73 43 17 84 116 117 120 31 
64 35 4 154 109 119 153 58 59 
160 129 43 46 17 150 185 93 
96 35 174 112 182 156 125 
33 66 170 75 46 143 49 113 83 150 87 121 
64 130 35 71 108 109 14 22 87 123 94 
67 136 76 48 117 186 29 30 
130 163 75 143 146 54 58 124 
2 34 4 66 196 135 8 108 124 146 85 58 59 92 
64 1 137 74 11 46 47 16 115 179 23 152 62 
129 163 36 68 134 105 91 43 14 87 27 62 
32 35 140 16 147 181 22 186 94 127 
164 177 83 87 151 90 155 127 
33 67 35 167 75 19 117 152 
161 132 199 44 58 95 
167 7 44 17 54 
64 191 36 68 122 164 136 168 111 177 114 117 54 23 25 90 93 57 
192 65 98 69 8 105 44 13 79 177 52 22 24 122 187 62 
153 135 106 17 113 184 181 22 87 118 150 154 61 62 
1 163 195 70 39 167 76 110 83 84 115 26 91 63 
195 100 164 9 137 139 78 16 176 181 126 
64 67 132 72 137 123 108 141 25 27 159 
97 4 137 10 110 112 81 154 61 126 
129 131 7 75 12 124 81 60 125 158 
161 153 12 140 81 89 186 60 62 
185 37 178 19 22 184 89 124 29 
185 135 44 172 116 86 120 121 
128 194 17 113 177 56 57 93 
64 1 161 7 170 11 75 140 175 50 51 87 61 
131 4 45 13 175 112 188 119 118 55 58 92 
34 66 36 165 197 9 138 108 177 90 29 
67 132 165 107 16 51 25 26 155 
3 100 104 137 83 182 153 189 31 
100 74 77 80 146 54 87 184 
160 130 73 13 176 20 
160 67 4 132 138 11 172 111 50 83 87 57 186 27 62 
96 97 160 132 75 107 45 78 15 18 29 63 
68 37 135 186 123 140 14 15 145 90 27 
9 106 138 170 45 179 23 62 94 159 
64 160 35 195 198 8 106 80 123 95 
65 162 73 75 141 79 20 53 118 
3 100 131 102 137 138 13 81 
102 73 106 108 141 143 119 185 
69 75 43 45 178 92 159 
192 101 6 167 72 136 137 169 79 82 182 87 184 29 
192 33 131 102 106 170 81 51 83 116 22 150 151 60 
128 162 36 136 9 42 12 177 52 121 27 31 
5 40 140 78 112 113 50 51 86 151 28 94 
129 164 196 134 166 168 12 140 46 183 189 158 
153 162 195 199 45 15 144 18 89 122 93 
161 34 130 100 163 70 102 117 94 63 
96 34 103 9 75 108 15 21 92 157 
162 5 102 199 187 14 81 85 91 61 
99 74 44 79 145 121 28 125 
0 12 13 81 24 26 91 95 
192 164 134 7 77 54 
128 33 137 170 
108 49 12 44 
194 37 38 70 8 10 43 76 50 146 85 119 91 
32 191 193 99 131 164 167 11 108 112 57 90 31 
0 33 64 192 194 6 157 57 126 93 94 
65 68 41 12 47 83 20 56 154 62 63 
96 6 122 40 13 83 149 23 58 187 63 
153 68 5 101 169 114 53 119 25 123 63 
33 97 37 108 109 174 124 177 92 
89 43 12 13 82 25 
11 172 15 54 57 92 
177 1 91 117 
96 65 1 159 4 68 6 70 72 73 74 135 166 174 194 88 63 
96 3 103 137 172 45 92 18 60 126 
99 36 103 76 173 110 143 19 191 
67 4 137 138 171 112 144 176 62 
129 66 130 141 16 20 26 123 158 
32 133 167 104 74 76 18 20 30 
4 132 10 45 79 115 53 155 
130 3 4 101 165 174 25 122 
33 34 39 151 120 153 188 126 
197 167 169 42 15 24 188 94 
131 140 45 172 21 184 25 62 
2 40 44 174 151 57 31 
192 134 6 43 173 147 158 
34 3 36 131 154 73 106 75 180 85 150 189 58 187 125 
33 97 196 6 135 40 74 19 51 52 148 179 183 157 
32 1 160 162 196 165 38 137 111 80 27 29 158 
193 101 39 51 22 150 157 121 29 94 127 
37 174 15 16 111 113 179 182 184 91 31 
97 4 6 140 172 81 145 156 177 149 60 
1 161 43 16 113 19 148 186 187 125 63 
192 98 175 113 114 178 181 54 27 125 
98 100 68 106 144 177 21 91 
33 162 133 166 71 74 45 83 
133 199 175 18 19 148 91 
193 103 139 45 112 19 149 22 151 58 28 95 
35 195 133 103 43 50 22 88 153 152 
1 97 102 18 180 181 55 56 89 190 
194 131 37 199 137 170 43 144 181 156 
194 67 38 167 79 144 149 118 152 
1 33 40 106 175 52 54 26 124 
160 193 130 5 78 146 149 183 
96 162 103 46 175 86 58 159 
1 130 6 70 72 41 166 44 45 180 149 87 23 30 
98 69 38 102 169 52 53 86 148 186 188 
96 129 34 131 153 167 13 15 151 89 154 
96 195 165 137 78 81 150 56 185 93 30 
130 164 196 106 139 172 18 50 26 125 
130 3 162 197 170 143 144 155 62 
32 160 11 177 84 23 122 
128 160 36 102 166 9 123 15 83 179 153 27 
67 101 38 43 12 142 112 176 177 150 87 152 
32 195 100 164 41 14 142 112 147 149 89 58 
33 3 7 11 140 111 144 180 21 121 154 
33 5 135 8 13 46 15 188 90 91 92 
64 197 10 74 80 29 82 125 28 61 
96 132 5 102 196 141 48 81 144 88 
0 194 133 78 49 81 82 56 89 
64 195 6 7 142 18 55 24 124 
163 13 113 147 84 118 30 188 94 
97 66 193 68 73 77 17 82 184 
2 163 70 7 109 50 85 55 
128 68 137 44 142 92 124 
0 133 70 71 199 9 122 
33 70 12 56 153 30 159 
98 3 134 137 158 159 
4 71 108 172 111 51 179 24 27 190 61 30 63 
98 153 194 6 107 13 109 16 148 86 152 25 59 
96 2 66 98 162 72 77 109 110 142 143 59 
193 36 37 164 15 178 179 119 88 91 61 62 
129 162 132 164 106 48 179 85 181 119 185 92 
97 153 70 39 173 14 143 86 150 88 25 
196 165 38 102 10 12 174 17 180 119 90 
3 106 12 13 78 15 108 143 182 158 
130 76 109 140 113 145 51 184 28 
33 37 143 180 152 90 27 30 
166 140 78 83 118 88 61 
137 47 177 180 22 119 25 
36 108 174 179 185 59 
128 162 167 73 41 76 45 78 176 19 117 28 127 
165 135 41 12 146 21 54 55 89 29 
98 162 165 166 71 10 173 24 158 159 
128 160 130 4 5 68 103 40 77 184 
32 4 132 197 76 109 79 49 53 
37 9 115 84 125 119 28 29 
72 137 42 143 80 59 62 
96 36 69 186 91 12 190 112 144 146 149 58 59 92 189 62 
130 3 36 37 6 69 134 16 20 84 183 91 
1 162 133 43 49 54 88 25 123 125 126 
0 3 164 37 5 103 197 139 155 
64 35 41 105 48 24 122 
66 155 47 54 57 123 
57 139 53 
83 36 
0 2 165 38 168 139 45 77 47 79 146 116 151 28 
99 196 134 104 73 107 110 53 118 154 123 29 30 
196 170 77 156 85 150 182 121 60 
195 101 138 79 145 180 54 183 59 
129 193 100 40 136 74 107 142 124 
153 198 146 115 148 118 89 191 
97 163 185 101 199 46 47 112 113 181 23 88 89 
96 67 3 6 166 84 157 119 120 121 29 
96 97 160 199 9 47 112 144 19 21 154 
96 195 72 169 142 49 22 183 58 92 126 
34 194 15 16 144 148 121 62 31 
192 21 157 186 125 
64 65 128 35 67 99 101 7 134 140 78 18 180 85 152 154 126 
64 2 163 36 194 198 167 43 111 116 151 56 25 157 95 
98 195 36 6 11 139 143 48 176 18 50 117 55 57 92 
1 36 164 7 39 9 40 156 82 21 58 123 60 
193 37 133 9 74 43 109 14 81 20 56 157 
131 36 103 104 78 148 85 56 122 88 28 
161 171 12 13 108 79 172 20 92 158 
166 173 78 142 46 111 177 116 186 
1 193 5 38 135 197 141 183 
0 1 99 113 87 25 27 156 
68 101 172 50 149 88 159 
4 68 134 107 28 29 30 
161 37 105 10 169 46 59 
191 163 165 198 199 170 46 16 81 50 115 52 21 150 63 
130 4 39 17 178 149 181 120 27 156 125 31 
97 129 162 195 199 78 149 24 120 157 
32 64 36 100 10 139 171 45 50 151 
160 33 65 164 168 41 11 16 80 117 
160 1 67 80 116 117 54 183 
66 167 105 42 15 111 24 95 
97 102 103 55 184 183 28 
1 161 67 69 101 134 198 14 143 52 117 118 186 127 95 
96 97 102 105 174 49 51 117 89 122 158 31 
128 35 36 110 145 115 151 185 189 190 
97 2 100 196 168 46 81 152 62 
163 5 105 49 19 149 87 190 
197 41 44 143 175 90 125 
72 108 20 182 151 62 
136 174 16 17 156 125 
3 132 5 38 41 91 108 13 48 179 56 89 26 59 126 
162 3 4 164 169 44 173 80 176 86 55 150 182 183 191 
32 130 100 39 138 190 17 19 149 181 184 27 156 94 
129 132 41 42 105 173 14 48 19 120 122 91 60 30 
1 39 12 111 176 83 55 185 26 27 125 159 
67 4 43 107 78 110 48 111 148 119 184 94 
195 6 104 42 109 142 114 147 57 154 31 
5 69 40 72 136 13 14 45 16 123 126 
33 161 193 4 198 167 45 173 117 26 
101 38 10 75 76 173 147 55 93 
98 3 36 37 7 169 142 112 23 
32 3 68 196 135 12 82 20 180 118 151 58 93 159 
0 32 165 103 42 107 12 13 171 83 148 157 127 
64 160 164 107 112 113 144 51 22 186 28 190 95 
0 65 128 133 140 110 49 145 51 119 122 93 
128 36 69 100 10 76 14 17 119 120 124 126 
35 196 6 71 10 80 180 21 150 27 191 
1 130 100 42 106 108 77 114 19 92 191 
2 198 74 106 12 79 17 146 22 182 
66 3 5 43 142 174 48 178 150 28 
193 164 167 104 138 23 86 55 26 
130 99 39 14 49 50 83 178 180 
96 161 131 104 80 179 56 156 31 
195 41 75 171 146 83 55 186 
97 2 193 113 116 190 30 159 
75 12 171 46 83 87 152 94 
185 5 135 41 77 47 16 112 147 87 23 89 92 31 
64 129 159 99 132 195 72 139 80 180 57 157 127 
6 41 141 46 111 49 18 81 116 184 190 
128 133 170 14 79 116 180 120 89 124 
97 193 37 70 123 79 145 59 29 
65 161 166 52 53 24 58 29 
0 128 98 99 131 165 40 14 15 79 113 143 175 84 116 86 55 56 
0 163 68 70 41 10 42 76 18 19 83 118 151 153 190 
161 130 35 3 194 72 73 91 139 140 147 179 54 184 27 
1 66 40 43 19 20 125 183 24 121 187 93 
160 131 6 134 167 105 123 76 15 48 59 29 
128 192 4 37 8 138 11 75 179 22 25 
34 68 74 155 83 52 181 153 91 29 
129 34 4 39 72 10 111 81 19 62 
195 166 105 49 86 183 186 92 
65 75 44 47 175 25 31 
193 66 41 78 180 59 189 
164 105 170 139 84 88 90 
8 168 108 79 22 185 
165 120 124 152 94 
0 2 34 163 169 10 80 114 83 115 185 154 155 92 
4 165 197 135 190 111 16 48 150 182 183 156 62 
96 33 34 160 37 10 172 146 22 23 120 124 94 
64 193 98 4 135 167 106 138 174 49 18 152 126 
197 134 9 138 76 110 142 174 81 115 24 154 
89 33 67 196 133 70 10 146 115 22 152 25 
129 36 196 39 42 144 81 146 24 154 156 
67 199 10 76 14 175 144 85 185 123 158 
33 2 163 4 10 106 172 87 23 27 
159 97 4 135 114 52 180 188 63 
4 5 166 186 170 79 175 151 26 
129 36 166 135 43 112 182 121 
121 164 108 144 55 57 126 62 
96 192 131 13 16 144 145 124 
74 44 118 27 127 29 63 
132 105 45 52 184 
0 121 98 160 36 164 44 180 54 150 88 89 58 125 
128 193 131 5 101 41 43 110 142 81 84 25 
160 97 38 186 44 111 84 180 150 154 158 
67 163 166 199 137 53 86 87 61 126 
0 130 37 198 110 78 150 120 122 60 
3 71 8 45 79 185 122 27 93 
192 34 99 83 51 147 183 28 
32 96 66 131 198 87 29 
32 128 103 175 81 125 31 
79 147 87 185 158 
101 11 112 20 187 
48 18 183 156 157 
193 130 194 103 8 123 76 14 47 80 146 117 118 150 91 
96 131 4 6 170 78 142 81 117 88 58 187 62 
0 33 160 185 103 50 147 116 24 25 27 189 190 
128 130 194 100 102 76 17 117 157 120 63 190 95 
64 131 40 168 111 175 81 22 150 152 
65 161 8 10 139 112 18 19 22 182 
129 162 186 44 76 172 144 26 63 
32 194 68 165 38 138 146 181 
2 99 109 174 51 148 57 30 
117 21 23 56 183 187 159 
7 75 12 184 185 94 95 
100 6 102 109 110 175 144 50 51 148 149 118 182 88 183 29 126 
128 99 199 8 73 42 75 104 46 144 145 148 86 24 28 152 63 
34 131 199 105 110 143 144 113 82 83 149 151 155 62 159 
102 166 139 13 18 180 85 22 118 59 124 125 191 
164 165 103 199 108 77 78 46 109 142 180 61 
99 195 106 107 49 19 116 147 150 87 58 
5 166 170 109 146 30 58 187 125 94 
64 197 136 108 113 21 59 188 29 30 
98 194 154 13 142 50 120 26 127 
131 164 11 16 21 86 92 93 
64 66 194 166 10 173 79 179 
0 160 101 167 73 21 61 
131 4 198 72 110 113 
3 36 67 8 137 168 82 51 179 55 56 191 
2 131 164 102 198 72 104 42 43 139 113 62 
131 36 44 141 172 51 53 181 88 154 124 
35 70 103 166 41 167 81 181 56 154 93 
37 168 106 173 110 18 149 61 126 
34 131 69 139 172 45 118 61 
100 101 5 76 109 142 119 183 
96 160 130 100 197 7 173 81 
132 104 46 48 52 124 31 
168 12 16 51 148 
96 194 99 185 5 82 147 20 117 120 89 27 159 
8 105 108 14 143 48 144 50 175 56 121 124 
32 6 134 41 16 48 18 114 86 55 88 127 
2 99 194 5 7 74 107 16 19 84 85 
131 165 70 78 14 84 22 182 120 159 
32 68 43 139 109 171 173 83 27 190 
64 1 192 3 194 71 10 143 94 63 
192 164 70 72 168 172 180 149 159 
64 68 7 104 41 139 176 180 55 
130 36 198 170 152 187 62 
129 4 42 91 187 82 21 189 56 27 157 
0 130 131 167 168 43 15 144 20 118 
33 130 137 106 110 111 82 184 185 158 
97 101 172 13 119 183 60 95 
195 132 74 172 45 18 114 147 183 152 63 
197 198 167 8 168 111 177 51 153 26 61 
132 40 73 140 111 112 15 149 122 126 
0 129 34 192 166 45 149 56 123 
66 37 43 11 12 109 87 62 
0 71 140 19 152 156 125 95 
98 99 166 199 117 94 
163 71 7 9 104 135 172 142 47 114 125 122 187 93 
129 2 195 100 102 40 169 11 80 89 186 92 94 
97 163 133 72 41 171 143 144 156 52 182 60 
163 164 166 39 104 45 14 15 175 114 86 127 
34 66 4 69 38 74 109 146 187 
71 167 105 138 45 14 25 125 
6 106 173 142 110 147 189 190 
33 167 72 104 41 60 126 
32 44 113 21 54 184 
0 40 10 20 23 29 
159 162 194 165 134 40 170 109 46 80 49 82 84 153 63 
131 7 140 77 109 81 50 145 178 53 22 149 150 126 
159 191 7 41 107 12 80 112 114 115 116 92 95 
166 40 73 43 44 140 145 85 119 56 154 157 94 
64 98 197 70 166 46 78 17 177 19 88 155 
65 98 194 198 73 10 44 112 182 23 190 30 
33 70 7 75 139 173 46 85 54 121 187 
130 131 162 37 174 143 16 86 151 26 158 
130 99 138 45 15 17 115 116 148 181 155 
67 196 133 41 105 109 46 189 185 123 29 
121 99 169 171 127 112 188 57 60 31 
43 174 29 114 146 53 189 28 93 
130 67 131 166 74 186 
132 41 76 46 113 118 
6 39 135 170 43 109 16 48 113 149 55 89 189 62 
66 136 76 14 143 83 179 25 91 189 190 
37 38 39 198 81 145 20 117 148 88 
192 33 70 11 43 152 122 92 62 95 
64 194 4 43 177 180 189 
96 196 174 46 178 183 184 
80 58 188 79 
33 98 36 68 133 176 182 88 90 59 188 95 
191 5 133 167 136 9 12 156 28 189 31 
99 195 44 45 176 118 119 124 190 31 
121 196 104 170 82 116 25 124 191 
192 129 73 113 87 158 28 30 159 
35 167 168 175 145 89 60 158 191 
100 102 113 21 125 122 61 62 
98 36 8 138 83 59 
98 163 68 195 8 11 107 173 142 120 89 123 124 158 63 
33 36 37 165 9 105 11 139 92 176 180 28 
136 138 170 46 78 17 114 88 186 155 92 
98 71 103 9 79 18 85 24 156 
66 98 162 6 12 19 149 155 
34 4 198 136 86 27 61 30 
165 135 105 147 86 185 156 95 
198 41 142 16 23 154 94 
3 163 37 6 39 40 137 75 14 142 175 18 84 148 
1 34 67 90 134 186 139 140 23 26 187 157 159 
32 99 68 131 102 39 71 10 42 141 148 187 28 
4 132 107 77 15 114 51 85 27 29 159 
131 37 168 143 116 53 85 180 153 
128 98 130 7 169 46 114 53 28 
0 193 195 102 40 23 30 151 62 
193 70 14 143 54 86 185 157 
32 2 35 74 109 145 51 27 
36 104 145 29 23 93 62 
2 100 169 173 51 151 
65 69 38 136 173 126 
171 108 49 124 189 
192 129 138 180 
169 73 98 67 
16 144 77 54 
99 132 165 135 169 106 107 12 138 46 113 83 148 117 186 
128 193 131 196 197 102 73 169 45 48 115 122 123 191 
129 162 195 135 75 76 139 79 17 56 189 191 
1 193 36 37 102 39 196 74 43 117 182 57 
162 199 40 41 73 104 50 151 121 123 63 
193 3 36 7 42 119 54 55 150 25 122 
132 134 75 139 45 78 79 18 152 28 
159 161 103 40 44 16 112 123 63 
32 128 199 9 73 17 50 145 94 
129 67 131 41 106 172 51 90 
64 192 34 110 175 16 17 60 
166 198 169 138 77 142 173 31 
97 193 35 8 73 171 77 
132 107 175 48 154 62 
105 76 84 185 188 
96 194 3 134 7 136 140 47 115 20 157 29 94 127 
67 164 196 102 8 108 141 177 114 90 29 30 95 
96 66 72 140 51 93 85 86 116 125 29 
130 198 170 43 139 187 19 147 154 123 
1 197 108 13 180 119 151 26 95 
1 66 103 43 144 20 24 156 125 
165 111 15 53 31 
10 131 196 141 
2 197 198 7 169 108 46 81 83 53 29 94 
99 100 132 39 11 48 85 62 
39 187 17 51 182 122 59 
70 114 118 90 187 125 127 
64 3 36 37 101 137 74 46 16 83 86 120 122 92 
153 3 37 102 40 106 109 111 83 118 57 27 157 
32 4 37 5 198 72 11 44 46 79 51 88 153 
0 32 163 70 74 12 172 142 17 179 117 30 
0 34 130 165 45 79 15 113 82 85 188 93 
0 100 132 137 74 113 146 51 183 157 95 
192 76 80 83 147 152 188 61 127 
34 198 138 170 81 117 154 158 127 
128 129 161 133 137 11 85 87 152 
33 35 140 142 15 121 59 190 
162 154 139 108 142 151 153 58 
40 106 15 114 115 178 26 
33 3 132 70 104 108 
192 33 65 35 68 194 103 8 107 173 78 142 144 51 85 186 61 
1 3 100 101 104 105 42 78 49 147 52 89 61 94 95 
100 70 39 73 105 141 142 145 85 86 57 
128 160 100 4 137 78 143 48 177 152 
1 65 133 40 9 77 21 185 28 
132 136 171 46 79 115 53 88 
191 68 169 108 44 46 189 95 
7 44 50 83 150 119 190 62 
0 133 107 110 143 146 61 
96 4 164 71 40 41 72 105 140 168 17 113 52 118 24 153 186 
160 193 69 101 165 72 9 73 85 119 24 152 158 
64 33 2 103 170 141 46 78 144 145 115 
193 99 172 80 50 53 56 89 188 125 
165 39 105 111 80 17 18 155 
66 130 68 18 20 180 31 
193 71 178 179 24 121 156 
160 6 71 116 57 154 
96 93 6 191 
159 198 135 
65 4 137 173 187 175 81 178 21 118 59 62 95 
160 192 131 69 40 9 41 174 84 150 182 184 
185 132 195 140 50 150 24 62 126 125 94 191 
70 44 127 79 179 86 55 185 123 92 63 
133 38 42 77 47 113 83 115 152 154 156 
35 99 133 6 103 41 141 81 51 188 61 
70 71 104 109 46 18 179 84 117 89 189 
34 39 40 168 140 175 114 180 
196 78 143 52 189 153 92 157 
193 165 6 113 50 52 89 
96 121 160 163 4 167 10 107 141 111 17 24 25 26 61 191 
64 1 98 36 69 70 168 10 75 13 174 150 88 154 124 
33 101 38 134 174 15 79 112 178 152 26 187 28 125 
194 69 134 138 43 139 140 175 18 179 22 189 190 
102 8 109 46 47 20 87 151 57 26 28 190 
135 136 139 12 140 46 78 110 86 57 
164 102 74 47 144 178 53 118 149 95 
96 34 35 38 10 75 44 144 153 
167 72 46 17 49 115 149 27 126 
33 67 40 170 15 114 151 28 
185 37 79 17 146 19 153 
194 68 167 170 139 44 143 177 119 184 183 93 191 
161 165 167 40 72 139 171 143 82 84 180 150 126 
64 129 198 8 108 140 177 82 20 52 150 94 
193 35 4 68 132 39 134 138 148 22 150 157 
32 194 36 101 5 132 167 171 13 110 181 
132 102 199 138 77 15 150 56 92 
153 67 41 11 81 113 23 183 55 184 57 28 95 63 
191 2 194 195 109 79 145 114 183 88 154 188 95 
192 194 71 135 42 107 138 78 182 183 154 127 
130 165 40 10 44 109 174 16 52 187 92 191 
66 67 130 70 134 75 107 19 118 182 155 
160 65 67 45 141 174 21 24 89 
3 131 41 144 148 150 
2 198 142 91 157 
159 33 2 34 66 191 70 198 139 82 125 56 61 184 95 
192 99 102 39 7 168 77 14 176 17 148 181 56 121 
64 1 130 37 165 105 114 146 116 149 152 126 159 
128 132 5 164 197 173 46 147 53 118 182 123 62 
192 67 136 75 11 156 51 85 152 60 189 94 
36 58 154 104 9 137 53 57 26 60 125 
32 100 134 105 107 77 20 22 89 
166 199 40 120 152 186 27 28 189 
0 196 5 169 115 183 25 187 
96 69 71 73 108 120 46 142 188 180 117 149 56 153 28 29 126 
97 98 133 6 197 106 76 16 80 85 150 156 93 158 
0 185 8 146 183 25 154 61 30 191 
3 101 79 147 189 118 55 60 29 63 
130 68 167 46 148 118 154 92 157 
128 65 2 67 36 140 15 17 94 
64 100 6 50 147 117 183 57 93 
98 117 182 30 184 91 93 62 63 
33 2 11 44 50 84 87 153 188 
169 171 76 77 172 47 20 55 24 
66 197 169 187 119 59 190 63 
96 65 131 70 51 180 89 31 
2 99 169 176 51 188 127 
129 3 134 167 43 123 
99 36 26 155 60 
159 195 142 47 111 174 50 147 84 176 150 55 92 61 31 
34 98 162 197 70 135 12 140 141 177 18 182 121 93 
1 68 9 42 45 145 116 149 22 120 153 187 31 
193 2 133 170 139 79 47 52 26 
2 8 168 76 48 145 178 19 187 
39 168 43 108 16 182 151 89 
129 146 35 7 
193 66 8 72 105 75 12 111 144 117 22 56 185 122 126 
0 1 32 67 68 130 105 45 14 143 49 23 189 
97 98 165 167 109 14 143 175 149 121 90 95 
100 135 167 106 14 15 175 50 83 156 191 
68 7 72 107 79 116 22 57 188 94 
128 196 198 135 107 44 172 16 178 84 152 184 63 
32 161 2 193 11 12 109 155 83 179 151 59 189 
65 2 68 166 72 74 15 183 121 186 187 95 
2 162 163 196 72 109 46 145 26 28 93 
66 67 41 175 113 53 149 182 58 59 62 
2 163 133 197 187 117 118 55 59 60 
32 89 131 135 75 141 17 57 30 
70 6 45 83 89 154 124 63 
194 108 143 53 151 90 63 
165 6 167 198 172 147 
100 73 144 115 158 
32 130 162 199 8 168 10 139 171 78 47 110 111 114 120 
3 69 102 135 167 137 169 11 123 175 116 53 24 121 88 
192 161 66 35 168 171 156 177 19 20 90 60 30 
32 193 2 131 194 103 10 44 109 81 150 88 
69 38 167 139 109 15 85 22 55 87 183 
160 167 43 78 177 150 119 88 190 184 
196 5 6 8 41 107 25 92 126 
2 67 134 166 139 78 177 50 61 
32 9 140 13 16 156 148 92 
192 194 195 36 142 182 186 61 
1 75 12 44 14 22 118 30 
64 195 169 77 46 121 29 
96 140 172 145 146 150 185 
154 44 121 122 191 
98 45 78 39 
98 38 154 73 42 80 178 19 147 181 89 90 187 63 
99 163 197 166 106 172 13 14 142 144 178 27 158 
194 5 70 40 123 139 174 16 85 182 120 25 91 
162 99 133 40 80 17 50 148 55 153 188 125 
97 134 72 136 144 114 146 147 21 180 93 
64 135 167 73 169 13 175 145 148 117 90 
163 73 142 176 178 179 53 24 58 190 
1 162 134 9 42 174 79 144 81 154 
133 102 41 138 172 112 17 151 24 157 
0 132 172 45 141 146 55 158 62 
100 8 137 106 82 147 60 93 
161 198 41 12 143 182 58 158 
128 193 4 139 175 144 113 114 53 149 183 26 127 
37 165 7 198 41 12 113 115 117 55 88 186 59 
0 160 2 153 162 102 136 45 174 148 184 121 93 
3 136 92 16 188 179 84 25 90 31 63 
192 2 131 168 137 115 88 60 
100 198 107 112 185 91 159 
33 161 7 174 152 62 
0 1 97 103 154 138 139 79 84 151 120 185 58 156 159 
65 66 98 129 8 108 140 17 115 149 182 154 
162 6 134 166 105 75 13 49 83 53 127 63 
35 37 6 167 198 10 106 12 17 123 30 
165 199 136 76 46 143 179 84 54 92 
66 194 136 41 142 179 21 118 54 155 
41 105 45 13 177 83 86 185 61 
100 132 68 142 174 179 55 152 26 
196 165 78 177 50 51 188 62 
138 43 22 89 28 29 95 
1 129 161 100 193 196 168 73 186 139 79 178 154 60 
0 160 3 69 39 167 47 15 148 88 57 156 
194 137 144 113 18 83 145 181 89 27 61 
129 69 104 42 74 112 116 22 153 186 191 
32 4 71 73 137 169 171 120 188 184 
97 2 67 163 137 182 151 24 26 29 
192 193 172 109 80 113 23 87 151 31 
160 72 136 44 179 52 21 186 30 
130 102 167 168 199 170 51 89 
33 167 186 74 43 81 122 92 
7 142 180 117 22 150 183 29 
130 102 42 170 140 156 60 159 
34 3 164 104 10 43 14 142 
193 6 166 73 108 77 18 87 
104 75 175 116 117 151 60 
39 49 114 156 31 
128 165 102 169 74 11 171 77 84 54 150 56 185 127 63 
35 132 167 43 174 112 116 23 57 59 126 
34 132 5 103 42 177 181 182 152 59 158 
65 164 104 139 171 50 146 24 25 59 127 
67 36 69 164 7 108 110 85 185 122 28 
66 4 164 59 108 17 21 120 27 124 
128 4 199 40 17 145 149 61 30 31 
128 65 192 194 170 107 171 50 21 57 
12 155 14 78 144 83 21 120 27 30 
197 136 42 138 78 15 174 177 19 118 
96 128 195 133 74 107 80 81 117 153 
164 38 7 75 15 86 152 28 190 
97 163 40 9 10 81 120 187 126 
161 199 109 114 85 118 24 88 
98 68 111 112 115 148 181 191 
193 2 197 73 175 47 49 186 
34 68 41 53 23 189 94 
133 197 16 178 185 159 
96 128 160 37 40 106 75 17 145 23 183 94 127 
98 131 39 8 9 12 49 145 115 53 120 187 191 
194 68 6 198 41 74 105 172 17 19 115 25 93 
2 9 107 144 113 146 115 54 153 90 29 127 
99 27 72 42 137 108 50 148 183 59 63 
159 1 2 4 38 70 169 76 54 119 31 
130 163 68 197 106 172 80 49 114 150 185 
66 67 39 168 21 88 185 154 188 
129 34 98 71 45 21 117 123 30 
96 192 171 77 45 94 189 126 
65 162 131 196 135 52 118 60 
194 37 197 8 139 77 113 
193 34 195 104 139 45 78 112 84 21 181 24 26 190 189 184 
64 66 105 10 14 78 16 48 174 84 89 62 
32 65 194 165 102 135 42 44 14 20 118 
65 197 6 8 74 108 47 49 117 121 
101 135 136 139 142 174 22 152 30 
34 186 105 178 179 24 90 124 
50 91 20 92 
129 66 103 10 43 42 174 112 145 117 22 122 
37 6 76 140 110 111 142 117 87 151 92 125 
129 102 137 74 91 140 48 84 86 27 60 
65 198 41 13 79 49 52 86 155 159 
3 72 11 107 82 83 179 121 156 191 
194 8 73 119 123 29 190 
160 171 140 141 78 182 61 
7 9 172 78 17 29 
97 66 161 102 167 72 41 10 76 15 114 125 58 61 
132 43 140 45 23 90 27 189 
131 7 44 80 18 178 55 152 
42 140 16 52 54 153 92 
72 105 117 21 187 191 
161 153 131 103 136 139 44 140 143 17 115 116 85 89 156 
0 161 2 99 164 167 72 168 199 11 46 176 83 87 31 
64 159 163 5 71 135 11 44 171 174 176 178 61 31 
0 2 68 100 133 168 42 74 150 55 89 187 
33 34 3 134 167 198 50 89 123 191 
128 70 71 166 73 78 143 52 59 60 
161 67 70 152 26 125 158 159 
0 136 175 20 148 122 127 
192 129 2 195 37 70 168 137 42 141 47 16 18 85 86 57 127 
160 162 3 163 37 5 106 170 77 142 150 89 124 
58 100 122 139 142 146 21 157 26 29 63 
192 162 45 13 15 174 183 89 90 29 
37 167 10 171 76 79 17 85 23 
96 166 40 73 106 77 116 188 
192 99 140 15 19 116 118 23 
2 6 74 43 14 174 154 
97 193 67 194 148 182 
131 165 169 106 170 127 60 156 181 54 28 157 95 
73 137 45 174 47 143 146 116 86 91 124 125 
2 134 105 106 11 108 77 51 180 151 25 
193 3 76 155 142 147 153 123 28 125 30 
194 4 9 107 179 84 86 60 126 
164 37 8 11 190 86 153 28 126 
68 14 111 16 114 52 154 31 
96 128 66 195 5 78 143 16 112 18 21 87 57 
2 154 9 139 20 84 116 57 26 92 61 31 
130 67 165 103 136 167 92 23 186 124 189 159 
3 137 10 170 144 49 86 151 155 63 
196 6 7 167 169 123 114 178 23 59 
66 98 37 186 106 171 140 58 30 
0 163 104 137 107 20 155 93 158 
193 98 196 11 139 79 54 56 187 
70 167 43 49 19 184 90 30 
133 108 109 175 16 24 94 63 
160 99 5 70 113 154 124 93 
138 85 183 156 157 127 
59 177 182 91 156 
133 166 71 40 12 76 187 15 145 85 87 91 60 94 63 
99 69 167 8 172 111 81 113 51 22 54 24 93 
3 4 101 132 164 77 111 85 182 151 89 30 95 
32 97 96 99 68 102 134 136 140 114 149 150 
196 197 198 27 41 174 79 183 123 92 158 
0 1 68 37 6 9 80 181 185 156 
34 198 71 39 72 42 13 112 85 
3 167 72 108 172 182 29 30 
41 169 46 14 174 83 86 28 
161 195 36 41 170 173 142 114 120 90 155 159 
128 163 68 164 156 55 87 155 92 
4 37 199 84 116 152 90 92 62 
68 43 76 112 56 185 61 95 
192 196 72 107 171 14 49 178 53 118 119 151 154 
97 67 69 41 105 14 86 23 155 94 127 
32 65 102 72 75 16 48 80 145 182 90 
96 159 7 40 72 139 111 124 126 63 
7 138 175 181 183 57 92 189 95 
160 196 165 45 182 30 
163 195 103 40 139 174 50 84 150 87 27 61 
192 130 6 71 39 103 169 46 80 84 89 188 
161 35 103 8 41 109 188 51 21 26 92 31 
6 134 73 75 50 181 182 184 121 30 
161 99 165 109 51 87 89 123 125 126 
32 98 130 131 102 8 78 174 49 24 
68 102 166 72 13 49 19 147 119 152 
1 99 39 103 77 175 49 22 183 187 
4 101 5 154 41 109 26 
96 128 198 71 136 41 170 76 108 14 49 178 117 57 28 30 31 
36 101 137 170 45 46 144 188 115 22 152 28 157 159 
98 37 101 102 168 105 169 198 13 46 177 148 29 94 
128 69 166 103 10 140 143 112 146 178 57 91 60 
34 167 8 41 170 141 17 18 87 55 184 189 126 
129 104 173 174 144 145 176 51 84 151 25 30 
1 193 35 38 102 72 170 87 151 185 90 
130 195 36 170 18 50 52 150 184 156 126 
65 2 131 164 43 11 48 147 184 90 
64 161 192 68 135 143 82 117 119 56 
2 66 130 133 169 45 79 156 124 125 
128 195 37 6 9 11 46 174 20 
96 163 185 196 106 115 24 57 63 
3 36 69 104 116 184 126 31 
33 36 144 181 122 28 157 
32 64 129 101 56 93 
64 66 131 132 196 70 136 10 43 74 173 15 51 86 120 121 
65 34 5 104 105 170 79 85 56 121 58 190 29 158 
34 196 167 42 138 21 53 154 28 30 159 
64 97 163 37 6 172 112 58 59 156 29 
171 50 115 84 114 149 152 186 156 63 
34 66 196 167 145 114 148 21 95 
194 73 20 150 23 185 122 95 
0 100 27 138 171 153 122 59 
161 36 174 19 150 88 58 
4 136 86 57 60 189 
192 98 67 36 37 70 167 43 77 110 176 81 21 91 92 30 
159 68 103 85 87 55 118 25 154 124 29 94 127 
192 194 68 100 197 9 73 43 182 24 185 187 190 
98 38 8 43 12 45 111 19 85 157 63 
129 34 193 166 167 41 44 115 28 126 
0 64 98 35 71 39 135 174 119 183 
129 66 193 72 175 178 122 125 190 
64 65 76 121 28 95 
161 2 67 6 49 52 189 27 188 93 127 
33 194 163 71 135 74 77 45 173 177 147 
0 161 101 186 112 179 189 24 56 157 
65 130 39 108 109 16 151 152 89 187 
160 143 111 116 181 60 
33 195 4 37 36 133 74 139 14 110 175 188 86 151 186 124 127 
193 71 155 141 78 79 112 172 178 85 182 27 60 31 
34 69 137 106 139 140 172 53 86 117 150 25 187 159 
32 194 163 9 74 11 169 171 144 20 54 184 91 159 
161 195 5 103 136 178 147 116 181 24 30 
33 2 194 102 168 138 109 19 30 
131 103 175 144 88 91 191 
160 169 178 23 
130 35 131 173 49 50 114 182 119 185 154 31 
131 196 166 170 44 15 20 182 87 151 28 189 
193 4 135 167 171 18 114 117 24 62 
34 105 170 46 47 174 178 118 56 59 
2 5 140 187 78 155 188 125 126 
64 102 173 110 47 82 29 93 190 
10 108 173 174 79 52 150 55 61 
128 36 106 49 82 146 89 60 
131 167 105 173 84 24 154 127 
97 165 13 143 49 146 148 87 
191 165 166 73 48 124 31 
2 3 102 146 114 158 
128 75 45 81 93 
161 191 67 68 101 72 73 47 48 188 51 119 85 87 23 25 156 57 
89 2 185 105 10 170 12 143 112 144 180 150 57 27 156 
193 163 164 185 78 143 80 83 85 183 121 90 91 126 
96 1 3 8 73 42 76 175 16 51 118 59 
1 161 35 101 7 72 199 170 81 113 184 124 
129 193 68 132 80 176 150 56 90 188 63 
0 96 67 105 108 140 89 154 91 125 62 
192 33 161 7 199 108 78 143 18 181 90 
1 68 5 38 70 167 78 180 54 87 
199 136 137 138 171 22 186 62 127 
160 193 49 50 22 183 26 155 
97 72 107 45 112 123 28 
73 11 173 55 123 157 
