200 1000
1 1 1 1 1 1 1 1 1 2 2 2 2 2 2 2 3 3 3 3 3 3 3 3 3 3 3 3 4 4 4 4 4 4 4 4 4 4 4 4 4 4 5 5 5 5 5 5 5 5 5 5 5 5 5 5 5 6 6 6 6 6 6 6 6 6 6 7 7 7 7 7 7 7 7 8 8 8 8 8 8 9 9 9 9 9 9 9 9 9 10 10 10 10 10 10 10 10 10 10 11 11 11 11 11 11 11 11 11 11 11 12 12 12 12 12 12 12 12 12 12 13 13 13 13 13 13 13 13 13 13 13 13 13 13 14 14 14 14 14 14 14 14 15 15 15 15 15 15 15 15 15 16 16 16 16 16 16 16 16 16 16 17 17 17 17 17 17 17 17 17 18 18 18 18 18 18 18 18 18 18 18 18 19 19 19 19 19 19 19 19 20 20 20 20 20 20 20 20 21 21 21 21 21 21 21 21 21 22 22 22 22 22 22 22 22 22 23 23 23 23 23 23 23 23 23 23 23 23 23 23 23 23 24 24 24 24 24 24 24 24 24 25 25 25 25 25 25 25 26 26 26 26 26 26 26 26 26 26 27 27 27 27 27 27 27 27 27 27 27 27 28 28 28 28 28 28 29 29 29 29 29 29 30 30 30 30 30 30 30 30 31 31 31 31 31 32 32 32 32 32 32 32 32 32 33 33 33 33 33 33 33 33 33 33 33 34 34 34 34 34 34 34 34 34 34 34 34 34 34 34 34 34 34 34 34 35 35 35 35 35 35 36 36 36 36 36 36 36 36 36 36 36 36 36 36 36 36 37 37 37 37 37 37 37 37 37 37 37 37 37 37 37 37 37 38 38 38 38 38 38 38 38 38 39 39 39 39 39 39 39 39 39 39 40 40 40 40 40 40 40 41 41 41 41 41 41 41 41 41 41 41 41 41 41 42 42 42 42 42 42 42 42 42 42 42 42 42 42 42 42 42 42 43 43 43 43 43 43 43 43 43 43 44 44 44 44 44 44 44 45 45 45 45 45 45 45 45 45 45 46 46 46 46 46 46 46 46 46 46 46 46 46 46 47 47 47 47 48 48 48 48 48 48 48 48 48 48 48 48 48 48 48 48 49 49 49 49 49 49 50 50 50 50 50 50 50 50 50 50 50 50 51 51 51 51 51 51 51 51 51 51 51 51 51 52 52 52 52 52 52 52 52 52 53 53 53 53 53 53 53 53 53 54 54 54 54 54 54 54 54 54 54 54 54 54 54 55 55 55 55 55 55 55 55 55 55 56 56 56 56 56 56 56 56 56 56 57 57 57 57 57 57 57 57 57 57 57 57 58 58 58 58 58 58 58 58 58 58 58 58 59 59 59 59 59 59 59 59 59 59 59 59 59 59 60 60 60 60 60 60 60 60 60 60 60 60 60 61 61 61 61 61 61 61 61 61 61 61 61 62 62 62 62 62 62 62 62 63 63 63 63 63 63 63 64 64 64 64 64 64 64 64 64 65 65 65 65 65 65 65 66 66 66 66 66 66 66 66 66 66 66 67 67 67 67 67 67 67 67 67 67 67 67 67 67 67 67 67 67 68 68 68 68 68 68 69 69 69 69 69 69 69 69 70 70 70 70 71 71 71 71 71 71 71 71 71 71 71 71 71 72 72 72 72 72 72 72 72 72 72 72 73 73 73 74 74 74 74 74 75 75 75 75 75 75 75 75 75 75 75 75 76 76 76 76 76 76 76 76 76 77 77 77 77 77 77 77 77 77 78 78 78 78 78 78 78 79 79 79 79 79 79 79 79 79 80 80 80 80 80 80 80 80 80 81 81 81 81 81 81 81 81 81 81 82 82 82 82 82 82 82 83 83 83 83 83 83 83 83 83 83 83 83 84 84 84 84 84 85 85 85 85 85 85 85 85 85 85 85 85 86 86 86 86 86 86 86 86 86 86 87 87 87 87 87 87 87 87 87 87 87 87 87 87 88 88 88 88 88 88 88 88 89 89 89 89 89 89 89 89 89 90 90 90 90 90 90 91 91 91 91 91 91 91 91 91 92 92 92 92 92 92 92 92 92 92 92 92 93 93 93 93 93 93 93 93 93 93 94 94 94 94 94 94 94 94 94 94 94 94 94 94 94 95 95 95 95 95 95 95 95 95 95 95 96 96 96 96 96 96 96 96 96 96 96 96 97 97 97 97 97 97 97 98 98 98 98 98 98 98 99 99 99 99 99 99 99 99 99 99 99 100 100 100 100 100 100 100 100 
35 3 100 102 11 140 77 82 179 182 120 57 186 187 60 
65 34 66 161 101 102 162 47 16 82 146 190 191 
64 96 196 123 140 142 53 151 27 60 125 191 
66 67 69 38 43 20 87 25 155 124 94 
197 102 38 166 168 45 110 20 182 29 
134 10 106 46 175 55 87 120 92 190 
72 75 179 149 55 121 188 
67 108 145 19 184 89 156 
44 173 110 112 55 30 
1 104 42 107 44 140 47 175 149 119 189 63 
192 34 3 5 104 187 143 80 55 59 157 
160 197 135 140 14 19 180 27 94 
64 194 6 71 167 119 181 87 
101 197 136 43 44 141 50 30 
162 38 8 145 113 22 150 
152 82 163 157 
193 2 35 134 11 45 190 145 114 146 147 183 25 92 94 
194 39 40 41 169 108 80 49 50 52 60 29 158 
160 1 3 4 196 198 104 74 173 110 22 191 
163 6 102 9 15 49 113 22 24 124 157 
34 35 37 8 144 51 21 22 89 186 
0 159 131 6 187 51 56 155 188 127 
140 14 48 51 86 30 88 188 62 
99 185 199 137 75 82 178 25 189 
3 68 69 101 132 50 83 91 62 
32 33 39 199 106 180 182 156 
130 165 147 157 122 28 125 
40 172 49 113 24 189 
96 34 98 131 5 38 7 39 71 102 109 16 176 50 30 
131 170 43 140 109 45 110 144 177 190 147 180 53 28 126 
36 7 71 104 199 44 16 112 18 180 53 125 93 
192 131 7 43 140 77 174 86 25 186 124 158 63 
59 12 44 117 150 87 56 57 27 92 126 
102 167 171 15 147 180 53 22 122 62 
131 71 75 11 175 180 183 63 
70 74 43 140 47 49 23 151 
37 134 199 108 175 145 188 
99 171 82 115 116 88 31 
33 34 68 38 178 153 124 
128 131 106 139 179 188 126 
68 101 140 179 21 149 94 
169 10 173 29 188 61 
96 130 35 194 167 72 186 74 141 25 90 125 94 
1 36 38 71 105 44 109 172 83 86 119 26 191 
160 97 194 73 140 81 50 177 148 181 56 90 188 
160 34 67 132 142 48 115 117 182 90 123 188 
193 132 198 72 73 105 139 168 18 20 116 
64 66 68 7 40 169 170 108 110 84 183 
194 37 46 146 116 118 24 57 27 28 
161 98 162 193 75 178 88 124 94 
160 166 42 13 46 89 122 124 31 
66 35 165 138 140 109 83 148 95 
159 3 43 139 110 50 123 63 
192 41 10 43 142 81 54 28 
1 34 65 130 39 42 93 31 
65 196 104 137 168 143 179 
129 194 169 23 153 
2 67 99 163 166 136 9 138 108 77 16 17 181 151 184 63 
193 194 163 167 43 140 174 176 19 147 22 23 190 159 
192 185 71 199 12 109 111 179 148 151 152 153 61 63 
64 191 68 39 60 111 112 150 25 58 28 94 95 
128 129 196 104 43 190 82 85 88 124 152 158 
128 160 37 197 80 145 18 53 59 95 
1 101 135 136 173 79 48 15 52 118 
161 132 11 15 144 81 177 147 52 
99 171 44 142 145 84 23 185 31 
66 67 154 73 108 26 191 
129 162 191 133 104 105 10 43 172 141 142 145 120 153 184 95 
64 160 193 36 196 39 72 171 145 149 150 89 26 156 190 
96 69 73 41 46 115 20 85 117 91 124 
99 73 169 78 143 177 179 155 92 61 
33 4 37 134 46 49 82 146 21 55 
192 169 43 109 112 115 116 85 21 
99 7 104 199 141 22 120 27 
194 110 116 117 87 29 
65 104 43 12 13 140 111 80 150 183 187 157 
194 67 195 38 170 49 147 23 86 55 127 
1 133 103 75 17 115 183 56 89 90 191 
161 100 165 167 107 48 20 180 
6 154 106 170 26 125 158 31 
195 75 43 83 90 
65 130 191 5 38 71 133 168 42 198 14 115 118 150 120 58 189 127 
161 172 76 13 77 47 109 111 145 19 83 85 86 93 146 147 61 
99 195 69 5 39 108 80 178 116 117 118 154 27 
64 161 66 139 143 112 179 117 54 55 
32 192 100 198 103 80 113 145 178 123 
0 97 99 100 69 106 173 113 118 58 
32 71 10 107 108 139 52 116 121 
164 174 110 180 188 157 31 
34 174 178 117 121 62 
96 129 66 69 168 12 44 109 187 48 118 91 124 
34 132 72 74 76 109 46 48 49 83 116 124 
65 162 100 11 78 16 18 147 22 89 29 
192 76 174 50 188 117 54 56 25 28 
128 199 106 84 22 87 88 25 186 
46 180 189 22 119 153 122 61 
102 140 175 51 54 189 125 
9 139 12 173 49 58 92 
96 73 108 110 54 31 
195 46 113 19 158 
192 161 101 154 14 174 18 115 116 85 22 87 146 180 58 188 
34 130 131 162 164 73 74 43 11 142 114 179 27 29 
99 4 37 164 138 107 16 19 85 86 88 90 155 
67 68 9 10 170 44 46 78 17 81 53 
97 35 136 105 76 110 174 149 184 93 126 
97 162 101 169 106 138 15 82 20 152 155 
101 70 168 173 78 15 50 82 148 188 
194 39 40 139 141 24 89 190 31 
130 39 139 172 45 112 177 
4 77 82 118 23 25 122 
65 70 38 143 15 176 177 
1 193 195 132 8 169 107 113 82 115 177 178 184 121 
7 40 136 106 46 79 175 18 20 52 59 126 127 
0 121 36 103 75 44 173 14 182 24 89 158 
97 197 134 169 106 111 176 51 84 125 
128 1 164 197 138 142 111 182 120 29 
128 135 7 73 142 149 92 190 
194 36 41 42 81 18 181 29 
65 129 197 44 17 178 185 189 
71 199 105 19 119 90 62 
184 196 103 
64 194 134 136 105 138 44 77 14 140 141 150 89 189 190 
132 165 39 142 15 144 17 119 56 58 184 63 
67 36 72 186 81 82 145 86 118 121 154 187 
33 129 9 172 175 16 146 147 56 89 157 126 
64 193 66 35 4 199 139 45 13 119 
3 107 172 144 145 51 149 54 189 
34 106 107 76 77 114 116 191 
96 199 107 12 46 110 123 28 
96 98 162 37 70 106 139 116 
192 36 12 47 144 147 153 158 
3 165 8 112 115 31 63 
137 12 49 55 121 155 124 
128 134 139 110 148 29 
193 36 10 171 176 
32 33 2 192 197 137 172 78 16 144 83 149 90 28 95 
160 132 6 136 41 42 105 76 139 81 178 20 91 156 127 
64 96 34 100 164 197 106 45 122 91 124 31 
33 106 138 140 148 180 151 187 191 
98 67 74 170 17 24 91 189 
36 196 91 13 14 110 59 28 
193 130 43 17 113 181 121 126 
185 166 135 7 198 11 57 
160 45 46 15 110 141 149 22 56 121 26 156 31 
195 165 174 112 17 146 20 182 87 120 186 93 63 
134 105 79 114 146 52 117 150 121 58 63 
64 33 130 160 193 137 150 87 157 91 29 
36 104 105 42 137 147 52 53 87 24 
6 166 42 46 16 48 179 21 117 
72 172 175 18 83 151 56 57 154 
99 132 166 42 11 106 183 59 
102 199 105 55 159 
185 197 134 39 9 12 14 50 180 121 126 187 95 63 
194 99 197 8 110 23 181 182 151 153 190 183 
131 132 195 104 170 11 111 18 22 189 158 31 
32 129 67 136 105 107 81 113 152 154 31 95 
65 102 166 170 77 49 20 153 58 93 62 
129 68 39 10 78 144 86 182 122 93 94 
161 38 167 199 76 15 112 175 54 57 122 
137 44 172 80 114 115 149 86 151 187 
97 130 37 134 115 52 22 187 188 61 
194 40 137 46 48 184 122 
64 66 131 4 38 39 70 167 11 12 175 81 83 88 25 184 
128 40 136 43 12 44 190 82 116 119 56 58 124 62 
97 98 39 168 137 75 112 49 114 86 123 127 
0 3 4 134 103 107 110 51 185 92 63 
35 197 166 72 10 80 50 117 158 94 191 
0 131 166 40 139 174 21 151 120 183 
33 67 5 8 43 12 176 180 185 
133 187 78 18 151 152 59 125 
9 144 180 122 187 
64 65 128 103 9 11 43 16 176 53 118 150 56 88 189 
32 1 195 68 5 135 172 113 149 22 63 
192 131 71 45 14 147 182 88 58 
67 165 103 111 18 55 151 57 95 
163 132 38 72 77 174 117 24 29 
126 103 73 147 52 149 54 26 94 
161 162 69 186 12 184 26 126 
165 77 13 29 150 183 60 125 
97 130 5 133 81 50 181 153 
34 3 135 13 78 19 158 95 
165 72 188 23 60 127 
33 100 168 41 89 127 
160 33 129 132 37 6 8 105 17 145 178 89 127 
3 167 199 43 187 174 87 23 27 60 
66 7 82 152 87 151 187 188 93 30 
197 134 8 175 17 49 146 116 118 155 
33 99 35 100 196 198 136 13 30 127 
96 68 79 175 176 115 30 29 94 
96 2 167 168 113 117 183 89 157 
1 67 195 170 11 140 173 27 188 
160 161 131 165 168 141 78 17 179 157 63 
65 196 197 107 111 53 149 181 156 61 
192 34 137 74 190 147 24 186 92 158 
2 102 134 41 45 22 119 92 
2 71 170 107 81 54 186 190 
191 169 107 185 60 127 
2 74 109 13 20 119 
45 110 147 118 57 
97 5 134 11 12 45 77 155 81 23 91 29 
64 34 4 70 46 48 19 83 55 152 89 
66 100 103 11 113 115 118 23 187 94 
97 165 138 47 112 116 150 88 26 123 
33 193 72 169 107 146 52 87 188 
192 1 4 140 142 145 177 183 122 
33 153 68 132 86 55 57 155 31 
2 165 197 105 78 79 51 59 93 
97 71 12 140 85 187 
128 130 196 5 7 136 77 143 177 54 151 121 29 30 
163 36 105 11 79 177 146 20 56 58 123 28 29 
66 42 170 146 115 23 26 59 61 30 
160 129 13 18 178 86 187 157 127 
167 169 43 172 83 87 58 190 
98 136 74 75 43 21 119 151 
73 46 112 114 149 158 
41 74 138 106 87 
192 195 14 87 63 
64 65 194 196 134 166 8 168 108 13 92 49 50 82 55 153 60 125 
64 66 69 199 13 16 84 152 153 126 59 93 30 
2 130 68 6 72 169 12 78 111 177 151 122 30 
3 132 195 71 106 173 79 18 115 180 89 158 
36 39 135 106 75 138 139 171 173 57 93 95 
134 40 137 143 80 17 147 180 119 183 26 28 
66 163 37 6 198 40 41 115 119 156 61 
0 193 133 40 170 108 45 112 54 120 25 
128 65 167 40 140 78 143 81 18 180 185 
192 163 38 170 107 173 110 112 91 188 
128 197 198 49 52 149 23 158 188 30 
37 70 13 142 93 152 125 158 
39 199 174 180 117 151 90 
32 131 101 84 116 88 58 
167 77 50 83 117 89 
160 196 103 83 21 183 
131 134 166 10 74 77 17 51 52 93 23 90 156 63 158 31 
161 2 34 131 105 42 10 43 170 79 113 117 184 121 29 126 
193 66 5 101 75 12 171 113 145 83 20 122 60 
65 36 197 40 41 141 54 55 150 89 92 61 
1 132 197 6 138 171 12 44 18 22 90 
32 34 36 8 10 148 23 153 188 189 
32 96 103 136 41 74 76 53 57 157 
64 6 184 153 26 60 
160 36 103 79 152 
191 134 104 11 15 48 17 22 183 153 122 61 94 159 
64 194 134 167 138 173 47 176 17 145 178 154 59 95 
32 162 36 134 7 71 12 108 49 84 21 152 191 
130 38 135 105 79 111 82 114 146 23 57 126 
35 100 195 7 140 155 23 24 154 123 127 
34 70 7 103 106 12 111 23 186 158 
130 197 7 108 92 177 124 
64 72 106 139 76 47 19 21 181 152 156 30 63 
193 66 99 4 40 13 110 81 56 188 184 95 
32 1 35 101 5 135 169 181 182 152 123 
67 38 7 104 169 10 75 76 18 21 85 
192 35 165 166 71 197 106 76 111 158 
160 193 70 138 77 78 177 19 25 26 
64 131 196 165 135 143 176 186 124 
1 141 180 23 123 156 63 
103 74 85 55 28 63 
173 13 15 16 122 191 
33 133 134 10 107 12 170 79 51 55 120 187 61 
162 132 38 135 199 173 15 82 21 181 122 188 
193 131 154 167 73 45 141 156 126 59 28 62 
34 132 38 72 169 76 45 14 143 145 82 186 
68 101 137 138 75 52 84 182 152 91 125 
192 10 75 16 179 116 148 54 183 24 57 
36 69 38 8 10 141 110 81 52 85 93 
36 164 167 46 16 51 148 179 120 159 
0 34 153 102 138 107 124 25 90 92 
68 75 108 109 48 112 54 25 127 
67 3 5 164 109 114 116 124 
99 148 78 
89 65 162 12 45 141 111 50 61 20 116 57 124 29 
97 98 69 101 133 40 138 75 139 77 53 55 184 29 
99 106 11 173 78 111 18 147 149 87 57 94 
98 39 75 77 142 111 52 21 85 151 56 
0 194 99 101 145 50 120 121 30 
2 4 199 137 109 182 25 27 
1 130 195 132 5 70 39 103 173 142 85 23 25 187 60 157 
98 134 166 105 74 171 47 145 18 57 122 93 
99 196 107 44 13 110 79 48 179 190 
129 195 132 10 147 86 119 152 58 
99 36 101 164 77 48 113 189 127 
34 106 144 50 21 24 29 
160 161 2 191 36 198 123 79 112 49 147 118 182 59 63 
2 70 39 72 9 167 199 12 173 174 47 54 56 
65 34 191 4 69 195 175 120 152 190 159 
131 101 71 168 173 14 47 115 149 87 185 
162 195 36 7 109 77 48 151 157 159 
2 7 142 174 113 50 53 25 159 
134 135 139 12 46 79 182 154 63 
2 98 9 146 120 154 125 
64 96 98 35 102 167 104 50 83 115 178 154 155 156 94 
163 4 195 6 41 73 43 45 148 53 85 186 189 
33 2 66 198 8 106 108 120 124 24 60 190 
160 65 5 143 112 84 23 24 190 152 62 
129 133 76 147 181 184 121 157 
1 97 129 195 90 8 73 177 21 182 151 56 58 94 191 
1 66 97 100 132 71 167 73 11 112 85 151 31 
68 70 42 139 108 80 85 86 23 90 95 
97 2 66 103 40 135 14 15 178 55 123 
38 42 11 172 14 51 52 83 24 156 61 
192 121 98 16 177 183 57 186 155 189 
65 39 76 77 19 181 22 58 156 
129 34 37 197 45 148 182 184 
0 105 142 176 113 149 
191 69 38 101 133 198 13 19 179 180 26 93 190 95 
32 5 167 136 174 79 113 82 180 54 155 126 
34 73 42 142 15 17 145 146 54 59 190 
99 133 38 136 45 174 80 50 146 153 31 
0 96 34 35 6 103 171 12 19 181 120 
68 133 73 76 177 85 117 93 94 159 
164 133 74 110 142 17 118 88 28 157 
37 154 106 107 90 91 92 31 
131 100 106 75 138 145 121 156 
101 37 157 56 57 188 29 184 
193 104 75 143 183 92 
66 99 132 133 39 169 123 12 171 17 113 156 53 27 60 93 
1 162 99 194 198 107 141 111 49 18 83 114 183 58 29 
0 121 162 99 167 8 199 172 47 79 51 25 189 30 
32 192 98 3 198 74 12 109 177 188 54 184 26 156 
32 66 132 69 38 39 136 168 49 18 86 28 158 
96 70 138 43 45 14 115 179 21 183 88 154 188 
131 4 164 78 14 175 82 179 183 123 28 
69 5 154 136 11 75 87 88 58 59 
3 197 40 42 140 176 20 56 185 
159 1 132 167 11 113 114 57 31 
32 64 6 103 74 110 113 189 
36 132 76 48 179 150 87 125 
39 135 11 76 84 121 60 29 
65 196 5 139 12 92 183 28 
64 98 195 167 43 112 57 59 
185 103 170 50 83 89 28 
109 80 19 53 181 183 152 
37 70 141 55 59 158 
99 137 111 83 85 
129 10 161 116 
191 162 133 38 170 174 81 19 150 157 88 121 93 63 
192 129 68 8 73 105 106 141 47 176 18 82 
33 194 4 68 43 15 79 143 22 188 30 127 
160 129 3 99 5 199 12 142 111 18 88 
34 162 75 173 116 180 183 122 92 
100 71 76 78 143 116 21 26 91 
98 163 4 166 7 72 9 103 104 136 198 146 179 52 149 95 
130 67 4 5 194 105 108 110 19 147 121 59 190 157 126 31 
64 162 3 5 166 73 106 46 79 174 119 152 184 95 
160 101 135 41 105 16 80 176 115 184 152 185 61 30 
97 134 72 9 10 91 137 15 16 56 89 154 88 
32 1 2 35 96 168 171 110 47 151 29 127 
96 33 66 70 8 171 14 16 81 83 89 126 
193 35 6 8 11 109 14 16 116 153 28 
96 194 37 8 73 13 174 86 157 182 29 
160 36 102 9 107 79 148 149 182 62 
164 5 104 137 76 16 50 146 52 86 
167 74 50 84 22 150 91 92 159 
65 193 100 103 11 46 17 122 125 
65 164 168 45 184 87 24 126 
1 132 80 84 24 184 
132 102 72 87 26 62 
192 121 131 186 41 73 171 108 15 79 49 114 89 90 158 62 31 
98 37 101 71 167 198 44 49 145 180 21 181 189 93 
160 194 132 133 106 138 173 111 181 55 27 158 
195 137 107 48 176 179 180 21 120 158 62 127 
33 193 35 69 167 108 49 83 119 122 124 93 
128 39 104 7 187 14 144 50 118 155 189 
97 141 80 176 119 182 87 184 25 29 94 
96 34 4 70 14 116 54 25 90 95 
32 96 128 131 46 49 88 121 30 31 
194 35 164 69 190 145 156 24 92 184 
33 67 134 169 139 45 20 22 127 63 
65 1 33 129 5 130 167 195 74 151 
96 65 99 109 178 181 188 127 
68 71 7 51 19 147 182 122 
135 167 199 107 11 142 113 53 
99 132 198 176 17 18 180 94 
151 99 92 135 
4 5 136 145 150 152 53 56 185 59 188 62 76 77 94 97 116 117 126 
96 128 98 129 36 68 38 194 42 43 116 85 125 121 61 
0 67 4 131 6 39 45 15 81 114 52 54 88 120 62 
64 121 128 163 165 14 116 148 184 25 157 
35 4 166 168 41 138 108 176 146 156 
36 5 7 76 143 16 127 31 
7 72 79 16 175 55 90 
160 103 199 138 17 179 183 
162 38 108 45 93 
128 193 163 101 198 104 168 76 174 115 179 85 118 126 191 
66 167 104 172 45 15 83 148 92 93 30 159 
132 197 7 40 136 42 108 141 182 90 155 30 
97 197 138 43 76 187 82 19 52 115 152 27 
162 169 74 178 55 25 186 189 183 63 
162 170 139 14 79 16 25 186 57 
191 137 110 112 17 85 53 30 63 
66 99 196 146 19 26 62 
67 107 43 143 26 156 126 
34 99 68 198 80 179 89 
64 96 195 196 106 77 109 47 116 21 157 126 127 
96 130 100 134 78 14 79 175 178 148 53 93 
192 33 195 69 199 137 175 80 117 120 155 
191 3 138 12 176 81 121 90 59 31 
66 162 39 144 50 87 122 188 61 159 
0 196 9 78 83 148 188 
72 165 
160 33 66 121 69 102 197 72 186 12 16 21 24 89 56 187 28 
129 3 99 164 39 139 12 77 80 113 179 118 55 157 154 61 
5 199 136 41 10 15 114 84 149 22 119 181 122 187 
0 65 194 164 199 106 46 78 49 147 53 117 181 122 
195 36 41 172 80 51 148 149 86 87 88 179 186 
4 164 72 175 116 117 86 54 183 153 184 188 158 
3 132 136 74 43 45 46 47 145 21 91 28 
97 34 5 165 197 198 169 107 87 152 187 
67 99 195 7 73 74 115 87 156 
32 8 18 178 53 157 57 93 190 
0 165 197 78 182 87 185 59 30 
5 141 177 20 84 22 57 188 190 
99 37 73 41 29 95 
132 77 81 179 24 
1 67 4 132 163 40 169 42 139 144 51 147 179 55 152 122 156 
69 39 72 142 15 79 124 176 83 177 150 88 25 90 60 30 95 
1 5 38 123 15 111 145 20 149 22 157 181 27 125 62 191 
64 8 75 79 175 49 82 114 147 149 190 158 
33 165 134 71 103 154 76 143 19 90 125 190 
64 72 12 77 78 16 116 150 119 28 125 30 
4 37 134 136 74 170 174 84 182 24 154 156 
96 33 66 165 138 47 15 49 52 53 126 
128 7 72 74 143 179 181 86 27 29 
67 196 102 134 110 19 149 56 61 62 
161 98 195 43 79 144 145 176 182 157 
3 37 142 178 87 183 58 60 189 
100 199 107 45 109 85 86 93 31 
138 143 144 26 59 124 94 
162 101 38 6 102 11 49 
131 165 6 140 188 53 28 
32 88 77 
0 153 186 
32 2 162 36 163 136 137 140 14 47 48 19 22 120 27 189 
96 4 103 104 11 44 45 172 143 82 183 123 
97 35 102 40 11 43 79 18 19 149 23 189 
97 194 38 8 137 75 49 19 116 55 57 
73 106 11 107 171 174 180 85 55 153 94 
164 165 81 147 23 87 55 26 189 
128 69 186 13 173 15 82 83 90 
99 35 137 76 113 30 156 62 
65 165 142 89 58 187 28 
33 162 100 174 20 150 
1 163 7 136 173 113 18 21 118 56 89 152 
40 172 110 47 49 82 23 186 30 127 
3 99 37 198 155 79 50 118 91 
1 164 133 39 82 19 146 86 153 
97 2 100 101 199 24 185 156 
160 39 116 22 26 
48 97 50 
97 67 164 134 40 41 105 173 114 146 21 86 89 158 94 127 
161 35 164 135 138 109 14 143 80 49 190 87 126 92 94 
96 65 35 70 137 74 171 79 20 148 87 185 93 126 
0 66 67 106 139 108 23 89 26 28 189 63 
185 72 11 12 44 171 82 118 183 152 153 189 
166 39 104 168 14 175 50 82 146 117 179 191 
67 35 70 9 110 118 119 92 190 
128 129 78 115 88 184 
42 15 145 21 22 
24 36 71 68 
96 6 7 40 105 136 11 170 13 144 115 21 53 158 
35 100 164 38 165 74 75 173 19 149 92 
96 1 33 3 70 136 108 14 49 56 
33 68 73 49 20 22 24 56 187 
37 70 135 107 139 177 180 55 191 
99 69 166 154 72 45 185 26 91 
69 37 109 141 147 117 56 25 95 
104 48 17 52 181 22 91 124 
131 68 101 140 110 16 144 57 
164 38 175 112 177 86 90 126 
101 6 103 108 172 52 150 95 
161 194 37 53 25 186 29 62 
138 155 45 177 50 91 124 
1 8 78 83 152 154 
129 98 5 102 39 198 141 19 179 24 89 186 184 
33 2 129 162 69 136 106 108 116 180 157 94 
132 101 6 166 171 77 115 118 24 123 31 
167 106 47 175 178 148 151 60 
129 193 163 8 139 14 15 174 52 85 126 28 61 62 
96 34 99 197 167 169 74 11 141 82 182 153 28 
160 162 163 132 197 167 9 11 143 17 20 27 
58 74 139 12 78 174 114 149 118 182 152 26 
0 98 153 194 101 39 8 10 177 56 89 125 
33 195 59 42 105 45 77 86 89 186 27 
66 98 163 102 199 168 137 79 188 152 92 
35 37 10 142 146 55 25 123 125 62 
0 168 173 116 149 118 184 56 126 
33 154 9 42 74 23 89 90 60 
36 37 134 164 79 48 112 83 
129 40 137 10 115 180 118 182 
37 171 142 48 179 187 157 
98 39 107 139 48 112 121 
35 164 105 138 46 111 
153 154 19 142 
128 65 198 73 42 108 13 140 174 85 56 90 60 61 94 
185 164 195 10 44 175 180 151 25 123 157 
37 8 137 44 80 81 150 87 185 58 31 
33 129 163 167 108 113 178 55 181 119 
97 74 109 180 55 151 30 
131 39 11 48 21 57 
99 131 101 72 10 13 109 141 112 49 177 116 148 152 124 29 
129 130 196 199 73 41 11 169 142 50 148 23 89 186 188 
160 97 129 132 166 15 176 177 52 153 59 124 126 
99 38 102 72 135 136 110 81 18 178 157 158 
33 35 198 103 106 75 111 58 158 189 30 
96 130 194 167 8 21 149 186 155 
160 33 37 105 178 115 20 122 156 
98 130 195 74 107 138 146 92 
2 44 19 86 87 185 26 157 
66 2 131 171 45 174 143 61 
153 114 92 94 
120 114 101 
128 131 69 134 40 104 137 139 19 148 117 54 181 88 89 189 126 
192 129 36 101 164 15 114 146 116 124 30 191 
34 133 45 174 113 82 147 116 85 117 23 26 
132 133 73 155 187 110 179 180 85 86 91 92 
101 133 72 169 75 46 51 84 150 186 159 
34 3 101 133 168 137 14 17 145 51 186 
5 165 105 171 109 16 180 22 125 62 
40 114 23 181 86 55 89 155 61 
64 195 8 40 74 54 30 
129 162 164 72 45 78 127 
42 143 49 150 182 26 156 
7 136 106 139 155 28 125 
9 34 51 
131 133 72 171 13 141 47 53 117 119 121 90 59 30 
68 100 198 71 72 137 10 43 175 80 20 187 
98 68 8 75 141 15 16 146 25 122 60 
191 164 38 168 75 21 56 58 27 127 95 
33 6 71 110 142 143 49 148 184 121 
193 67 163 167 75 50 54 24 121 
102 43 109 17 20 22 119 122 
193 34 165 91 20 149 155 
77 147 21 56 154 
162 35 196 197 104 9 11 75 107 109 172 80 146 20 91 30 63 
98 99 132 195 6 7 10 172 13 144 146 181 182 183 56 190 126 
129 164 169 43 46 175 16 48 49 22 54 
33 36 197 38 134 41 170 53 152 90 61 
36 5 166 41 44 175 183 57 188 93 
69 142 14 83 147 53 186 187 189 
130 69 42 44 141 144 17 49 189 
2 6 9 78 18 87 184 62 
128 3 39 8 173 25 126 
13 142 20 21 157 158 162 44 48 184 190 63 198 71 81 87 101 113 119 
161 3 100 165 39 199 43 140 141 112 20 95 184 90 94 63 
121 154 105 10 107 77 45 80 82 83 147 183 57 26 158 
32 96 67 134 40 45 109 16 19 86 150 56 125 184 
34 167 73 106 137 44 174 47 144 50 118 182 187 
96 160 68 164 197 169 43 109 177 114 183 58 
128 161 98 195 70 76 142 180 91 157 94 63 
33 130 103 106 140 109 116 149 118 89 92 
167 72 171 172 77 178 179 55 29 
106 108 109 143 144 114 147 60 
129 101 103 105 187 58 59 189 
138 77 149 54 121 186 157 
1 6 104 171 110 187 
121 90 59 166 
160 33 129 197 72 141 174 175 82 93 153 154 28 29 159 
161 100 38 75 15 16 81 18 114 189 22 150 157 93 
32 72 169 170 11 140 143 16 116 152 153 122 189 
161 2 34 132 164 70 198 11 171 46 51 24 189 
1 130 166 105 42 74 106 14 16 18 21 182 
131 137 75 171 13 17 53 186 29 190 
139 108 82 93 58 156 125 
64 195 140 25 58 187 28 
160 194 67 135 80 18 191 
97 195 141 54 121 
194 102 71 8 169 10 106 138 13 17 81 19 115 
160 43 141 145 116 152 153 59 92 158 
42 46 83 20 84 115 118 29 127 
64 192 162 99 141 46 111 175 176 
194 36 37 167 105 79 180 118 126 
64 196 7 8 40 79 181 118 30 
132 164 165 174 145 119 56 159 
98 68 38 7 80 58 188 95 
193 154 168 13 23 90 
66 74 173 178 159 
162 35 6 135 72 104 172 141 142 111 143 22 119 120 60 95 
97 194 67 137 106 107 171 47 148 149 119 123 28 93 30 
163 165 8 108 45 110 155 112 113 18 147 52 116 27 60 
192 129 193 163 112 81 50 52 24 57 58 155 92 
10 107 43 140 142 143 114 150 87 124 30 
192 195 166 71 154 44 19 180 184 122 91 
32 161 35 36 196 48 17 22 56 30 
160 66 35 162 194 105 172 48 153 
163 195 135 168 155 110 115 26 59 
0 2 101 107 152 186 93 
66 130 166 138 144 29 31 
162 34 197 168 113 121 94 
191 99 37 102 71 105 74 77 82 54 22 56 155 188 190 31 
33 98 163 194 37 39 115 148 22 27 188 29 158 
129 196 8 40 136 78 110 177 83 84 23 59 
128 134 109 45 46 47 144 189 151 152 122 157 
134 75 141 112 82 178 86 87 118 89 26 
99 135 136 73 11 107 77 172 112 23 
192 6 105 141 113 21 86 23 152 
161 162 72 45 15 81 83 149 
33 98 99 103 107 189 153 29 
90 134 7 197 105 110 58 
66 195 103 8 39 187 
161 146 155 87 
193 36 69 132 105 106 77 175 112 17 177 19 51 56 29 
66 67 101 197 167 198 173 14 112 115 150 152 156 
128 97 98 35 167 43 172 13 46 20 21 121 154 
128 97 164 135 136 76 44 15 25 93 126 31 
164 133 70 71 166 9 138 170 145 115 19 149 
128 160 167 41 74 13 14 148 55 91 
160 67 139 172 13 14 50 180 22 118 
0 4 70 7 8 169 174 175 180 89 
131 196 70 134 198 140 78 147 23 28 
32 96 68 10 13 176 177 118 184 
96 193 40 11 44 78 94 30 
130 197 136 47 80 150 
160 74 12 175 184 31 
1 193 101 106 59 
32 193 194 69 11 12 141 17 84 53 181 55 
35 38 74 107 14 143 80 94 186 59 30 191 
129 3 199 10 108 15 17 22 94 191 
33 3 163 71 77 50 119 54 55 159 
99 70 76 180 54 120 122 92 184 
3 5 199 172 47 23 183 90 123 
128 192 73 9 46 143 50 155 156 
168 107 47 15 17 112 19 149 28 
1 90 105 149 54 56 26 156 
197 199 28 16 56 124 94 
4 173 15 114 53 119 58 
65 195 38 82 53 182 91 
130 67 132 45 180 61 
9 145 153 25 26 34 37 39 46 50 178 58 70 199 73 84 100 117 126 
128 198 137 10 75 172 13 48 176 84 54 55 61 30 127 
36 71 103 170 110 48 188 181 151 60 61 94 
64 161 4 134 170 43 15 19 182 151 89 
64 192 76 45 14 20 52 180 87 56 182 
163 36 5 8 174 22 24 28 190 191 
0 133 167 75 109 45 111 176 113 89 
67 163 197 7 43 46 181 190 
7 45 13 149 122 60 31 
197 199 179 148 22 59 92 
131 36 17 145 115 179 28 
32 165 103 27 81 119 91 
162 99 164 70 73 138 43 112 82 83 20 118 87 95 
164 6 8 10 139 77 112 19 85 23 122 91 126 
193 67 69 72 169 74 139 172 109 49 52 123 
32 33 160 134 80 112 177 181 24 188 127 
65 66 141 53 21 183 92 61 127 
43 108 111 30 58 94 
167 136 175 186 124 
33 92 19 120 28 
68 69 164 39 136 167 196 11 15 92 17 81 146 178 59 60 94 
130 194 164 70 10 44 155 78 114 146 55 59 189 63 
35 36 102 42 108 13 173 47 49 21 183 126 27 30 
0 2 35 197 134 168 137 170 75 80 50 123 62 191 
192 194 99 37 71 113 146 119 152 60 31 
32 64 34 6 12 109 20 87 24 121 
99 35 103 136 142 151 61 63 
64 193 3 7 8 110 143 174 113 116 86 183 25 58 191 
96 67 99 69 106 138 76 12 78 82 178 55 123 188 
192 198 72 136 173 142 17 146 83 19 91 94 
197 134 76 81 145 20 86 150 57 123 61 
38 75 76 13 171 17 146 179 22 56 126 
66 4 68 38 133 75 111 16 115 89 
99 196 70 102 104 9 16 177 52 157 
196 171 141 49 50 26 
197 136 41 44 119 90 
67 164 197 73 11 14 144 17 83 179 86 151 182 
185 136 73 12 44 60 178 182 153 92 190 
98 67 196 37 165 76 108 143 177 85 118 
131 9 142 80 49 178 181 150 23 88 153 
32 169 74 77 180 119 121 127 
32 97 66 138 76 180 57 
166 198 140 142 54 185 
1 198 45 46 190 61 180 86 184 90 123 156 29 30 
64 129 194 199 73 107 110 81 51 147 86 59 28 
64 1 3 70 103 9 107 172 149 181 23 62 
97 161 100 36 197 104 171 78 180 150 58 124 
65 161 37 6 43 176 114 19 117 23 61 
96 128 3 73 79 50 19 85 118 28 63 
192 97 98 197 49 178 54 119 183 186 
64 193 67 195 103 136 13 173 47 119 
139 21 150 182 152 26 126 31 
128 192 116 22 183 156 
152 172 93 6 
33 193 195 68 170 175 16 17 18 83 116 85 146 156 190 63 
1 161 195 37 137 49 114 184 24 185 122 59 124 30 159 
162 36 103 40 111 145 116 120 121 92 152 190 63 
128 37 102 38 105 141 49 82 179 116 148 154 159 
131 36 5 102 134 105 10 11 141 17 177 88 153 
32 1 131 163 71 12 76 142 188 51 121 92 
98 171 108 112 49 114 147 181 54 118 27 29 
193 67 68 164 122 39 44 173 181 24 57 56 
134 137 141 14 173 144 17 19 90 187 124 
70 136 92 80 82 116 118 152 153 60 63 
32 196 72 74 12 78 80 84 90 127 
34 35 133 110 180 181 54 87 185 28 
0 192 34 131 101 50 85 119 92 190 
191 6 105 76 113 52 55 88 95 
99 170 11 143 50 181 122 127 
130 132 106 78 46 83 85 185 
34 7 72 76 111 112 
38 109 173 22 28 93 
96 121 66 129 161 192 38 171 45 17 19 89 91 
161 4 37 101 135 199 176 25 90 123 60 159 
102 134 104 167 109 14 177 182 89 91 31 
89 132 5 135 169 44 17 49 57 94 
64 33 196 166 7 51 147 122 62 
36 5 73 109 178 119 187 92 
1 2 99 70 41 106 43 12 112 178 55 126 30 
99 131 103 199 15 16 85 54 88 124 61 190 63 
0 99 69 76 114 116 180 22 23 118 151 186 
128 130 70 44 77 48 116 54 185 92 158 191 
193 101 74 123 44 13 173 111 180 149 26 91 
100 186 41 74 92 21 154 60 
69 166 42 45 54 153 63 
98 100 196 74 139 46 189 
97 35 195 170 171 176 20 189 55 88 151 187 125 
129 40 139 176 18 116 154 158 
195 40 52 117 180 120 154 158 
38 199 175 47 92 61 
194 35 71 41 106 76 112 145 115 55 154 93 31 
2 98 38 134 11 14 142 50 114 146 186 123 
33 67 185 37 199 116 21 181 151 89 
2 198 41 107 12 174 20 125 61 30 
135 169 108 45 13 52 116 22 94 
3 132 106 139 49 51 54 152 93 
71 10 48 112 114 85 187 
32 4 10 87 24 183 91 
160 34 142 51 56 125 
130 37 45 89 27 125 
100 9 112 20 125 
112 81 27 28 
131 195 47 
96 66 122 8 72 170 173 142 144 179 54 182 24 26 123 124 61 127 
129 34 165 122 91 11 45 49 180 88 58 59 60 152 190 
65 161 35 165 38 104 77 47 49 51 53 88 59 
161 34 70 166 167 9 169 199 141 143 80 22 94 
1 193 68 38 103 134 199 74 59 31 
65 67 37 166 169 174 180 54 58 28 
77 109 112 19 20 87 184 122 59 
135 74 44 109 115 20 85 181 90 
128 161 194 169 19 87 183 187 
196 198 135 170 139 111 114 
32 56 138 
162 67 163 7 73 170 11 43 78 15 16 81 146 156 177 24 92 
67 68 165 10 42 107 79 48 144 50 51 175 120 121 152 
161 5 198 135 75 142 188 87 185 60 159 
3 108 142 175 145 177 51 188 90 59 92 
2 98 133 77 46 146 56 186 27 30 
131 100 71 7 77 109 82 178 189 93 
193 166 136 75 140 112 127 
66 166 114 125 59 61 62 
34 131 167 72 137 12 47 50 51 20 84 151 183 157 
64 96 98 129 193 38 171 45 145 82 19 146 149 
132 5 103 72 104 11 140 80 177 22 123 62 159 
32 130 4 106 76 79 143 183 88 91 94 95 
1 193 101 73 77 145 18 182 120 153 28 
133 122 103 104 169 145 177 24 58 59 188 
68 169 42 44 155 177 179 122 123 158 
73 138 75 12 52 116 55 27 93 
66 99 38 15 50 189 156 29 126 
160 2 36 164 103 116 25 26 
68 71 199 181 150 58 59 
105 172 77 83 185 123 94 
0 191 98 195 198 169 175 80 148 121 58 27 95 
36 68 164 103 168 9 172 178 19 117 183 120 124 
33 194 5 136 75 76 140 55 156 94 159 
64 163 73 106 123 138 48 50 115 118 91 
32 130 99 165 134 8 170 171 46 177 154 
161 131 132 134 71 172 117 87 120 154 
99 166 198 168 11 44 13 140 141 26 
65 3 169 82 147 84 185 123 
165 7 174 111 79 185 59 
0 131 5 166 71 10 11 138 45 77 141 85 55 187 95 
96 2 3 98 37 7 199 9 76 143 82 147 153 156 61 
0 34 8 138 114 83 115 85 117 118 178 57 26 183 
192 193 194 198 7 72 199 171 113 30 126 59 94 95 
64 3 5 7 136 42 49 148 92 
64 99 165 106 172 21 157 25 93 
32 164 8 139 109 177 59 158 
128 104 46 49 146 23 157 
98 102 39 72 42 23 
0 1 2 132 134 77 111 113 156 181 54 88 90 60 93 
96 130 163 69 101 166 8 169 171 109 46 146 188 95 
97 193 41 44 108 14 18 148 149 119 152 124 94 
4 39 103 75 178 51 184 94 151 57 30 
161 167 80 146 83 21 86 23 56 87 
96 193 164 104 139 13 81 51 59 
0 128 70 134 8 106 45 
163 4 6 134 44 77 172 79 112 22 90 125 31 
192 99 165 71 9 105 108 147 179 149 154 31 
36 169 10 109 15 151 88 26 187 190 127 
1 168 105 44 52 54 62 186 158 30 
2 194 4 11 47 175 148 149 182 
2 34 132 70 102 42 56 58 127 
165 75 172 47 112 81 180 154 
98 13 14 174 51 62 
81 165 86 
165 6 134 72 170 44 175 18 179 117 150 185 
1 129 195 4 6 104 73 16 179 189 91 93 
34 10 11 49 81 116 21 119 154 27 63 
97 194 7 136 9 15 48 51 184 
65 133 134 171 44 47 52 62 
65 194 74 76 176 113 50 186 
100 168 140 48 182 60 127 
70 71 72 11 20 158 
4 18 53 183 60 63 
160 97 34 131 163 90 38 198 136 80 112 114 177 181 22 185 26 92 
160 66 74 75 112 17 18 82 176 150 88 124 94 
153 67 132 101 134 198 40 11 174 55 57 26 
65 121 196 166 199 105 112 148 118 23 57 62 
129 161 108 13 143 156 20 180 89 124 190 191 
4 196 199 13 110 177 150 
194 135 111 144 118 187 190 
96 33 128 134 116 55 
64 164 170 143 177 119 
24 153 120 110 
66 67 132 108 13 47 80 113 114 19 55 25 59 29 
65 161 195 100 133 197 12 172 173 85 88 153 157 
3 73 139 174 175 119 56 89 61 62 
64 33 97 131 171 76 113 159 
65 196 177 118 152 154 31 
32 72 14 146 180 127 
162 101 77 19 184 
191 34 37 38 102 72 46 176 20 52 187 156 63 
34 67 168 91 77 18 178 180 149 150 154 59 
194 35 122 44 76 46 177 50 21 26 29 
8 137 75 142 92 143 18 188 152 28 94 
0 128 130 35 71 169 11 147 123 190 
164 199 137 138 139 145 186 91 188 30 
128 65 160 68 135 168 18 22 95 63 
34 36 164 70 171 93 21 22 61 
64 45 13 80 82 152 185 95 
33 103 171 143 82 155 92 
136 43 53 22 152 124 93 
69 133 82 116 52 56 184 
65 4 69 72 137 169 172 173 111 175 54 23 154 
67 68 185 39 186 74 13 53 23 89 26 188 62 
32 33 199 137 78 50 53 152 89 154 
196 136 168 43 13 81 50 86 87 154 
96 102 167 18 146 84 178 125 
7 106 75 123 110 18 20 21 52 184 91 
163 104 75 12 141 15 113 177 87 89 95 
0 1 162 20 53 52 55 148 189 
34 70 73 106 169 171 45 16 186 
67 4 106 13 56 126 123 94 159 
37 43 76 51 20 52 117 58 29 
64 3 101 38 8 9 42 120 
161 98 197 41 109 13 175 177 
96 99 196 102 112 117 150 185 
131 71 77 151 122 60 95 
6 136 41 12 77 46 87 
193 4 105 46 14 179 
64 130 70 9 91 11 14 48 83 119 53 54 85 182 90 27 
34 66 162 103 169 139 14 81 24 57 29 30 63 
97 35 134 7 9 143 81 50 51 82 88 25 59 
32 160 4 38 41 138 108 19 115 116 122 189 
96 97 160 163 191 10 142 189 60 157 31 
153 131 164 106 77 78 188 25 60 157 
97 102 138 14 55 26 59 
163 135 74 170 53 181 55 
0 194 69 197 139 25 154 
72 175 22 56 127 
128 192 4 68 38 138 12 79 83 93 116 157 87 179 154 60 29 63 
33 4 133 134 39 135 73 13 19 51 117 182 152 122 125 191 
6 104 139 172 109 14 111 112 144 85 149 119 24 89 59 
37 69 7 71 9 105 174 113 19 150 122 155 30 
32 193 98 131 100 194 77 173 144 49 183 56 94 
2 98 153 37 102 39 74 171 77 16 112 89 63 
33 58 197 38 106 107 45 13 177 179 26 91 
106 139 76 18 82 116 117 146 180 122 60 95 
160 69 133 134 135 11 108 14 87 56 58 159 
130 37 8 41 145 115 119 87 23 58 91 
5 73 10 15 16 143 88 186 157 94 
9 11 151 120 92 29 126 63 
167 9 109 178 179 154 
67 100 143 79 151 
96 194 67 164 73 74 169 12 44 18 82 114 23 184 
0 160 34 162 102 105 143 116 86 124 93 63 
97 129 164 169 107 139 110 19 179 85 123 189 
96 65 70 137 47 144 146 178 117 151 155 
102 103 9 106 171 12 140 82 190 30 
196 197 6 80 85 181 151 27 188 
167 72 74 110 177 179 55 122 59 
165 169 78 146 115 20 88 
32 197 111 80 143 82 177 179 150 182 120 185 152 31 
194 4 103 105 74 140 80 17 49 148 149 150 26 
192 33 36 69 101 8 155 174 84 123 188 29 
64 130 37 38 40 85 23 89 93 190 127 
35 71 167 46 17 113 56 186 62 191 
73 13 174 82 146 84 22 56 88 
33 35 36 197 169 147 187 
99 17 49 180 182 59 
67 137 107 45 189 159 
32 193 68 37 5 135 9 109 145 116 148 183 188 
67 134 198 8 41 174 111 83 119 186 91 
121 4 6 109 178 117 182 151 89 
98 131 199 136 12 83 147 
70 198 43 12 140 124 93 
162 44 179 150 23 187 189 
67 99 132 166 167 175 112 49 113 152 53 56 26 93 30 127 
3 105 74 110 16 17 114 146 84 151 25 27 63 158 31 
192 161 98 102 91 44 45 50 56 59 189 63 
33 161 195 43 44 109 78 176 179 150 61 
69 165 168 170 14 174 84 151 57 155 61 
160 129 135 74 75 171 51 181 60 190 63 
164 7 16 18 146 116 183 88 27 28 
130 37 46 175 145 51 122 
39 138 117 155 61 31 
0 160 192 199 74 11 107 146 83 153 126 190 62 
0 97 8 168 106 110 92 50 52 116 60 125 
128 65 98 68 104 105 106 11 141 78 143 185 
131 195 75 139 92 176 85 56 90 28 152 
34 68 6 72 170 81 146 53 155 
5 166 135 10 77 83 55 121 158 
161 196 107 174 79 177 18 51 20 
5 135 7 143 146 155 124 61 
164 197 43 77 110 79 155 63 
79 15 112 83 52 24 126 191 
64 164 102 42 78 59 60 93 
160 134 135 187 185 155 
193 34 35 135 74 123 139 187 143 49 146 115 178 91 
130 134 8 78 143 84 95 184 122 158 30 63 
3 68 42 139 140 49 53 189 90 157 63 
128 3 166 171 141 48 146 178 84 181 
168 142 79 112 174 177 117 154 91 127 
65 2 161 36 70 71 114 126 127 
1 131 71 14 50 52 25 191 
9 107 116 180 87 56 60 
162 3 11 46 114 84 156 
66 166 74 78 82 83 
131 136 41 42 106 108 45 139 168 177 114 179 181 22 154 
194 4 196 39 167 106 43 76 46 50 85 152 
2 131 18 179 116 181 188 184 89 124 29 30 
163 36 164 102 168 47 115 148 179 187 61 
135 40 104 138 11 139 144 83 181 118 59 
38 8 138 75 173 112 125 22 185 29 
0 97 195 5 108 14 79 146 56 185 
1 131 38 41 47 148 149 54 189 95 
33 130 67 14 142 48 179 157 
101 198 104 108 116 53 59 125 
68 101 74 171 145 85 88 
33 170 79 17 151 88 27 
192 99 12 46 15 178 
160 168 41 181 55 122 
168 177 115 118 123 
1 2 67 135 137 42 155 15 143 83 55 185 91 61 
4 154 105 45 77 111 80 142 146 115 21 57 58 
64 69 166 135 171 46 20 118 87 184 125 31 
65 163 36 68 102 196 138 146 21 123 188 
128 1 99 70 177 18 82 184 57 62 
160 35 163 106 107 113 82 87 151 26 
164 69 198 138 146 115 150 91 
161 40 106 170 109 177 88 153 
199 12 45 147 150 91 189 127 
101 102 16 113 179 180 183 123 
1 131 37 7 110 143 16 61 
0 65 34 97 100 37 8 106 108 141 79 51 24 89 60 184 127 
0 33 65 194 38 102 40 9 105 134 112 54 156 127 
64 67 164 199 47 80 113 178 20 119 57 122 28 29 
130 5 165 137 108 13 77 172 125 157 183 155 29 
32 2 196 38 137 12 175 145 26 187 92 94 
160 67 36 69 131 169 43 86 23 
3 71 73 173 47 54 60 
0 137 16 112 187 127 
102 107 13 173 52 
0 18 152 59 125 
46 178 82 86 158 
167 51 39 
0 99 6 136 107 13 175 80 18 115 57 155 191 
65 129 67 196 69 186 15 84 22 87 25 26 156 
195 101 165 106 138 124 52 182 120 91 92 127 
160 141 79 111 124 82 51 115 150 58 60 
98 108 77 174 51 86 27 63 
193 195 142 82 179 117 53 123 
129 97 49 84 150 157 63 
128 37 71 199 137 141 147 116 151 26 59 92 125 
33 185 132 197 38 103 137 138 78 15 18 89 189 
2 6 11 107 123 49 178 53 86 27 
65 129 104 73 44 140 47 149 89 126 
67 140 48 146 51 21 87 183 155 157 
68 165 7 10 108 172 79 147 28 
68 69 73 10 185 123 93 
100 132 6 11 45 109 47 141 187 149 55 25 59 189 
97 198 42 76 51 85 56 122 27 188 152 
96 2 67 3 72 9 116 117 93 
37 167 169 171 141 176 19 148 157 
68 69 135 8 167 49 179 186 123 
64 163 37 197 168 114 181 92 
67 47 15 21 118 155 61 
8 141 187 47 81 54 91 
2 171 12 142 110 57 
36 9 113 23 28 95 
199 107 175 179 23 
32 96 2 196 7 9 170 139 171 172 14 174 49 181 88 94 124 30 
32 96 37 70 165 197 74 83 147 85 22 56 121 59 189 
4 196 122 169 80 18 117 22 150 58 92 93 190 
34 102 7 104 43 113 145 177 52 148 27 156 
65 67 164 101 38 169 175 115 148 180 119 
129 194 195 69 134 13 141 53 121 186 91 
162 67 134 168 9 169 44 109 119 121 94 
65 71 108 143 144 19 180 29 
