672 448
1 1 1 1 1 1 1 1 1 1 1 1 1 1 1 1 1 1 1 1 1 1 1 1 1 1 1 1 1 1 1 1 1 1 1 1 1 1 1 1 1 1 1 1 1 1 1 1 1 1 1 1 1 1 1 1 1 1 1 1 1 1 1 1 1 1 1 1 1 1 1 1 1 1 1 1 1 1 1 1 1 1 1 1 1 1 1 1 1 1 1 1 1 1 1 1 1 1 1 1 1 1 1 1 1 1 1 1 1 1 1 1 1 1 1 1 1 1 1 1 1 1 1 1 1 1 1 1 1 1 1 1 1 1 1 1 1 1 1 1 1 1 1 1 1 1 1 1 1 1 1 1 1 1 1 1 1 1 1 1 1 1 1 1 1 1 1 1 1 1 1 1 1 1 1 1 1 1 1 1 1 1 1 1 1 1 1 1 1 1 1 1 1 1 1 1 1 1 1 1 1 1 1 1 1 1 1 1 1 1 1 1 1 1 1 1 1 1 1 1 1 1 1 1 1 1 1 1 1 1 1 1 1 1 1 1 1 1 1 1 1 1 1 1 1 1 1 1 1 1 1 1 1 1 1 1 1 1 1 1 1 1 1 1 1 1 1 1 1 1 1 1 1 1 1 1 1 1 1 1 1 1 1 1 1 1 1 1 1 1 1 1 1 1 1 1 1 1 1 1 1 1 1 1 1 1 1 1 1 1 1 1 1 1 1 1 1 1 1 1 1 1 1 1 1 1 1 1 1 1 1 1 1 1 1 1 1 1 1 1 1 1 1 1 1 1 1 1 1 1 1 1 1 1 1 1 1 1 1 1 1 1 1 1 1 1 1 1 1 1 1 1 1 1 1 1 1 1 1 1 1 1 1 1 1 1 1 1 1 1 1 1 1 1 1 1 1 1 1 1 1 1 1 1 1 1 1 1 1 1 1 1 1 1 1 1 1 1 1 1 1 1 1 1 1 1 1 1 1 1 1 1 1 1 1 1 1 1 1 1 1 1 1 1 1 1 1 1 
0 1 3 6 10 15 
0 2 4 7 11 16 
0 21 22 24 27 31 
0 36 37 39 42 46 
1 2 5 8 12 17 
32 1 21 23 25 28 
64 1 67 71 61 62 
2 36 38 40 43 47 
65 2 68 72 61 63 
36 51 52 21 54 57 
76 77 79 82 21 61 
36 86 87 89 92 61 
3 4 5 9 13 18 
33 3 22 23 26 29 
3 102 103 105 108 112 
4 37 38 41 44 48 
4 102 104 106 109 113 
37 51 53 22 55 58 
102 117 118 22 120 123 
128 130 37 102 133 127 
66 69 5 73 62 63 
5 103 104 107 110 114 
76 78 80 83 23 62 
103 23 117 119 121 124 
103 143 144 146 149 62 
38 86 88 90 93 63 
129 131 38 134 104 127 
104 143 145 147 150 63 
96 97 99 76 51 86 
137 138 140 51 117 127 
76 143 117 153 154 156 
160 162 143 86 127 159 
6 7 8 9 14 19 
34 6 24 25 26 30 
6 168 169 171 174 178 
39 40 41 7 45 49 
7 168 170 172 175 179 
39 52 53 24 56 59 
168 183 24 186 189 184 
193 194 196 39 168 199 
64 65 66 70 8 74 
8 169 170 173 176 180 
64 77 78 81 84 25 
169 183 185 187 190 25 
64 169 209 210 212 215 
65 40 87 88 91 94 
193 195 197 40 200 170 
65 170 209 211 213 216 
96 98 100 77 52 87 
193 203 204 206 52 183 
77 209 183 219 220 222 
193 226 225 228 209 87 
9 106 107 105 111 115 
9 171 172 173 177 181 
122 105 118 119 26 125 
171 184 185 26 188 191 
105 234 171 235 237 240 
128 129 132 135 41 106 
194 195 198 41 201 172 
106 234 172 236 238 241 
128 137 139 141 53 118 
194 203 205 207 53 184 
234 244 245 118 247 184 
128 194 234 250 251 253 
66 107 144 145 148 151 
66 173 210 211 214 217 
107 236 173 235 239 242 
78 144 119 153 155 157 
78 210 185 219 221 223 
235 244 246 119 248 185 
259 260 262 235 144 210 
129 161 163 145 88 159 
225 195 227 229 211 88 
129 195 236 250 252 254 
259 261 263 236 145 211 
96 165 166 137 153 159 
96 225 231 232 203 219 
256 257 137 203 244 250 
259 265 266 244 153 219 
225 259 268 269 250 159 
10 11 12 13 14 20 
35 10 27 28 29 30 
10 272 273 275 278 282 
42 43 11 44 45 50 
11 272 274 276 279 283 
42 54 55 56 27 60 
288 290 293 272 27 287 
297 42 298 300 303 272 
67 68 69 70 75 12 
12 273 274 277 280 284 
67 79 80 81 85 28 
289 291 294 273 28 287 
67 273 313 314 316 319 
68 43 89 90 91 95 
297 43 299 301 304 274 
320 68 274 313 315 317 
97 98 101 79 54 89 
297 307 308 54 310 287 
323 324 326 79 313 287 
313 329 330 297 332 89 
108 109 13 110 111 116 
13 275 276 277 281 285 
108 120 121 122 29 126 
288 289 292 295 275 29 
108 338 339 275 341 344 
130 131 132 136 44 109 
298 299 44 302 305 276 
109 338 276 340 342 345 
130 138 139 142 55 120 
288 298 307 309 55 311 
288 338 120 348 349 351 
130 355 354 357 298 338 
69 110 146 147 148 152 
321 69 277 314 315 318 
110 339 340 277 343 346 
80 146 121 154 155 158 
289 323 325 327 80 314 
352 289 339 121 348 350 
363 364 366 146 339 314 
160 161 131 164 147 90 
329 299 331 333 90 315 
354 131 356 358 299 340 
363 365 367 147 340 315 
160 97 165 167 138 154 
97 323 329 335 336 307 
354 360 361 138 307 348 
323 363 369 370 154 348 
160 354 329 363 372 373 
174 14 176 177 175 182 
14 278 279 280 281 286 
192 174 186 187 188 30 
290 291 292 296 278 30 
174 278 376 377 379 382 
196 197 198 202 45 175 
300 301 45 302 306 279 
175 279 376 378 380 383 
196 204 205 208 56 186 
290 312 300 308 309 56 
290 387 386 389 376 186 
196 392 393 395 300 376 
70 176 212 213 214 218 
322 70 280 316 317 318 
384 176 280 377 378 381 
224 81 212 187 220 221 
291 324 325 328 81 316 
386 291 388 390 377 187 
401 402 212 404 377 316 
226 227 197 230 213 91 
330 331 301 334 91 317 
197 392 394 396 301 378 
401 403 213 405 378 317 
226 98 231 233 204 220 
98 324 330 335 337 308 
386 392 204 398 399 308 
386 324 401 407 408 220 
226 392 330 401 410 411 
237 238 239 111 177 243 
111 341 342 343 281 347 
385 177 281 379 380 381 
237 245 246 249 122 188 
353 292 341 122 349 350 
387 388 292 391 379 188 
417 237 341 379 414 415 
132 198 238 251 252 255 
355 356 132 359 302 342 
198 393 394 397 302 380 
416 418 238 342 380 414 
256 258 139 205 245 251 
355 360 362 139 309 349 
387 393 205 398 400 309 
387 420 421 245 349 414 
355 423 424 393 251 414 
260 261 264 239 148 214 
364 365 368 148 343 318 
402 403 214 406 381 318 
416 419 239 343 381 415 
260 265 267 246 155 221 
325 364 369 371 155 350 
388 325 402 407 409 221 
420 388 422 246 350 415 
260 427 364 428 402 415 
161 227 261 268 270 252 
161 356 331 365 372 374 
227 394 331 403 410 412 
416 356 423 425 394 252 
416 261 427 365 429 403 
256 165 231 265 268 271 
165 360 335 369 372 375 
231 398 335 407 410 413 
256 420 423 360 426 398 
420 265 427 430 369 407 
423 427 268 431 372 410 
15 16 17 18 19 20 
32 33 34 35 15 31 
15 432 433 435 438 442 
46 47 16 49 48 50 
16 432 434 436 439 443 
46 57 58 59 60 31 
448 450 453 432 31 447 
457 458 460 46 463 432 
71 72 73 74 75 17 
17 434 433 437 440 444 
32 71 82 83 84 85 
32 449 451 454 433 447 
71 433 473 474 476 479 
72 47 92 93 94 95 
457 459 461 47 464 434 
480 72 434 473 475 477 
99 100 101 82 57 92 
457 467 468 470 57 447 
483 484 486 82 473 447 
457 489 490 492 473 92 
112 113 18 115 114 116 
18 435 436 437 441 445 
33 112 123 124 125 126 
448 33 449 452 455 435 
112 498 435 499 501 504 
133 134 135 136 48 113 
458 459 462 48 465 436 
113 498 436 500 502 505 
133 140 141 142 58 123 
448 458 467 469 471 58 
448 498 123 508 509 511 
514 515 133 517 458 498 
73 114 149 150 151 152 
481 73 437 474 475 478 
114 499 500 437 503 506 
124 83 149 156 157 158 
449 483 485 487 83 474 
512 449 508 499 124 510 
523 524 526 499 149 474 
162 163 164 134 150 93 
489 459 491 493 475 93 
514 516 134 518 459 500 
523 525 527 500 150 475 
162 99 166 167 140 156 
99 483 489 495 496 467 
514 520 521 140 467 508 
483 523 508 529 530 156 
162 514 489 523 532 533 
178 19 180 179 181 182 
19 438 439 440 441 446 
192 34 178 189 190 191 
450 34 451 452 456 438 
178 438 536 537 539 542 
199 200 201 202 49 179 
460 461 462 49 466 439 
179 439 536 538 540 543 
199 206 207 208 59 189 
450 460 468 469 472 59 
450 547 546 549 536 189 
199 552 553 555 460 536 
74 180 215 216 217 218 
482 74 440 476 477 478 
544 180 440 537 538 541 
224 84 215 190 222 223 
451 484 485 488 84 476 
546 451 548 550 537 190 
561 562 564 215 537 476 
228 229 230 200 216 94 
490 491 461 494 477 94 
200 552 554 556 461 538 
561 563 565 216 538 477 
228 100 232 233 206 222 
100 484 490 495 497 468 
546 552 558 206 559 468 
546 484 561 567 568 222 
228 552 490 561 570 571 
240 241 242 115 243 181 
115 501 502 503 441 507 
545 181 441 539 540 541 
240 247 248 249 125 191 
509 513 452 501 125 510 
547 452 548 551 539 191 
577 240 501 539 574 575 
135 201 241 253 254 255 
515 516 135 519 462 502 
201 554 553 557 462 540 
576 578 241 502 540 574 
257 258 141 207 247 253 
515 520 522 141 469 509 
547 553 558 207 560 469 
547 580 581 247 509 574 
515 583 584 553 253 574 
262 263 264 242 151 217 
524 525 528 503 151 478 
562 563 566 217 541 478 
576 579 242 503 541 575 
262 266 267 248 157 223 
485 524 529 531 157 510 
548 485 562 567 569 223 
548 580 582 248 510 575 
262 587 524 588 562 575 
163 229 263 269 270 254 
163 516 491 525 532 534 
229 554 491 563 570 572 
576 516 583 585 554 254 
576 263 587 525 589 563 
257 166 232 266 269 271 
166 520 495 529 532 535 
232 558 495 567 570 573 
257 580 583 520 586 558 
580 266 587 590 529 567 
583 587 269 591 532 570 
20 282 283 284 285 286 
20 442 443 444 445 446 
35 293 294 295 296 282 
35 453 454 455 456 442 
282 592 593 595 598 442 
303 304 305 50 306 283 
463 464 465 50 466 443 
592 594 596 443 599 283 
293 303 310 311 312 60 
453 463 470 471 472 60 
453 293 592 602 603 605 
608 609 611 463 592 303 
320 321 322 75 284 319 
480 481 482 75 444 479 
593 594 597 284 600 444 
326 327 294 328 85 319 
486 487 454 488 85 479 
454 294 593 602 604 606 
319 617 618 620 593 479 
320 332 333 334 304 95 
480 492 493 494 464 95 
608 610 612 304 464 594 
320 480 617 619 621 594 
101 326 332 336 337 310 
101 486 492 496 497 470 
608 614 615 470 310 602 
326 486 617 623 624 602 
608 617 332 492 626 627 
116 344 345 346 347 285 
116 504 505 506 507 445 
595 596 597 601 285 445 
352 353 295 344 126 351 
512 513 455 504 126 511 
455 295 595 603 604 607 
504 595 630 631 344 633 
357 358 359 136 305 345 
517 518 519 136 465 505 
609 610 613 305 465 596 
505 596 630 632 345 634 
357 361 362 142 311 351 
517 521 522 142 471 511 
609 614 616 471 603 311 
351 630 603 636 637 511 
640 609 517 357 630 639 
321 366 367 368 152 346 
481 526 527 528 152 506 
321 481 618 619 622 597 
506 597 631 632 346 635 
352 327 366 370 371 158 
512 487 526 530 531 158 
487 327 618 623 625 604 
352 512 636 631 604 638 
643 644 618 366 526 631 
164 358 333 367 373 374 
164 518 493 527 533 534 
610 619 493 333 626 628 
641 610 358 518 632 639 
643 645 619 527 367 632 
167 361 336 370 373 375 
167 521 496 530 533 535 
614 623 336 496 626 629 
642 614 361 521 636 639 
643 646 623 370 530 636 
643 647 626 533 373 639 
384 385 182 286 382 383 
544 545 542 182 446 543 
598 599 600 601 446 286 
192 389 390 391 296 382 
192 549 550 551 456 542 
296 456 598 605 606 607 
542 648 649 651 598 382 
202 395 396 397 306 383 
202 555 556 557 466 543 
611 612 613 466 306 599 
383 648 650 652 599 543 
389 395 399 208 400 312 
549 555 559 208 560 472 
611 615 472 616 312 605 
549 389 648 654 655 605 
611 648 555 395 657 658 
384 322 404 405 406 218 
544 482 564 565 566 218 
322 482 620 621 622 600 
384 544 649 650 653 600 
224 390 328 404 408 409 
224 550 488 564 568 569 
328 488 620 624 625 606 
550 390 649 654 656 606 
649 620 404 661 564 662 
230 396 334 405 411 412 
230 556 494 565 571 572 
612 621 334 494 627 628 
612 650 396 556 657 659 
663 650 621 565 405 661 
233 399 337 408 411 413 
233 559 497 568 571 573 
615 624 337 497 627 629 
615 654 559 399 657 660 
568 664 654 624 661 408 
657 627 411 661 665 571 
417 385 418 419 243 347 
577 545 578 579 243 507 
635 633 507 601 634 347 
385 545 651 652 653 601 
417 353 421 422 391 249 
577 513 581 582 551 249 
353 513 633 637 638 607 
551 391 651 655 656 607 
577 417 651 633 666 667 
418 359 424 425 397 255 
578 519 584 585 557 255 
640 641 613 519 359 634 
613 652 557 397 658 659 
418 578 652 666 634 668 
258 421 424 362 426 400 
258 581 584 522 586 560 
640 642 616 362 522 637 
616 655 400 560 658 660 
581 421 669 655 666 637 
640 424 584 658 666 670 
419 264 428 429 368 406 
579 264 588 589 528 566 
644 645 622 368 528 635 
663 653 622 566 662 406 
668 579 419 653 635 667 
422 267 428 430 371 409 
582 267 588 590 531 569 
644 646 625 531 371 638 
569 656 625 662 664 409 
582 422 656 667 669 638 
644 428 588 662 667 671 
425 429 270 431 374 412 
585 589 270 591 534 572 
641 645 647 628 374 534 
659 628 663 665 412 572 
641 585 425 659 668 670 
645 589 429 663 668 671 
426 430 271 431 375 413 
586 590 271 591 535 573 
642 646 647 629 535 375 
660 629 664 665 573 413 
642 426 586 660 669 670 
646 590 430 664 669 671 
647 591 431 665 670 671 
