50 500
1 1 1 1 1 1 1 1 1 1 1 1 1 1 1 1 1 1 1 1 1 1 1 1 1 1 1 1 1 1 1 1 1 1 1 1 1 1 1 1 1 1 1 1 1 1 1 1 1 1 1 1 1 1 1 1 1 1 1 1 1 1 1 1 1 1 1 1 1 1 1 1 1 1 1 1 1 1 1 1 1 1 1 1 1 1 1 1 1 1 1 1 1 1 1 1 1 1 1 1 1 1 1 1 1 1 1 1 1 1 1 1 1 1 1 1 1 1 1 1 1 1 1 1 1 1 1 1 1 1 1 1 1 1 1 1 1 1 1 1 1 1 1 1 1 1 1 1 1 1 1 1 1 1 1 1 1 1 1 1 1 1 1 1 1 1 1 1 1 1 1 1 1 1 1 1 1 1 1 1 1 1 1 1 1 1 1 1 1 1 1 1 1 1 1 1 1 1 1 1 1 1 1 1 1 1 1 1 1 1 1 1 1 1 1 1 1 1 1 1 1 1 1 1 1 1 1 1 1 1 1 1 1 1 1 1 1 1 1 1 1 1 1 1 1 1 1 1 1 1 1 1 1 1 1 1 1 1 1 1 1 1 1 1 1 1 1 1 1 1 1 1 1 1 1 1 1 1 1 1 1 1 1 1 1 1 1 1 1 1 1 1 1 1 1 1 1 1 1 1 1 1 1 1 1 1 1 1 1 1 1 1 1 1 1 1 1 1 1 1 1 1 1 1 1 1 1 1 1 1 1 1 1 1 1 1 1 1 1 1 1 1 1 1 1 1 1 1 1 1 1 1 1 1 1 1 1 1 1 1 1 1 1 1 1 1 1 1 1 1 1 1 1 1 1 1 1 1 1 1 1 1 1 1 1 1 1 1 1 1 1 1 1 1 1 1 1 1 1 1 1 1 1 1 1 1 1 1 1 1 1 1 1 1 1 1 1 1 1 1 1 1 1 1 1 1 1 1 1 1 1 1 1 1 1 1 1 1 1 1 1 1 1 1 1 1 1 1 1 1 1 1 1 1 1 1 1 1 1 1 1 1 1 1 1 1 1 1 1 1 1 1 1 1 1 1 1 1 1 1 1 1 1 1 1 1 1 1 1 1 1 1 1 1 1 1 1 1 1 1 
0 33 34 35 5 8 11 12 13 14 43 47 17 18 49 24 30 31 
1 33 34 35 37 6 10 42 44 13 46 17 18 19 21 26 28 
3 4 35 9 41 12 45 47 17 18 19 23 24 26 27 30 31 
33 36 6 7 40 41 42 11 13 47 49 19 20 22 24 25 31 
0 1 4 41 10 14 15 46 48 49 19 20 21 23 24 27 29 
32 35 6 7 8 38 39 11 40 46 16 18 19 20 27 30 
35 4 7 39 41 42 12 45 48 49 19 20 22 23 25 27 
2 34 4 6 38 8 42 12 44 45 15 19 21 23 24 25 
0 1 34 35 38 39 8 9 41 44 46 16 17 48 26 31 
32 33 35 7 10 43 12 13 15 19 20 21 24 26 29 30 
1 36 37 6 42 11 12 13 45 15 46 49 20 21 23 31 
0 1 3 36 5 38 12 13 17 49 20 21 22 27 29 31 
1 2 36 37 38 39 40 41 42 44 13 14 17 18 20 29 
33 34 3 38 7 40 41 42 12 14 46 16 19 22 24 
32 1 34 39 41 11 12 14 18 19 20 21 23 24 31 
32 1 2 33 36 9 12 44 14 46 48 18 21 23 27 
0 2 3 34 5 6 35 38 9 40 13 49 23 26 27 
32 33 4 37 7 8 39 10 45 15 48 23 26 28 29 
0 2 34 4 5 7 10 11 44 14 46 16 49 26 30 
1 2 34 5 37 39 10 46 47 17 20 26 27 29 30 
0 33 6 7 9 42 11 46 15 18 20 22 28 29 30 
32 36 37 6 39 9 12 13 14 46 20 25 27 28 31 
32 1 34 3 35 6 40 9 10 12 13 21 26 29 30 
1 35 37 6 38 8 10 13 14 47 16 20 21 26 27 
1 2 34 37 7 8 41 44 46 47 16 21 24 26 31 
3 4 5 35 38 8 39 41 44 17 22 25 28 29 30 
0 34 3 37 40 9 44 14 16 18 19 20 24 26 30 
32 2 3 38 40 42 12 45 14 19 21 22 23 27 29 
4 37 38 8 40 10 41 44 48 21 23 25 27 29 
1 2 4 5 36 9 11 46 47 17 49 23 26 31 
0 6 7 8 40 10 41 15 16 49 25 28 29 31 
33 3 5 39 8 11 15 16 17 20 23 24 25 26 
1 2 39 8 40 41 16 48 18 49 20 22 25 26 
0 36 38 41 42 11 12 48 18 19 23 25 28 30 
32 6 10 42 12 13 14 15 16 45 46 48 20 21 
1 2 34 36 37 10 42 16 49 20 23 24 30 31 
0 32 2 34 40 42 12 44 47 17 20 22 23 30 
2 6 42 11 14 48 49 18 20 21 22 23 29 30 
1 33 35 36 5 9 10 13 14 45 16 47 23 31 
1 2 35 39 8 9 11 43 44 46 15 47 48 31 
0 1 33 34 4 5 42 11 43 13 14 44 19 27 
1 2 3 33 38 7 8 10 13 45 15 48 21 27 
0 2 40 41 45 14 46 47 48 21 24 27 29 31 
0 33 3 35 37 38 42 45 18 19 20 21 28 30 
34 35 4 40 11 43 44 45 17 21 23 26 30 31 
0 33 34 37 6 8 43 45 15 20 27 28 30 31 
0 34 3 37 38 41 10 14 47 17 49 22 26 27 
1 2 36 37 8 40 10 11 46 16 19 21 23 27 
1 2 34 4 35 39 10 11 44 46 48 49 20 23 
2 35 36 39 9 42 11 43 13 44 17 19 21 27 
1 33 3 37 9 43 13 16 17 48 20 21 28 30 
0 1 34 36 10 42 43 44 45 47 17 20 23 31 
3 38 40 11 43 44 49 18 19 20 21 22 23 24 
2 3 5 7 41 44 14 46 20 21 22 24 26 30 
1 34 36 40 10 43 44 45 14 47 48 18 20 21 
34 3 4 5 6 35 38 40 10 45 17 22 27 29 
0 2 3 4 37 6 9 43 12 48 24 29 30 31 
32 33 35 37 38 39 40 41 42 45 14 23 28 
1 34 5 9 41 11 44 16 21 22 26 28 30 
0 4 8 9 41 43 12 45 18 19 22 24 28 
34 3 36 5 37 41 42 45 48 49 18 25 29 
32 1 4 42 45 47 20 22 24 26 28 29 31 
1 33 35 5 6 38 10 46 48 18 19 24 27 
3 36 5 37 7 38 13 48 17 22 29 30 31 
32 33 35 7 40 9 10 12 17 19 22 23 31 
0 5 39 11 13 14 15 46 23 28 29 30 31 
32 4 9 10 11 12 41 45 16 20 22 24 30 
2 34 37 38 39 41 12 44 14 15 20 22 30 
1 2 33 34 5 36 7 41 13 46 22 27 29 
0 33 37 38 8 42 14 48 49 19 20 21 26 
2 6 7 10 42 43 47 49 20 23 25 30 31 
32 34 7 39 10 43 15 47 17 18 48 23 30 
0 32 34 4 37 38 43 13 45 46 48 18 23 
32 2 34 4 37 12 48 17 49 19 22 24 27 
32 10 42 12 13 44 45 49 18 22 26 27 31 
33 2 36 5 6 38 10 11 45 14 20 26 31 
2 5 37 38 40 9 10 41 14 24 27 29 30 
1 2 33 4 34 37 7 10 44 14 19 23 25 
2 3 35 38 11 44 48 19 24 25 27 30 31 
2 35 4 5 38 42 12 15 49 20 21 25 28 
0 1 34 38 40 9 42 11 45 14 15 47 19 
37 39 9 10 41 43 14 16 48 20 21 22 23 
32 1 38 7 40 41 11 43 44 24 29 30 31 
0 1 7 8 12 45 17 49 22 25 28 29 30 
0 34 35 5 40 11 13 15 17 49 19 20 30 
3 9 10 42 12 13 43 15 45 17 24 28 29 
6 38 40 11 44 14 47 17 18 21 22 25 26 
35 36 37 41 10 43 44 13 16 48 20 22 27 
34 7 9 41 43 44 13 45 15 48 22 27 28 
32 1 33 36 39 8 9 42 44 45 47 48 18 
33 34 40 43 44 45 15 47 17 49 20 21 31 
32 39 10 11 13 45 46 16 49 21 22 25 28 
32 33 4 7 9 41 11 43 44 46 25 28 
34 3 4 36 6 39 40 9 13 46 16 20 
3 36 7 40 43 44 14 15 16 20 21 31 
3 6 9 10 41 42 16 21 24 25 28 31 
34 4 38 7 47 17 18 19 21 22 25 28 
1 36 6 10 44 14 47 48 17 49 20 24 
4 10 13 14 15 48 23 24 26 27 28 31 
0 34 35 4 7 39 44 47 17 22 28 31 
34 35 4 36 6 44 45 17 21 26 27 29 
32 2 34 5 39 9 11 44 46 19 22 30 
0 2 34 10 46 15 48 49 18 21 24 27 
2 4 6 38 44 48 17 18 22 24 28 29 
36 38 9 42 43 16 17 20 23 27 30 31 
35 5 40 41 46 17 49 23 27 28 30 31 
33 34 38 7 9 41 11 42 15 49 26 30 
4 5 36 38 8 43 49 19 24 25 27 29 
0 1 34 36 5 6 42 14 46 18 21 31 
3 35 36 6 8 41 42 15 18 20 30 31 
1 4 6 7 39 9 40 12 46 16 21 28 
1 33 6 39 10 11 12 13 48 49 23 24 
36 8 9 45 46 17 18 21 25 26 27 31 
41 11 45 14 15 46 17 18 49 24 28 31 
1 34 35 4 6 40 14 17 49 21 24 30 
34 4 5 38 12 13 15 16 47 21 25 31 
3 5 37 7 8 39 43 45 47 22 27 31 
2 34 36 7 8 40 41 11 43 17 49 25 
33 4 6 10 11 44 47 17 20 21 23 31 
0 33 5 6 42 15 47 21 24 26 29 30 
0 3 4 36 38 39 14 49 18 22 25 30 
33 37 7 40 10 42 16 18 19 20 28 30 
0 5 42 13 47 16 17 49 21 24 29 30 
0 1 35 41 42 14 15 17 19 22 24 31 
1 3 6 9 41 17 49 23 27 29 30 31 
0 1 2 32 5 37 41 45 14 15 23 31 
32 1 3 35 7 10 14 15 16 49 26 30 
0 35 37 6 7 43 48 21 22 23 24 28 
33 2 34 8 13 45 46 49 21 23 26 27 
0 2 5 40 12 44 20 23 24 25 26 27 
36 5 39 10 42 44 46 20 21 23 24 28 
1 7 8 43 45 15 18 19 24 26 30 31 
34 35 5 6 8 40 41 47 16 18 19 24 
0 34 6 38 8 9 42 12 13 17 49 25 
32 3 39 8 10 11 42 43 44 20 21 23 
32 1 3 4 5 36 9 46 48 49 21 25 
32 35 4 36 9 46 17 49 19 22 25 26 
1 38 7 8 41 42 11 47 16 24 26 29 
32 1 33 3 13 47 19 22 26 27 28 29 
32 5 6 38 8 41 42 12 16 17 49 29 
1 33 36 42 45 14 47 48 17 19 27 
2 36 37 38 40 9 44 14 16 21 26 
0 32 2 3 4 10 44 49 25 29 30 
32 3 36 8 10 43 45 17 18 20 24 
1 2 3 35 6 12 45 46 20 24 27 
0 1 36 8 41 43 14 47 21 23 31 
0 2 34 35 8 41 45 14 18 20 26 
0 38 7 8 39 40 11 42 45 15 48 
2 3 4 38 7 40 9 10 44 48 23 
0 3 5 6 39 45 19 21 23 27 28 
0 33 4 37 39 40 13 45 47 26 27 
32 1 3 37 39 46 48 49 20 24 28 
4 7 39 9 10 40 41 17 22 27 29 
2 40 9 11 14 49 18 23 24 28 29 
0 33 2 36 37 44 13 49 24 25 30 
5 39 40 9 43 14 46 17 19 24 28 
4 37 8 40 16 18 19 22 26 27 28 
32 37 39 8 13 46 15 47 48 22 27 
0 34 6 38 11 14 46 47 20 30 31 
33 3 35 36 6 38 9 41 15 18 20 
3 39 42 11 45 46 15 16 17 26 31 
35 5 6 10 14 46 19 20 22 23 31 
0 1 2 3 32 41 43 44 45 48 24 
4 42 12 14 46 49 19 25 26 28 30 
2 3 34 36 41 10 43 44 13 45 17 
4 38 8 10 47 48 49 24 27 28 29 
32 34 3 40 10 11 46 21 25 29 31 
5 8 9 10 11 43 45 47 19 21 22 
3 35 5 38 7 40 47 18 24 29 31 
1 38 39 9 41 44 13 14 22 27 29 
2 7 8 44 45 15 47 17 49 19 30 
35 6 7 39 9 10 44 47 16 20 28 
32 34 35 7 42 43 48 17 49 20 30 
32 33 2 34 7 8 42 16 49 20 27 
2 10 43 12 13 14 18 20 21 26 29 
35 5 37 9 43 46 15 17 23 25 27 
1 33 38 7 42 11 45 15 16 21 26 
2 3 35 8 41 12 45 47 48 27 31 
0 33 3 4 5 37 39 10 15 19 20 
2 34 5 38 9 11 12 14 16 24 29 
1 2 34 4 40 41 13 16 48 23 26 
34 9 43 12 13 44 47 20 24 27 29 
34 9 41 42 12 13 45 17 18 21 22 
3 37 9 14 15 46 17 18 20 27 28 
33 35 5 37 39 8 42 12 45 14 16 
0 5 8 9 43 16 17 18 22 24 31 
0 1 33 5 39 41 44 46 47 25 29 
32 1 33 36 37 38 9 10 11 43 44 
1 36 37 38 11 43 13 16 20 23 24 
5 6 39 9 43 44 47 21 24 28 31 
32 35 5 41 10 14 47 17 24 28 29 
32 2 36 8 40 41 17 49 21 26 28 
33 34 38 8 43 14 47 48 49 21 31 
0 37 39 40 13 46 17 24 26 27 31 
35 37 42 44 13 15 17 19 23 28 30 
0 1 35 38 7 41 12 44 23 28 29 
32 3 4 40 42 43 45 46 49 18 20 
33 2 6 38 11 12 13 45 19 20 27 
3 37 13 14 45 16 48 49 22 23 28 
0 1 2 8 41 11 44 45 18 19 25 
2 35 38 7 40 12 44 15 49 21 22 
0 38 9 15 22 24 27 28 29 30 31 
34 3 37 8 41 11 48 17 23 25 29 
1 2 3 7 11 12 43 49 20 22 24 
33 37 40 12 44 14 15 47 17 22 25 
5 37 10 12 14 46 17 20 24 25 27 
35 36 38 40 44 47 18 24 27 28 29 
1 33 5 9 10 11 17 18 20 21 23 
3 7 8 39 43 47 16 17 48 20 22 
1 2 36 10 12 44 17 49 22 25 28 
0 32 4 10 12 44 45 46 18 22 29 
33 34 7 39 40 43 22 25 26 27 28 
32 3 37 6 41 42 43 16 21 22 25 
34 35 4 5 41 44 14 46 21 30 31 
32 4 5 6 7 43 45 49 18 22 30 
32 34 35 40 14 18 19 20 22 25 
0 32 40 42 43 48 20 22 25 28 
1 33 3 37 6 7 39 43 44 14 
32 1 34 35 40 41 46 24 27 30 
32 1 5 37 12 44 14 21 23 24 
34 5 7 39 12 46 48 17 23 31 
5 37 10 44 13 17 19 22 28 31 
0 1 3 38 45 46 17 25 29 31 
2 5 38 39 10 46 15 22 24 27 
7 9 10 12 44 47 48 18 20 23 
1 6 8 9 41 43 12 19 24 31 
0 2 34 41 44 14 48 21 25 26 
0 37 8 40 41 11 45 16 48 30 
0 3 39 9 42 16 18 20 26 30 
32 2 35 42 11 43 13 44 15 16 
35 40 41 12 14 47 18 23 26 29 
32 35 5 8 13 14 45 19 24 26 
2 39 8 9 10 41 13 15 20 29 
4 7 40 43 47 49 18 26 27 29 
0 32 37 7 40 16 17 21 25 27 
2 4 39 40 11 14 16 26 28 30 
33 3 36 37 39 40 41 48 20 28 
33 34 35 10 18 20 25 26 28 29 
33 2 37 8 11 43 44 46 47 16 
3 4 6 39 11 12 14 15 23 31 
1 33 35 37 6 10 45 19 26 29 
1 36 37 8 9 11 43 14 48 49 
35 37 7 8 42 45 20 21 25 30 
36 37 38 40 44 15 18 23 28 29 
1 33 4 5 36 39 9 12 15 26 
2 35 5 39 40 41 44 20 21 29 
32 5 38 41 13 46 15 19 21 27 
33 3 4 36 6 40 42 17 49 19 
35 5 8 45 46 16 49 25 28 30 
5 38 12 46 15 16 18 22 23 27 
4 37 7 9 41 42 44 45 25 30 
36 9 42 46 17 18 19 23 25 31 
32 34 6 10 42 13 45 47 48 28 
33 34 9 44 17 18 20 23 26 31 
3 37 7 41 44 14 15 47 19 28 
0 36 5 42 11 45 14 19 22 24 
33 36 7 42 11 13 21 23 27 29 
0 34 3 39 43 48 23 26 27 31 
41 42 12 45 46 47 48 20 27 28 
0 33 34 5 10 43 13 46 48 19 
0 3 36 12 16 17 48 19 24 28 
0 4 42 12 15 16 49 18 30 31 
1 33 7 8 39 10 12 47 18 19 
3 5 10 11 46 48 49 23 24 30 
33 2 35 5 6 46 48 21 27 29 
33 3 36 6 8 43 44 22 27 31 
0 34 35 42 13 46 15 23 27 29 
0 33 7 9 10 46 47 17 29 31 
1 37 9 10 11 43 16 20 21 22 
0 4 5 6 9 12 46 15 18 28 
35 36 6 8 41 11 43 45 16 21 
1 33 38 39 10 45 49 24 27 31 
2 35 4 41 42 11 12 13 17 20 
33 37 39 10 11 14 46 19 26 
32 6 8 10 11 19 20 26 29 
36 6 7 44 15 49 18 21 22 
35 42 46 47 16 19 20 24 31 
32 34 37 9 13 14 45 20 22 
2 6 38 39 15 20 23 27 28 
35 36 43 13 14 45 17 19 21 
32 35 4 5 6 40 14 46 20 
33 4 11 12 45 46 47 19 31 
43 12 13 47 16 17 19 29 31 
33 34 36 6 41 46 48 19 25 
34 5 8 40 10 11 43 44 48 
0 1 8 41 10 13 15 16 49 
1 43 44 13 14 17 21 23 31 
2 34 4 10 11 49 24 25 28 
34 4 38 8 40 10 12 14 19 
32 34 10 42 46 48 18 27 30 
0 36 5 9 42 11 12 20 30 
1 36 37 8 44 16 18 22 23 
1 36 9 43 21 24 26 28 31 
38 7 11 43 13 45 22 23 27 
1 3 35 41 11 44 15 29 31 
2 36 37 13 46 47 17 23 24 
34 3 39 13 16 49 20 26 30 
2 3 6 41 42 16 20 23 30 
3 35 8 41 14 16 25 26 28 
0 35 37 40 13 20 24 29 30 
3 38 40 9 42 43 15 19 24 
1 4 7 41 10 43 23 27 31 
32 33 2 3 5 9 49 19 24 
35 40 10 11 14 15 47 19 27 
3 36 38 11 17 23 24 28 29 
33 3 40 10 11 13 48 49 23 
1 3 5 6 9 16 48 20 26 
3 5 37 46 18 19 20 26 30 
7 8 42 44 45 16 21 25 26 
0 32 35 36 7 42 11 16 23 
34 3 5 40 14 46 48 24 30 
1 2 35 4 8 11 22 25 27 
32 2 34 38 7 39 9 41 47 
32 2 7 42 11 45 17 26 28 
0 33 34 4 38 7 18 19 20 
37 38 39 9 13 19 25 29 30 
32 1 3 35 5 13 46 49 28 
32 34 36 5 9 10 20 24 30 
37 39 12 13 16 22 26 27 31 
3 4 5 35 37 15 22 24 30 
0 2 5 41 10 11 45 46 47 
33 2 3 4 5 44 46 48 29 
3 5 38 40 10 44 49 18 27 
32 1 4 7 13 46 18 19 20 
3 37 7 44 45 49 23 24 25 
2 6 8 42 13 14 15 25 31 
33 2 3 4 35 36 45 14 26 
32 2 5 40 45 16 18 19 21 
32 3 11 44 45 49 19 22 28 
2 34 13 46 49 19 23 24 25 
35 38 9 41 44 13 17 24 28 
38 6 39 12 45 15 47 49 24 
32 5 38 7 13 47 28 29 30 
33 35 36 8 42 12 48 20 21 
3 4 36 40 11 14 48 49 21 
32 1 33 5 39 41 10 16 30 
0 4 36 12 14 47 16 18 23 
33 35 39 40 12 48 20 26 31 
36 9 13 46 15 16 18 20 31 
0 35 41 10 12 15 18 27 28 
32 1 33 35 11 45 15 47 21 
5 37 10 12 13 48 21 26 27 
0 33 36 7 10 42 43 18 31 
37 6 41 45 46 15 24 29 
2 37 38 44 46 15 49 19 
32 3 38 41 43 12 46 47 
41 13 46 48 49 23 25 27 
33 8 40 16 18 20 27 31 
35 4 8 41 11 15 48 31 
34 35 39 10 44 13 19 21 
35 6 39 8 40 43 13 25 
0 4 37 12 14 20 21 25 
2 35 5 6 43 44 24 28 
0 3 47 18 24 25 26 30 
35 6 40 43 15 47 18 27 
2 38 14 46 23 25 27 30 
35 39 8 9 41 12 13 16 
33 35 42 12 14 16 20 23 
0 36 6 7 10 49 22 28 
1 7 39 9 40 12 49 18 
9 10 43 14 19 23 24 30 
2 39 11 46 48 18 22 30 
38 9 47 17 22 23 25 31 
34 38 10 44 17 20 24 28 
32 3 38 47 49 24 28 31 
3 5 13 20 21 26 27 29 
32 35 40 42 44 47 17 20 
37 11 12 16 20 25 27 29 
32 8 40 41 44 14 17 22 
35 41 42 12 18 25 26 29 
32 3 7 44 14 15 16 49 
1 34 38 40 11 13 25 26 
35 5 41 43 48 17 49 24 
2 7 40 12 44 17 24 30 
32 33 4 36 41 16 26 30 
35 3 37 6 7 43 47 26 
37 38 9 13 48 21 24 27 
0 1 6 7 9 13 20 31 
1 33 4 5 46 19 20 21 
38 7 41 10 13 22 26 27 
4 39 40 12 13 14 45 17 
32 3 4 5 36 45 46 31 
39 8 46 15 47 18 20 30 
32 33 3 4 8 9 21 23 
7 9 11 16 48 25 30 31 
5 6 41 13 46 23 26 30 
1 34 37 6 9 13 47 21 
33 37 8 42 46 20 27 29 
0 1 39 13 15 17 20 26 
1 4 5 6 36 46 16 25 
38 14 46 49 19 25 26 27 
0 33 41 43 47 16 23 25 
34 36 40 9 42 45 15 23 
1 33 3 4 5 37 41 28 
41 43 15 49 18 20 27 31 
34 37 10 43 12 15 25 26 
1 33 36 38 41 45 46 28 
34 8 9 44 13 49 22 25 
0 33 37 39 12 44 45 20 
38 8 40 42 15 19 22 23 
5 7 41 10 42 15 48 17 
2 36 43 12 48 21 25 
7 8 42 43 18 24 28 
4 8 9 40 14 21 27 
9 10 12 45 19 26 28 
1 5 10 44 45 23 24 
38 40 41 10 44 16 18 
35 7 10 11 46 15 25 
32 1 41 10 43 27 28 
42 15 47 23 24 26 29 
32 34 36 41 16 48 22 
2 3 11 45 16 27 29 
32 10 44 45 47 48 18 
34 45 15 17 49 20 23 
4 40 12 24 27 30 31 
32 33 4 5 8 19 25 
32 5 37 42 11 14 18 
1 7 10 43 12 49 25 
2 4 36 7 10 18 29 
3 6 7 41 10 17 22 
36 5 7 40 15 18 23 
39 7 42 43 19 22 23 
0 36 38 9 11 13 45 
3 35 5 9 12 24 27 
1 33 35 39 44 13 49 
32 35 7 8 42 20 23 
33 35 6 8 40 17 27 
35 39 40 42 18 22 27 
32 35 6 9 12 25 31 
1 33 37 41 43 19 28 
0 3 35 45 46 24 25 
36 44 48 21 27 29 30 
2 4 7 8 11 18 31 
36 40 15 17 20 24 30 
32 38 8 9 45 23 27 
2 8 40 47 21 30 31 
32 35 7 43 14 47 22 
0 2 34 41 48 19 
37 5 9 41 26 27 
0 3 6 44 45 27 
38 10 43 13 49 23 
0 33 32 44 13 46 
4 36 37 15 21 23 
33 7 9 46 17 23 
1 41 11 25 28 30 
34 12 13 14 48 18 
0 41 49 24 26 31 
35 37 7 47 23 24 
1 7 41 10 44 24 
37 42 44 49 25 30 
2 5 44 45 21 30 
0 3 17 18 26 30 
33 34 36 7 44 31 
1 35 36 9 15 28 
3 36 37 10 16 20 
0 34 35 38 40 20 
2 45 15 16 17 31 
33 2 34 48 24 26 
35 38 40 43 14 24 
2 5 26 27 28 31 
5 37 8 11 23 30 
38 6 41 16 49 19 
35 6 41 43 47 21 
7 39 14 29 30 31 
40 10 24 25 27 29 
32 42 48 23 24 31 
6 42 17 19 22 
34 7 11 44 45 
8 42 11 12 24 
6 44 19 26 31 
2 6 41 15 26 
1 37 16 25 31 
1 34 39 44 26 
9 45 46 26 27 
36 7 11 19 27 
0 10 45 47 31 
35 4 9 13 46 
33 4 13 18 26 
6 15 20 27 30 
32 40 43 44 46 
8 41 42 11 48 
46 14 21 22 31 
33 35 44 18 28 
43 16 49 22 30 
3 39 16 21 28 
2 26 30 15 
9 19 36 35 
33 12 30 44 
8 25 13 41 
8 1 36 49 
26 45 30 39 
35 27 4 38 
8 2 26 45 
49 45 29 15 
48 34 35 14 
0 44 29 31 
26 43 7 
43 29 22 
41 18 31 
48 4 20 
