50 500
1 1 1 1 1 1 1 1 1 1 1 1 1 1 1 1 1 1 1 1 1 1 1 1 1 1 1 1 1 1 1 1 1 1 1 1 1 1 1 1 1 1 1 1 1 1 1 1 1 1 1 1 1 1 1 1 1 1 1 1 1 1 1 1 1 1 1 1 1 1 1 1 1 1 1 1 1 1 1 1 1 1 1 1 1 1 1 1 1 1 1 1 1 1 1 1 1 1 1 1 1 1 1 1 1 1 1 1 1 1 1 1 1 1 1 1 1 1 1 1 1 1 1 1 1 1 1 1 1 1 1 1 1 1 1 1 1 1 1 1 1 1 1 1 1 1 1 1 1 1 1 1 1 1 1 1 1 1 1 1 1 1 1 1 1 1 1 1 1 1 1 1 1 1 1 1 1 1 1 1 1 1 1 1 1 1 1 1 1 1 1 1 1 1 1 1 1 1 1 1 1 1 1 1 1 1 1 1 1 1 1 1 1 1 1 1 1 1 1 1 1 1 1 1 1 1 1 1 1 1 1 1 1 1 1 1 1 1 1 1 1 1 1 1 1 1 1 1 1 1 1 1 1 1 1 1 1 1 1 1 1 1 1 1 1 1 1 1 1 1 1 1 1 1 1 1 1 1 1 1 1 1 1 1 1 1 1 1 1 1 1 1 1 1 1 1 1 1 1 1 1 1 1 1 1 1 1 1 1 1 1 1 1 1 1 1 1 1 1 1 1 1 1 1 1 1 1 1 1 1 1 1 1 1 1 1 1 1 1 1 1 1 1 1 1 1 1 1 1 1 1 1 1 1 1 1 1 1 1 1 1 1 1 1 1 1 1 1 1 1 1 1 1 1 1 1 1 1 1 1 1 1 1 1 1 1 1 1 1 1 1 1 1 1 1 1 1 1 1 1 1 1 1 1 1 1 1 1 1 1 1 1 1 1 1 1 1 1 1 1 1 1 1 1 1 1 1 1 1 1 1 1 1 1 1 1 1 1 1 1 1 1 1 1 1 1 1 1 1 1 1 1 1 1 1 1 1 1 1 1 1 1 1 1 1 1 1 1 1 1 1 1 1 1 1 1 1 1 1 1 1 1 1 1 1 1 1 1 1 1 1 1 1 1 1 1 1 1 1 1 
0 33 34 35 36 37 6 38 9 10 45 14 15 16 47 18 19 21 
0 1 2 3 4 34 6 37 40 41 42 15 16 17 47 20 29 
2 34 5 6 7 38 9 10 39 40 13 41 15 44 45 25 31 
0 33 2 3 35 6 7 40 9 41 44 15 47 19 24 30 31 
32 3 4 7 8 9 10 39 40 15 49 21 26 27 29 30 
32 33 3 4 38 39 10 13 47 49 18 20 22 25 26 28 
0 32 2 33 34 5 6 36 38 42 11 14 15 17 19 26 
32 33 34 39 41 10 43 12 13 15 48 17 24 25 29 
0 33 2 36 6 38 11 43 13 14 46 49 19 20 28 
32 2 36 38 9 42 12 46 15 49 21 26 28 30 31 
0 1 33 34 35 7 39 41 11 44 14 15 24 26 31 
0 2 36 7 41 42 43 12 14 15 16 49 18 21 24 
33 34 37 39 40 41 10 42 44 45 46 16 26 27 31 
6 7 8 38 40 43 47 48 17 49 20 24 25 29 30 
0 1 2 33 4 35 7 43 12 44 45 17 21 26 28 
0 4 40 9 11 43 13 45 15 46 47 18 19 29 30 
35 36 5 6 39 8 40 10 12 14 48 49 27 28 30 
4 5 38 39 40 41 10 42 43 15 17 22 24 27 31 
32 33 3 36 37 40 42 44 14 15 48 49 20 21 25 
0 33 34 8 43 44 13 14 16 19 21 23 27 28 29 
32 1 36 9 43 12 13 45 17 20 22 23 27 28 30 
0 33 34 4 5 38 8 42 45 14 17 21 23 25 27 
0 32 2 33 35 43 13 48 49 18 23 24 25 27 
0 33 2 36 6 38 9 41 42 12 45 17 18 27 
32 2 5 6 8 40 42 45 49 19 22 28 30 31 
1 33 3 36 6 8 9 41 42 12 17 25 28 29 
2 5 6 7 9 11 13 45 19 20 22 24 30 31 
0 32 2 6 9 41 13 14 48 49 25 26 29 30 
32 33 6 40 42 11 13 45 15 49 21 25 28 29 
1 34 37 38 7 8 11 44 47 16 48 21 29 31 
32 33 34 35 4 5 6 7 36 9 15 23 30 31 
4 5 39 11 14 46 17 19 22 23 24 26 29 30 
0 7 8 41 43 45 14 17 49 22 24 28 29 30 
0 2 34 36 6 8 9 41 44 13 19 24 26 27 
32 2 35 4 5 8 9 41 12 14 15 17 23 30 
0 1 33 36 5 38 40 41 10 44 16 21 23 31 
0 1 32 3 38 40 9 43 44 48 23 26 28 31 
0 1 6 7 39 40 10 42 44 13 49 21 22 27 
0 32 34 4 5 38 39 16 48 19 28 29 30 31 
32 35 4 36 39 40 10 13 45 15 48 22 24 31 
32 2 3 34 35 6 36 39 9 40 14 16 22 30 
2 34 6 7 14 46 16 48 21 22 25 26 28 30 
1 2 4 5 6 10 11 44 15 17 19 22 25 28 
32 2 36 5 7 8 39 41 13 16 23 24 25 27 
32 2 6 42 12 46 47 17 23 25 27 29 31 
3 5 6 7 10 44 13 45 48 49 21 22 23 
1 34 36 8 9 43 12 13 47 26 27 29 31 
0 36 5 38 39 9 10 11 12 43 49 25 29 
3 38 7 42 44 13 15 47 19 22 26 27 28 
32 1 33 4 6 7 9 10 43 45 46 27 29 
0 1 37 7 9 11 12 13 14 20 23 30 31 
0 3 35 37 7 8 41 46 15 49 20 23 29 
33 39 8 10 11 14 47 48 21 23 25 29 31 
34 3 4 39 41 46 15 16 17 18 47 22 29 
0 2 35 37 46 17 49 20 22 23 25 29 30 
1 6 40 42 43 12 44 14 15 45 17 21 30 
35 36 6 8 44 13 15 16 17 47 19 22 24 
2 38 15 48 19 20 22 24 25 26 27 30 31 
0 2 4 6 7 41 11 13 46 48 20 28 30 
0 1 35 37 38 9 41 44 13 48 18 23 28 
34 3 5 6 37 40 41 42 11 12 49 21 28 
32 4 5 36 8 41 42 45 15 48 22 29 31 
4 36 6 7 38 43 14 18 21 23 24 29 31 
2 34 4 39 9 10 46 48 17 23 25 29 30 
32 3 42 11 43 45 46 49 18 20 21 22 30 
32 1 33 34 6 38 10 47 48 17 21 23 29 
32 2 34 8 42 11 43 17 18 49 28 30 31 
0 34 7 8 41 10 13 14 17 49 19 25 27 
2 4 37 6 40 10 43 12 44 45 19 21 27 
1 2 33 35 36 41 44 45 15 19 20 25 27 
34 36 37 6 8 10 11 45 47 23 25 26 27 
33 34 4 6 38 39 43 18 21 24 25 26 27 
0 34 39 8 9 40 12 44 48 18 22 30 31 
34 3 7 8 40 48 49 19 24 25 26 27 29 
3 4 5 42 45 14 46 16 17 18 23 27 29 
32 33 35 6 11 43 45 16 18 22 23 29 
33 34 4 5 37 7 38 18 23 26 29 30 
0 1 34 36 42 11 15 16 17 47 49 27 
3 7 8 9 45 47 17 49 20 24 26 28 
0 34 36 10 43 12 17 20 21 28 29 30 
32 34 4 39 9 11 47 48 49 22 25 28 
0 2 34 6 39 40 11 46 19 21 25 27 
0 32 2 35 36 5 13 48 49 23 25 28 
35 4 11 12 13 14 43 44 17 49 26 27 
33 2 34 35 36 7 40 12 47 49 18 19 
0 33 3 35 6 38 39 45 14 46 20 25 
32 2 4 7 39 45 14 18 23 24 25 31 
32 35 36 37 6 38 39 10 12 14 17 24 
1 34 4 6 39 8 43 45 15 48 18 20 
2 37 10 11 12 46 18 20 21 24 25 29 
0 1 3 6 41 43 12 45 19 21 22 29 
32 33 2 35 13 45 17 21 22 23 29 30 
1 33 34 37 6 7 40 44 22 23 25 28 
0 2 34 4 37 38 7 39 40 45 46 19 
0 32 33 3 4 9 13 46 48 22 26 30 
0 1 35 4 11 43 13 14 45 47 48 24 
1 6 7 11 46 47 18 21 24 25 26 29 
0 35 4 5 37 40 10 13 21 24 27 30 
0 36 6 38 43 47 19 24 25 27 28 30 
32 1 2 36 39 9 11 44 13 15 47 21 
2 3 35 6 39 9 11 12 48 19 24 25 
3 36 5 38 10 42 13 17 20 23 24 31 
33 6 38 39 43 13 14 16 19 25 28 31 
34 35 36 39 40 9 41 14 15 46 48 22 
32 3 37 39 40 42 11 13 48 49 24 29 
4 6 39 40 41 16 48 49 21 22 24 29 
33 39 41 42 43 12 13 49 18 21 23 25 
33 34 35 4 36 8 9 42 16 48 19 24 
36 6 7 9 10 42 47 18 22 23 30 31 
36 5 39 11 44 14 20 21 25 27 29 31 
0 32 34 36 37 38 40 44 46 15 49 22 
3 5 37 38 10 11 45 48 23 24 26 30 
1 2 5 41 44 45 48 18 24 25 28 31 
32 34 10 12 13 14 15 16 49 26 27 28 
32 33 38 8 15 16 49 18 26 27 29 31 
3 6 39 8 40 41 15 16 48 19 20 30 
5 38 9 41 11 45 14 16 25 26 28 30 
32 2 34 6 7 44 13 14 17 18 26 27 
0 1 7 40 42 44 14 46 18 21 22 26 
33 9 10 41 45 14 46 47 48 20 22 24 
0 2 34 6 7 41 44 16 49 24 25 26 
0 4 5 7 8 11 12 44 17 19 21 26 
33 37 39 9 43 12 44 46 15 20 22 23 
34 3 39 42 11 12 13 20 22 24 25 31 
3 36 7 39 9 41 14 15 46 48 21 27 
3 4 7 39 9 10 41 15 48 17 18 19 
32 35 4 37 7 40 9 41 46 19 26 27 
4 36 8 41 42 11 15 18 23 28 29 31 
6 38 39 9 12 46 15 49 20 23 26 29 
34 35 8 13 46 15 48 18 19 21 26 31 
32 1 4 5 12 45 46 16 19 30 31 
0 32 12 45 15 16 17 49 22 27 31 
1 36 41 14 46 17 21 23 24 26 28 
34 3 36 6 9 12 48 17 23 26 31 
0 33 35 7 39 41 45 48 19 23 25 
32 4 36 9 42 44 46 48 17 21 22 
34 5 37 9 42 12 15 16 48 26 30 
32 5 8 10 43 12 13 18 19 21 25 
0 32 5 6 44 13 16 19 25 30 31 
3 36 5 40 41 44 47 17 22 26 29 
3 36 40 9 12 15 48 24 28 29 31 
2 3 37 11 43 14 18 20 25 26 27 
2 4 5 37 7 8 38 39 11 26 31 
0 32 35 7 13 14 46 16 47 22 23 
3 35 5 39 41 11 12 46 47 25 27 
3 6 8 9 43 14 16 19 20 23 30 
34 36 6 39 40 41 42 43 12 21 27 
0 36 38 42 43 13 19 20 27 30 31 
32 34 3 36 10 13 14 15 19 23 24 
0 36 9 46 47 17 18 20 28 30 31 
32 1 36 37 39 17 49 22 24 26 29 
1 4 5 6 36 39 40 41 47 48 30 
32 1 34 4 5 6 15 19 20 28 29 
1 5 9 10 42 44 13 45 17 22 28 
32 1 33 3 34 13 49 21 22 23 28 
34 3 5 7 41 12 44 16 22 24 30 
32 35 8 11 12 13 43 46 48 22 29 
3 35 6 8 12 16 48 24 26 28 30 
3 4 5 41 44 17 18 20 24 28 29 
33 3 4 10 42 43 46 47 16 17 26 
33 2 36 39 10 12 44 47 24 27 31 
33 2 38 8 10 12 13 21 23 28 30 
2 35 37 42 13 45 19 21 24 26 30 
43 12 14 15 16 49 18 21 26 28 29 
32 4 8 41 43 44 14 47 49 19 31 
4 6 38 39 41 11 15 18 25 26 31 
38 42 12 16 17 49 20 21 22 24 26 
2 35 4 39 40 43 12 48 20 22 27 
1 2 35 6 7 9 42 46 19 23 25 
32 1 33 3 4 38 43 14 19 20 24 
0 38 41 10 11 46 49 18 23 24 25 
1 33 34 37 44 45 20 22 23 29 30 
33 34 35 5 11 43 46 48 22 30 31 
0 2 4 41 11 44 45 15 17 21 24 
0 1 38 40 41 42 43 23 26 29 31 
4 6 7 9 10 13 46 48 49 20 25 
2 6 39 13 46 15 16 24 28 30 31 
1 4 5 6 40 41 10 43 45 16 27 
32 4 44 13 46 15 16 17 20 25 31 
32 4 6 43 12 13 15 18 19 23 27 
33 3 40 43 13 14 46 47 23 27 28 
3 35 9 41 11 42 43 49 22 30 31 
2 4 37 6 9 11 12 45 27 30 31 
34 36 8 41 10 43 48 18 19 20 31 
32 9 41 42 13 45 15 48 20 23 26 
34 35 4 38 40 44 45 14 49 19 22 
3 4 35 40 41 43 12 14 48 21 26 
32 1 34 37 6 40 10 44 16 21 24 
0 32 35 4 38 7 41 43 45 29 31 
2 3 5 6 15 48 19 20 22 28 30 
0 2 4 7 9 16 49 22 25 29 30 
0 32 34 36 45 46 16 18 23 25 27 
1 2 8 44 45 47 16 18 21 27 29 
36 6 7 40 9 13 46 47 25 27 28 
37 38 7 41 42 12 15 16 22 30 31 
35 5 37 8 40 42 15 47 17 48 20 
34 5 7 8 39 42 43 12 15 16 19 
34 35 37 6 7 8 38 39 43 44 47 
33 3 37 7 39 10 14 46 48 49 27 
2 3 5 37 38 9 44 18 23 25 27 
33 3 4 35 6 36 13 15 48 21 25 
37 7 9 42 12 44 46 26 27 29 30 
3 35 5 38 8 42 45 47 20 29 30 
0 2 36 5 7 39 11 46 15 47 25 
33 3 4 37 9 12 45 15 17 20 29 
35 10 42 15 16 47 49 22 23 25 27 
33 2 38 10 42 14 15 17 49 24 25 
33 2 4 5 37 38 39 44 46 20 24 
36 7 9 10 41 16 19 21 23 26 31 
0 1 35 38 13 14 46 16 25 28 
4 37 7 14 46 48 19 20 23 29 
36 40 41 15 21 22 24 25 27 29 
35 39 41 42 43 13 15 18 21 29 
0 33 35 11 44 45 15 16 20 21 
35 40 42 11 47 49 25 27 29 31 
33 6 7 11 13 46 49 18 21 25 
0 32 3 38 11 12 13 25 27 29 
35 8 40 10 41 12 13 47 19 24 
37 7 8 11 13 16 17 18 48 28 
34 35 4 8 40 15 49 25 26 28 
33 34 3 6 7 14 47 19 24 27 
2 6 40 9 41 42 44 17 19 25 
32 33 2 3 9 45 47 48 20 24 
5 40 12 16 17 18 21 24 27 30 
34 37 8 40 13 14 48 22 24 29 
0 32 7 43 48 21 25 27 28 30 
1 2 33 5 44 13 45 47 23 27 
36 38 7 9 41 13 19 20 23 28 
32 4 10 14 47 16 23 24 25 29 
33 34 5 37 10 44 15 49 18 28 
34 5 9 42 44 16 17 18 19 30 
0 2 35 4 6 7 39 45 46 18 
1 34 35 7 8 43 12 44 49 24 
3 36 37 42 44 45 15 47 24 31 
4 36 10 12 44 14 15 46 49 30 
32 36 37 9 41 44 47 16 22 23 
0 35 41 42 11 13 46 20 27 31 
33 5 39 10 43 13 14 17 21 30 
3 7 42 12 47 49 20 25 26 29 
35 5 37 40 11 43 13 44 18 25 
0 34 7 8 47 48 23 24 26 29 
32 2 3 8 42 14 18 19 21 26 
0 2 5 11 12 13 45 15 49 30 
3 6 7 42 43 44 21 24 26 31 
33 35 4 36 41 10 13 48 23 26 
0 34 4 7 8 13 15 17 23 25 
34 3 5 44 47 17 24 27 28 30 
2 34 36 37 6 13 48 25 29 31 
2 36 13 14 15 16 48 24 28 31 
2 35 40 12 23 24 25 26 29 31 
0 34 4 6 7 40 14 47 16 26 
33 34 3 37 11 44 45 47 26 29 
36 38 10 42 45 48 17 23 26 30 
0 40 10 42 46 48 19 25 27 30 
0 33 38 10 42 13 47 49 18 26 
2 7 40 12 16 18 24 25 27 28 
3 4 14 15 46 19 20 21 24 25 
37 7 39 44 13 14 21 24 25 29 
2 36 8 42 18 19 22 27 30 31 
1 4 9 43 12 44 18 19 22 27 
0 34 4 38 11 44 45 19 22 29 
34 36 38 8 44 16 21 23 26 28 
0 33 39 9 10 43 46 47 24 30 
32 33 4 36 43 45 47 17 20 27 
0 2 35 43 45 15 48 19 23 28 
0 3 37 42 12 13 14 15 17 49 
37 39 42 12 14 49 22 24 28 30 
0 1 37 39 12 15 18 22 24 30 
33 4 37 39 11 18 21 23 24 26 
5 40 10 44 46 16 17 18 19 27 
2 3 37 38 41 10 47 24 30 
3 4 40 15 49 19 26 27 31 
2 3 5 11 12 48 21 23 25 
35 6 38 39 9 43 12 46 15 
1 5 37 38 10 13 46 23 25 
3 5 10 11 43 14 27 28 29 
36 5 6 9 42 14 19 24 29 
2 40 11 44 13 15 47 17 25 
1 33 34 46 21 24 25 29 30 
32 1 35 6 11 44 47 19 20 
1 33 4 36 7 39 49 21 25 
2 4 12 45 46 17 22 25 31 
37 6 8 41 10 12 13 45 17 
3 36 5 6 38 10 45 14 46 
0 33 36 5 40 43 17 18 21 
1 5 6 9 16 24 25 26 29 
1 2 7 43 44 15 16 17 48 
3 4 37 43 44 47 18 21 24 
33 38 40 10 44 14 48 20 29 
1 2 38 39 8 40 43 14 17 
38 10 45 14 15 16 47 48 26 
1 35 36 9 42 15 17 22 23 
32 39 8 41 10 11 45 49 20 
1 33 39 41 45 14 47 17 18 
32 33 3 35 36 40 48 17 22 
36 7 40 10 11 47 21 25 29 
34 37 8 45 49 24 26 27 29 
33 3 5 9 15 16 48 23 26 
32 33 35 8 44 15 20 22 23 
33 37 44 13 15 16 17 48 21 
39 8 40 12 47 22 24 27 30 
33 38 39 9 17 49 22 24 25 
0 3 4 11 17 19 22 27 29 
33 4 43 45 15 16 19 24 26 
35 36 37 40 12 45 21 30 31 
2 34 5 7 40 42 17 22 23 
5 10 46 48 24 26 28 30 31 
33 35 6 7 45 14 46 21 28 
32 1 2 9 11 45 16 30 31 
35 7 39 10 44 45 49 23 27 
36 38 41 44 45 18 23 30 31 
37 6 8 9 48 17 19 21 30 
2 3 40 9 41 42 48 22 27 
0 4 36 38 41 42 18 24 30 
38 40 10 45 14 15 16 19 31 
33 4 5 37 39 8 10 49 25 
1 33 34 38 9 43 15 21 22 
41 11 13 16 17 22 23 24 30 
32 4 5 39 11 44 46 49 23 
33 2 34 35 6 7 40 47 27 
34 7 10 11 43 46 17 22 28 
33 35 39 8 41 11 15 17 31 
35 36 8 41 16 49 23 24 27 
2 7 41 42 11 43 15 17 23 
10 13 45 47 16 49 27 29 30 
35 4 6 39 8 47 22 25 29 
1 37 38 41 43 14 25 26 30 
34 36 5 8 13 19 26 28 29 
0 1 33 38 41 42 44 16 22 
0 36 43 13 19 21 25 28 30 
2 36 11 12 43 49 20 29 31 
3 37 38 41 16 21 23 28 31 
37 5 41 42 49 21 25 31 
4 36 7 8 11 47 17 29 
36 7 39 15 47 17 21 24 
32 36 39 41 46 21 24 25 
34 38 39 43 49 24 25 28 
4 38 42 44 45 16 48 28 
1 2 4 39 15 17 22 30 
32 33 8 13 45 16 17 31 
3 35 36 37 11 15 49 19 
6 7 40 11 13 45 49 31 
42 43 12 16 24 27 28 30 
35 4 6 38 42 17 18 25 
35 7 8 42 17 49 20 23 
33 7 44 14 17 28 30 31 
34 5 40 10 44 15 23 31 
9 44 13 45 48 20 21 30 
35 36 37 8 14 46 25 31 
0 35 37 8 11 12 45 28 
3 35 5 9 46 48 21 27 
3 40 13 45 15 16 17 49 
34 4 37 10 46 20 21 25 
0 4 41 42 11 43 19 26 
32 36 8 9 42 48 27 29 
33 10 47 48 18 20 23 28 
36 37 6 7 8 39 41 22 
1 2 35 39 10 44 20 21 
0 33 2 4 42 43 14 20 
2 36 6 39 43 13 45 22 
10 43 12 45 48 19 22 30 
1 34 36 39 12 44 16 21 
3 10 12 14 18 21 23 28 
1 6 39 11 12 16 49 26 
1 2 7 41 11 14 15 27 
0 33 41 14 46 47 49 19 
3 5 37 8 40 41 44 25 
32 35 12 17 23 27 28 29 
2 34 6 43 17 49 28 29 
32 2 4 36 6 41 10 49 
40 9 11 13 15 23 26 30 
1 4 5 38 11 17 22 31 
4 7 8 43 47 21 30 31 
0 1 2 32 36 25 28 29 
37 6 38 9 11 44 16 25 
32 2 41 10 12 18 25 28 
33 4 38 40 13 45 15 47 
4 6 40 44 14 46 20 31 
0 3 10 45 19 24 25 27 
1 8 43 44 13 17 28 31 
1 2 34 37 12 25 28 30 
34 36 6 41 47 16 48 28 
1 6 10 42 44 49 20 21 
0 3 10 18 22 25 26 31 
39 8 41 43 47 48 25 27 
32 2 6 12 45 46 15 26 
7 8 39 45 17 18 20 22 
38 9 42 44 13 45 26 27 
32 2 37 7 40 9 28 30 
32 4 9 14 47 48 19 30 
33 35 7 13 46 48 20 30 
33 5 6 43 49 21 27 28 
32 34 6 39 10 49 19 22 
0 35 8 13 49 19 28 29 
39 40 43 45 15 48 23 25 
2 9 41 13 14 48 17 21 
0 38 39 9 42 47 20 26 
37 12 13 49 20 23 27 31 
34 40 9 10 15 47 27 30 
34 7 39 41 12 46 19 28 
34 35 10 45 20 22 23 26 
0 37 6 11 48 18 20 26 
32 39 8 42 11 18 27 
3 4 7 13 45 47 25 
38 8 15 47 49 18 19 
39 10 45 47 18 20 29 
34 38 39 8 19 22 25 
32 7 8 42 20 27 30 
37 42 43 19 21 23 28 
33 4 43 45 46 20 26 
3 36 37 8 12 15 47 
32 8 11 44 15 16 30 
1 6 8 10 11 20 23 
0 33 39 9 41 42 48 
32 5 6 39 43 27 30 
0 3 36 6 18 24 27 
37 38 46 49 22 24 27 
32 38 6 43 45 47 24 
34 5 11 44 47 19 26 
33 5 7 40 11 15 28 
35 39 45 15 16 18 27 
0 13 15 48 19 27 31 
39 9 10 45 48 18 28 
42 43 12 47 17 22 25 
42 46 16 17 49 23 30 
32 33 39 41 44 14 21 
3 43 47 16 24 25 29 
38 40 43 13 16 19 24 
1 4 37 8 41 47 23 
0 1 32 42 16 49 18 
6 7 39 42 11 15 16 
1 34 15 20 22 24 29 
32 35 5 10 48 28 30 
32 6 8 42 47 19 27 
33 34 5 43 44 24 29 
1 39 43 12 46 20 24 
34 40 42 11 43 47 22 
33 3 35 5 39 15 21 
4 39 45 16 20 27 30 
36 6 46 18 24 25 28 
32 2 42 43 47 23 27 
39 7 42 11 44 21 27 
2 38 13 14 18 22 25 
0 1 41 12 46 15 48 
33 40 42 44 48 19 31 
3 10 11 42 43 19 30 
34 8 43 12 14 19 30 
39 40 45 46 15 17 21 
1 2 15 16 49 20 25 
2 12 44 45 17 20 30 
2 4 6 8 44 19 30 
34 11 44 48 19 20 26 
0 34 44 20 26 29 
4 38 45 16 25 30 
44 15 19 26 27 28 
41 45 14 15 16 17 
5 7 40 13 45 48 
33 34 5 11 43 26 
32 2 12 45 49 24 
34 3 35 20 27 31 
35 4 5 36 43 44 
34 3 6 8 42 28 
35 41 43 16 22 23 
4 11 12 13 20 21 
6 39 49 19 27 30 
0 1 12 15 49 24 
36 9 10 21 22 30 
33 2 9 18 27 31 
2 39 46 47 48 22 
34 5 11 22 23 27 
7 9 42 19 25 30 
37 11 12 14 20 27 
7 8 41 46 47 24 
1 9 11 12 13 43 
32 5 9 44 18 27 
4 37 40 13 23 27 
6 7 13 16 48 25 
33 35 12 45 15 30 
2 3 38 6 19 
32 3 39 40 24 
12 14 17 22 23 
2 34 39 47 30 
0 3 36 47 26 
4 8 18 28 31 
33 6 11 47 18 
40 9 45 47 30 
7 43 22 26 31 
33 35 12 17 29 
5 39 47 19 22 
35 44 46 49 19 
2 42 44 14 49 
0 33 3 7 45 
2 43 6 30 
41 43 12 5 
16 10 32 5 
4 37 44 7 
32 25 48 6 
41 34 5 
26 46 47 
44 5 
