50 500
1 1 1 1 1 1 1 1 1 1 1 1 1 1 1 1 1 1 1 1 1 1 1 1 1 1 1 1 1 1 1 1 1 1 1 1 1 1 1 1 1 1 1 1 1 1 1 1 1 1 1 1 1 1 1 1 1 1 1 1 1 1 1 1 1 1 1 1 1 1 1 1 1 1 1 1 1 1 1 1 1 1 1 1 1 1 1 1 1 1 1 1 1 1 1 1 1 1 1 1 1 1 1 1 1 1 1 1 1 1 1 1 1 1 1 1 1 1 1 1 1 1 1 1 1 1 1 1 1 1 1 1 1 1 1 1 1 1 1 1 1 1 1 1 1 1 1 1 1 1 1 1 1 1 1 1 1 1 1 1 1 1 1 1 1 1 1 1 1 1 1 1 1 1 1 1 1 1 1 1 1 1 1 1 1 1 1 1 1 1 1 1 1 1 1 1 1 1 1 1 1 1 1 1 1 1 1 1 1 1 1 1 1 1 1 1 1 1 1 1 1 1 1 1 1 1 1 1 1 1 1 1 1 1 1 1 1 1 1 1 1 1 1 1 1 1 1 1 1 1 1 1 1 1 1 1 1 1 1 1 1 1 1 1 1 1 1 1 1 1 1 1 1 1 1 1 1 1 1 1 1 1 1 1 1 1 1 1 1 1 1 1 1 1 1 1 1 1 1 1 1 1 1 1 1 1 1 1 1 1 1 1 1 1 1 1 1 1 1 1 1 1 1 1 1 1 1 1 1 1 1 1 1 1 1 1 1 1 1 1 1 1 1 1 1 1 1 1 1 1 1 1 1 1 1 1 1 1 1 1 1 1 1 1 1 1 1 1 1 1 1 1 1 1 1 1 1 1 1 1 1 1 1 1 1 1 1 1 1 1 1 1 1 1 1 1 1 1 1 1 1 1 1 1 1 1 1 1 1 1 1 1 1 1 1 1 1 1 1 1 1 1 1 1 1 1 1 1 1 1 1 1 1 1 1 1 1 1 1 1 1 1 1 1 1 1 1 1 1 1 1 1 1 1 1 1 1 1 1 1 1 1 1 1 1 1 1 1 1 1 1 1 1 1 1 1 1 1 1 1 1 1 1 1 1 1 1 1 1 1 1 1 1 1 1 1 1 1 1 1 
1 2 3 4 5 7 8 13 14 19 22 25 26 28 33 35 40 41 47 
1 3 5 8 15 18 22 27 32 33 36 37 39 40 41 43 45 47 49 
2 7 9 11 13 19 20 21 28 30 31 34 35 38 39 40 42 46 47 
0 1 2 32 36 5 37 38 8 10 42 45 49 18 19 22 27 
32 1 4 38 40 9 41 11 12 14 15 46 18 25 26 28 31 
32 33 2 34 4 5 35 38 42 43 15 48 18 20 21 24 25 
33 3 4 37 6 7 39 9 44 45 46 47 49 21 27 28 29 
0 2 3 34 37 6 38 8 41 10 42 43 13 44 19 24 26 
32 5 6 38 8 44 14 46 49 18 22 26 27 28 29 31 
0 4 38 9 11 13 47 48 49 19 20 21 22 23 28 29 
0 38 8 40 10 42 12 45 14 15 16 48 49 20 21 27 
0 33 34 35 4 5 38 10 42 14 46 18 20 26 27 28 
1 34 35 4 5 6 36 8 39 42 12 17 49 20 23 28 
0 2 35 4 6 40 9 12 44 47 49 18 20 21 23 25 
0 34 35 39 41 10 11 44 13 14 18 19 20 22 31 
0 32 4 5 6 37 38 9 40 11 15 49 18 19 22 
32 34 3 5 9 45 14 16 17 48 20 21 22 25 28 
0 32 33 36 37 38 7 39 9 12 14 16 20 22 23 
1 34 4 37 6 8 10 11 12 45 15 18 19 23 24 
32 2 34 36 5 6 7 42 45 46 48 17 19 22 28 
1 34 35 37 8 41 42 14 47 16 48 49 24 28 31 
34 35 7 39 40 10 12 13 17 49 19 21 27 28 30 
0 2 3 34 35 36 8 9 41 42 43 44 19 25 26 
32 34 37 40 9 41 44 14 15 16 46 47 21 23 29 
32 33 35 4 37 6 39 40 12 45 48 24 28 29 31 
0 2 3 4 35 37 38 8 43 12 46 47 23 24 30 
33 6 9 41 42 12 44 14 48 49 21 22 23 27 
0 1 32 7 9 10 14 47 16 20 23 24 26 30 
0 2 4 36 38 40 10 44 13 15 20 23 26 27 
33 34 3 35 9 41 42 12 47 17 49 21 26 27 
33 2 35 4 38 40 43 44 15 16 17 25 26 30 
2 35 8 9 43 45 47 48 17 18 24 27 28 30 
34 3 4 5 7 40 10 42 44 47 20 22 27 30 
32 3 4 7 8 40 10 41 12 42 45 18 29 30 
38 40 10 42 13 15 16 47 48 20 21 22 25 29 
0 1 33 37 6 7 39 9 11 43 13 15 16 24 
33 39 8 41 11 12 48 20 21 22 24 25 27 29 
0 32 34 3 5 37 7 38 10 43 15 23 25 28 
32 2 34 35 38 8 40 12 14 47 18 22 25 26 
37 39 41 42 11 43 44 15 49 18 24 25 27 31 
34 5 6 7 8 37 11 12 43 17 49 19 20 24 
3 36 37 10 11 42 15 16 17 18 22 23 25 31 
32 2 34 5 6 7 9 11 12 14 16 48 49 28 
32 1 34 3 4 38 7 39 12 13 48 19 25 26 
0 1 34 3 4 5 7 44 14 46 48 18 28 29 
32 2 5 38 40 41 42 13 16 18 22 26 30 31 
2 35 4 36 6 38 40 10 43 44 46 15 49 24 
32 6 38 8 40 11 43 45 48 20 22 26 28 31 
1 2 36 38 40 11 12 13 44 15 47 20 27 29 
1 36 5 6 37 41 10 12 47 18 22 25 27 29 
33 3 35 5 37 7 9 41 43 12 16 21 27 28 
0 32 34 35 37 6 39 10 13 48 18 19 25 31 
0 1 34 3 5 9 10 11 41 16 19 20 24 26 
0 36 37 6 10 11 12 13 44 45 16 46 20 27 
1 2 36 7 8 41 10 11 14 15 46 49 19 25 
0 5 6 37 40 9 41 13 16 48 18 20 23 25 
0 33 4 36 6 7 37 39 40 11 13 22 24 30 
33 2 3 38 8 40 41 42 44 14 48 20 22 29 
1 2 34 4 37 6 39 9 42 11 46 48 26 
0 32 2 43 12 13 14 15 16 17 44 24 26 
32 1 36 5 37 8 13 14 45 47 17 19 25 
1 9 41 44 13 15 17 49 19 21 24 28 31 
33 34 8 42 12 44 15 16 49 20 23 30 31 
34 3 4 6 8 41 45 16 49 18 20 25 30 
32 34 3 36 38 7 9 10 14 20 22 25 27 
34 6 38 40 9 10 41 42 46 15 17 26 27 
0 1 33 3 36 5 39 10 13 17 18 24 26 
1 3 4 5 7 40 44 13 48 49 22 25 31 
32 37 6 9 12 46 47 16 23 24 26 28 30 
32 34 3 6 40 9 11 45 46 48 23 24 31 
1 34 8 9 40 43 12 48 18 21 25 27 28 
32 2 3 36 37 6 14 15 16 17 49 21 24 
1 36 37 8 9 10 43 44 45 15 49 20 31 
0 1 32 10 11 43 45 14 46 20 21 24 27 
32 33 3 40 41 45 48 19 22 23 27 29 31 
34 35 5 39 40 43 44 13 15 16 22 23 31 
1 35 38 7 40 9 43 12 17 49 23 27 31 
34 9 10 11 12 46 49 23 24 25 28 30 31 
4 39 9 10 42 45 46 15 17 19 21 29 30 
0 32 2 34 5 39 43 12 13 45 47 23 27 
0 3 9 43 44 13 45 16 49 24 28 29 30 
1 2 35 4 8 10 43 46 15 17 19 22 27 
1 2 3 36 7 40 9 11 43 15 17 21 22 
2 35 4 10 42 12 14 16 48 18 25 27 28 
3 4 9 12 13 44 15 16 45 19 22 24 29 
0 34 4 39 8 40 45 15 16 21 22 28 30 
32 35 36 37 6 9 13 14 49 22 23 26 30 
3 39 40 42 11 15 48 17 18 21 23 24 26 
32 33 34 35 6 43 44 46 16 48 21 23 29 
32 3 37 6 41 10 11 42 20 25 26 29 31 
34 36 39 11 12 44 16 19 23 24 26 28 31 
0 1 35 40 47 16 48 18 19 49 21 29 31 
33 34 3 38 9 45 16 17 48 21 22 26 28 
1 33 3 34 7 11 13 14 46 17 19 21 
1 3 35 39 9 10 11 12 42 44 15 20 
33 34 6 7 42 12 13 44 46 18 28 29 
32 33 3 36 38 7 40 13 49 18 24 26 
0 34 4 5 37 7 9 43 14 17 22 29 
1 34 37 6 39 8 42 44 49 18 29 30 
0 34 35 4 5 37 44 48 17 49 21 23 
32 34 35 38 43 12 44 14 45 46 17 48 
1 33 5 9 41 45 15 16 48 49 26 30 
32 2 3 34 38 7 10 42 46 20 26 30 
2 7 8 9 11 13 45 17 18 19 49 23 
33 34 4 36 38 44 45 14 15 46 18 20 
0 1 3 5 8 40 45 16 49 19 21 24 
2 5 40 11 43 15 47 48 18 20 21 27 
0 1 2 32 5 14 48 18 23 26 28 29 
36 9 11 13 46 48 17 22 26 27 28 30 
2 5 37 41 43 12 13 47 48 18 23 26 
2 3 8 11 44 13 15 16 48 19 20 30 
0 33 4 6 39 8 43 12 17 18 20 23 
2 34 4 38 40 43 46 47 49 22 25 29 
33 36 5 6 9 44 46 49 18 25 27 30 
6 7 9 41 42 44 13 17 49 19 25 30 
2 3 7 40 41 13 45 49 18 19 26 27 
36 6 40 9 11 12 13 43 15 17 22 24 
0 1 32 37 12 45 47 48 18 19 24 27 
2 36 6 9 10 11 14 17 49 22 25 31 
32 33 3 35 37 6 9 10 41 48 21 23 
0 35 37 7 40 11 44 47 16 19 23 25 
32 2 6 38 10 12 16 18 20 23 29 31 
33 2 3 35 37 40 43 15 16 17 27 28 
2 3 35 36 37 43 12 44 16 26 27 28 
0 33 2 34 4 5 35 41 11 14 19 28 
0 3 36 5 41 10 45 47 22 23 29 31 
2 5 7 10 12 47 16 48 20 21 26 29 
2 4 37 43 13 14 45 16 48 19 20 21 
33 2 36 37 6 38 11 15 22 27 28 31 
1 2 3 34 36 37 8 10 42 44 18 20 
1 38 8 9 10 11 44 13 45 15 22 31 
32 36 6 39 11 13 18 21 22 28 30 
0 4 10 13 47 17 20 21 23 25 31 
1 2 33 44 15 47 22 25 26 27 28 
3 36 37 8 40 42 43 18 24 26 31 
33 34 4 10 45 46 17 21 25 28 31 
0 33 37 11 12 46 47 16 18 24 31 
2 3 36 43 12 44 19 23 24 29 31 
6 7 39 9 44 13 48 22 23 24 30 
32 1 2 37 39 40 41 10 47 21 27 
3 6 38 39 40 10 48 20 22 27 31 
4 9 41 42 44 13 46 48 25 28 30 
0 37 6 7 13 45 49 21 23 27 28 
2 3 36 10 43 17 23 24 25 26 27 
2 34 8 40 46 47 48 17 26 28 29 
33 39 14 15 16 47 49 25 26 28 30 
1 6 42 43 44 15 49 18 26 29 30 
3 35 8 40 42 12 14 15 46 28 31 
2 8 42 12 13 17 49 22 27 30 31 
1 5 6 7 8 37 40 11 13 18 29 
32 1 36 6 8 40 42 45 46 20 27 
33 34 3 6 39 8 43 44 16 22 30 
0 1 33 7 42 45 15 47 19 23 27 
1 36 7 10 49 19 20 26 27 28 30 
0 1 33 34 12 44 46 21 23 25 27 
2 4 10 42 44 45 14 49 19 22 26 
0 1 32 33 39 11 45 20 23 25 27 
34 3 35 10 11 12 19 21 24 29 31 
1 37 6 9 44 46 16 19 21 22 29 
3 7 9 43 44 47 49 19 26 28 31 
4 40 41 42 11 44 46 17 18 21 25 
33 39 10 43 12 13 19 20 23 28 30 
5 7 12 47 19 21 23 25 28 29 30 
5 6 7 10 45 48 49 22 24 25 30 
32 6 9 41 11 44 13 46 25 28 30 
2 4 6 39 40 46 17 20 27 28 30 
3 36 37 6 38 8 9 40 11 19 26 
0 34 36 5 37 7 38 41 42 11 46 
1 35 37 8 9 12 13 44 17 25 26 
0 1 3 5 11 43 14 17 23 25 28 
34 6 38 8 40 44 49 20 26 29 31 
1 3 35 36 37 39 13 14 47 18 21 
6 7 8 39 45 47 17 19 20 21 29 
3 5 37 38 9 46 21 22 23 25 26 
1 2 36 37 10 12 45 16 49 23 29 
0 32 33 8 40 11 18 23 24 27 31 
0 1 33 36 8 43 18 20 25 27 28 
1 34 39 41 10 42 48 18 19 30 31 
1 36 7 39 10 46 48 49 18 20 21 
33 2 4 38 39 42 45 15 48 22 27 
34 36 13 15 47 48 49 23 26 28 30 
5 6 7 8 37 40 46 20 24 27 31 
0 33 3 36 37 9 43 49 19 20 29 
6 10 11 12 43 44 45 18 25 29 31 
32 2 4 10 42 43 44 22 23 27 31 
32 1 33 37 8 9 44 13 17 20 30 
32 3 4 9 10 41 12 42 16 23 25 
34 6 38 42 45 46 48 49 20 23 26 
32 2 7 11 45 46 15 47 48 49 20 
0 36 6 38 43 12 44 46 18 25 28 
32 4 39 8 41 44 14 16 49 26 29 
1 5 37 39 8 12 13 45 46 18 20 
3 36 38 9 44 16 48 19 24 27 31 
1 2 33 4 6 38 43 46 48 25 26 
0 2 4 5 6 8 40 11 17 18 30 
1 34 37 38 9 42 12 13 45 47 30 
34 3 4 8 10 43 13 48 18 25 28 
35 38 8 41 42 12 46 16 21 30 31 
0 9 10 13 45 17 49 21 25 26 31 
3 4 37 6 41 13 48 23 29 31 
0 33 7 10 42 12 44 16 26 29 
9 41 13 45 48 18 20 23 25 30 
32 3 38 43 14 48 19 21 27 29 
0 32 37 39 44 47 19 20 21 22 
34 37 8 41 14 46 16 22 24 29 
0 10 14 15 49 21 22 24 27 30 
1 2 4 38 42 45 46 16 48 24 
36 38 39 42 13 15 48 18 21 27 
4 37 40 42 45 47 16 17 21 31 
1 38 7 9 43 13 17 49 23 31 
32 2 4 7 41 46 16 20 21 22 
32 33 8 9 40 45 48 22 25 28 
0 39 9 10 42 14 47 17 49 19 
32 2 3 39 45 49 20 24 27 31 
4 6 39 10 43 14 46 21 23 26 
34 36 7 10 48 19 23 24 26 30 
36 8 41 43 12 14 15 22 24 26 
33 34 35 36 5 7 40 9 44 20 
2 3 38 8 43 12 45 20 26 28 
0 35 6 11 43 44 15 48 23 30 
0 2 37 6 38 8 44 13 47 30 
39 9 44 15 18 20 22 23 27 28 
33 8 41 13 46 15 48 24 29 30 
0 32 4 38 9 11 17 23 24 27 
34 37 7 39 9 21 26 29 30 31 
32 6 39 19 22 24 25 26 29 30 
32 1 34 3 35 11 44 14 20 31 
32 34 35 36 40 41 43 15 48 24 
0 1 3 6 8 13 49 23 26 28 
36 5 40 11 44 15 18 25 28 30 
0 2 36 6 8 16 49 19 27 29 
1 35 36 42 44 16 18 21 22 31 
4 6 7 40 46 20 25 26 29 31 
6 39 40 11 46 17 20 26 29 31 
1 3 4 7 40 12 48 17 27 30 
35 4 43 49 18 24 27 29 30 31 
37 6 41 16 18 19 20 21 24 27 
33 36 37 7 10 45 16 48 19 29 
1 33 3 42 15 47 19 23 28 31 
1 33 35 6 42 11 12 44 14 49 
33 35 6 7 40 10 14 48 21 30 
2 4 5 7 8 46 16 19 28 30 
2 4 7 40 10 43 45 49 20 21 
9 10 41 42 13 44 47 48 21 23 
36 9 41 14 48 18 24 26 30 31 
32 2 3 4 36 9 44 49 18 29 
34 4 6 42 14 20 21 23 29 31 
4 5 6 37 40 11 13 46 20 26 
7 39 10 42 13 47 20 23 26 30 
0 32 33 34 6 7 16 17 48 20 
2 5 6 37 9 10 43 16 20 31 
0 2 3 39 8 49 18 24 27 30 
0 3 4 35 6 38 47 17 49 29 
1 3 6 40 43 44 47 17 23 31 
33 37 7 13 15 17 19 21 29 31 
3 35 37 6 41 45 21 22 24 29 
2 34 38 41 12 46 18 24 28 29 
1 35 36 6 7 39 10 43 46 30 
33 34 37 6 8 41 44 14 15 30 
32 35 36 9 42 11 12 19 24 31 
0 38 13 14 49 19 20 23 27 29 
0 1 2 3 34 5 37 10 27 31 
0 2 3 37 7 39 10 27 29 31 
34 38 7 11 44 14 15 47 19 31 
33 37 38 7 9 45 14 15 22 30 
36 5 8 41 11 47 16 22 28 30 
0 2 4 36 6 40 45 47 48 17 
32 37 7 10 44 47 16 49 22 25 
4 42 43 12 44 45 46 16 25 27 
33 6 7 39 41 13 48 19 23 30 
32 35 4 5 12 13 14 46 48 20 
0 37 38 9 42 11 43 14 16 27 
6 7 12 44 15 16 47 48 29 30 
2 35 37 39 9 14 47 16 20 28 
2 3 4 5 36 11 16 48 22 31 
2 38 39 40 41 11 45 18 27 30 
0 2 4 38 7 39 9 46 25 
33 37 5 38 39 40 11 49 18 
32 2 3 34 5 7 17 22 29 
2 6 8 10 11 15 48 20 24 
1 34 37 7 40 41 13 16 21 
0 2 5 8 12 48 49 18 27 
32 37 7 40 9 42 14 16 48 
33 34 8 17 49 19 20 25 27 
4 38 8 9 46 17 20 21 23 
4 5 39 15 49 18 19 27 28 
1 33 5 39 8 42 46 27 31 
39 40 42 44 47 16 17 49 29 
32 36 6 40 43 12 45 26 28 
1 38 42 45 14 47 21 23 24 
32 3 5 8 44 46 15 18 25 
40 41 12 46 47 17 18 20 24 
0 32 34 4 11 45 14 24 27 
1 37 38 47 16 23 25 30 31 
33 3 4 6 8 10 47 19 25 
1 34 3 39 40 11 47 24 29 
32 41 10 13 45 46 20 26 28 
1 33 35 37 6 44 14 20 26 
34 6 40 10 42 15 16 19 27 
35 37 39 41 10 11 12 27 30 
32 33 5 6 13 14 46 19 28 
33 3 42 45 14 15 16 49 19 
8 41 10 11 43 49 22 24 27 
33 3 35 37 44 13 20 28 30 
0 2 4 7 39 12 17 18 28 
32 35 8 40 11 45 46 15 24 
5 38 40 9 44 14 19 20 24 
2 3 38 39 14 46 49 25 29 
37 39 9 43 44 49 20 21 24 
32 38 7 40 42 44 24 26 31 
1 2 5 38 8 41 16 23 26 
0 36 40 42 12 44 46 23 25 
4 5 40 41 11 48 23 29 30 
4 7 44 13 46 47 48 18 21 
0 5 40 41 15 47 49 19 21 
32 2 38 12 13 16 20 29 31 
0 1 35 4 38 8 42 47 20 
37 8 9 41 12 17 18 21 24 
32 2 6 14 47 17 22 28 30 
0 37 38 8 12 16 18 21 30 
33 4 37 7 42 48 21 24 28 
2 36 6 9 14 15 47 20 27 
4 5 38 42 11 13 46 17 28 
0 5 10 44 47 48 49 21 25 
0 34 35 39 8 48 23 24 30 
32 33 34 9 41 11 47 20 24 
0 35 4 42 13 19 21 22 24 
32 35 38 39 8 42 16 48 25 
1 33 35 37 39 41 10 13 28 
0 3 41 14 15 48 17 28 31 
34 36 41 42 44 48 17 22 26 
1 33 7 40 43 45 47 18 31 
1 39 41 42 24 27 28 29 30 
0 32 34 36 45 20 23 24 30 
0 11 12 13 17 22 26 28 29 
32 34 6 13 15 48 17 49 28 
36 5 8 10 43 15 20 22 25 
33 3 8 10 11 44 18 19 23 
35 36 8 10 45 17 18 20 27 
8 41 10 11 12 46 15 47 19 
1 33 3 4 37 43 45 46 29 
36 40 43 13 46 16 20 22 26 
1 33 36 44 46 48 25 27 30 
7 42 45 14 48 18 20 22 25 
0 2 36 8 45 18 26 30 31 
1 2 4 5 37 10 42 17 23 
0 36 8 10 15 17 20 21 26 
1 5 8 13 21 22 25 28 30 
32 33 35 7 13 49 20 23 28 
0 4 11 43 13 46 15 25 29 
33 4 36 37 42 43 17 20 31 
0 3 5 38 40 43 48 24 29 
38 7 41 42 11 46 47 18 20 
2 43 12 13 44 15 26 30 31 
35 40 9 44 15 47 49 18 29 
0 2 4 8 19 22 23 30 
37 41 12 13 47 18 23 26 
2 34 37 44 49 19 25 30 
1 34 15 47 20 21 30 31 
0 4 6 44 17 49 19 28 
4 9 10 43 14 17 25 27 
5 12 45 46 20 24 30 31 
33 5 45 14 15 17 18 23 
32 3 36 9 46 15 23 27 
35 3 42 44 13 48 49 19 
2 39 45 48 20 22 23 26 
0 36 12 13 15 16 17 30 
36 5 6 37 9 11 19 21 
32 1 39 9 43 14 15 24 
32 2 5 43 12 47 19 28 
1 35 37 49 23 29 30 31 
36 41 12 44 15 49 20 21 
1 16 17 18 48 20 26 27 
0 35 36 37 43 17 25 27 
1 2 4 41 13 48 21 27 
0 35 36 14 46 17 49 30 
0 2 4 41 11 44 49 18 
2 34 7 46 15 19 20 23 
32 4 9 46 17 18 20 23 
0 32 37 6 39 44 13 25 
6 10 44 18 23 27 29 30 
7 11 12 13 43 16 25 30 
1 34 36 5 8 27 29 30 
40 9 10 18 19 20 21 23 
2 5 14 48 21 23 26 27 
0 3 5 7 13 17 19 29 
36 6 7 40 44 47 23 25 
35 6 43 12 46 18 23 27 
32 33 2 6 11 47 20 27 
33 4 36 39 40 13 48 18 
37 43 44 16 26 27 28 30 
2 3 4 38 42 45 46 26 
34 35 4 43 15 48 22 26 
2 8 9 43 45 15 47 21 
3 40 43 46 15 17 21 28 
0 35 5 39 43 45 18 25 
2 3 34 40 12 15 47 30 
2 35 4 5 37 42 11 26 
2 4 44 13 14 47 18 31 
1 38 6 42 45 48 20 31 
2 12 44 14 16 22 26 31 
2 35 10 11 43 13 46 19 
35 37 8 11 43 47 24 29 
1 33 36 41 11 26 30 31 
32 34 35 4 38 8 17 18 
2 8 44 48 20 21 25 27 
32 34 8 43 20 21 23 28 
2 34 6 9 45 20 27 31 
32 1 36 7 41 42 17 20 
0 1 35 37 13 15 17 31 
33 3 38 42 11 43 49 30 
1 34 9 41 17 22 23 26 
33 34 35 14 18 21 24 28 
2 7 8 9 10 45 15 23 
0 38 10 11 18 24 27 31 
2 5 38 7 9 14 15 21 
33 37 41 10 11 14 18 25 
3 35 5 7 9 48 18 27 
4 37 8 14 49 24 29 
38 8 10 43 44 17 28 
42 12 13 15 48 20 24 
3 4 36 44 15 48 30 
7 10 44 13 19 22 27 
1 36 5 7 40 14 26 
0 34 3 39 8 9 11 
34 4 5 10 47 16 23 
3 47 17 18 19 26 29 
35 38 10 48 18 22 25 
2 4 6 8 40 10 17 
0 33 6 42 44 21 26 
41 11 44 49 23 27 29 
33 2 9 45 47 17 20 
5 41 14 25 27 28 30 
34 4 42 45 48 26 27 
5 6 8 40 42 22 24 
33 9 45 16 26 28 31 
34 7 44 19 20 30 31 
39 40 9 7 44 47 48 
33 2 3 41 12 47 31 
37 7 43 44 45 17 29 
8 12 44 45 46 24 25 
34 35 24 25 28 29 31 
37 10 42 12 13 23 28 
10 47 21 22 26 28 30 
33 34 38 48 24 27 31 
0 3 38 10 11 21 30 
32 36 9 14 15 23 27 
0 7 46 20 25 27 31 
2 35 8 41 42 12 23 
2 4 41 43 13 20 24 
33 34 3 41 10 13 15 
9 43 13 15 20 21 27 
1 45 46 19 23 25 27 
5 7 45 15 19 20 31 
0 35 17 18 21 27 29 
35 36 14 17 18 21 31 
33 9 10 43 46 22 23 
0 33 4 15 47 22 24 
0 33 39 8 41 31 
34 36 43 20 29 31 
9 13 45 16 22 28 
3 38 13 48 49 26 
3 12 45 14 15 31 
32 34 39 7 46 21 
34 43 13 15 18 24 
0 2 4 6 44 20 
3 38 9 42 24 25 
34 37 7 49 22 27 
0 32 4 43 45 46 
34 6 12 18 19 30 
37 46 23 24 25 31 
1 35 36 41 22 24 
0 6 44 46 47 30 
41 47 49 19 20 25 
34 3 6 10 13 48 
4 8 14 19 27 31 
0 12 47 49 22 23 
0 4 5 38 11 16 
0 37 39 12 47 27 
32 3 5 7 41 13 
1 9 16 18 21 29 
2 3 6 13 26 30 
0 40 15 19 22 
32 38 46 18 26 
1 37 7 8 15 
9 43 47 49 30 
36 37 9 17 18 
39 10 48 23 31 
37 38 9 44 13 
2 5 10 46 31 
34 4 9 41 20 
12 45 19 23 24 
43 46 48 18 28 
48 9 36 44 
49 4 29 36 
0 1 32 9 
49 11 6 23 
8 18 12 28 
4 28 30 39 
48 10 4 29 
