instance_24_10_40_25.txt
24
10

1 1 1 0 0 0 0 0 0 0 0 1 0 0 1 0 0 1 0 0 1 0 0 0      48
0 1 0 1 1 0 0 0 0 1 1 0 0 1 0 1 1 0 0 0 0 0 0 0      2
1 0 0 0 0 1 0 0 0 0 0 0 0 0 1 1 0 1 0 1 1 1 0 1      84
0 0 0 1 1 0 0 1 1 0 0 0 0 0 0 0 0 0 0 0 0 1 1 1      82
0 0 1 0 0 0 0 0 1 1 0 0 0 0 0 1 1 0 0 0 0 0 1 0      62
0 1 0 0 0 1 1 1 0 0 0 0 0 0 0 0 0 0 0 0 0 0 0 0      91
1 0 0 0 0 1 0 0 1 1 0 0 1 0 0 0 0 1 0 1 1 0 0 0      82
1 0 0 1 0 0 0 0 0 1 0 0 1 0 1 0 0 0 0 0 0 0 1 1      24
0 1 0 0 1 0 1 0 1 0 1 1 1 0 0 0 0 1 0 0 0 1 0 0      32
0 0 1 0 0 1 0 0 0 0 0 1 0 0 1 0 1 0 1 1 0 1 0 0      36

4 4 4 3 4 5 3 3 4 5 4 3 3 1 4 5 3 4 1 3 3 4 3 3 
