instance_26_10_40_20.txt
26
10

0 0 0 0 1 0 0 0 1 1 1 0 0 0 0 1 1 0 0 0 0 0 0 0 1 0      71
1 0 0 1 1 1 1 0 0 0 1 1 0 0 0 0 1 0 0 1 1 0 0 1 1 1      7
0 0 1 0 1 0 1 0 0 1 0 0 1 1 1 1 1 0 1 1 0 0 1 0 1 0      97
1 0 0 1 0 1 0 0 0 0 0 0 1 1 0 0 0 1 0 1 1 0 0 1 0 1      16
0 1 0 1 0 0 0 0 0 0 0 0 1 0 0 0 1 0 0 0 0 1 0 1 0 0      80
1 1 1 0 0 1 1 0 0 0 1 1 0 0 0 0 0 0 0 0 1 1 1 0 0 1      12
0 0 0 0 0 1 0 1 1 0 0 0 0 0 1 0 1 1 0 0 0 0 0 0 0 1      29
0 0 0 0 0 0 0 0 1 0 1 1 0 1 0 0 0 0 1 0 0 0 0 0 0 0      3
0 0 0 1 0 0 1 1 0 0 0 1 0 0 1 0 0 1 0 0 0 0 0 1 0 0      69
0 0 1 0 0 0 0 1 1 0 0 0 0 1 1 0 1 1 1 0 0 0 1 0 0 0      94

4 2 4 4 4 4 4 4 5 2 5 4 4 4 4 4 6 4 4 4 4 2 4 4 4 4 
