instance_28_10_30_25.txt
28
10

0 0 0 0 0 0 0 0 0 0 0 1 0 0 0 0 0 0 0 0 0 1 0 0 1 0 0 0      38
1 0 0 0 0 0 1 0 1 0 0 0 1 0 0 0 0 0 0 0 1 0 1 1 0 1 0 0      70
0 0 0 1 1 0 1 0 0 1 0 0 0 0 0 0 0 1 1 1 0 0 0 0 0 0 0 0      74
1 0 0 0 0 1 0 0 0 0 1 0 1 0 0 0 0 0 1 0 0 0 0 0 1 1 0 0      10
0 0 0 0 0 0 0 1 1 0 0 1 1 1 0 1 1 0 0 1 0 0 0 0 0 0 0 0      53
1 0 1 1 1 0 0 0 0 0 0 0 1 0 0 0 0 1 1 1 0 1 0 1 0 1 0 1      53
0 0 0 0 1 0 1 0 0 0 0 0 0 1 0 0 1 1 1 0 0 1 0 0 0 0 0 0      21
0 0 0 0 1 0 1 1 0 1 0 0 0 0 0 0 0 1 0 1 0 1 0 0 1 0 0 0      2
0 0 0 1 0 0 0 1 1 0 0 0 0 1 0 0 1 0 0 0 0 0 0 0 1 0 0 0      63
0 1 0 1 0 0 0 0 1 1 0 1 0 0 1 0 0 0 0 0 0 0 0 1 0 0 1 0      89

4 1 1 4 4 1 4 4 4 4 1 4 4 4 1 1 4 4 4 4 1 4 1 4 4 4 1 1 
