instance_28_15_40_15.txt
28 
15 

0 0 0 1 1 0 1 0 0 0 0 0 1 0 0      4
0 1 0 0 1 0 0 0 1 1 1 0 0 1 0      8
0 0 0 0 1 0 1 1 0 1 0 1 0 0 1      8
1 0 0 0 0 0 0 0 1 0 0 0 0 0 0      3
0 0 0 0 1 0 0 0 1 1 0 0 1 0 0      4
0 0 0 1 0 1 1 1 1 0 0 1 0 1 0      8
1 0 1 0 1 1 0 0 0 0 1 0 0 1 0      6
0 0 0 1 0 0 0 0 0 1 0 0 0 1 0      3
0 1 0 1 0 0 0 1 0 1 0 0 0 1 1      8
0 1 0 0 1 0 1 0 1 1 0 0 0 1 0      8
1 0 0 1 1 1 0 1 0 1 1 0 0 0 0      8
1 0 0 0 1 1 0 1 0 1 0 0 0 0 1      6
0 1 0 0 0 0 0 1 0 1 1 0 1 0 0      6
0 1 0 0 0 0 1 0 0 0 1 0 0 0 0      4
0 0 0 0 0 1 0 1 0 0 0 1 1 0 0      4
0 0 0 1 1 0 1 0 0 0 0 0 1 0 0      4
0 1 0 0 1 0 0 0 1 1 1 0 0 1 0      8
0 0 0 0 1 0 1 1 0 1 0 1 0 0 1      8
1 0 0 0 0 0 0 0 1 0 0 0 0 0 0      3
0 0 0 0 1 0 0 0 1 1 0 0 1 0 0      4
0 0 0 1 0 1 1 1 1 0 0 1 0 1 0      8
1 0 1 0 1 1 0 0 0 0 1 0 0 1 0      6
0 0 0 1 0 0 0 0 0 1 0 0 0 1 0      3
0 1 0 1 0 0 0 1 0 1 0 0 0 1 1      8
0 1 0 0 1 0 1 0 1 1 0 0 0 1 0      8
1 0 0 1 1 1 0 1 0 1 1 0 0 0 0      8
1 0 0 0 1 1 0 1 0 1 0 0 0 0 1      6
0 1 0 0 0 0 0 1 0 1 1 0 1 0 0      6

86 24 70 51 16 52 39 94 93 97 50 13 89 34 28 
