instance_24_15_40_20.txt
24
15

1 0 1 0 0 0 1 1 1 1 0 0 1 0 0 0 0 1 1 0 1 0 1 0      42
0 0 0 0 1 1 0 0 0 1 1 0 1 0 1 0 1 1 1 0 0 0 0 0      82
0 0 1 1 0 0 0 1 0 0 0 0 0 0 0 1 0 0 0 0 0 0 1 1      43
1 0 0 1 0 0 0 0 1 0 1 0 0 0 0 0 0 0 1 1 1 0 0 1      27
0 0 0 0 0 0 0 0 0 0 1 0 0 0 0 1 0 1 1 1 0 0 0 0      15
0 0 0 1 0 1 0 0 0 0 0 1 0 0 1 1 0 0 0 0 0 0 0 1      15
0 0 0 0 0 0 0 1 0 1 0 1 0 0 0 1 1 0 0 1 0 0 0 0      46
1 0 1 1 0 1 0 0 0 1 0 0 1 1 0 0 0 1 0 0 1 0 1 1      78
1 0 1 0 0 0 1 0 0 1 0 1 0 0 1 0 1 1 0 1 1 0 1 0      97
0 0 0 0 0 0 1 1 0 0 0 0 0 1 0 0 0 0 1 0 0 0 0 0      66
1 1 1 0 0 0 0 1 1 0 0 0 1 0 0 0 0 0 0 1 1 1 1 0      99
0 0 1 0 1 1 0 1 0 1 0 0 0 1 0 1 1 0 1 0 0 0 1 0      74
1 1 0 0 1 0 0 0 0 0 0 1 1 0 0 1 1 0 1 0 1 1 0 0      93
0 1 0 0 1 1 1 0 1 0 0 1 0 1 1 0 0 0 0 1 0 1 0 0      17
0 1 0 1 0 0 1 1 0 0 1 0 0 0 0 0 0 0 0 0 0 1 0 1      81

8 4 7 6 4 5 6 7 4 6 4 8 5 5 4 7 7 8 8 6 8 4 7 6 
