instance_22_15_40_25.txt
22 
15 

0 0 0 0 0 0 0 0 1 0 0 0 0 1 0      3
1 0 1 0 0 0 0 0 0 0 0 1 0 1 0      4
0 0 0 0 0 0 1 0 1 0 0 1 0 0 0      3
0 0 1 1 1 0 0 0 0 0 0 1 0 1 0      6
0 1 0 0 0 0 0 1 0 0 0 0 1 0 0      3
0 0 0 0 0 0 1 0 1 0 1 0 0 0 1      7
0 1 0 0 1 0 1 0 0 0 1 0 0 1 0      5
0 0 0 1 0 0 0 0 1 0 0 1 1 0 0      4
0 0 0 0 0 0 1 0 0 1 0 1 1 0 0      5
0 0 0 0 0 0 0 0 1 0 0 0 1 1 0      4
0 0 1 0 0 1 1 0 1 0 0 0 1 1 0      7
1 0 0 1 1 0 1 0 0 0 0 0 0 0 0      4
1 0 0 0 0 1 0 1 0 0 0 0 0 0 0      4
0 0 0 0 0 0 1 0 1 1 0 0 0 0 0      3
0 0 0 0 1 1 0 1 0 0 1 0 0 0 1      6
0 0 0 0 0 0 0 1 0 1 0 0 0 1 0      5
0 1 0 0 0 0 1 0 0 0 0 0 0 0 1      3
0 0 1 0 0 0 0 0 0 1 0 0 0 1 0      4
1 0 0 0 0 1 0 1 1 1 0 1 0 0 0      6
0 0 0 0 0 0 0 1 1 0 0 0 1 0 1      4
0 1 0 0 1 1 1 0 0 0 0 0 1 1 0      6
0 0 1 0 0 0 0 0 1 1 0 0 0 0 1      4

61 16 11 87 5 61 44 1 54 94 56 26 8 61 59 
