instance_22_10_40_15.txt
22
10

0 1 0 0 1 0 1 0 0 1 0 1 1 0 0 0 1 0 0 1 0 1      3
1 1 1 1 1 0 0 0 0 1 1 0 1 0 1 1 1 1 1 1 0 0      71
0 0 1 1 0 1 0 0 1 0 0 0 0 1 0 0 0 1 1 0 1 0      10
1 0 0 0 0 1 1 0 1 0 1 0 1 0 0 1 0 0 0 0 1 1      70
0 0 0 0 1 0 0 1 0 1 1 0 0 0 1 0 0 0 0 1 0 0      21
0 0 0 1 0 0 0 1 1 0 1 1 0 0 1 0 0 0 1 0 0 0      55
1 1 1 0 0 0 1 0 0 0 0 1 0 0 0 1 1 1 0 0 0 1      27
1 0 1 0 1 0 0 0 0 1 1 1 0 0 1 1 0 1 0 1 0 0      5
0 0 0 1 0 1 0 1 0 1 0 1 1 1 0 0 0 0 1 0 1 0      33
0 1 0 1 1 1 0 1 0 0 1 0 0 1 0 0 1 0 1 1 1 0      65

5 5 4 6 5 4 3 5 3 5 6 6 5 3 5 5 5 4 6 5 4 3 
