instance_28_10_30_20.txt
28 
10 

0 1 0 0 0 1 1 0 0 0      3
0 0 0 1 0 1 0 0 0 0      3
0 0 0 1 0 0 1 0 0 1      3
1 1 0 0 0 0 0 0 0 1      4
0 0 0 1 0 0 1 0 0 0      2
1 1 1 0 0 0 0 0 0 0      3
1 1 0 0 0 0 0 0 0 1      3
0 0 0 0 1 0 0 0 1 0      2
0 0 1 0 0 1 0 1 0 1      4
1 1 1 0 1 0 0 0 0 0      4
1 0 1 0 0 0 0 1 1 0      4
0 0 0 0 0 0 1 0 0 1      2
1 1 1 0 0 1 0 0 0 0      4
0 0 1 1 0 0 1 0 0 1      4
0 0 1 0 0 0 0 1 0 1      4
0 1 1 0 0 0 0 0 0 0      2
0 1 1 0 0 0 0 0 1 0      3
0 1 1 0 0 1 0 0 0 0      3
0 0 1 1 0 0 0 0 0 1      4
1 0 0 0 0 0 1 0 0 1      4
0 1 0 0 0 1 1 0 0 0      3
0 0 0 1 0 1 0 0 0 0      3
0 0 0 1 0 0 1 0 0 1      3
1 1 0 0 0 0 0 0 0 1      4
0 0 0 1 0 0 1 0 0 0      2
1 1 1 0 0 0 0 0 0 0      3
1 1 0 0 0 0 0 0 0 1      3
0 0 0 0 1 0 0 0 1 0      2

39 92 95 72 89 22 84 8 47 72 
