instance_24_10_30_20.txt
24 
10 

0 0 0 0 0 0 0 1 0 0      2
0 0 0 0 0 0 1 0 0 0      1
1 1 1 0 1 1 0 1 0 0      6
0 0 0 0 0 0 0 0 0 1      1
0 1 1 0 1 1 0 0 0 1      6
0 0 0 1 0 0 0 0 0 0      1
0 0 0 1 0 0 1 0 0 1      6
0 0 0 0 1 0 0 0 0 0      1
1 0 0 0 1 1 0 1 0 1      6
1 1 0 0 0 1 0 1 0 0      6
0 0 0 1 0 0 0 1 0 0      3
0 0 0 0 1 0 1 0 0 1      3
0 0 1 0 1 0 0 1 1 1      6
1 0 0 0 1 1 0 0 0 0      3
0 1 1 0 0 0 0 0 0 0      3
0 1 0 1 1 1 0 0 1 0      6
1 0 0 1 0 0 0 0 0 1      3
0 0 0 0 1 1 0 0 1 0      3
1 1 0 1 1 0 1 0 0 0      6
0 0 0 1 0 1 1 0 0 0      3
0 0 0 0 0 0 0 1 0 0      2
0 0 0 0 0 0 1 0 0 0      1
1 1 1 0 1 1 0 1 0 0      6
0 0 0 0 0 0 0 0 0 1      1

2 47 41 26 28 10 33 49 81 63 
