instance_24_10_30_25.txt
24
10

1 0 0 1 0 0 1 0 0 0 0 0 0 1 0 0 0 0 0 1 1 0 0 0      68
0 1 1 0 0 0 0 0 0 1 0 0 1 1 0 0 0 1 0 0 0 1 0 0      6
0 0 0 0 0 0 0 1 1 0 0 0 0 0 0 0 0 0 0 0 0 0 0 0      84
1 0 1 0 0 0 0 0 1 0 0 0 1 0 0 1 0 0 1 1 0 0 1 0      4
1 0 0 0 1 0 0 0 0 0 1 0 0 0 1 1 0 0 0 0 0 0 0 0      22
1 0 0 0 0 0 0 0 0 0 0 0 1 0 0 0 0 0 1 1 0 0 0 1      88
0 0 0 1 1 1 0 1 1 0 0 1 0 0 0 0 1 0 0 0 0 1 0 0      47
0 0 1 1 0 0 1 0 0 0 1 0 0 0 1 0 1 1 0 0 1 1 0 0      27
0 0 0 0 1 1 0 0 0 0 0 0 0 0 0 0 0 1 0 0 0 1 1 0      78
0 0 0 0 0 1 0 0 0 1 0 0 0 0 0 0 1 0 0 0 0 0 0 0      42

5 1 3 3 3 3 2 2 3 2 2 1 3 2 2 2 3 3 3 3 2 4 3 1 
