instance_28_15_40_20.txt
28 
15 

1 0 0 0 0 0 0 0 0 1 0 1 0 0 0      5
0 0 0 0 1 0 1 1 1 0 0 0 0 0 0      5
0 1 0 0 1 0 0 1 0 1 0 0 0 0 0      4
0 0 0 0 0 1 0 0 1 0 0 1 0 0 0      4
0 1 0 0 0 1 1 0 0 0 1 0 0 0 0      8
0 1 1 0 1 1 1 0 0 1 1 0 0 1 0      9
1 0 0 0 1 0 0 1 0 1 1 1 0 1 1      9
0 0 0 0 1 0 0 0 0 0 0 1 1 1 0      4
0 0 1 0 1 0 1 0 0 0 0 0 1 0 0      4
0 0 0 0 0 1 0 0 0 0 1 0 1 0 0      5
1 0 1 0 1 0 0 0 1 1 0 0 1 1 0      9
0 0 0 0 0 0 1 0 0 1 0 0 1 0 0      5
1 0 1 0 1 0 1 0 1 0 1 0 1 0 1      8
0 0 0 0 1 0 0 0 1 1 0 0 1 0 0      5
1 1 0 1 0 0 0 0 0 1 0 1 1 1 1      9
1 0 0 1 0 0 0 0 0 0 0 0 1 0 1      5
1 0 0 0 1 1 1 1 0 1 0 0 0 1 0      8
1 0 0 0 0 0 0 0 0 1 0 1 0 0 0      4
0 0 0 0 1 0 1 0 0 1 0 0 0 1 0      4
1 1 0 0 1 0 1 0 1 0 1 0 1 0 1      9
1 0 0 0 0 0 0 0 0 1 0 1 0 0 0      5
0 0 0 0 1 0 1 1 1 0 0 0 0 0 0      5
0 1 0 0 1 0 0 1 0 1 0 0 0 0 0      4
0 0 0 0 0 1 0 0 1 0 0 1 0 0 0      4
0 1 0 0 0 1 1 0 0 0 1 0 0 0 0      8
0 1 1 0 1 1 1 0 0 1 1 0 0 1 0      9
1 0 0 0 1 0 0 1 0 1 1 1 0 1 1      9
0 0 0 0 1 0 0 0 0 0 0 1 1 1 0      4

81 65 91 49 1 58 87 4 67 22 83 4 60 48 85 
