instance_22_10_30_20.txt
22
10

1 0 0 0 0 0 0 0 0 0 0 0 0 1 1 1 0 0 0 1 1 0      87
0 0 1 0 0 0 0 0 0 0 0 0 1 0 0 0 0 0 0 0 0 0      73
0 0 0 0 0 0 1 0 0 0 1 0 0 0 0 0 1 0 0 0 0 0      48
0 0 0 0 1 1 0 0 0 0 1 0 1 1 0 0 0 0 0 0 0 0      1
0 0 0 1 0 0 0 0 0 0 0 0 0 0 0 0 0 1 0 0 0 0      1
0 1 0 0 0 0 0 0 1 1 0 0 0 0 0 0 0 0 0 0 0 1      21
1 0 0 0 0 0 0 1 0 0 1 0 0 0 0 1 0 0 0 0 1 0      26
1 0 0 0 0 0 0 0 0 0 1 0 0 0 0 0 1 0 1 0 1 0      20
1 0 0 0 0 0 0 0 0 0 0 0 0 0 0 0 0 0 0 0 1 0      17
0 0 0 1 0 0 0 0 0 0 0 1 0 0 0 0 0 1 0 1 0 0      78

4 1 1 2 1 1 2 1 1 1 5 1 2 2 2 2 2 2 1 2 4 1 
