instance_22_10_40_20.txt
22 
10 

1 1 0 0 1 0 0 0 1 0      4
0 1 1 0 1 0 1 1 1 0      6
1 1 0 0 0 0 1 0 1 0      6
0 0 0 1 1 0 0 0 1 1      4
0 0 1 1 0 1 0 1 1 0      6
0 0 0 1 0 0 0 0 0 0      2
1 1 0 1 1 0 0 0 1 0      6
0 1 0 1 0 0 0 0 0 0      2
0 1 0 0 0 1 0 0 0 0      2
0 1 0 1 0 1 0 1 0 0      4
1 1 1 0 1 0 0 0 0 0      6
1 0 0 0 1 1 0 0 0 1      7
1 0 0 0 1 0 0 0 0 0      2
1 1 0 0 1 0 0 0 0 1      4
1 0 1 0 0 0 1 0 0 0      4
1 0 0 0 0 0 1 0 1 0      4
0 0 0 1 0 1 1 0 0 0      4
0 0 0 1 0 0 0 0 0 1      2
0 0 0 1 1 0 0 0 0 0      2
0 1 1 0 1 0 0 1 1 0      6
1 1 0 0 1 0 0 0 1 0      4
0 1 1 0 1 0 1 1 1 0      6

21 2 87 57 3 37 87 67 73 4 
