instance_26_10_40_15.txt
26 
10 

1 0 0 0 0 0 1 0 0 0      2
0 0 0 0 0 1 0 0 0 0      1
0 0 1 0 0 0 0 0 1 0      2
0 0 1 0 1 0 0 0 0 0      3
0 0 1 0 0 0 1 0 0 0      2
0 0 0 0 0 1 0 0 0 0      1
0 0 1 0 1 0 0 1 1 1      6
1 0 0 0 0 0 0 1 0 0      2
0 0 1 0 0 0 0 0 1 0      2
0 1 0 0 0 1 0 1 0 1      5
0 0 0 1 1 0 0 0 0 1      3
0 1 1 0 0 1 0 0 0 0      6
1 1 0 0 1 0 0 1 0 1      5
0 0 0 0 0 1 0 1 1 1      5
0 0 0 1 0 0 0 1 0 1      3
1 0 0 0 0 0 1 0 0 0      2
0 0 0 0 0 1 0 0 0 0      1
0 0 1 0 0 0 0 0 1 0      2
0 0 1 0 1 0 0 0 0 0      3
0 0 1 0 0 0 1 0 0 0      2
0 0 0 0 0 1 0 0 0 0      1
0 0 1 0 1 0 0 1 1 1      6
1 0 0 0 0 0 0 1 0 0      2
0 0 1 0 0 0 0 0 1 0      2
0 1 0 0 0 1 0 1 0 1      5
0 0 0 1 1 0 0 0 0 1      3

19 77 10 59 48 86 4 46 51 37 
