instance_28_10_30_15.txt
28 
10 

0 0 0 0 0 1 0 0 0 1      2
0 1 1 0 0 0 0 0 0 0      2
1 1 0 0 0 0 0 1 1 0      5
0 0 0 0 0 1 1 1 0 1      5
1 1 0 0 0 1 0 1 0 0      5
0 0 1 1 1 0 0 0 0 1      5
0 1 0 0 0 0 0 1 0 0      2
0 0 1 0 0 1 1 0 1 0      4
0 0 0 0 0 1 0 0 1 0      2
0 0 0 1 0 1 1 0 0 0      3
0 1 0 0 0 0 0 0 0 0      2
0 0 0 0 0 0 0 0 1 1      2
1 1 1 0 0 1 0 0 0 0      5
0 0 0 0 0 0 1 0 0 0      1
0 0 0 0 0 0 0 0 1 0      2
0 0 0 0 0 1 0 0 0 1      2
0 1 1 0 0 0 0 0 0 0      2
1 1 0 0 0 0 0 1 1 0      5
0 0 0 0 0 1 1 1 0 1      5
1 1 0 0 0 1 0 1 0 0      5
0 0 1 1 1 0 0 0 0 1      5
0 1 0 0 0 0 0 1 0 0      2
0 0 1 0 0 1 1 0 1 0      4
0 0 0 0 0 1 0 0 1 0      2
0 0 0 1 0 1 1 0 0 0      3
0 1 0 0 0 0 0 0 0 0      2
0 0 0 0 0 0 0 0 1 1      2
1 1 1 0 0 1 0 0 0 0      5

29 76 69 41 93 87 41 70 36 31 
