instance_28_15_30_20.txt
28
15

0 0 0 1 0 0 0 0 0 1 0 0 0 0 0 0 0 0 0 1 0 0 0 1 0 0 0 0      98
0 0 0 0 0 0 0 0 1 0 0 0 0 0 0 0 0 0 0 1 0 0 0 0 0 0 0 0      15
0 0 0 0 1 0 0 0 0 1 0 0 0 1 0 0 0 1 1 0 0 0 0 0 1 0 0 0      34
1 0 1 0 0 0 1 1 0 0 0 0 1 1 0 1 0 1 0 1 1 0 1 0 0 0 1 1      32
0 0 0 0 0 1 0 0 1 0 0 0 0 0 1 0 1 1 0 0 0 0 0 0 0 1 0 0      50
0 1 0 0 0 0 0 1 0 0 0 0 1 0 0 0 0 0 1 1 0 1 0 0 0 0 0 1      42
0 0 0 0 0 1 0 0 0 0 0 1 0 0 0 0 0 0 1 1 0 0 0 0 0 1 0 0      73
0 0 0 0 1 0 0 0 1 1 0 0 1 1 0 1 0 0 0 1 0 0 0 0 1 0 0 0      97
0 0 1 1 1 0 1 0 0 0 0 0 1 0 0 1 0 0 0 0 0 0 1 1 1 0 1 0      99
0 0 0 0 0 0 1 0 0 0 1 0 0 1 1 0 0 1 1 0 0 0 0 0 0 0 1 0      41
0 0 0 0 0 1 0 0 0 0 1 1 0 0 0 0 0 0 0 0 0 0 0 0 0 1 0 0      75
0 0 1 0 0 0 0 0 0 1 0 1 0 0 0 0 0 0 1 0 0 0 1 0 0 0 0 0      15
1 0 0 0 0 0 1 0 0 1 1 1 0 0 1 1 0 0 0 0 1 0 0 0 0 0 1 0      70
0 1 1 1 0 1 1 1 0 0 1 0 0 0 1 0 0 0 0 0 0 1 1 1 0 1 1 1      35
0 1 0 0 0 0 0 1 1 0 0 1 0 0 1 0 1 0 0 0 0 1 0 0 0 0 0 1      44

3 4 6 4 4 5 5 5 4 6 4 5 6 4 5 5 4 6 7 6 3 4 6 4 4 5 5 5 
