instance_24_10_30_15.txt
24
10

0 1 0 0 0 0 1 0 0 0 1 0 0 0 0 0 1 0 0 0 0 1 0 0      42
0 1 0 1 1 0 0 0 1 1 0 0 0 0 0 0 1 0 1 1 0 0 0 1      2
0 0 0 0 0 1 0 1 0 1 1 1 0 0 1 0 0 0 0 0 1 0 1 0      39
1 0 0 0 0 0 1 0 0 1 0 1 1 0 1 1 0 0 0 0 0 1 0 0      8
0 0 1 0 1 0 0 0 0 0 0 0 1 1 0 0 0 1 0 1 0 0 0 0      15
1 0 0 0 0 1 1 1 0 0 0 0 0 0 0 1 0 0 0 0 1 1 1 0      87
0 0 0 0 0 0 0 0 0 0 1 0 0 1 1 0 0 0 0 0 0 0 0 0      53
1 0 0 1 0 1 0 0 0 0 0 0 0 0 0 1 0 0 1 0 1 0 0 0      34
0 0 1 0 1 0 0 0 0 0 0 1 1 0 1 0 0 1 0 1 0 0 0 0      23
1 0 1 0 1 0 0 0 0 1 0 1 0 0 0 1 0 1 0 1 0 0 0 0      86

4 4 3 3 4 3 4 2 1 4 4 4 4 2 4 4 4 3 3 4 3 4 2 1 
