instance_26_15_30_15.txt
26 
15 

0 1 1 0 0 0 0 1 0 1 0 0 1 0 0      7
0 0 0 0 0 0 0 1 0 0 1 0 1 0 0      4
0 1 0 0 0 0 0 1 1 0 0 0 0 0 1      4
1 0 0 0 0 0 0 0 0 1 0 0 0 0 1      3
0 1 0 0 0 1 0 1 0 0 0 0 0 0 0      5
0 0 0 0 1 0 0 1 1 1 1 0 0 0 0      5
0 0 1 0 1 1 0 0 0 1 0 0 0 0 0      4
0 0 0 0 1 1 0 0 0 0 0 0 1 0 0      3
0 0 0 0 1 0 0 0 1 0 0 1 0 0 0      3
1 0 0 0 0 0 0 0 0 0 0 0 1 0 1      3
0 0 0 0 1 0 1 0 1 0 0 0 0 1 0      5
0 0 0 0 0 0 0 1 0 1 0 0 1 0 0      4
0 1 0 0 0 0 0 1 0 0 0 0 1 0 0      3
0 0 1 0 0 0 0 0 0 0 0 0 1 0 0      3
1 0 1 0 0 0 0 0 1 0 0 0 0 0 0      3
0 1 1 0 0 0 0 1 0 1 0 0 1 0 0      7
0 0 0 0 0 0 0 1 0 0 1 0 1 0 0      4
0 1 0 0 0 0 0 1 1 0 0 0 0 0 1      4
1 0 0 0 0 0 0 0 0 1 0 0 0 0 1      3
0 1 0 0 0 1 0 1 0 0 0 0 0 0 0      5
0 0 0 0 1 0 0 1 1 1 1 0 0 0 0      5
0 0 1 0 1 1 0 0 0 1 0 0 0 0 0      4
0 0 0 0 1 1 0 0 0 0 0 0 1 0 0      3
0 0 0 0 1 0 0 0 1 0 0 1 0 0 0      3
1 0 0 0 0 0 0 0 0 0 0 0 1 0 1      3
0 0 0 0 1 0 1 0 1 0 0 0 0 1 0      5

94 65 29 99 52 80 51 26 14 13 70 43 89 26 18 
