instance_24_15_40_25.txt
24 
15 

0 0 0 0 0 0 0 1 1 0 1 0 0 0 0      6
0 0 0 1 0 1 1 0 1 1 0 0 0 0 0      6
0 0 0 0 0 1 0 0 0 0 0 1 1 1 0      5
0 0 1 0 1 0 0 0 0 1 0 0 0 0 1      4
0 0 0 0 0 1 0 1 0 0 1 0 0 0 1      4
1 0 1 1 0 0 0 1 0 0 0 0 0 0 0      6
0 0 0 0 0 1 0 0 0 0 0 1 1 0 0      6
0 1 0 0 1 1 0 0 0 0 0 0 1 0 0      6
1 0 0 0 1 0 0 0 1 0 1 1 0 0 0      6
1 0 1 1 0 0 0 0 0 0 0 1 1 0 0      6
0 0 0 0 1 0 0 0 1 0 0 0 1 1 1      6
1 1 0 1 0 1 0 1 0 0 0 0 1 0 0      6
0 0 0 1 1 1 0 1 0 1 0 0 0 0 0      6
0 0 1 0 0 1 0 0 0 1 0 0 0 0 1      6
1 0 0 0 1 1 0 0 0 1 0 0 0 1 0      6
1 0 0 0 0 1 0 0 0 0 1 0 0 0 0      4
0 1 0 0 0 0 0 1 0 1 0 0 1 0 0      6
0 0 1 0 0 0 0 0 0 0 0 1 0 0 0      4
0 0 1 1 0 0 0 1 1 0 0 1 1 0 0      7
0 1 0 0 1 0 0 0 0 1 0 0 0 0 1      5
0 1 1 0 0 0 0 1 0 0 1 0 1 0 1      6
0 0 0 0 1 0 0 1 0 1 0 1 1 0 0      5
0 0 0 0 0 0 1 0 0 0 0 1 1 1 0      5
0 1 1 0 1 0 0 0 0 1 0 0 0 1 0      5

69 9 55 56 46 23 55 56 29 96 54 48 1 60 91 
