instance_22_10_40_25.txt
22
10

0 0 1 0 0 0 1 0 0 0 1 1 0 0 0 0 0 0 1 0 0 0      74
1 1 0 0 1 0 1 1 1 1 0 0 0 1 0 0 1 0 1 0 0 0      50
1 1 0 0 1 0 0 0 0 1 1 0 1 0 0 1 1 0 1 0 1 0      33
0 1 1 0 1 1 1 0 0 1 0 1 0 0 0 1 0 0 0 1 1 1      59
0 1 1 0 1 0 1 0 0 0 0 0 0 0 0 0 0 0 0 0 0 0      62
0 0 0 0 0 0 0 0 0 0 1 0 0 0 0 0 0 1 1 0 1 0      39
0 0 0 0 0 0 1 0 1 0 0 1 1 0 0 0 0 0 1 0 0 1      55
0 0 1 1 1 1 1 1 1 0 0 0 0 0 1 0 0 0 1 0 0 1      85
0 0 0 1 1 0 1 0 1 1 0 0 0 0 1 0 1 0 0 0 0 0      36
0 0 0 0 0 0 0 1 0 0 0 0 0 1 1 0 0 1 1 0 1 1      23

2 4 5 2 8 2 8 4 4 4 4 4 2 2 4 2 4 2 8 2 4 5 
