instance_22_10_30_15.txt
22
10

0 0 0 0 1 1 0 0 0 0 0 0 0 0 1 0 0 0 0 1 1 0      48
1 1 1 1 1 0 0 0 0 0 0 1 0 0 1 1 1 1 1 1 0 0      67
0 0 0 0 0 0 0 0 0 0 0 0 0 0 0 0 0 0 0 0 0 0      58
1 0 0 1 0 0 0 0 1 1 0 1 1 0 0 1 0 0 1 0 0 0      44
1 0 0 1 0 1 1 1 1 1 1 0 0 0 1 1 0 0 1 0 1 1      20
0 1 0 0 0 1 0 1 0 0 0 0 0 0 0 0 1 0 0 0 1 0      91
0 1 1 0 0 0 1 0 0 1 1 1 1 1 0 0 1 1 0 0 0 1      30
0 1 0 0 0 1 0 1 0 0 0 1 1 1 0 0 1 0 0 0 1 0      90
1 0 0 0 1 0 0 0 1 0 0 0 1 0 0 1 0 0 0 1 0 0      6
0 0 0 0 1 0 0 1 0 0 0 1 1 1 0 0 0 0 0 1 0 0      85

5 4 2 3 4 5 2 4 3 4 3 5 5 3 3 5 4 2 3 4 5 2 
