instance_28_10_40_20.txt
28
10

0 0 0 0 0 0 0 0 0 1 0 0 0 0 0 0 0 0 1 0 0 0 0 0 0 0 0 0      14
0 0 0 1 0 1 0 0 1 0 0 1 0 0 0 0 0 0 0 1 0 0 0 1 0 1 0 0      16
0 0 0 0 1 1 0 0 1 1 0 0 0 0 1 0 1 0 0 1 0 0 0 0 1 1 0 0      34
0 0 0 1 0 1 1 0 0 0 0 0 0 1 0 1 1 0 1 0 0 0 0 1 0 1 1 0      1
0 0 1 1 1 0 0 1 0 0 0 1 0 0 1 0 0 1 0 0 0 0 1 1 1 0 0 1      41
1 0 1 0 1 1 0 0 1 0 1 1 0 0 1 0 0 0 1 1 1 0 1 0 1 1 0 0      13
1 0 1 1 0 0 0 0 1 0 0 0 1 0 0 0 1 0 0 0 1 0 1 1 0 0 0 0      7
0 0 0 0 0 1 1 0 0 0 1 0 0 0 0 1 0 1 1 0 0 0 0 0 0 1 1 0      9
0 1 1 0 0 0 0 0 0 0 0 0 1 0 0 1 0 0 0 0 0 1 1 0 0 0 0 0      41
1 0 1 0 0 0 1 0 0 1 1 0 1 0 0 0 0 1 0 0 1 0 1 0 0 0 1 0      54

4 1 6 6 3 5 4 1 6 3 4 3 3 1 3 4 6 3 4 3 4 1 6 6 3 5 4 1 
