instance_24_15_30_25.txt
24 
15 

0 0 0 0 0 0 0 0 0 0 1 0 1 0 0      2
0 0 0 0 0 0 0 1 1 0 0 0 0 0 0      2
0 0 0 0 0 0 1 0 0 0 1 1 1 0 0      6
1 0 0 0 1 1 0 1 0 0 1 1 0 0 1      8
1 0 1 0 1 0 1 0 0 0 1 1 0 0 0      6
0 0 0 0 1 0 0 0 1 0 1 0 0 0 0      5
1 0 1 0 0 1 1 1 1 0 0 0 0 0 0      6
0 0 1 0 0 0 0 1 0 0 1 1 0 0 0      6
0 1 0 0 1 1 1 0 0 0 1 1 0 0 0      6
0 0 0 0 0 1 0 1 0 1 0 1 0 1 0      5
0 0 0 0 0 1 1 0 0 0 1 1 0 0 1      6
1 0 0 0 0 0 0 0 1 0 0 1 0 1 1      6
0 0 0 0 0 0 0 0 0 1 0 0 0 0 1      2
0 0 0 1 0 0 0 1 1 0 0 0 0 0 0      6
0 0 1 0 0 0 0 1 0 0 1 1 0 0 1      5
0 0 0 0 0 0 1 0 0 0 1 1 0 0 1      6
0 0 0 0 0 0 0 0 0 1 0 0 0 1 0      2
1 0 0 0 0 0 0 0 0 0 0 0 1 1 1      6
1 0 0 0 1 0 0 1 1 0 0 0 1 0 1      6
1 1 0 0 0 1 0 0 1 0 0 0 0 0 1      6
0 0 1 0 0 0 0 0 0 0 1 0 1 0 0      5
1 1 0 0 0 0 0 0 0 0 1 1 0 0 1      5
0 0 1 0 0 0 1 0 0 0 0 0 0 0 0      2
0 0 0 1 0 0 0 1 0 0 0 1 0 1 0      4

5 1 18 59 52 84 1 86 54 17 44 19 39 25 28 
