instance_22_15_30_25.txt
22 
15 

0 1 1 0 0 0 1 0 0 1 0 0 0 0 0      4
0 1 0 0 0 0 0 1 1 0 0 0 0 0 0      3
0 0 0 0 0 1 0 0 1 0 1 0 1 0 0      4
0 0 0 0 0 0 1 0 0 1 0 0 1 0 0      4
0 0 1 1 1 0 0 0 0 0 1 0 0 0 0      5
0 0 0 0 0 0 0 0 1 0 0 1 0 0 1      3
0 0 0 1 0 0 0 1 0 0 0 1 1 1 0      6
0 1 0 1 0 0 0 0 1 0 0 0 0 0 0      4
0 0 1 1 1 0 0 0 0 0 1 0 1 0 0      6
0 0 0 0 1 0 1 0 0 0 0 1 0 0 0      4
0 1 1 0 0 0 0 1 1 0 0 0 0 0 1      6
0 0 1 0 1 0 0 0 0 0 0 1 0 1 1      6
0 0 0 0 0 1 1 0 1 0 0 1 0 0 0      5
0 0 0 1 0 1 0 0 0 1 1 0 0 0 0      5
1 1 0 1 0 1 0 1 0 0 0 0 0 0 0      5
1 0 0 0 0 0 1 0 1 0 0 0 0 0 0      3
1 0 0 0 0 1 0 0 0 0 1 0 1 0 0      5
1 0 0 0 1 0 0 1 0 0 0 1 0 0 0      5
0 0 1 1 0 0 1 1 0 1 0 1 0 0 0      6
0 0 0 0 0 0 0 1 0 1 0 0 1 0 0      4
0 0 1 1 1 0 0 0 0 1 0 0 0 1 0      6
1 1 0 0 1 0 1 0 0 0 0 0 0 0 0      4

32 16 94 94 97 14 20 21 68 22 12 79 28 91 47 
