instance_22_10_30_25.txt
22 
10 

1 0 0 0 0 1 0 0 0 0      3
0 1 0 0 0 1 0 0 1 1      4
1 0 0 0 0 0 0 1 0 1      3
0 0 0 0 0 1 1 0 0 0      3
1 0 0 1 1 0 0 0 0 0      3
0 0 0 0 0 1 1 0 0 1      3
0 0 0 1 0 0 0 1 1 0      3
1 0 0 0 1 0 0 0 1 0      3
1 1 1 0 0 0 0 0 0 0      4
1 1 0 0 1 0 0 0 0 1      5
0 0 0 0 0 1 0 0 1 0      3
0 0 1 0 0 1 0 0 0 0      4
0 1 0 0 1 0 1 0 0 0      4
1 0 0 0 0 1 0 0 0 1      3
0 0 0 0 0 0 1 0 1 1      4
1 0 1 1 0 1 0 0 0 0      4
1 0 0 0 1 0 1 0 0 0      4
0 0 1 0 0 0 0 0 0 1      3
1 0 0 0 1 1 0 0 0 0      3
0 0 0 0 1 0 0 0 0 1      3
0 0 0 0 1 0 0 1 0 0      3
0 1 1 0 0 0 0 1 0 0      3

14 12 8 94 29 18 95 53 3 7 
