instance_28_15_30_25.txt
28 
15 

0 0 1 0 0 0 0 0 0 1 1 1 1 1 1      7
1 0 0 0 0 0 0 0 0 0 1 1 1 1 0      9
1 1 1 0 0 0 1 1 1 0 0 0 0 0 1      9
0 0 1 0 0 0 0 1 1 1 0 0 0 0 0      6
0 0 1 0 1 0 1 1 0 0 0 0 1 0 0      5
0 0 0 1 0 0 0 1 1 0 0 1 0 1 0      5
1 0 0 0 0 0 0 0 1 0 1 0 0 0 0      5
0 1 1 1 0 0 0 0 0 1 0 0 1 0 0      6
0 0 1 1 1 1 1 0 1 0 0 0 0 1 0      9
0 0 0 0 0 0 1 0 1 1 1 0 0 1 0      5
1 0 0 0 0 0 0 0 0 1 1 0 1 0 0      4
1 1 1 0 0 0 0 1 0 0 0 0 0 1 0      5
0 0 1 0 0 1 0 1 1 0 0 0 0 0 0      5
1 0 0 0 0 0 0 1 1 1 0 0 0 1 1      7
1 0 0 0 0 0 0 0 1 0 1 0 0 1 1      7
1 0 0 0 0 1 0 0 1 0 1 0 1 0 0      5
1 0 1 0 1 0 0 0 0 1 1 1 0 0 0      6
0 0 0 0 0 0 1 0 1 1 0 0 0 0 1      5
0 0 1 0 1 0 0 1 0 0 0 1 0 1 0      5
0 0 1 1 1 0 0 1 0 0 0 0 0 0 1      6
0 1 1 0 1 0 0 0 1 0 0 1 0 1 0      6
0 0 0 1 1 1 1 0 0 0 0 0 0 0 0      5
1 0 0 0 0 1 1 0 0 0 0 0 1 1 0      5
0 1 0 0 0 1 0 1 0 0 0 0 0 1 1      5
0 1 0 0 0 0 0 0 0 1 1 0 0 1 0      4
0 0 1 0 0 0 0 0 0 1 1 1 1 1 1      7
1 0 0 0 0 0 0 0 0 0 1 1 1 1 0      9
1 1 1 0 0 0 1 1 1 0 0 0 0 0 1      9

62 41 62 11 45 66 1 5 47 89 5 52 84 70 75 
