200 11371655 36223720
594563 868486
573039 884847
697165 673313
770021 961606
372326 20035
518986 94428
503398 401036
394316 75062
291043 234044
795027 883789
203188 733698
745428 604134
409040 478755
244931 782671
504596 133315
725925 558135
151395 12564
276931 714027
977511 344024
995258 438377
145590 941332
548080 217186
166673 247315
753697 203601
716678 751891
355223 583731
363701 891537
526072 385698
639791 436140
96953 669842
723962 924536
338161 620390
863665 951522
190920 842352
695368 412155
616142 674372
217582 382627
570792 163191
971851 765779
709284 888185
974441 653766
412334 699020
981038 79557
294492 899168
943111 182990
335972 415437
532193 17376
505645 369836
517649 412518
377346 345619
490452 979965
337699 957483
263408 554340
597174 959343
24505 926655
233499 848194
523375 937672
659805 369901
683845 555859
319364 163061
836285 782331
579719 79509
300462 361966
468958 811613
657383 897362
366390 345767
378414 521811
85374 349553
271329 817355
464734 17948
45566 488460
964680 335488
896510 885197
793894 129770
622747 83182
219123 745139
534451 717865
630118 514046
490693 442199
856904 518349
343960 136220
356839 917952
13370 231601
193379 433900
127910 267276
406053 288916
272319 921134
654064 687495
124345 897225
840975 941462
666007 75339
129262 377967
28686 527179
287045 765722
416521 926415
35823 336144
900678 776952
301593 629555
768477 883851
404629 976175
10017 986332
642254 573995
965727 863449
179926 748907
753476 17968
887644 834501
218715 964638
3065 5885
907251 365973
418601 158784
997854 494345
805783 535738
967638 626776
652432 452948
631099 630036
456794 534733
70776 253806
169310 268148
847683 78528
295872 642175
176386 398582
308303 917835
727499 539034
951128 488881
629124 238204
382549 94209
636393 614842
538307 961374
280556 711345
407761 408310
850615 988416
28980 337180
383309 685749
380887 99459
497422 682007
495344 824857
72729 383696
584878 346365
325132 860020
747022 58015
122471 961010
638861 751027
797326 48918
333944 657554
922541 533304
885023 645613
466230 703749
307240 204526
531269 136999
171455 263469
292325 195348
479467 12107
645420 701040
369276 630255
644289 241440
273633 140315
417150 959085
393302 118378
548464 401680
170426 329960
783739 337568
214334 674893
456603 349525
328954 290584
718789 114232
359578 334021
791532 675561
420981 935082
968223 110476
556222 512500
385679 488913
815507 902520
536751 244767
301299 995128
354612 785117
168781 964149
395836 419485
622195 552044
900299 669285
978733 705454
814640 500378
787690 692447
598534 186443
700690 415435
62742 835991
951670 91168
924506 880061
644713 517132
261148 743934
686504 673076
345725 78833
300980 696653
137938 210787
469121 180187
790761 340328
279558 601412
981225 626562
29493 27600
731991 444333
923653 275712
