200 12065565 41504569
303916 968627
486016 740
271174 932126
329286 184843
830191 991248
282747 773425
934975 536553
126157 998235
22092 885673
621348 567426
762797 701695
58101 603051
908633 701552
530868 119716
342573 308960
777190 62236
811148 551745
415764 201056
350944 963285
442331 297326
118911 618209
53729 337655
542570 200560
105826 259766
760431 39424
492904 703720
271086 709262
939673 772327
346872 515769
147434 268775
449555 598933
465522 331083
289946 25807
868185 82149
695489 410808
314927 662025
95991 50928
73305 374156
258724 913904
452773 115102
610834 27379
431487 40641
159911 183426
377213 400293
797392 579675
476117 552034
165690 192765
818926 652689
983034 241427
336787 329608
826317 336250
169540 513328
581881 263985
309799 998532
534226 54044
23900 516263
964696 285109
812142 933218
833854 139344
374565 991546
947782 550920
827000 821354
650567 245579
761951 869826
293648 419391
185671 852444
527271 383248
400863 553206
178346 43352
608911 19889
354327 447657
777481 125029
690151 159994
350071 274207
720340 921259
237140 358968
553532 168758
711575 316051
622686 721652
395657 86386
544833 284233
366648 239221
172467 124974
247812 666033
788207 119705
65110 864105
172440 359179
187441 931436
39202 394102
75104 628491
399888 87304
739215 141172
163287 985368
9334 712815
604066 881580
92208 857013
855407 106405
86506 682600
323222 343432
277110 644852
589098 871273
713215 600640
901112 882806
388311 544656
313517 484701
29101 288570
392596 973147
359258 914882
743868 282914
652506 692245
93047 207334
576600 338271
481983 525701
937313 539273
590516 923921
2043 219986
621313 116027
347407 487689
832924 414365
727297 94308
30699 278691
944480 320000
760964 963735
201209 767990
150029 918153
982086 90838
86978 179991
64388 470211
343061 577630
525922 358315
733744 812157
312789 993
796950 604226
45960 359256
618663 944884
759601 706046
463682 477373
129343 495218
590981 345777
983791 434852
141168 738303
360382 831240
500391 717363
419257 54071
9174 468325
180976 544930
286639 357634
41929 400819
523150 116660
823408 210434
560958 466737
232620 489456
811413 342429
980877 668260
2106 868317
454146 23072
13831 408122
880007 725375
900361 824045
366587 762253
875108 872525
995599 525314
125140 399506
825179 309789
681230 714181
119243 42842
645061 299590
219062 681999
611848 894009
58191 70569
68232 531214
680180 524541
428344 324588
485988 153933
555597 156090
694158 724314
928997 110922
627460 932449
209604 189666
548238 268147
318009 11175
250523 424628
303327 398120
500563 887024
302591 244612
332487 14997
5907 369146
218186 146897
334885 524555
227033 651465
966230 314446
992501 430770
376443 915984
754642 489232
301666 58341
703335 584649
209394 796559
766438 376037
818736 63178
34822 820645
