200 9491053 37142897
981710 318416
874727 568724
393808 43906
232212 591811
885218 34428
895281 754930
529434 816925
286572 355300
667343 924581
381867 541970
423383 749700
589091 862851
142891 625532
360138 614148
827431 45493
942116 547909
321518 501149
707514 970512
548971 18041
529898 508902
917106 602893
778903 398776
220548 754340
77632 417343
194801 349949
286383 23736
151832 466322
819272 934208
302602 896326
313537 628551
361165 87338
790832 23220
892348 414380
594111 722453
695308 671004
524925 438721
278377 306652
335887 557709
570239 675364
595716 274727
156244 450607
886406 786386
407954 785798
11307 406782
274147 226471
265899 347139
715445 187858
590829 486586
543133 256239
139450 853624
580695 543647
163603 921384
845995 199517
982685 181572
511468 621137
80122 30512
544539 763953
599988 604595
625192 764116
49939 6994
280536 656213
456078 466763
367234 661984
838814 782507
855603 136348
714925 834252
303985 332917
427630 247727
817821 204356
392646 33330
149361 8862
316455 198894
499689 247798
15806 557551
832127 680496
951938 438225
766734 234243
89389 871219
924696 560649
587528 234331
485347 78566
593758 515494
675646 526739
424338 559658
781409 599238
834701 743146
80434 202112
371023 323700
666916 148786
965735 581595
299066 569357
582462 480013
961386 298085
184077 34000
822748 707008
507631 317533
423313 612225
650960 603033
232929 912236
968389 641836
720477 785685
348598 318848
514387 870122
317558 851032
731631 526425
575091 591114
873598 202207
824969 67739
247118 907503
59825 650229
692082 137851
420374 876295
952290 177313
493640 151609
651390 241269
684169 433931
53683 80871
80261 658377
96886 910609
821983 416109
749230 200352
490215 458577
968942 843036
84263 349327
852320 140053
340957 337719
169277 332268
533442 206956
7480 536379
606857 175131
909051 318370
887075 488921
160136 210159
806527 969560
436802 808745
105040 384262
135429 836857
828998 530115
692207 617142
112286 853244
96770 56011
19925 469097
929442 714695
49464 201119
879224 549441
995223 695954
814201 893158
181719 348203
35329 888993
587303 289986
399833 43301
861067 773433
320600 622170
79828 869428
723557 169826
683376 182584
376986 976390
649949 73055
872516 690498
314169 355637
738055 570089
323702 7859
122334 66358
839017 280982
237569 556081
737921 979610
622943 347195
521940 561624
646410 976886
305237 233465
786227 225939
624994 75158
90954 463033
467130 932078
237767 857807
147916 325891
887431 73766
135914 861841
245646 409094
210333 424108
62955 744979
798098 84533
246137 80604
542577 179640
442817 373505
777614 129253
383805 119166
116152 185897
466104 611800
674415 683881
551825 719202
971572 829595
518686 841836
826360 767488
518956 981321
567670 867970
625317 541564
402844 869734
446795 393087
384420 3245
