200 98473025 95643705
713283 144889
409636 627301
551253 174139
79009 637476
169015 59141
355726 662627
891903 503862
539545 996197
277124 855438
148072 436451
252956 54845
921008 748708
696896 938821
129191 813877
248972 629390
674193 141254
846883 790086
373239 919521
484272 531954
131831 30791
396423 415190
794740 375849
273641 657277
472493 690048
320294 968806
605932 808777
376605 107339
751445 372129
630687 545039
781406 867960
45554 49667
351645 906293
787569 855317
947132 447910
93201 963221
355786 883106
774078 412901
621932 756798
617252 766141
216241 2344
539209 721048
591683 544867
901271 805823
308600 761183
135032 626352
663624 304692
346714 622507
433754 567803
518162 99288
994167 35017
80156 60120
210912 679689
340800 453670
992314 624949
677841 837290
197223 831985
665616 202394
128113 979652
819629 700813
337760 256115
716141 13790
67371 940988
991143 137145
467531 983852
447912 660357
804586 412701
191862 457326
402619 26576
698994 694349
913315 146467
461846 754487
565460 891759
272030 875295
134971 155328
445828 1513
958927 158642
763107 14988
395210 732516
642365 521570
249653 410460
269912 542927
845851 96503
612995 48652
455583 398091
468982 598799
197930 724763
258839 750617
510716 424949
64409 926491
887076 406700
963967 107782
252363 798446
207743 596462
556266 176449
641 460505
339292 207582
640838 143274
750029 957354
366886 880805
262738 314061
393586 222494
672659 125425
83448 766979
342051 947161
580644 758338
162672 482075
861763 42968
75670 514748
698659 915128
971086 943398
73879 771412
205251 539336
235543 752842
189381 585290
923267 531502
736726 401132
311496 906608
865698 890554
112603 990570
687052 631278
324131 485129
503716 556002
369843 307413
403316 909232
554677 613854
25786 513064
151266 600453
847343 457453
74925 872036
309638 481324
133504 1179
691184 851066
264541 417720
178844 340297
663719 565890
905405 815751
884922 503266
519235 163092
590004 247279
381355 334173
297879 688276
717298 71770
705095 89056
921253 560736
228653 83242
502420 139427
889214 121759
857188 214092
506454 882538
506948 92723
488318 99198
40376 476154
45005 713603
980497 572741
407082 33371
708349 135577
704367 379279
682490 446416
609769 180571
501158 455990
791164 897874
29683 211396
271907 126191
358454 269111
612822 651898
144862 941963
319172 370004
533697 885465
707647 621407
828434 84938
926264 998668
444079 295031
278047 604034
549207 104095
805356 544680
731385 893060
716156 351951
660263 241698
648019 571519
576426 581773
74304 541532
821807 385510
569374 736885
27422 303033
941686 252010
940171 250614
726722 938679
144453 81290
45901 249185
24012 835290
147510 609211
83105 86876
22483 255573
256565 517905
241 455426
506819 623075
892922 420357
23225 58839
350320 299608
380113 303214
