200 16415157 44726789
142473 618839
613658 432755
148539 820345
426359 261522
775165 431715
153860 275569
856869 772532
965743 641171
376842 846764
377182 109233
102210 170043
43462 343250
190726 777571
217949 625283
857714 88780
128615 92916
300777 85988
124013 431599
669270 392176
871117 85749
837069 117172
328554 792887
380943 646779
134019 102190
809708 728900
183074 383703
906691 952201
543723 126799
391141 651565
981332 908998
537944 110529
623859 155299
687543 153587
142258 441844
212023 150611
104928 401680
913604 311555
810722 674252
463562 152443
826183 955478
581775 604150
976569 294897
395517 64701
226766 393805
836990 416526
169982 273282
99584 681321
47024 818793
939288 710262
534125 289239
71938 612502
175478 105271
317766 812100
153264 815491
556983 3304
967677 518367
384854 806264
24295 261842
42515 514571
699190 492449
98675 445628
197921 659594
417549 829175
685089 957146
731694 702435
656416 870635
234204 433580
890449 375038
538872 365995
825177 6449
559292 886453
238506 567517
364260 588541
167985 507214
92202 162023
522341 279712
856681 619626
817408 760882
837027 882656
203787 454794
604318 6253
139537 446597
669289 206858
587637 288761
795004 640173
295520 468713
748093 999895
520210 22819
927839 639417
668122 675386
984357 605252
379617 802332
848837 672652
834592 907983
869031 56151
193138 880140
771148 84232
522051 762168
929868 774627
585832 164219
457720 956860
77833 882431
287838 895489
459065 721927
411754 442976
483110 986025
911593 260438
377196 762026
240617 174678
761540 734260
977661 793170
732825 283894
528029 357736
380987 410584
529641 122924
319916 6042
705294 634830
98200 800648
568961 918120
116258 772508
312169 357031
882394 665072
36633 600787
834506 186654
931387 212604
106864 360310
4680 511363
78981 733467
678643 618882
444988 57850
558438 305945
738502 513064
433763 998294
769042 748951
284173 564672
930515 544181
791936 117888
429689 460322
973402 558061
338945 16459
185565 936946
700840 677032
587693 236382
305403 390670
622771 387208
366730 910257
242724 338461
902138 937082
10972 860680
59514 614529
205732 890172
604174 689128
302227 62689
365575 950739
797008 83161
224915 347207
134325 839853
110064 861342
928207 957593
419004 168868
528514 658608
183849 559122
127945 732653
811340 822245
124892 872280
500564 106073
667178 251986
432535 318727
577285 811133
294792 391320
866590 836490
251717 457573
765733 702496
504845 375789
873426 938022
756751 122738
970562 148077
635357 519408
173561 486589
402496 112187
89414 793722
702949 764724
844164 715635
974900 594407
646012 632072
887361 900740
628008 619125
320219 624248
203667 920959
263298 102696
380636 909689
497079 515594
234201 473779
199275 210975
84375 651712
839001 784977
309824 567907
646383 882341
707030 216918
685223 154396
