200 18445099 51110779
464679 752698
224947 381123
509553 708565
523433 854554
720138 388535
541326 294064
262410 492160
805328 767754
731591 807856
616663 134689
957976 122038
512472 599802
956468 853591
388679 130851
372856 352247
963689 607243
274055 136584
315911 662143
987595 821068
783550 357821
555226 132488
87028 248118
219317 92999
162213 944613
858986 418375
873243 63687
25945 678789
664124 481270
435411 271008
815229 549222
626334 622124
298549 463162
85141 765014
932684 801540
728556 890415
894930 624984
731218 572183
64492 974347
668399 390983
199592 795853
36365 180922
5298 549152
147474 945977
592672 387316
360235 769730
863848 994529
33477 686228
275121 501248
895541 695450
731462 765223
833912 405105
181415 697215
53652 876568
480378 632451
579741 436211
395103 4118
805011 811068
752801 590465
734825 406151
23816 477001
765921 340335
568843 14185
184530 412770
91874 44465
653387 985478
127162 888827
941138 263
380034 680517
899397 204991
41442 993008
280610 325248
183180 10004
38370 500737
985898 223870
980415 402786
807543 716807
159831 554141
923242 205714
535017 43659
11916 306849
663804 211920
912427 170324
166110 288741
927463 395136
801802 160640
525929 589672
840099 156962
336628 630555
300125 884733
261139 722282
568827 123199
536370 463491
534386 876287
176201 586798
650349 230723
777715 903268
203242 62060
957597 841735
536513 205823
894553 167235
842693 42448
442450 647871
674563 908173
529818 415551
509992 401252
937120 683481
430591 31378
911485 609169
737367 550089
354221 776276
378626 862653
405403 745870
574074 189772
824660 798248
468767 805576
637790 275745
272924 669986
365346 629960
304999 421876
21572 934355
109990 435370
336659 526495
312303 237838
467804 605317
229096 990704
747993 113429
406029 359086
609927 480370
14224 176485
880405 757386
383131 799732
164216 25136
70577 392361
492123 654999
466034 184459
585076 865965
603837 758404
246386 941777
872176 286696
694098 598067
229963 619238
41297 39175
158642 755402
675196 243622
752721 306092
36131 275585
715162 802937
245996 989698
982441 88347
779267 18625
366857 797256
975727 405151
793040 782948
266624 749571
591909 298004
479333 187695
771170 271585
856474 513662
956052 91140
987774 575484
181919 961044
855746 76577
130751 65801
797502 334700
568553 514028
881886 169305
689296 204381
129657 439102
59075 244608
47746 228424
148595 141765
306903 906956
103123 80403
523703 597644
191256 236305
302993 37513
528480 701585
126903 106368
137519 267161
740401 439874
860820 576270
155374 621171
385002 33151
932886 785439
505786 503179
442234 786484
766462 352753
422253 585248
72448 833714
815916 553928
311393 504933
518008 116769
575606 547927
127557 449071
867085 728732
458314 501656
893901 822902
9977 388644
78971 887009
335625 971796
