200 14814018 43510774
529621 68768
398993 632985
361535 190939
888551 408080
804408 962461
530156 452422
882904 188422
857998 921408
269493 20950
447669 767415
322406 669692
887126 601968
924578 924349
816805 456761
180550 957
344807 82689
470901 574574
554597 688085
240729 582546
889404 156275
608584 778734
559378 974476
434819 670157
457955 832283
287832 326957
114233 823709
694823 43339
836922 675308
537601 111750
714267 867708
175148 273330
76531 41776
232579 616444
61802 321946
211962 409461
13712 649678
974400 719229
59466 68769
61949 578381
712614 342019
763579 917344
966992 382262
822432 770943
943582 901418
651673 976360
99910 204983
282835 851802
132207 935542
448419 553984
296228 313597
162182 692535
1381 585525
900354 457278
538776 554073
43947 181433
814301 184332
406017 632546
448127 980183
467511 722829
429766 820031
542927 319509
74281 46847
484320 645544
538592 928039
413561 941420
488600 359121
159776 761037
232704 756859
85363 269349
753088 505478
663088 406854
73930 430922
967440 434791
389896 934996
301581 242984
771509 972797
88965 136003
276680 118056
271031 1105
934410 654423
745706 432246
892809 44138
847916 501995
818597 414518
964856 455782
724167 439294
556209 280872
237170 659025
470411 890979
792881 831872
617417 99269
832816 420729
781536 443557
731623 176260
275259 836745
664945 377882
810136 919506
871419 735645
394319 286661
149591 829881
168179 756214
784176 110933
320145 385811
596696 824053
389910 467786
654206 258991
566477 498008
199099 307527
580485 199855
886411 225706
188240 920323
347417 140804
512680 908274
738546 625598
549933 217806
547292 905239
171850 461896
525504 190878
818165 750202
158722 546441
885012 675152
64305 722165
278077 388436
451290 47099
670934 114454
65271 603819
21211 228788
74117 979048
889214 443915
644083 824672
616873 635898
596598 181158
726943 39055
194681 619053
223552 691409
540210 103587
338283 571050
673808 644071
856830 315182
220560 328041
676217 31948
598255 395101
719808 902160
504570 450588
579455 919698
960577 960599
590696 11519
776618 597112
515031 612673
475361 641047
829591 254478
985773 450453
977406 983818
76126 189913
876275 11546
634659 905829
94160 857159
366712 816020
252258 246410
79100 194546
482829 407482
776864 375735
793677 449487
805052 812642
643671 314130
878908 751663
498590 439971
533495 428916
255473 677542
560160 112286
267137 573515
61205 146562
319937 404409
154325 796386
272934 10711
735887 831
462158 802359
632725 829206
518909 226399
117743 830840
337730 38324
713356 156809
491768 609797
816788 358613
26088 169585
196952 938826
87308 858231
791659 293014
924974 788824
251210 113502
586735 550059
167670 648535
614948 621181
556515 314629
328923 776354
127112 51534
437563 482908
19735 208122
905481 165671
629639 881930
