200 13969039 41091061
916768 518698
700681 316862
58178 561532
867094 38285
317300 976854
906451 112924
908940 120663
750254 717998
645793 711487
34509 909244
542601 685694
214437 860685
174781 554774
932012 288238
19737 396783
560998 72463
641024 63159
985180 944570
295837 772915
424044 226800
863748 956647
306553 156066
488694 693534
781890 46025
765955 441367
45393 263714
482954 618124
130122 223818
684060 55584
930851 310065
812351 436132
12850 444606
261262 562950
464993 202047
211902 151958
406143 414027
35195 643254
824561 463287
660337 487966
82694 728561
945382 230537
441064 953276
732996 477184
660397 892680
982709 19841
29837 136685
466087 22284
733743 52292
473903 397705
574684 821602
252425 256217
343637 549426
482941 618807
924287 776302
47262 875915
660924 850298
943533 458827
388310 698525
892506 931086
643989 663964
987178 677039
950640 434101
67444 945562
392096 898933
95429 180406
837135 363958
85347 572143
574960 655033
631855 656350
681000 520860
250531 927256
425705 777976
570619 797392
611808 362777
510961 840298
504324 665883
321248 652381
735951 958877
188682 603203
665034 370405
403445 858240
129728 641680
510192 313485
533204 540276
618355 787744
636463 893524
364324 561850
470481 295230
496630 142540
433993 472005
250476 593287
286016 39127
714236 214463
628655 444538
197838 100986
620401 359271
332771 754779
737138 709123
858771 315046
713351 495542
878639 71919
6872 855786
352453 392484
250680 442530
851713 976243
341653 15604
737712 735577
537355 853029
404000 741385
527635 717151
882468 563829
962008 481361
497332 458811
579754 324259
570224 829039
774667 804437
154757 288961
436455 97459
583720 582283
684833 320375
457856 476922
246217 262907
519520 176086
584425 907545
410482 16303
23679 847329
554095 462566
69252 224630
616138 268949
326827 591493
675309 482204
454693 849251
20122 563465
620321 489154
162932 818147
149906 146640
400983 24211
401576 311469
223905 72304
102176 639622
650516 643301
979319 113171
368276 567937
220090 994153
52490 452187
70777 10940
938667 684576
651097 740789
19091 364667
891209 667564
937099 102431
851021 728131
136234 904948
270326 429086
439191 939932
44402 464450
53996 390816
623359 770697
576310 535228
222843 736575
437145 640003
886232 708701
459408 682672
315115 803040
162451 272331
740899 397252
813649 627957
118102 55458
933660 543952
309175 833251
667685 794189
870692 835552
874140 622675
320156 216984
672441 83401
715022 362573
953753 456640
630092 139003
864256 449856
832991 549494
586045 282925
240116 548895
139371 503958
658675 122818
922515 707099
506544 976911
546607 613688
746746 478131
129930 656690
239121 124307
276483 190428
321910 297829
995696 768582
397402 901930
573470 417347
415224 318092
81655 397910
393086 533904
620285 114425
574054 93111
