200 29995386 58886596
44148 737051
789832 993292
928654 2630
836110 970739
525815 728248
811075 172697
969351 235153
948181 899971
419540 33297
748268 69226
272373 994727
108541 78035
519841 451224
302012 816076
79093 746824
769070 676804
56468 767081
10076 97288
371112 433725
18915 136214
938183 521
647977 915871
164210 924632
922858 258142
45047 372392
12592 147280
111926 316470
215777 963471
905408 669153
583986 27535
770651 510461
353594 500275
249250 136439
351713 525
278217 883680
388855 563249
606911 913688
544353 996468
168172 680664
433389 930438
251034 598043
650119 257257
492783 883562
457221 376589
115288 753155
15517 710218
651906 14117
874230 399161
222466 290939
45019 685168
996885 670178
340620 509144
162369 908441
592559 344748
161050 73156
347108 311759
44320 31901
965430 857994
935814 839928
783469 619426
323406 666928
805248 174354
418703 863539
7783 851882
285656 595623
190863 454916
652719 340152
473831 215134
950834 818624
278679 453657
308063 637585
214481 474061
457519 907426
217727 946055
952028 560467
413980 785952
320644 357662
781471 699387
227686 440924
189329 663386
700873 435633
994176 743965
994299 722902
199628 588505
652343 873729
788510 981969
308000 830835
68921 817556
907114 852766
915432 190131
205528 183024
69783 828572
174687 683584
271294 387671
555370 490196
92344 507613
944183 676621
914866 106960
891998 471024
773310 510620
738098 467153
797255 232040
286080 455902
571743 361592
826549 767621
611701 502882
816348 622979
659746 605098
404100 167498
7394 927229
370943 427598
259488 758535
211207 135341
281769 229873
782204 791353
364035 218362
25609 432035
223127 211313
747556 584709
662345 195020
381555 352267
1192 537320
414220 844991
718209 862
866325 423153
712974 129278
142602 668479
207628 508203
294045 991558
954858 572819
798776 918437
583261 409609
204190 17450
268432 470336
39535 433436
455417 304614
525898 710437
936007 169690
201421 682777
394295 547660
356152 87463
681606 374832
739375 613979
618113 226207
185886 530253
483192 837578
784503 556010
435793 971163
425494 535708
555384 720746
710022 703257
225140 759192
590301 506245
259221 874188
380994 14149
381898 117832
689167 33122
806351 999591
199185 202965
1283 253301
187820 603125
762071 812330
989788 348410
729571 881669
897110 30125
647507 229762
440589 873582
120062 206391
277200 645921
557591 986065
110416 353270
179324 533413
77440 479508
414444 326261
261589 25762
478934 871042
161581 675122
636876 524745
684044 901770
555222 736987
410369 162959
985891 765724
359911 607888
997659 143384
672327 611692
797263 405629
689819 830882
256914 283129
473837 671411
969505 896817
864862 166646
426557 754650
251779 590264
555162 27000
487018 835149
60847 352433
34746 705591
243758 65421
512696 432178
826062 729165
