200 2014617 17530760
627946 434204
222819 72448
581420 8654
478800 698863
537406 665928
872941 555294
254070 725801
875560 662608
226795 350769
76583 291070
668595 845008
305695 867183
595463 250696
732742 749616
959171 826561
704352 498801
198858 893481
152182 22396
538887 540997
741606 589458
507470 411737
239955 367844
651552 908656
152764 676331
52493 683465
768363 60132
489588 679070
681220 838636
506982 577810
595261 749171
458793 873398
346796 696800
670872 117240
852347 279617
145768 192744
729785 488109
764741 633448
842187 746553
357339 50160
105408 367059
94320 923451
293442 419902
241518 435730
713127 918634
857023 639731
254375 768047
730513 35358
305001 871526
681593 489659
301686 917668
237235 118507
836239 181652
55751 877289
583129 508464
956232 111581
918518 874588
746551 406909
506992 384031
574212 397472
345487 693054
834548 98209
466954 532087
483166 611180
215898 33303
859599 531880
954153 774840
741261 854465
132970 433115
189753 816720
815938 58270
914317 655722
97955 524378
874181 115906
340154 979803
958107 360892
363518 466557
625002 881615
796265 179551
364020 442837
948868 962183
165503 2866
521818 263122
522906 469599
690254 598422
107517 222226
231177 926038
996302 966284
688459 380640
974784 677630
545571 800775
396246 521497
659002 394489
455686 948977
811273 696572
105272 402700
249387 234057
637101 327117
478604 390853
948541 590264
478465 967128
887801 245921
64754 244972
321903 825398
967666 184388
975115 143141
525615 742134
178074 619115
432901 464455
417002 207035
640557 32737
794958 285895
820754 666163
829502 130669
321412 806309
297370 549377
986821 176567
851535 181043
400577 296565
639570 567261
612635 123929
815626 163564
945507 849917
900490 144232
567587 716539
252348 387553
459161 834851
883289 588024
461822 687960
273812 587591
134213 826055
376535 23406
235487 800965
472868 503547
695291 414020
468190 306293
15308 826802
604321 462149
167490 934703
628811 190466
165210 796840
989278 397783
617489 697301
568126 8211
191860 615051
532692 776653
327763 549630
565269 793970
242963 563031
584157 937645
979491 534830
325301 441393
364807 896741
172980 540262
182480 266464
775937 596910
961324 135204
539318 663890
186777 677771
981280 1038
496821 110113
823523 462965
198642 606175
448186 833730
886821 236866
871453 156285
215613 627974
725179 818375
329616 541252
555558 842754
297361 33893
23311 56735
133598 70722
8230 627397
244726 329562
884771 922971
497352 252527
271139 791666
631206 307517
524778 294866
448665 689688
16775 669087
430414 672161
976021 717544
794029 293284
516125 189965
287050 917585
541849 646474
338612 117781
654804 38372
61355 803029
586157 293102
238192 925831
597370 504696
684276 498604
442632 592917
388914 484078
712641 345224
422360 508690
99815 466763
488800 790809
