200 19684529 46352176
561179 302769
439612 180893
812909 337971
544889 707996
207247 374141
165030 633563
236375 559918
429425 487517
355292 633670
29824 476507
737780 106037
185160 341084
706264 706813
273471 299373
50020 440070
747497 617470
103931 647998
885327 405657
932488 630698
248911 287295
300063 470926
339852 66529
165441 585973
838277 730872
380862 303966
942084 623681
237813 104003
370925 932761
772599 810823
598646 590512
989130 459323
845877 60333
56457 302157
13140 921438
728617 147917
502498 376986
670422 648157
299396 579830
70012 965045
829513 409312
370913 867728
531227 978139
236911 239735
875856 879703
29200 209896
933920 62828
850226 515747
189938 384499
870058 851728
969359 257217
743668 325072
839160 733313
954712 231390
94866 410221
92777 258082
548479 338153
783848 984786
812617 872124
309829 197893
293240 149419
321669 466454
692483 626932
117759 112753
238371 73572
971520 746493
778626 400341
15566 672806
37779 782344
352906 817989
113531 493979
176814 804847
347756 662951
918838 138135
763987 796088
287388 321825
74727 23722
927547 37764
463970 848540
617365 441562
281293 590868
522416 785927
675507 572783
503835 477252
696503 269379
631950 828679
97282 135443
31983 875985
103316 994349
757553 633171
136380 565796
935767 629182
599523 361446
601687 105382
279170 318521
244121 450129
822260 921878
680606 226786
608229 868258
72062 177437
330794 501573
132234 726742
219755 903017
125904 417851
875835 313425
48188 892794
249672 410515
775707 793808
573230 63668
397499 8560
712998 801182
684399 219148
790811 405312
589423 639234
467101 99586
448475 710694
410414 376548
806368 842920
454394 239730
539443 589794
979108 160422
537147 633601
154748 469402
70859 450189
334668 744872
489549 88854
305938 353568
389498 641661
614791 234789
287301 351452
681310 990564
324696 953427
306120 873394
293749 351600
66484 784897
10303 57722
975381 822911
57490 305242
518619 758028
505100 13223
812483 802837
739311 524236
660234 321106
510175 89624
476029 183704
796037 773602
442284 741595
883542 129879
371516 329668
478382 336354
363420 992107
742998 949302
594128 127474
117861 345467
72425 510397
512642 369619
69589 629073
811335 737927
599826 558984
115649 802323
327678 33454
743956 728522
746379 743612
465019 348967
287438 344303
49774 72178
503542 523715
857884 16396
28697 812561
380887 378199
298730 991106
748048 921092
497415 217967
548919 862138
357871 660695
308100 163616
323857 159420
36884 47303
129535 796570
792171 527351
25154 721221
612504 331668
628615 229086
737398 138989
90998 21233
609358 965666
616291 748398
307162 597295
950813 400130
867493 965849
828004 543122
105294 380915
363769 467476
194859 400525
770317 345417
138889 87738
170203 235099
766162 907901
636625 546511
880520 938256
874857 760614
