200 27847882 57301771
818443 636910
876855 877399
838293 743817
276845 747502
67950 757035
563666 493700
21422 583284
216340 976798
172139 381668
921947 385589
196412 510378
795868 595470
503896 228427
16075 479031
241116 571179
201453 656351
913067 744252
871243 610259
997679 814464
571842 793617
964862 323644
625976 279050
271961 455035
570729 201977
1294 84859
391263 27291
688189 982393
802176 576842
714679 589524
533505 428602
45058 836064
742585 789582
306617 62154
674448 760728
761744 885027
690070 575596
728502 245387
41840 301855
881299 16187
689900 703521
614641 224430
114614 915636
313910 296045
890852 875464
261007 356470
391724 57269
534761 838728
44597 116308
757081 462030
85578 701179
661020 830245
508779 953299
327544 198796
363582 305559
134977 945767
556707 160042
86647 684464
329445 294677
785805 256443
728268 790941
211909 898339
557967 948861
68598 463574
714790 793669
165743 73594
371582 948239
20214 478715
158342 495129
43817 592627
134502 451716
999302 678388
918032 684520
663878 632629
177902 801618
854435 722390
395963 172123
301563 906769
216366 897382
95693 161471
650576 578997
983648 287620
984367 422696
835202 345881
145195 356372
992046 537652
129453 406780
407879 392790
19192 573615
992257 355889
681303 503102
471647 171059
459830 65367
556438 225395
549005 924226
367825 535031
35959 986744
505806 863520
129953 53915
820901 527795
384477 841943
159017 582212
726294 721747
867047 436545
363358 82195
266508 784536
470244 532461
642467 614470
303553 696101
567483 250557
773489 393768
275750 714609
488671 956002
696862 752768
996888 143548
822787 497468
818786 533109
475072 569814
561382 991772
762315 765224
230920 742887
527242 472158
365015 135155
897107 420290
468128 721753
829068 743204
629789 616297
692017 103330
681547 999366
231540 125273
836697 106462
915647 94696
299452 229444
274197 98973
603359 210539
918294 686911
674808 423425
651297 616760
391542 20837
935572 197020
157526 654471
821103 793818
443733 810971
519958 945534
532800 829690
99253 595232
703591 421909
964094 902125
701104 774870
433613 39695
903431 290133
441389 915516
471987 281843
940660 864856
163972 352535
23177 870920
201385 235075
608838 584085
319646 392594
847288 780600
805122 304656
96451 584520
980806 478261
321251 298429
749698 378816
418317 430176
887842 4589
587060 733201
321981 943122
633575 862388
55622 427996
427863 310969
798299 911392
185847 399687
746107 683808
544252 171141
437205 110877
144772 983685
631611 144340
374739 381389
502069 690646
907000 135810
523058 33543
171470 396211
681434 671795
432478 686719
416446 481800
608418 341797
683441 653364
400100 407142
428976 434780
760709 931033
251388 20533
13274 885067
269641 717955
459761 117136
153422 885548
806577 535594
506813 233336
425951 329685
231245 184232
