200 19750899 53910537
174032 852839
137924 497016
599914 967378
82698 77791
178003 359748
788735 973061
210339 144029
537169 207279
978992 459485
442984 818326
517585 90035
341497 598719
456061 76388
674616 467896
210833 527892
531306 627696
933808 159413
454744 149172
361028 440329
230623 216770
528547 809365
592677 368587
111566 562596
514342 517130
902739 705908
494572 183676
449682 12866
77725 867899
626140 350637
865710 148155
351927 812873
909558 173855
511422 839299
609949 41337
245029 889068
593715 612637
609627 240484
50653 185312
471624 539108
943081 22770
189110 70887
540803 890773
326347 533494
159041 888441
214516 166415
487641 131126
666974 345265
588402 267749
360926 8007
690903 749212
169777 761390
13256 769412
372125 586213
709355 671640
89462 563600
185504 672187
246332 158505
388786 637430
884834 989636
79017 305486
877418 108924
816124 239678
534635 296383
384867 102678
289652 507507
430091 395504
89995 861700
695523 884170
806414 430988
185619 478597
589371 284445
995981 799545
315659 291886
25723 368307
78008 240863
825560 330636
695264 521386
4699 7719
183362 323112
550669 874886
864677 359933
438588 491593
841559 665762
981896 627269
978451 496717
668634 164861
740220 595007
386357 874496
731334 381610
495268 409311
302708 135164
146323 743048
668987 334476
382138 50243
321542 185888
350452 424137
157971 391513
258862 894780
607610 665404
767034 835912
421774 927389
513411 674516
93596 411178
738203 211300
70033 384337
562225 653902
604472 556239
751326 1814
573984 983382
588126 309737
473819 575642
176220 548403
604771 88697
109541 884573
428184 615813
183039 960998
823461 15855
543443 849501
290240 757713
936645 386488
964303 315479
972836 928660
829416 662539
717885 884426
750001 670653
347530 110058
856614 924235
136008 989207
560377 526418
482214 223743
266260 623473
448025 205301
570 310838
157196 914796
70923 930984
365685 263506
994790 852081
274499 90630
138025 256101
930867 491256
248660 912883
279170 603036
378059 423847
760509 640139
839354 757465
332084 691254
535571 456822
497037 185991
974322 584360
431220 965590
635490 584997
728880 366148
959033 424337
361873 271224
949726 441233
659846 70452
851499 720622
343179 604307
791597 513505
183935 7777
789640 496001
637011 926998
799288 632134
777375 353905
530994 630329
125199 878126
542825 344762
927738 186019
702700 28141
549715 270141
347500 184066
687928 528977
994716 160224
708392 240097
908593 90926
344722 797678
545289 393022
132168 486773
446824 303894
309906 2567
364189 87067
618207 837000
89795 761180
249111 257028
229283 428152
306699 710313
847863 358190
479374 215013
662537 97983
840093 15965
415546 740546
209529 334534
814111 253124
413078 758116
894342 446745
882091 968541
122070 509251
263274 220729
165716 989502
930442 33081
