200 27707956 60611930
431295 186981
575168 677169
625297 373223
298301 600944
555059 742641
187370 833199
995387 651042
840437 180209
795840 207482
335108 727407
976216 10729
952204 336752
253692 81649
417219 647553
918280 659002
985261 666578
226591 255666
440659 353773
426220 624094
37203 206739
709699 662082
395152 97461
218085 948009
246793 471884
523170 970450
460104 587285
900057 407607
508977 28333
568219 129339
316922 469892
407854 673263
806265 903105
277933 599297
271256 880626
278157 626177
781286 327598
667706 321361
793096 907338
282912 590249
319821 316980
432837 911236
640543 828271
403347 589803
174036 367851
446324 312988
945444 641920
351510 184599
959414 999559
731598 618308
807123 193173
570776 750212
682876 473045
744956 553618
978070 83329
648013 767638
710083 977725
65484 858182
905613 576336
360809 48185
997692 463359
767657 24458
681607 561608
1827 163557
861287 822776
967524 834609
23046 943401
578290 151258
816087 596956
497326 205625
206591 952687
411858 157987
566256 337467
60698 270027
439639 373836
645056 641429
663147 479038
552927 390392
757094 540208
661689 43022
919953 863016
842260 861627
747447 825155
656575 534392
430587 230615
822194 205691
217158 436199
116115 111813
302232 937409
449685 104327
556544 346616
838587 677042
6631 446970
107387 454490
651974 655949
961597 754437
564152 5354
466818 28246
264233 80438
356450 499409
820718 176281
448558 782858
19951 976893
318388 946223
225727 463717
804704 276078
299148 775847
471231 860548
481650 150600
227615 709028
648618 902322
65171 71104
874079 615444
712211 202230
639329 444886
802495 886234
591410 633912
8516 742748
650430 601542
996759 416790
704808 968954
954399 670389
183104 78062
655663 632641
851344 861308
605873 841354
671382 372788
159134 385905
686411 753785
20969 300240
637602 339640
857212 764743
441356 561350
981017 58212
177720 340437
978915 560174
65113 864019
588598 163598
663775 353440
568496 439899
275911 859241
846803 182464
62670 92902
387843 279756
817281 769772
142569 62742
593392 371567
132474 229067
826624 114840
929554 287702
971232 747263
817530 551210
90388 520518
265481 943727
453421 113361
460262 942535
791641 676453
649003 566779
62998 954268
523237 491783
145026 278978
142136 835646
871439 145296
655519 581595
239634 388419
899538 471974
25850 358999
755648 61568
221021 316581
955387 512331
306606 707030
510964 573944
988811 222403
631643 181422
580275 263211
661096 98452
458069 232784
653176 329403
634243 834542
29391 641579
270470 455641
658684 407560
996299 641458
523866 502049
839546 907589
52402 149206
106855 443714
149118 586339
728353 468246
678793 539277
441064 423974
70962 290663
580797 887592
632527 737665
912401 614301
215213 476142
865311 618991
678838 620593
133461 907555
227500 380932
286829 456698
