200 22497422 54821178
786884 402910
352589 813138
386918 596784
620506 931233
665112 345354
928791 312560
667952 211787
161266 410690
86341 285299
856145 160144
297389 590386
497833 340001
722209 929610
559408 636418
887997 615715
798762 121571
763684 670827
24160 892686
305921 766311
695984 146244
273384 147803
361853 186998
57690 539218
190406 787037
424615 107851
563413 227318
145198 921728
268174 319390
479680 890452
649127 189445
714723 650072
973238 771026
482738 376442
206757 161235
245090 146570
201283 364639
548831 316458
801909 790795
873237 629522
573002 636229
7306 757693
550380 319760
899432 827252
442225 380828
883481 606581
557713 199425
967371 174784
503219 667352
335443 164285
928800 241206
79533 681357
671001 289158
273185 941035
807491 449410
602498 385471
338880 489870
225169 332223
964954 919089
943486 781378
348441 977904
433166 235043
939764 368777
951512 996366
15012 648137
91433 268522
597907 907018
164423 50595
353268 985997
259923 43986
257708 979568
485575 764044
644205 452492
712479 929284
803812 940525
868629 159902
92744 637551
462980 5009
29075 650545
749358 721015
820046 158905
723289 933940
685316 894052
662932 370625
750936 501512
808599 164756
756339 710632
932104 314030
153045 238290
188762 130048
854157 769177
153296 641147
693124 124651
736288 563571
1459 781966
915314 405294
878645 442747
118983 556239
393142 921303
143159 637018
203275 170250
711315 611683
290716 929662
544937 920856
84220 592822
608229 359527
391129 380936
949588 802317
929423 456313
234116 441853
946903 818291
779592 932137
561628 207845
620120 21807
751982 185911
924244 4579
955663 61801
356905 188789
116139 459271
41036 925631
410533 612555
391460 513710
790925 871567
587972 358538
584749 23981
526806 768803
389123 866549
323731 206810
140872 743626
349806 217737
799471 940569
207825 777168
589929 537207
707390 270077
731557 44694
131544 804247
239638 704100
932091 398919
546732 906881
770949 498980
49252 179674
758008 301529
381755 884967
729592 758069
561342 580221
882670 224975
221885 640912
187599 783764
106205 525961
470263 316015
15373 939072
11631 220691
347281 604823
283854 503208
167674 32050
870459 512848
250102 511830
891664 703316
86531 649629
467546 224688
40191 465747
835325 747127
527644 594033
133556 398948
267311 847156
12215 672127
263207 232536
711413 156777
826778 559478
24512 161732
800699 549175
946953 963393
362088 839988
440512 941959
542560 819500
509085 18237
849234 435937
570045 738740
134800 176975
101476 564084
78307 283914
632225 842465
607800 961267
925839 867018
407223 492822
849207 890639
997108 672227
388563 602732
524286 546247
941230 230118
852181 5159
725799 100176
538938 201593
433364 105722
55838 170814
649794 805751
593980 701984
994331 594250
889922 894948
967265 557101
986026 305547
