200 25652879 55303290
721942 86840
662191 561276
51288 114410
739036 377707
580842 771428
939961 154202
563810 515525
108596 257036
64791 72205
508787 43770
416607 526380
639531 337835
237747 375204
131282 310508
563951 483357
933996 646125
83190 232837
301826 866744
52787 4833
590130 864142
736378 985205
373151 460640
842188 478412
894664 415719
995769 682917
322423 467296
476320 73530
95376 125352
861138 49710
750089 387311
682261 998866
195256 192412
851652 525012
77639 640829
761684 627524
82501 339945
789297 653060
290583 696373
479687 442124
59980 90063
796444 21271
105038 486650
740826 2286
91315 383078
592043 916303
321651 988971
718013 9210
646133 716706
266213 305751
847682 209184
751263 393927
851035 917200
426483 843973
265445 527788
138292 640249
919682 826008
624163 510745
753276 529371
727152 464700
458843 634874
656160 772221
434326 819763
651722 279944
84646 764563
847611 312580
720117 436724
945785 289821
500598 393303
590309 979628
62414 467098
103097 198790
753455 31574
783409 478878
399814 229399
63815 319704
645130 865209
533846 423147
675637 254555
529696 763569
897552 294979
641387 229966
221286 20238
497478 641019
376154 482130
645545 353262
558101 861010
215994 673768
252503 209820
18476 607450
322415 659587
104706 665077
913030 683765
489138 996301
929685 708856
774052 799272
507767 484485
28441 698793
479320 27393
285353 39828
948237 507604
869477 897917
948990 466600
899355 443218
17342 184320
728311 809345
157691 805426
297350 852039
125457 757955
907350 275735
414713 885213
969978 358115
103262 812911
681514 303305
838096 358561
843078 592349
46161 432307
457979 396879
472333 382001
11518 597305
273383 516821
100086 273928
63279 675897
138550 207940
84911 582199
568616 645053
588197 376159
224901 820756
676682 761300
958464 433955
35793 873283
974083 941002
157547 897537
567376 623383
28999 80640
857674 813649
800856 982830
197645 69921
119310 204587
302647 470494
39142 966052
311754 888819
341149 529041
168426 611311
731968 373255
55936 611369
297439 472250
312065 91534
575583 918547
937673 791689
319279 316650
548897 279821
853587 43169
99488 785986
358172 591708
102445 799306
611128 793696
568674 601390
59941 347271
171340 69418
948865 846685
534415 817041
90174 294875
986982 15262
259761 369214
937097 872025
266185 650178
418471 921187
422940 569664
311762 728798
804637 148961
828411 531643
124138 600382
223698 101601
395586 104406
943759 243831
932692 472619
120015 637966
628978 454137
720086 604846
217317 409300
155315 380411
533466 909277
819073 290372
523321 436000
812553 224233
242390 519885
67717 97254
154880 322129
605056 275008
416887 445585
450457 571402
405628 153475
394022 516116
626880 305256
704308 758129
441534 152106
450669 934244
880164 559118
140755 762087
175660 911765
