200 24170246 59431528
109090 536769
963878 245154
264284 485004
201228 524265
610085 785822
799905 331055
589845 931415
851 53625
441090 246391
95626 185600
636803 542381
966843 596553
487951 5630
730138 141986
403139 395534
150188 152250
253314 721423
732410 123230
624246 195203
124769 934668
991541 646767
120327 642229
896064 985438
218600 629460
473893 797326
253582 907302
780804 164668
388575 673861
523950 509895
483024 829669
319465 161667
131576 78889
880336 987869
480831 520931
761623 886374
991285 587943
850093 577086
539327 90890
78074 868062
946411 476604
461896 334465
95461 574015
651389 708528
808131 374339
923078 959785
251579 920672
417616 179691
731316 833455
291696 149473
126137 717190
325155 473960
676938 881102
9071 489151
650957 266370
625256 818378
766306 491973
645326 337027
177108 247712
152148 156606
673067 962456
100412 129750
310686 207016
234845 579961
938149 735456
529478 551565
68653 925210
871357 100926
842853 291476
136800 366630
990325 966127
690541 202839
105231 894979
386589 841480
621725 657181
756842 400665
377946 558294
766130 939524
651261 95377
447348 882018
628175 10960
782775 655959
974558 617779
159753 452508
90762 607887
815397 685223
986748 315239
24110 954745
485815 846026
561048 859012
963526 299721
254118 159094
849877 785810
421837 250854
826716 977133
696632 579866
979574 465875
551077 534067
828688 870
749804 68214
511996 173266
579936 697271
655333 211454
931662 933540
154973 286446
706467 317803
845139 78392
468586 89609
947360 303456
730866 817264
539584 860307
180557 1620
717854 153469
666165 853843
195655 57223
863370 203583
273537 847856
924535 223945
383285 772231
260722 429387
799495 290754
672929 592049
245190 732990
379994 995589
218047 442644
308163 546903
30252 619668
241432 538181
671818 6881
685387 258988
718536 640105
32518 270955
15643 49279
344204 664144
454638 434390
313405 940386
410551 542236
260344 523083
363429 871984
669723 227615
920757 761282
802406 500173
722212 247110
816893 277089
447487 433173
12620 143859
407638 6240
660037 764592
966415 578577
958084 60034
251478 343168
172756 644127
718834 804494
774667 223467
68723 830882
665360 727691
20872 352318
12157 135048
316589 301949
495391 358235
92609 872363
488730 49563
199541 627840
652714 248448
253473 359611
455876 830227
644529 295768
733531 109172
523900 196205
989950 78855
553653 386279
228958 268668
933626 289371
777902 319866
561418 41355
343267 800168
911828 834360
611611 775896
626346 763935
65434 344656
932564 127953
887279 625013
60225 301362
466677 184534
365209 200206
192629 761746
551981 557971
10665 336360
626320 507247
810011 142873
404799 456391
140204 695420
559867 802768
774769 663518
984120 892558
432504 399123
729645 418663
578408 849245
253516 401251
339206 710840
636428 639299
