200 23946493 56459846
496237 503051
265566 929031
960927 855597
179771 154470
122977 800215
176200 991557
615881 863656
376755 333863
817390 420576
682466 843781
856998 558383
810506 338918
738154 152407
845345 973463
725974 307712
366379 142024
423437 693656
162993 379715
679354 385572
143057 5193
246705 824680
867502 823819
949939 8815
542535 359554
952016 395384
701094 347307
568935 255805
681775 222371
670409 970081
699608 788378
956668 324469
584247 481719
909019 450727
400374 401032
245211 145223
900068 352292
427240 984759
304422 485408
676462 777647
316491 863146
643699 647658
85885 145029
561953 414769
524946 881953
737762 519618
697858 852374
600868 350173
816500 950205
800828 993194
888241 225195
415398 37642
502842 361355
108010 134328
36468 488599
112219 512860
129281 157939
666490 679660
117291 966054
93495 364863
403642 806389
544663 3632
187045 594270
301617 879979
308005 706350
727698 790551
900836 930047
796928 912032
185109 189650
166940 753631
401885 465157
794336 723241
457006 242033
989768 204081
359989 84962
966222 481627
110761 251380
998413 455902
110532 452550
881351 484116
358799 726942
924162 81953
211477 698969
338381 263998
321721 249997
985248 17185
899044 285821
832225 235723
202774 965879
103619 626925
88286 456206
887177 653112
303077 404208
354537 21760
723748 245411
102859 360459
935030 963616
73712 369340
694407 974348
214256 96599
75756 838927
290396 496624
878029 439955
480322 423861
292605 388571
168270 342612
16234 351357
123469 327178
285616 848958
70733 358794
180808 351752
874785 645126
332445 10378
650817 920732
553215 272236
883661 298464
500912 747054
907442 51010
294236 678812
26277 261468
841958 64688
245773 393819
427102 273732
105085 783239
834830 303090
47711 965104
988660 863178
774316 771959
150601 252463
895959 84022
917632 406926
90954 600909
873738 717372
637383 704906
880278 304491
252785 67124
20247 585289
323044 976244
91197 55734
36798 984737
286021 72863
293057 595174
619628 965180
949009 942866
646655 976738
969303 676348
517838 56581
8008 437649
840894 722254
462144 812028
667326 369685
280264 8432
100434 82172
449847 144597
262923 553703
744628 656077
430615 910939
971993 152353
573236 256626
819443 647053
236352 414392
443046 282084
308909 444454
318445 965281
763536 866361
974656 272076
506520 941357
564942 297158
624859 822747
668137 945265
302668 107244
629506 5694
743113 462009
332105 21780
727249 461953
226422 872858
890963 196102
103206 430177
140065 557380
410781 84465
647812 846607
135594 869614
70633 693448
630632 78695
723448 964411
89056 299260
861573 596056
469964 91817
581407 692364
531319 494387
392710 983548
346304 335789
230459 935710
155517 810919
341359 479859
677051 40116
17757 168869
222500 764247
626867 727033
54010 659594
580843 850480
