200 34423034 67666621
75706 971052
314099 57552
380028 149662
492448 270655
928654 139928
445949 870190
322822 606649
519608 466080
505339 129665
330423 778318
171395 431072
406575 333503
785175 233688
758678 658688
432211 702289
171760 211585
205850 840505
857158 331212
62871 998229
378422 783586
146014 692713
428451 491572
894832 840448
819532 156731
138077 349401
840443 430900
654916 377134
233428 220924
656758 368226
468365 750339
584633 212806
639292 518832
73128 338504
819403 83665
794872 622136
877641 290557
302933 326264
267931 507529
176235 67328
550288 997731
858368 64779
214354 853134
907262 868706
389495 871226
9167 503043
849527 568063
219297 678062
415609 848118
127753 588683
201798 628788
578371 819067
178399 656932
216727 166201
148649 200896
693528 633453
81286 465580
905799 384141
329920 233583
778132 314992
163295 432462
585796 813873
423450 754439
535790 330748
707562 997415
843615 400696
964537 979784
508509 768273
278906 724267
218377 367264
639122 925806
821789 35578
488307 706090
408917 610770
591818 323499
421483 122956
233550 836877
159226 775775
968761 429871
574020 881381
536212 83479
961231 789314
293226 272610
166570 698159
593886 443366
835789 730274
161625 678118
783774 909596
935067 152880
710608 594958
742579 440407
7526 712937
320138 769289
994838 345409
818841 529932
7880 103580
249659 51609
814653 500253
651676 239573
569741 361800
954513 698664
702153 437681
232834 540476
91839 971590
850882 850964
484827 192629
690815 170758
509226 918779
33877 844887
737466 976203
833981 502705
867102 210071
702882 23043
287950 866301
10324 703861
680746 284241
227157 689671
660127 296707
668369 260165
468834 424301
482731 809001
33690 310716
91635 284557
207002 390392
601587 698635
684940 397553
953641 879027
994537 565000
748302 280296
692132 382743
992085 222359
506599 235966
292783 585493
254644 329995
140235 636180
826286 316101
890588 23938
245105 444629
780818 799999
366043 380818
986218 22456
419246 63399
743585 300837
529742 801443
73220 959323
402468 900509
964899 102222
560997 190722
30691 220071
905197 259389
443443 71806
623429 398081
833495 436213
247108 384246
255520 194672
533713 855870
816828 841076
406342 913890
523113 742555
578928 758878
766213 92209
448947 924165
215234 696559
661130 247890
211957 413330
303213 788173
272141 1814
799883 450007
131616 73684
402614 346578
812513 864885
591327 700847
615534 604818
306422 937237
617990 706922
296755 178667
66904 545983
736307 403714
133686 492109
957306 719074
462633 143720
201495 456303
901150 838001
605541 653432
271869 806004
255597 407773
216602 731553
909673 569946
416068 390245
932708 848436
29947 326437
899773 997502
622656 573591
831690 853256
285316 574140
780632 146533
620290 535998
363345 646936
860648 920162
487735 204763
587632 607849
