200 34094879 62328276
979206 420981
615786 741430
76672 520256
954640 417213
957897 154322
822245 530691
348857 22539
411863 746317
881638 820203
400910 436500
391591 930721
250239 75869
35379 380466
873886 490166
271399 614466
387952 201358
375974 329091
287742 587698
117978 188599
913061 854112
401177 354275
659275 673161
948708 347474
143468 886824
616201 947458
771602 387258
443048 468272
526627 769433
803218 828411
201300 709049
221837 859255
91964 921661
101812 801361
222595 963767
794811 364634
270073 538555
363729 250290
33027 418398
774622 493266
436719 384272
40172 861621
204777 424147
817825 574948
106311 862487
823850 546525
779455 499764
402548 848543
500792 448515
153236 916053
480253 136794
668615 382748
520654 137186
799315 811379
534161 939478
180492 327934
927910 647897
443314 210423
270104 951924
203128 523250
377519 276396
30048 687754
299810 141692
118913 630765
561065 968308
525482 639681
313073 984622
434081 579378
621161 622440
764868 754266
567033 424835
925585 555979
323731 569495
12097 973372
813729 751281
630862 720269
966366 529962
391510 292152
428033 787045
8024 483478
266835 799460
102619 731659
530146 870151
828845 509648
308494 85475
5641 62235
590272 132347
591890 190573
168379 789086
736828 846520
383690 596893
156938 206954
773337 387686
927537 599962
199520 314561
414108 884174
721466 549351
853641 335527
1044 213050
34192 390186
518272 364326
412612 753387
455529 768978
640498 978264
504865 953090
462983 701087
378263 927372
164110 156349
855780 906740
560982 517732
475204 477799
561329 853576
317474 363601
272601 416839
367883 918875
701038 379123
454533 105220
126683 123773
579321 650395
718038 256383
525195 582934
606533 628837
273546 341650
448446 178041
218371 559080
424487 299403
912048 638888
527420 798777
743438 525877
902703 207776
674828 989181
565034 82271
150879 253587
547824 370756
565874 989930
765665 442838
500283 583344
791452 897791
508585 467396
733119 137939
867833 817686
909898 158401
124648 18906
178209 467221
788739 19241
359152 916647
75098 152564
908969 863780
905171 363749
409256 11382
859290 98324
247288 762387
215094 197538
922287 305375
449719 433846
612980 300607
226572 399698
366177 447548
779761 697233
902979 47695
909957 117887
403262 673039
324601 513172
326862 964724
722021 403727
821992 230023
650485 647404
631295 637992
232576 700225
80802 212987
561529 585851
991874 921520
425022 293807
860626 639150
783822 127519
179911 251356
46040 907724
227903 57996
131054 801907
302654 458884
177880 862373
933459 700905
427909 713734
253145 547594
113757 570210
635673 945286
526193 769639
852621 325404
887508 575363
137663 716301
17859 337243
105872 121520
293247 706532
212437 658
642556 161442
25180 787527
908401 802555
491084 45585
750352 245943
686186 153516
532048 335383
