200 2920507 21132806
724447 984274
437483 388571
368425 638061
16609 68658
24514 651535
12998 894792
228034 793560
983304 382370
850495 176584
489743 632889
448400 829006
462032 608466
861612 103919
617535 918139
636336 914383
971809 509027
28735 404896
721599 765911
967427 350628
206966 518933
735954 750176
492780 186254
597677 885279
828829 462589
574370 85407
837203 620127
701457 587933
388020 290126
360523 117624
378677 790462
821590 710596
894125 293970
642189 654382
449156 399516
662180 933895
337354 723760
703946 709423
593444 352035
758951 624223
218976 980517
912517 610258
303018 848888
814602 729489
512664 411020
42339 79898
808096 836345
30909 864876
219817 754776
656109 645938
23230 409663
663344 554825
493983 217751
473164 232112
197618 286235
469269 417099
71895 208622
725387 64276
83161 665689
632865 705567
614912 365473
390297 224327
590595 144833
416394 311162
846042 578761
661379 292894
121970 286355
815690 43359
307066 534941
643261 429719
888026 559240
810522 135320
746180 660972
271002 753305
601890 552022
748727 763578
630703 773471
392719 365237
336994 338730
930017 840739
218244 246201
507764 576872
284899 665580
344278 174461
975647 472664
937666 890264
802529 471808
704539 685306
455148 744435
948565 426069
904459 644290
763187 27479
205802 776091
522986 178071
914241 428294
699045 138459
777579 252668
114466 491844
129237 417375
484089 561879
914705 301467
177341 930216
842058 16471
773243 335077
830034 82263
996960 634684
354520 469169
6839 381546
610997 918953
77135 665505
999333 57644
100730 642389
722515 325606
844850 63780
480204 107648
277079 454496
759446 277369
868628 353978
489626 906336
390367 735180
570172 349995
242782 361794
763595 309175
659047 356582
950804 856093
512800 485704
500753 74989
866757 870598
466687 442378
546888 762557
451469 59234
318099 177100
377392 132872
179689 979137
269651 543919
528810 179555
405612 267397
541621 8988
439722 750953
261736 433344
283594 1611
14979 786430
236425 979231
919658 342434
992692 71486
576009 244164
733915 499289
217298 604561
852132 419354
80097 669299
47291 508313
217793 77088
983207 135415
497800 102780
988280 27291
213021 668524
551581 576583
579482 646585
930130 239446
657228 712220
353078 84436
869207 230444
89274 789561
782455 116897
376758 246468
352673 198084
353622 982385
893768 630389
228657 431062
877371 492696
548346 796576
622763 836061
324111 381732
454027 925483
78895 908964
1616 850281
518217 890785
779544 137385
633839 514072
179431 71409
733417 971034
768460 424486
420006 280075
812066 823383
952142 529079
136050 652451
977458 879500
82550 891017
383525 449016
449848 170506
73444 792224
896409 169085
83952 792889
216622 873647
327037 911303
198085 951924
100802 217520
68549 430222
532657 182908
385011 518009
28033 63276
