200 37404612 68292301
397912 621263
441740 489568
741042 37882
589522 863687
873627 96748
833415 372333
244715 326277
359193 592663
860088 607109
569904 320126
510809 383067
391937 73703
67269 826060
445760 164256
947353 965756
6834 725912
179128 891101
49056 561756
381196 427121
807207 572010
347819 191677
186925 946803
733206 286668
847726 999154
187355 38876
530612 110884
774170 620074
353829 59043
701028 987669
302262 390563
673023 724401
313982 343047
470726 949931
93477 443361
311405 361940
667643 513861
120547 586892
521701 323976
381072 305868
923697 838106
312958 641551
759435 107389
142867 749982
755401 864737
532412 339895
543393 772958
153190 166617
643706 14221
84006 57519
399135 104772
823993 95318
184336 248876
952613 230669
475763 17856
716286 582712
25064 467683
325956 905297
58426 562206
986794 690220
487921 933366
253042 708580
794372 109030
302771 914343
630699 84734
281660 683739
435283 997976
731795 818604
768491 29746
578902 206260
855387 912365
543107 474373
432981 148577
83027 522966
409731 40155
309696 880071
518752 757620
462376 710290
74595 874703
788362 42384
344341 935534
20717 511333
66116 996337
663391 780042
933712 66093
842587 250741
392034 282725
875780 66663
267837 760616
82894 840274
851948 487303
108348 230884
476891 430448
680387 32692
644098 725099
272846 278152
350588 591089
246747 478081
87222 319140
176386 792996
263234 701680
570774 523269
597451 305916
478564 984274
921635 28236
583065 150905
144825 868214
28224 206071
51814 692030
234216 351614
426662 544721
751715 279554
859108 485019
333995 698337
453997 91525
136224 966893
545031 475726
227757 331863
419163 573125
204872 928057
388045 487200
315159 389055
545900 145980
999024 27443
234885 117298
466297 175653
594770 148498
912238 412723
279248 27199
27713 940346
911150 921895
331292 729753
718497 97565
891458 724062
379668 25876
8147 935888
545149 862074
57006 85145
81163 765102
264817 109453
341371 604064
463644 745691
84042 662980
617043 320463
959365 812275
532418 819393
150652 467550
33435 655198
890901 756335
876666 487056
163196 992254
784554 821517
205048 635884
737921 104505
156569 477152
328614 70713
587598 681564
526835 345622
753171 878523
90421 892425
818631 982473
102352 226601
887131 214014
663936 581038
198119 925785
746874 946273
653463 65046
822001 402402
828738 710411
368052 263701
49115 185637
389684 6122
670720 537849
643812 798792
636848 928777
614585 960598
613146 944406
294225 957222
141584 79069
921264 499646
316890 471407
456549 238851
353575 178096
146379 970948
229855 513388
599019 278880
771475 617297
531775 819926
518102 351245
801489 761191
582565 777669
830530 592746
643585 658414
173095 927404
213598 295884
563342 223553
755955 252677
947422 901931
740594 426465
859676 874854
238034 941601
