200 31037362 58610010
366353 387263
401122 425307
289667 890849
933183 47418
470789 168715
198540 191193
374893 954780
787767 542907
774290 994388
987750 94681
611786 946723
93902 334586
285582 527243
472741 321643
594234 526644
604143 191132
546097 817676
718325 844183
689438 862616
931349 924637
656341 15836
406450 854751
2583 370851
467403 100566
94324 61868
219114 827263
231179 43057
819827 317943
949677 288597
417884 667758
859040 22057
28283 808139
130495 264219
142138 843868
794751 623483
178856 302904
424524 657963
281770 812916
373010 919203
806799 770814
221975 174814
678849 511513
728389 281189
823126 370101
154886 106358
709382 915114
102152 502673
102328 565265
662368 759774
242357 644799
242506 462782
346558 101087
898254 456556
919672 161707
183807 506064
290885 313863
464478 36704
693935 186618
144475 215155
108094 603977
474299 561636
176169 528946
185685 447135
930921 939202
723702 878667
661608 473107
876004 390484
963417 520614
311360 141267
494945 440217
29380 76381
675506 916549
131628 335973
35641 179062
323890 801231
699181 706696
623793 808530
403656 144218
442027 601928
997459 515442
760358 157653
283417 951341
491121 321138
539453 211233
659140 394197
18920 586577
400005 471551
401690 908939
279399 98081
24802 237026
789997 700972
710185 489732
376589 370868
96552 582839
820335 664767
193274 530740
376276 170800
350411 186528
498644 418571
82032 29987
606720 552740
161873 513831
672806 468585
642497 55215
924786 725896
65710 200337
335345 910270
677684 452242
900849 542910
600076 969244
255557 497082
415713 220510
257253 483728
725443 617536
721329 990356
681908 4418
109590 950838
490272 40624
483593 88464
567658 356868
179377 430607
455458 882392
689889 482043
351506 419526
647683 717604
354104 882398
543952 516203
222221 771459
629627 32810
873924 756002
623470 412225
8974 405328
841003 411518
991514 860031
221397 569576
109979 142749
854152 350952
236353 651146
100194 411413
749449 129267
400549 769754
22064 736976
826677 132998
987907 562806
315835 449136
668946 202905
256940 536837
296002 23778
913316 763376
791490 641193
354796 610340
596694 958864
81115 226505
160271 673019
175896 228993
152667 958319
809661 464853
36408 135558
227031 336513
53700 143564
841226 905560
433969 846138
992593 197909
715732 910477
340772 188224
28828 292993
462706 825978
333535 326767
758989 563045
310544 306816
908774 658546
234509 982797
414829 857416
433301 64469
579418 324046
25175 269466
719498 712277
128421 111704
648001 682341
409480 581027
181774 429154
438317 105820
417100 441755
955644 850767
15748 482800
352137 807724
311920 80861
358947 760480
342619 584167
5770 864400
795620 761889
447487 839474
593185 148059
483443 748743
269727 912168
196513 69113
135176 960587
123703 571725
400990 102270
476463 62916
