200 29847574 64669168
753501 837192
702809 109185
502663 261443
395375 193976
500032 699461
574836 851694
917280 887022
680022 823144
150589 168574
574589 752863
831982 962724
937566 76952
19434 157669
587949 153121
433422 922469
336687 180905
716221 306262
148909 584317
744545 52986
465988 995163
427856 677398
153626 36340
56459 394229
791339 314307
572448 659925
150273 267269
19311 134195
113026 866452
612489 748782
150819 110116
496244 184858
964603 210968
675531 210724
545330 723970
278338 365981
571288 550902
485320 581989
530514 207433
971397 828789
693230 157355
887427 488008
669272 82526
155304 987431
23590 361362
969569 149840
155662 846815
285403 673154
187511 165662
687851 603496
4460 152805
332750 26463
172461 64989
480842 101734
821536 900289
670771 200545
137509 979828
485641 379338
117767 904959
569471 423413
322318 447911
918551 919165
52529 916199
768808 747152
784424 910095
405569 117652
493792 961593
801576 717941
305672 418787
857851 44621
422856 939246
616824 596782
27282 779954
734808 182223
773904 606844
533269 882192
948349 399781
856077 324907
862928 985040
876031 204025
728082 231423
901746 583646
520337 548882
669748 616275
254061 336990
828992 726158
931215 557158
208121 268880
118650 545145
821971 349643
149561 393512
423057 194989
163384 108129
309288 141773
477231 851116
742915 929009
665081 28482
898912 6074
216131 160005
963095 930605
645791 179297
317179 352094
384568 258685
705113 958907
296480 157341
386590 234354
753158 473303
990229 147840
499587 997743
240717 84439
241299 460690
466136 140587
30305 561068
241904 34266
83002 316198
741621 85238
909284 903615
576146 777904
401224 430854
732797 920546
93770 130801
752220 232376
637369 939485
931333 269692
968290 279971
387230 619454
312511 125907
76835 233628
217357 17040
356550 341491
73019 522824
681905 258530
867070 73422
617831 452279
417153 730133
160776 179961
719674 702155
916851 804114
964120 318543
467270 168534
631064 440849
374849 864756
403127 455045
958792 798776
703426 622724
272519 981626
779145 736895
604912 209895
170482 167456
417375 515369
207337 667711
978655 974646
461941 720189
756294 663986
354470 395841
738811 157378
562411 516941
769496 482159
293056 90236
551082 625330
713796 685594
795541 138082
543336 662751
658325 914743
225796 900874
859551 630074
407172 938583
777766 13963
434495 953308
920825 429454
59560 27782
309321 879219
43997 155434
969033 559329
599133 485066
978926 880383
520663 147559
694742 366559
642141 421502
993349 422151
124727 299680
430090 673756
448724 981553
64704 819565
797532 614973
395824 20313
661728 845810
771220 836319
314035 429246
547574 452032
993682 875206
485367 402259
601726 972415
973932 295461
840683 336045
997923 553162
484624 335670
262915 875588
497055 413858
599441 534671
937231 790450
