200 36822926 71294123
688559 521122
528763 857323
167033 779069
30257 640450
415762 125535
586006 209688
296786 674408
627352 669490
129039 955480
743583 120137
951200 415070
562912 74786
51324 603263
159823 827211
109376 790111
955569 705459
35727 351920
910223 74727
7763 807860
360134 713061
374498 514800
681276 309982
840957 817071
495597 942989
143602 751343
909283 990895
350433 285997
940228 672414
993947 908040
251781 307982
947430 50004
702973 632354
528093 875646
416212 203564
794932 363287
968858 526208
242138 918591
19188 113011
577847 641391
180208 611189
676565 751586
223930 765768
480346 162465
672680 363612
678131 943210
403248 636361
36045 507580
330425 731368
618621 744962
439694 120783
488128 739033
352495 693031
117788 521024
763138 978667
206565 455323
234663 799614
884635 557860
906089 515241
353137 106735
432720 104881
141545 456343
547091 367185
469018 514378
337706 26521
161747 161710
132354 491299
582938 957167
453002 826093
671885 980263
711210 426776
234346 515176
136532 359036
805738 248169
853554 895718
212103 41994
984383 143791
926943 743045
509490 589050
140017 762931
805588 367497
819844 363320
56307 675068
987942 403021
879279 317608
665938 914664
249329 707536
492011 628618
218108 516675
168037 343397
617819 283922
374467 218919
866938 150891
62138 574503
921809 261654
601653 839339
294203 70220
292018 148628
785957 266095
105289 849767
390753 33003
991693 638328
526490 795623
59531 481269
713250 232487
23024 684172
519720 897793
854343 681210
695621 299385
397599 434673
709109 11260
656522 566565
88291 682486
303298 315764
169116 5200
660455 673008
999782 790473
677220 985994
241066 353584
219631 592220
956620 35067
460846 508946
909723 743815
965559 602742
468452 838189
945392 495704
995233 635517
461653 847574
753167 34714
965208 74061
792989 455538
448163 906012
434688 917400
477817 805585
714595 766079
886906 189363
280892 980885
182405 991468
53050 616249
998968 623696
104602 710875
928595 452046
362521 582767
397626 652018
874052 415758
445785 368020
854699 568233
729378 1313
156212 560042
884785 991043
511243 45289
515921 33776
968247 674887
571928 946764
544968 955499
970797 927484
407085 282455
446506 896585
266466 787878
738524 470060
622470 550180
494631 691644
105866 363593
995399 531057
701894 422932
784433 829972
410150 356225
484824 778373
30657 447142
724427 996520
63498 143920
190779 963821
806047 915828
752219 718971
452159 286324
897248 105977
87769 184241
761064 265785
136319 698664
611959 979265
747385 425066
953180 211702
890742 445915
957938 759271
429982 41799
359170 870259
907010 693468
450374 330841
460981 721480
211400 980570
558388 315632
210025 357133
468416 440649
450942 222207
928077 470487
52437 505540
332178 269440
719253 731934
487297 78028
772931 256009
126865 396668
