200 34745226 70636424
623617 721404
354717 605461
831403 296695
148787 86924
331492 67961
80824 51330
676292 978146
91034 32188
591137 742386
396225 3763
586770 351064
704610 72620
566862 532505
215345 501301
301682 141401
574451 230013
838881 913930
187889 48785
754629 46382
254280 430959
837492 868554
208926 67272
625455 239913
199855 571671
231108 326409
668293 230873
681555 437799
251078 962024
891757 67298
869095 989496
398616 398798
924991 537388
897007 24216
287094 683158
827878 360593
366428 501514
998956 255193
507862 18589
184297 970345
667186 65023
465703 15164
778588 449010
321740 337499
321770 849510
386693 736580
167186 425907
786687 342006
956987 297074
549391 886428
358576 88761
159858 451603
16177 804721
271086 423962
704740 57045
226007 710101
815465 135752
283629 252734
694411 609171
620451 273705
26770 761851
364539 477169
41653 334523
652876 797956
407340 142947
401573 205768
254564 21005
364300 196393
83980 233399
485919 432257
999564 397954
851868 433570
245782 454470
876668 314115
449556 184592
407289 201796
536769 371449
997809 677535
156052 676708
920355 321837
883094 503571
221590 659346
592277 801254
822488 673415
988145 298226
502884 103170
51091 857914
775901 504708
317566 488205
997751 337151
569725 174332
325877 242849
86844 710005
814988 490881
366387 188544
460391 233317
406973 111958
201476 807534
872135 372185
247483 252577
135715 370357
149855 408210
668412 332561
897597 3631
130020 823985
143106 617638
286282 322283
202105 214580
408007 601027
554481 784907
660567 561830
846908 992543
629925 287552
364692 597262
255230 177850
95641 777130
90280 160979
778294 677732
597260 792666
190113 263894
819470 939333
169472 269164
665725 548145
516137 452144
484966 396407
503554 371954
194307 145127
362823 977872
288977 536036
573866 290279
29311 871900
214421 553494
2306 277730
821451 158891
528389 285673
613036 682413
325758 743263
447959 178822
625628 913955
14314 78858
94492 980901
482341 39336
805563 226841
836460 988908
44678 208792
619051 754414
930253 883219
853844 309083
625590 952628
868547 983069
815149 422867
53187 92906
958201 113233
903914 745894
251818 515157
686431 213942
768111 564321
607164 311011
756228 485520
442318 314790
531144 931118
193721 245206
668396 64435
332473 147371
177992 944990
709315 546222
413128 773867
675530 542783
626819 457328
11677 47234
551084 743706
72237 48423
51745 676222
535405 878613
821537 571230
815570 331571
654875 220923
311034 648659
630497 459474
230569 536379
370043 34100
476270 749648
816408 910277
851172 182625
546080 984977
322516 203853
635940 541126
613176 309011
91575 497362
875226 25460
606742 756058
934683 312007
335106 392531
411600 632601
499119 604929
590599 941566
179732 719562
175591 71928
477539 258550
946421 977347
832851 486534
