200 40555740 74816008
720117 271475
53030 921583
618407 926101
686595 940366
818601 537215
220880 390829
650257 45904
198779 235599
214838 568200
809386 345581
366574 851415
860946 813902
833010 902079
616489 669823
462494 229224
358259 240240
668757 425344
757305 792299
699522 856012
719641 844081
65977 206992
461750 885683
571579 732887
875919 841578
236632 728352
220782 790867
893423 346661
957879 413515
745297 607113
136160 547138
761412 235997
472319 650911
868323 561359
883902 803056
827939 101743
457644 253516
938160 847519
259118 624072
585910 544407
297107 678482
283899 218322
788165 361645
894825 631257
604954 858249
55658 693098
237258 494206
603436 171525
871804 180325
40260 42706
596473 580755
585966 887922
190274 840819
172146 778784
319228 834815
739043 15620
452489 953435
746114 910100
270579 890830
195455 65447
812546 917917
920287 603288
165293 463622
586105 497939
553837 688406
719706 483135
906028 532519
438728 868936
258077 335226
939428 528903
71653 898925
748072 913169
894006 591065
757136 951513
227645 756810
197910 120835
287601 678364
765525 161158
696780 319534
486351 203388
152471 787590
80202 233353
839005 203713
160213 378278
757185 172469
849384 771209
622444 403685
967785 223731
84254 851999
971531 85589
444966 17846
692817 748832
633645 91608
882289 719976
469356 920267
54163 452723
451518 614216
162488 455908
522767 398708
783032 224191
571956 704695
439396 608856
962069 587707
865290 996957
992389 721859
681302 109180
598834 49317
547221 977010
69752 539174
730965 243378
535696 586736
152681 349038
15333 430642
380041 530372
897671 962836
75349 165896
862904 261782
311738 850666
686308 402436
940909 431812
777006 165400
596629 467395
483814 491052
274693 664495
351830 535962
764007 470104
235900 901618
829940 260447
293841 290455
363295 981598
830216 105078
155986 223541
144210 609636
528271 118130
102750 415571
673657 555676
199711 700209
385260 725660
897861 730206
647238 321737
212877 185671
508041 427982
424500 508772
187993 839482
329159 148874
662367 738276
336406 832877
505872 636025
751110 808950
364488 714724
399302 396349
429328 728600
92954 351908
228735 824765
541267 275983
607164 285557
358367 5699
163681 777353
499580 530842
118267 25973
871048 389088
755758 12684
559029 731470
666741 914185
184280 954593
190536 588020
34784 128277
844118 354798
525859 830787
333489 697177
802068 22740
671690 311398
725905 987233
981201 176700
655705 150633
932414 258882
675739 342830
335790 994377
633129 149676
885221 796569
654796 315447
227954 505046
806001 518192
687216 288463
704192 220771
942440 666340
326349 503040
153876 69905
620135 828596
670271 157595
135182 745252
244936 187989
664515 259590
30853 485199
141879 17627
346051 300572
375269 453005
47852 673279
104187 932769
747970 28594
888435 275352
