200 39078522 76403345
268028 505475
577296 985844
69782 73134
342934 240283
221439 465248
855755 88321
3727 417401
770205 801707
300636 180921
875188 54674
265597 771407
158981 69371
614697 684544
73156 512436
331965 184688
760950 775020
301788 498769
604388 509872
391280 420517
595499 491454
757455 382833
242225 977735
785850 132352
256242 256518
329663 705360
48632 590840
436414 407326
491881 154615
980296 822537
20538 269943
575395 421989
758018 669467
692202 247071
835241 402549
344593 840200
946431 464473
634183 260096
499049 135132
593972 931072
414005 745774
891234 168707
352399 957521
309303 100050
537229 352885
433184 442987
71269 352050
654474 835469
413182 629281
945546 340451
753251 40728
167453 520458
511700 988608
742857 552897
875319 690964
271522 92268
186668 107255
123944 778693
635070 266418
37774 540512
192373 247306
699030 266584
783496 43706
703191 965147
253615 833938
277664 288207
196055 57388
294519 297056
63151 360710
206970 593896
432095 371073
261799 827513
167833 823093
224887 654858
601735 134255
667364 199675
107172 212936
87756 62918
367719 566371
832686 643844
983001 724034
340561 587033
138056 248709
816131 837182
151444 27329
516479 627753
511910 99833
443560 302491
950401 187324
258674 311430
272112 268123
11168 278744
400351 32324
702439 381800
16902 62527
506674 582460
608832 158213
549311 763189
743226 14968
944422 114968
753158 376388
887098 63033
397647 379792
671048 28998
271527 694880
339581 534189
194301 717194
240100 272811
443882 295314
64332 52082
362282 645861
648839 131510
942376 695151
940431 261333
626225 436825
973892 658785
726027 733090
429905 231691
615199 934937
662188 271405
113745 779380
248763 425843
574256 754640
67476 209895
235209 233734
582621 928153
960214 651366
681874 156967
350868 62547
761381 889134
867442 270971
863808 541069
853733 301873
95078 430674
490904 581416
460407 438340
634881 419534
588114 459853
742671 360514
811861 19777
804799 144116
571136 920271
486478 434776
978359 26947
300617 398343
878950 592181
301760 613874
282367 754386
829657 541507
327838 438404
287360 747410
859086 423425
701308 28928
885541 186413
537565 596468
759882 643629
309650 728944
364503 658122
216343 273807
498009 581885
635979 227997
500532 333725
12191 615698
338084 813666
150315 969901
596638 346069
175771 900330
719765 447574
21062 214431
458904 397833
56991 901561
152600 658974
162116 58637
210184 634428
859252 14941
967581 411786
263710 17770
910517 239322
646292 117041
158484 613874
562206 722179
502729 798391
721259 590468
932847 334008
978403 399744
525711 462420
745687 312613
373731 808970
295642 419361
612789 334619
195625 658521
279846 18846
376965 78530
610763 264544
355682 564768
156018 611957
934711 636569
860098 98271
721078 271157
206656 801178
133654 154037
