200 49224652 79779973
203086 189405
403250 733982
734152 74408
461464 686757
653521 891322
866925 929963
383233 721139
233887 648053
762734 967827
527830 938300
901167 223753
300679 67205
130235 130138
645030 702878
7919 52330
379832 299574
621294 60779
882054 483930
138146 659039
489645 209352
220449 736587
253523 735025
570348 71546
960500 368848
900817 280426
807642 314466
767536 559128
802731 960577
878106 981795
637852 467809
26581 287135
980036 90853
544764 911993
706123 882143
861187 837506
344001 439779
391001 596698
987723 40710
684070 743674
417335 199608
164020 432285
907057 640763
150697 791436
186319 838783
141746 236357
835207 141596
405116 669895
556096 194987
876316 965565
672133 492354
322831 233028
691734 616650
379803 455835
816921 285694
807316 347046
767470 443393
6586 957215
423392 876700
305088 223834
786423 904276
405672 803762
278058 11044
887049 732373
806897 950364
33842 332265
318265 587094
75881 536282
694129 768016
537356 529538
720449 858603
879321 745907
277083 918527
295817 720804
197737 423129
862550 359477
143206 956946
158622 481056
14281 170381
613024 202750
60507 860108
258659 366707
674026 374895
650677 623928
260310 7947
869777 816259
313672 250211
243802 178581
49859 158854
604740 305184
740370 158533
962578 302674
103905 75086
455289 298178
461480 473065
365412 976438
721602 199951
942417 422095
829404 121058
86616 34130
498120 230094
561612 349267
539569 916730
25466 35008
688297 770026
459663 984007
960863 141684
587862 806181
156268 596956
221214 885964
313740 712783
839225 557488
362 300217
1825 542831
712339 609475
892726 246555
816525 103596
530979 439781
455041 374019
632670 943079
460243 683646
957389 186061
846610 558970
618054 59297
735371 791952
624431 804403
159288 160976
583044 287265
886678 563869
370039 105352
103764 687333
630066 188551
937703 145851
438712 783980
788346 617362
702889 931390
679747 181912
370020 647207
315249 658220
343559 991291
278337 930494
124882 991209
445872 562498
417193 363837
471243 191377
535864 978575
377314 928860
406833 62156
815387 934093
311600 914078
591266 124988
396352 482555
207614 467274
701175 985543
728063 639774
991868 930087
154324 494458
41513 72548
706105 971449
201803 426615
544653 608935
199622 403639
574721 316540
191510 429980
626413 491959
521520 545967
178749 317972
426823 211984
133576 224617
746154 448547
60929 501347
34058 743576
924166 302679
509722 794070
712278 816199
885903 121028
830816 54452
460487 622196
140470 394203
777094 654636
701216 331213
25819 336337
163277 54830
826081 757362
94501 826570
489057 796014
990969 160271
536533 787140
926236 711595
276615 379509
760331 98947
4504 973720
727303 30412
571421 674938
926724 699210
694180 47983
782265 570339
316436 954617
227672 451679
380146 522516
839640 243903
