200 41019947 74319098
558675 405334
664319 353599
495773 814321
783669 17046
763574 494035
91994 409324
55798 765532
38364 878534
569587 529292
48867 371037
705988 803410
846308 70454
598752 978099
787219 175391
977636 9043
193333 270919
158387 475940
465555 22843
501495 284904
148426 632505
784134 222308
220224 340914
893601 179107
904113 684001
802262 417827
427303 470851
12677 589601
78280 767986
789567 742908
970057 187362
849802 747592
147009 958774
265921 172786
157976 162752
344472 841547
763998 476820
755774 591795
512888 924167
790747 782947
670516 518857
738489 278742
333246 132252
646782 512533
970860 851760
95255 46302
931124 215453
537329 660080
99901 346428
480161 511542
793810 56739
831588 164173
679859 432763
908032 843252
646342 651775
761801 964879
396267 955538
166271 431256
482733 219453
404117 957027
137172 418821
587533 497995
536215 301861
353086 81534
960622 775725
157751 766178
376774 550711
145662 435619
231310 157057
299953 367899
287918 885484
953038 868316
355032 33552
431246 380061
45558 473466
86123 361598
572803 599107
68675 95673
802614 764366
700693 880743
444248 155997
139688 439020
611895 927440
657034 460161
97011 278844
856182 291676
852853 524644
59791 864446
900672 459735
343817 814553
37983 64742
277287 266779
790398 752767
567838 923611
294613 599082
319129 627295
36095 153696
594582 950088
958313 961923
873325 655387
880677 707711
308017 178092
326686 869499
252015 9641
63142 899131
779540 67456
52844 746773
66219 747950
604041 902669
227715 618789
128377 628752
553646 418521
171559 892618
426086 878760
341344 350500
14475 364900
180778 47837
879368 885822
437102 231748
676947 935568
682320 327247
394450 545734
938079 352475
550363 301546
985128 954625
545364 248204
877029 654737
747641 591818
824787 553710
698876 22849
265633 804614
980679 200976
569924 121708
165085 512197
825831 321619
855518 691815
370624 21993
713513 366176
198206 211661
546012 50372
568030 767279
36087 626626
764957 354563
758942 842150
215304 1826
792317 657160
5807 198205
978310 100501
94968 345214
335957 458743
635407 800445
590453 152036
464507 551579
719548 545024
442316 558463
402065 500400
129137 329835
284174 209085
729638 183162
146112 159520
439818 795704
409163 315120
230926 765277
669547 247333
654090 467048
634197 746120
416106 191509
382588 307193
222981 467514
298927 614300
555022 343492
953695 616673
297443 920264
318591 38255
674563 372488
250244 40813
221981 257605
377356 31533
641027 736636
849179 577141
509053 159486
999360 287594
258426 858287
744406 122331
662178 928155
802214 537447
881222 388784
292330 803533
722169 789596
539052 70350
171448 196484
659341 783233
685444 344413
372258 42995
70161 739371
128761 893944
510934 169684
631929 928274
984133 439072
119911 698685
538837 92752
