200 52859838 83826531
138144 389687
229204 482120
398522 592034
96346 133231
569251 833748
361743 287957
762739 508525
181217 494399
741184 754733
696824 305574
20385 676099
442377 548687
162125 59380
700552 376968
200225 403620
998714 824128
940800 106437
643368 457988
885012 897561
383791 410898
167091 90341
781173 8667
354846 494388
181110 997530
471971 371844
566652 554444
98658 710930
629933 250187
259564 141053
738814 149323
477767 635929
718406 512239
913678 60563
577005 361737
377781 318460
741571 415085
147819 933300
476397 946288
290520 72628
904313 169794
953158 695863
461715 324005
475739 966470
835409 324681
850308 29727
82793 931142
155758 987969
699010 244341
807086 107031
107367 460332
994561 945598
355416 244692
16749 875125
758523 364072
826758 601824
348272 263179
405580 652089
211714 486982
88754 390804
896825 44894
628666 824588
772620 462030
587259 15951
876531 66790
273668 376323
440475 600448
857243 775508
841459 175322
351390 981532
8803 346133
496843 664301
386333 497609
850395 270398
277387 712003
541384 519279
695592 184604
229488 899194
660843 258039
393362 761656
138013 996182
176757 662733
693644 501081
485223 894322
885528 988565
706723 4765
115434 400589
527692 538319
149317 130384
950806 298938
692276 48943
913988 326604
807459 117848
208139 730908
389706 399955
224150 886768
350724 241689
335523 564649
915582 227148
228810 436940
243082 567448
719774 119149
681491 453668
863532 557370
621419 361524
96097 917473
727425 566174
451976 855903
352302 898598
894448 236198
781550 263353
29611 983466
541996 905283
63219 824329
798453 782125
327912 834325
907023 990454
632053 647871
294883 813101
119504 614753
323093 71560
182367 462631
602612 363300
652280 908699
235533 350170
182593 680653
842010 670586
967862 901211
422488 581543
978697 837922
340086 620047
396324 836033
505321 989829
782346 137286
602140 136956
429019 940792
240965 460642
635574 834561
887827 439574
875257 446453
268227 200520
678628 578499
888914 206572
856027 217079
641869 984411
709130 881321
452868 243846
531299 853574
284765 326679
779010 906104
895172 502566
933618 541685
197568 905620
516809 268321
434913 199432
707502 216545
515350 776324
202171 486974
679515 669091
389245 271345
453327 473521
415064 957201
653603 501030
528584 46294
102511 14017
962754 262217
181727 251966
617529 976394
729738 718451
33404 15613
64867 617485
915516 828178
169864 63073
292908 953712
81656 617457
804225 346622
397922 91134
526809 5070
634648 671365
395704 211750
323874 456599
548909 874283
88943 2840
719315 180716
726951 769748
968755 645960
236251 7929
215687 281662
556830 487477
424089 908047
325037 539373
729162 928594
593993 982294
48431 601684
14118 833652
748694 361
113467 20461
772774 810963
217914 115849
553636 243854
29274 850121
