200 50834914 89108069
169702 623688
753471 30028
849896 739066
752684 949499
972090 245428
512969 469098
116210 880021
752644 60508
826983 851101
762627 14666
919407 112444
224059 804155
943811 358196
673570 219580
553343 359085
401404 358909
573830 179861
490450 175560
576771 462065
743298 58270
374922 266181
561647 584368
569116 410204
561432 896119
565001 348853
394503 838064
641648 771594
647584 507640
10914 840126
623193 388479
291749 821922
487752 530796
737556 746276
44695 444877
410788 56916
230357 142393
843841 862228
716327 457349
298583 459292
21212 237087
560492 162599
25950 919882
406570 435262
767683 819318
227835 263263
916803 788987
723149 651914
240389 693298
228725 404775
264146 920304
576047 94487
193195 392480
587459 132885
314613 220220
875588 162121
82450 417000
783411 4329
576204 862571
931072 865868
760299 374282
407408 487885
390822 558467
704346 483160
576310 212323
347979 181396
730501 641668
713033 203629
646534 200807
618933 530172
369246 818282
10569 62294
143807 729638
318145 973742
651478 573095
527191 81768
998810 719177
68070 317307
848133 504875
739696 202113
484896 932627
437115 16414
992694 29726
141142 869579
763434 843426
890169 377662
4901 96738
3466 617080
15463 982060
754300 41130
519423 782867
715986 856517
574166 58565
28290 876381
937253 542216
193012 16504
508039 785685
205993 871929
136040 359761
906553 327716
424285 239140
167477 89677
117070 245752
185643 589410
900558 334544
754375 858833
322891 234050
144854 151703
726433 138387
711462 44903
608137 838829
525770 282291
469038 169791
139962 555289
527008 256113
226454 327213
286497 945411
750219 28895
740125 345601
840782 454345
659831 201893
318150 421080
693055 110537
445062 454100
118911 47943
1208 655053
566325 936687
819797 314084
963162 837284
376784 745459
377313 269587
104147 153562
214843 682065
349152 449831
473943 302800
215770 307105
676136 179966
838429 568753
732638 69883
39879 144494
860150 675316
741722 554435
467245 132577
646394 404543
613328 233879
925712 735225
934575 24842
824145 488286
879663 575587
258713 113433
783231 853626
847025 236509
322275 582641
173616 629970
431212 519916
860221 58266
466632 499568
919346 367742
396277 412055
768988 827258
218257 312429
159839 278241
106766 385259
199926 429422
584897 545678
368857 503913
322713 24018
493175 69171
224940 102096
642466 716270
803437 496305
396427 175755
606074 618126
521890 411441
768850 481766
839391 499527
985892 766075
101535 250014
647810 638729
668966 29054
231285 346980
340035 167627
4202 75117
964945 226260
1161 948720
552025 442041
655590 333853
919189 20726
232336 594593
882960 85072
901831 968993
764073 759450
790092 801235
628342 864676
227920 864440
42308 311745
672910 204026
101373 235956
834804 970590
528675 16439
790844 728805
