200 48452155 80477527
912439 289546
316227 849875
308161 333221
537081 909994
111386 862535
114334 608960
331162 373008
449376 571226
10135 103104
870503 621937
460776 191750
613352 66122
146180 352935
930967 39923
845896 227975
431097 320027
281047 83608
20887 970959
511579 278300
936718 68301
193770 413464
275524 371846
462597 24791
312629 941365
944570 84311
945323 434455
191273 893205
216332 863558
68835 61424
688333 66742
752174 961532
591045 801546
487397 986278
899740 121940
377660 319807
42786 427432
269410 264999
490236 251675
487295 408151
160824 426525
316765 322250
442562 982384
813218 378953
752688 339908
996027 633042
459000 278193
38613 328932
869377 961488
341701 794474
147926 476343
658696 589313
523575 172495
698276 165480
45898 324883
317037 474435
557871 595110
964259 304652
575729 440017
455097 807319
841624 732761
517169 55999
525339 236537
237154 132338
583538 8577
153755 854294
137546 93771
224738 914071
525970 971669
444373 755535
864626 344192
188082 705104
573532 708068
573106 995601
237562 567566
443791 681202
161223 570775
694055 448301
95738 456034
745017 482203
599260 428145
459532 514720
683835 179812
809774 517301
314743 240080
530074 668688
972729 825400
627571 100274
99588 402795
519597 802061
458147 845562
180107 314639
197506 838291
73538 272719
183769 936510
552957 931603
294339 720820
897146 235196
614317 174103
157713 977359
370601 898771
140693 234208
610530 427023
444499 54365
413034 565775
19704 450740
102320 112105
761743 331042
996109 989601
57831 319257
547645 246244
934418 270477
771179 102750
32522 441756
513572 695800
368495 540440
361774 788849
81516 785650
633138 593560
134263 278916
891668 135779
811702 582522
482787 961135
135167 483998
985452 71061
661688 704
242473 673957
517277 852414
896407 72706
432544 971637
221925 153690
513195 12292
221512 326016
368705 218809
937067 877159
307778 194267
460356 579453
244621 740884
343362 290721
609408 477048
515106 823683
143579 284854
167393 642711
636610 548634
556556 587894
622497 429948
673267 344529
227242 199689
550076 130386
303481 410091
243219 555601
664985 270296
960767 944623
867168 626932
339664 161427
349685 73316
334837 893567
121842 521585
192810 62094
37348 848980
740814 41228
807343 422244
872338 650609
860047 479961
122638 511164
313 145916
938414 543145
764000 836013
931657 971534
389779 232080
562898 59416
232963 785877
788839 924700
401315 873891
896967 458652
603240 975649
872545 330969
993648 313633
145735 774608
86399 691369
754369 893906
45540 363486
626110 787011
14522 969039
410726 298159
728906 720987
855434 84100
134286 792577
499709 857712
350352 643778
784508 77336
625009 209333
418824 248177
809926 380135
728597 8255
721437 282348
689690 553576
544605 124614
964617 283764
466891 625009
434457 305188
