200 52510088 81475175
525291 839617
530892 165997
611517 962627
558537 279788
598495 848141
738038 948459
305127 440766
73473 290989
117484 928918
283664 963755
240580 692101
769688 807404
895976 206157
815759 208445
523060 315798
214905 330254
110923 595022
590303 714473
456472 87930
402079 481423
938607 751902
528348 190257
408721 517765
988693 211272
950094 969902
497812 994449
886789 802067
923133 798697
922375 601239
471750 108032
114970 798731
654725 398717
942361 523421
496548 241838
377721 577309
134002 179434
208614 857325
241492 857158
888908 982213
274393 39984
134961 9056
452139 895019
902655 672711
552224 832295
181344 73208
529072 862844
339010 158451
784194 361091
832570 950752
869471 968337
84804 25632
697672 208593
115688 520302
144034 102653
830073 779954
711247 929145
426744 478370
151897 205324
513749 599061
111048 888827
72917 698470
648979 849284
170383 315969
730035 37684
471888 615309
789010 605285
782814 586614
183715 73496
897882 368533
936715 845163
600638 184703
738108 361015
969926 632999
15651 139784
750764 600241
428407 877690
461771 931924
636466 615212
827365 363754
868637 712164
318144 88727
446915 582271
147499 705812
600135 114323
876574 336727
544082 371171
819455 819297
866276 766589
493377 550499
333388 205428
547047 820622
260659 736246
140839 501814
286738 668233
146729 151009
822532 739430
858158 399922
264949 200626
693262 465325
806842 233109
430234 918502
904187 198521
412192 564043
759051 463649
557900 942282
414872 839139
106859 93472
174206 444100
717963 777728
422774 754798
240191 626972
156587 762192
47871 374866
156013 997138
348203 445558
134398 889652
98608 474936
722186 203330
368707 446834
365556 845494
755211 264401
784524 904042
893723 696349
368668 210616
922141 98854
800418 914096
984394 134989
417623 827125
705621 662956
22830 386868
454760 682339
363416 657922
75525 178048
511428 7057
368399 67530
850661 20047
181922 287722
615595 623324
242332 203575
633491 512101
652927 189852
786330 924642
988143 882856
357389 44328
665813 897458
563068 294187
879270 526631
159244 986708
283070 658098
827372 529083
41126 905990
579168 666946
191989 705803
629113 438605
270418 144931
925093 334945
162007 504279
936162 107416
713297 560163
597070 499198
853028 189722
762971 833996
194315 763127
612574 4415
481534 704066
560070 897555
448940 164380
830697 344993
711591 882023
813882 338450
316064 48852
979351 752063
847111 655626
731135 38055
203732 419312
377057 452876
502052 659351
632015 981162
741051 951559
39122 175253
797224 118884
615703 394926
366918 74877
568838 533953
348830 183474
545843 46014
674986 37119
28269 672594
145397 775913
312948 66530
418910 568963
748233 115236
429179 749085
371357 420953
476889 641354
401579 287019
416866 209613
591265 957983
268440 192608
490041 577654
