200 58916111 85224651
847497 489828
142181 598013
972531 850847
655611 356468
27116 804961
125504 966954
710668 160394
913058 933924
472233 890010
523145 989211
579994 644096
755050 547604
661718 282177
986489 714013
38202 579265
566331 844581
84201 645618
782201 945017
258445 33174
830864 269847
656764 250866
286822 645488
247095 963985
533239 53695
515724 659377
704333 674433
522395 45007
527182 153168
966645 220682
305647 748256
203360 310326
329415 706580
339959 134848
770622 85182
894254 317113
440356 402738
26228 117953
978910 157253
93745 220753
647802 396711
105903 585828
997220 665626
654612 553987
401778 825806
704589 426412
222938 67739
789255 163358
12291 527194
272471 935940
66808 444321
330426 301883
187257 800537
851574 584770
987500 403261
852831 729213
138673 931248
846901 483174
364051 533947
722411 974289
435674 873379
740163 593177
19901 203875
937364 899564
653172 125003
909933 898352
259756 623477
6100 153297
156948 378975
258407 207529
152980 831722
805604 623498
682782 287150
644036 61547
833564 856440
638977 841004
713609 798433
764921 866439
742300 60044
525355 41109
676766 80571
377630 810746
219805 305998
644320 787695
939961 220698
883372 857194
774491 975778
911461 976364
682694 374325
865663 795815
926405 735972
131517 338569
417412 397405
826388 189097
111995 863400
411695 325581
923461 762558
290252 377750
700495 280193
299907 896521
115563 236125
298855 4090
268804 963961
798917 576727
829804 640921
656138 900558
868882 536595
625857 864412
192143 291243
214713 153139
15455 796814
641156 696455
312813 707816
93916 723254
599686 868450
287329 128210
968624 675707
182590 993740
472980 516290
104745 950590
754518 523693
36680 342740
238789 765465
169393 817048
485614 629279
703498 876954
925195 667215
902095 466360
432217 90380
41202 704207
458247 86404
279453 659774
789130 169994
712339 572115
750861 396753
550260 687317
505222 858183
510175 928238
432292 588427
141106 932210
504996 93709
697325 872144
126787 770433
75444 401876
727182 380928
795763 816342
748821 659515
351708 507459
19454 522972
770891 885765
547125 449531
202251 329426
950721 382969
682802 426062
530162 721085
65319 843422
695863 659081
798852 936011
166220 759736
741142 693710
649488 905814
506433 492158
434868 351451
197121 96275
598736 33222
925195 862166
941392 960787
471058 116775
527819 465368
677029 799146
566836 659202
114421 354127
34537 685094
184501 33533
749993 259910
521562 201243
439651 851299
59970 212859
639913 51770
705009 732131
893379 502940
568630 385080
551776 735021
907756 908745
526824 241337
692252 54581
100716 448110
297088 287099
130303 633594
14178 688668
349214 517762
349667 164207
769162 716411
770584 306881
299639 142697
259599 718374
537244 487346
943 980960
954859 464286
640381 346347
140443 911406
