200 59935008 86134660
460349 523547
840494 914135
759535 480253
193419 726262
514225 274215
749208 306453
684633 744504
20803 137335
95934 715824
936306 331029
359798 628095
911386 805238
927866 135399
387633 882535
715366 667088
833787 854808
914077 157032
351617 688531
203338 842804
296225 199321
885249 589304
539646 947547
676867 940607
209303 839954
521248 61320
256822 234427
217911 953869
233983 604659
303833 760497
572712 789546
566156 147525
876743 820103
311275 671991
367430 205080
894315 58263
531572 154740
965432 193927
730166 762736
495358 794815
277723 10170
924099 272634
6797 578261
227697 847745
201314 834545
373554 866578
293010 136038
89652 992877
927108 410445
763340 92218
304705 936315
240182 738202
361354 836635
752634 423240
601988 181031
849515 34732
292049 265283
825738 656892
940219 815606
297415 282383
221450 545797
295911 719296
143541 816622
354241 599547
799669 154110
711714 659367
911220 618639
80528 825840
331045 480802
711916 820527
225069 332693
701808 103097
847358 940097
524504 698945
611653 428658
429598 760043
980793 105348
532637 350062
283028 702870
91351 922660
946143 364590
236242 384753
982885 708457
982045 976206
709001 94941
713520 525233
345844 521549
103345 695387
965734 738119
323091 544253
801646 95838
498457 844552
964213 779008
893689 418192
731316 78771
5467 61339
451654 781168
767616 542476
351127 306716
835456 868135
551804 570463
588396 204736
46109 735459
250258 570053
692173 538795
677982 875748
181434 263629
454621 626842
370240 745742
391197 127962
374232 305368
430577 52950
698221 367258
109265 656364
242127 169788
267037 33328
741248 260158
199682 166674
562028 126060
855541 118508
228406 749760
463837 540971
56878 708372
927949 29399
868830 768834
480303 975104
483140 423706
885564 748935
953433 844799
314279 879174
259152 803230
221018 329821
931034 501900
419159 531354
325222 526651
610881 560580
895527 298777
447476 475076
188173 921030
774030 175089
623381 782127
206673 777142
229372 52364
426977 736098
528015 837362
839079 800204
638622 609173
3736 834401
144974 379294
266832 133772
131278 906661
578392 965120
569122 621644
7623 988581
335963 481911
986052 915037
286119 100459
839017 402353
909572 805058
417091 404893
505744 880136
68470 259636
325501 534838
531389 379441
88672 526473
406416 903964
563048 315197
639646 928790
426859 355179
998841 932737
817820 938236
713874 133454
225049 996105
630297 815268
100513 839313
122054 128554
460515 489558
568374 558577
642545 741972
359661 992321
661780 784287
320314 656830
541369 859288
260152 14583
684936 477131
312176 517068
791125 410024
837788 531641
658863 964828
292871 820803
361302 506956
659920 523837
614923 67118
389837 159479
942399 555395
531403 77380
249133 737141
873204 65959
581507 622153
441930 397594
679675 183872
