200 4834229 24978693
950152 84415
350460 504464
942434 896874
575874 291895
482379 622748
260407 57437
175963 445429
715145 305543
581544 311861
316064 832878
8009 313355
291057 607383
361205 326716
903472 255184
474313 90028
539426 13128
688488 427725
860432 252940
857212 969889
654039 861530
709275 427053
514781 306723
489926 354876
180958 518754
618123 372940
974884 740116
608842 405658
801621 676755
551252 197253
429158 389395
547183 384993
505134 4663
68470 728667
126421 639313
662301 932548
36139 711413
582355 377724
95957 46648
562176 288700
478817 207434
548910 500223
322171 674157
993475 317006
79033 912145
896620 992935
948241 489294
664406 523913
533098 37629
121494 958495
982671 393652
999209 911110
325824 773596
791637 941757
426595 325424
978990 544488
862296 360339
166708 411713
235498 712654
782874 289052
670113 677606
501794 992916
837876 886678
250147 194775
139035 636974
781292 331275
424899 309384
448195 904796
622555 738594
550278 655716
32203 44829
119283 94517
42629 450513
548291 544454
158067 696459
846320 601655
648720 903652
928152 332482
418451 624383
578362 603840
756997 814238
224989 208533
294708 986849
19727 67834
30080 704797
114315 742693
461586 46997
88308 123351
504877 988376
863422 922946
138588 847671
497068 39444
815755 55648
141235 636260
636530 375387
370238 577272
350316 773537
552843 304945
430502 470420
555186 21460
787186 970144
756422 331509
429371 526764
708628 838082
38419 878012
73353 101417
979625 439590
180720 906407
450838 311598
913752 98798
233238 74753
195923 355378
493332 128139
875547 962705
765085 193973
236496 748381
304695 962622
419165 699847
151371 125877
375608 71017
1597 802128
97095 241903
399772 711340
176160 781283
200885 135202
550057 165653
100290 587970
800990 435747
992768 951215
609393 628842
569630 9239
201228 517193
661201 313037
109682 897614
934724 803716
650051 442432
669869 664938
932574 102665
984187 899806
527585 919101
520363 378448
33676 80075
957946 59444
139075 527231
78005 468003
662642 695537
513516 914958
521355 258446
586821 615647
71978 165312
699244 938926
486426 348477
736360 96412
663793 260521
83529 548944
570838 811753
732094 975692
176163 95622
416835 330091
492773 134585
549239 516729
476928 249049
870539 639982
450992 166878
872983 265673
315114 798033
596935 691206
747297 770770
26738 177979
37348 276229
50315 354645
305316 878362
188784 520105
345620 5304
263584 551417
718953 704902
559946 650950
312705 828822
122752 894477
488736 591790
786570 533727
271829 451635
882839 12256
516859 35060
268367 668
375899 577424
841923 803329
163951 380102
440646 78781
523585 434775
97621 770613
516914 888346
259121 10654
938775 578844
612558 220348
225342 669937
524579 684405
296718 600219
785954 14993
471756 620502
139202 124561
