200 46558710 84844250
299586 739476
617915 50104
521156 703814
999272 56551
624278 876928
490629 269462
357198 788897
341632 367816
386435 277289
940991 280118
680971 207752
457015 808487
396383 983360
529822 871400
685083 140153
163640 309801
451170 572193
451470 227444
566687 468669
955006 138826
965286 75025
506347 553436
516472 48168
636564 155107
422693 682369
876483 874460
979404 984342
509532 412068
215294 521610
904917 509099
389377 124334
43716 688024
516080 449136
302931 2041
377600 578656
435217 191781
330205 189024
738979 646193
85683 834088
530904 813067
498568 635443
432986 69750
240134 85194
469503 331170
327063 676523
388927 209895
221865 499414
470913 78238
367185 638195
910030 984348
748939 669347
349479 652748
797215 810657
431409 547112
804000 652565
404494 777428
985423 130933
999560 158359
880092 15576
572199 60342
961420 929881
401698 623791
820278 432356
953394 979471
835623 93280
969729 582256
150309 725177
351874 869843
990865 142536
792538 359574
291877 225506
925307 55122
176285 358202
459474 995347
653171 762164
410390 263861
926338 964679
555009 813207
179020 600653
329884 144127
117271 940714
920754 777354
988402 812439
545702 882190
699925 650
885025 795982
435686 381252
816547 39000
62168 53622
99259 2047
813166 808657
650706 456689
522590 527273
564449 204788
959184 712196
766147 218561
419781 70469
480036 147581
622165 5744
934361 564432
851153 33561
833226 171876
476807 544686
550666 667900
997859 959197
789767 385070
932978 568611
818013 535103
397698 860787
188869 221337
144998 913983
385770 959659
17174 992293
354780 910813
872434 151673
589149 204399
548071 612715
544089 983789
383466 110997
934131 909713
384546 384292
664699 501877
376610 271648
118587 931507
401236 902553
200881 917467
50161 569840
891542 318288
643116 796671
421021 920511
571631 342246
79607 477757
145532 743219
362707 747260
763510 321005
70052 138858
307321 194045
587482 474471
976483 234170
396722 618912
634230 896207
548457 360781
768726 214411
272076 647811
579180 962437
267115 878518
575213 389098
424555 790415
807541 162085
175419 98470
772493 118249
826015 705949
25996 548062
533864 400600
912601 1702
744580 452188
81678 55242
449457 16771
361400 137798
400909 66905
761659 171117
465354 983575
525778 196794
116349 501562
519093 104117
800405 188734
595411 23999
32616 598076
67966 98490
311913 780381
633511 6551
598326 613690
955518 575805
62798 395602
486395 48339
851680 692711
485243 967914
143102 84405
431746 914826
469617 612560
293855 91735
636518 662745
178477 863200
252613 62364
108981 258501
681378 122185
77233 548034
454796 526477
555308 511644
772419 88141
314757 333350
573064 897471
190674 527536
569484 111908
965984 923341
494154 820134
188697 39616
337968 609546
181695 573763
378872 32721
