200 63794638 88232081
104760 823970
579425 778166
514266 256692
871214 395973
404172 187854
7787 827092
12068 183759
216326 906854
805433 638007
415269 898292
554977 48438
365757 801989
459349 803790
729092 893670
229297 710375
20286 883463
376984 741871
768116 149618
839989 700587
637444 776168
321564 619935
572945 858010
353614 833046
265690 524801
136155 923919
153513 78042
972770 923396
474786 797250
392372 999384
240507 586345
742935 687068
709770 435830
106470 894846
915577 924471
927382 54222
627927 117699
600659 198830
721353 879279
905033 271894
24542 690921
349630 426177
580608 603124
731612 610296
416773 821568
936397 572985
680741 578533
473791 486340
383303 259004
159495 546241
183028 371930
247777 807057
856877 20522
224405 552175
772567 814950
895030 416899
663252 753138
666053 182851
364526 472853
714738 32838
870701 31252
630402 508711
369032 9453
404556 766738
129592 845101
587805 225454
852711 171374
494395 442855
793864 608113
432967 982166
657600 305812
628091 497040
253057 825072
389075 39688
247480 378321
206025 241570
34844 463187
622584 735445
494695 592533
520034 761019
46050 68701
355213 312440
528664 155912
975688 656325
388652 824044
727115 566168
806663 247116
287356 493170
598569 953590
584014 518532
987681 673277
183748 880447
277720 101327
781140 309111
381831 469106
51750 410482
137161 827423
115451 14483
222218 465851
48747 730526
169247 576494
841991 859559
775344 782690
23709 595420
317328 409690
874457 792299
89453 658540
492616 685073
922467 440029
384696 395137
75947 905751
232508 708269
527024 774857
685004 836787
613122 428763
145288 914983
376995 832269
851293 720633
579967 784683
811264 126019
6329 106159
26776 697650
965409 914867
995640 303502
619073 606161
559370 531303
765399 929945
204615 928030
498972 854958
985442 478029
613635 202301
870405 801044
782461 526043
692786 803137
287737 822394
458252 316507
721002 458696
103983 239755
305216 367589
55225 116008
333688 945342
295468 141725
910287 260299
85228 257785
783954 26913
98978 121619
10129 339828
948611 279704
349041 968173
726123 105459
87137 231204
384291 295639
312229 20987
505602 429100
621710 563222
575855 344724
827658 265082
596356 265816
886039 593345
472782 155636
126931 693367
858929 348155
669296 569749
537000 45736
60995 67736
293739 220163
325691 441660
683881 833581
821102 112282
446068 283336
807375 96091
277885 744005
851772 378520
305076 571083
138228 283024
274065 208769
552998 802757
651505 632888
141988 399539
771224 69816
853943 472366
863125 705573
446220 539479
341827 649614
117259 891898
515371 775635
900872 181511
598343 515248
862930 886827
30434 129962
950185 409419
488731 230676
656782 753117
589000 791422
798962 998882
96822 747771
4112 654148
557711 92302
825046 634760
702165 737777
980478 335023
