200 62502493 84002776
814113 407759
492402 410411
88275 515505
946831 619210
862037 642715
771548 506089
443645 835628
431815 346379
536482 289636
241590 581929
114586 532787
194782 800906
475294 510235
15029 230715
583626 886020
587903 903916
36737 764700
906949 636647
213422 319848
84517 118765
294885 780460
594946 494831
245863 302643
617819 580966
179908 727804
774842 198031
396507 257473
372035 700231
99453 79013
290988 668926
468528 361465
837131 146523
532751 969131
109194 164268
927503 52875
810360 105352
479068 867131
707514 573892
191906 936371
768031 917838
986023 316142
116113 428393
394133 197813
983142 806341
790678 969670
304534 715130
590936 145377
696584 541857
624880 858798
658821 355919
583642 163342
688718 576367
542878 745468
485192 854139
404751 544288
453653 904855
623726 530288
516863 519818
348395 132675
925902 859737
741899 277300
616313 751298
754661 650351
422585 903314
707718 747483
671992 678051
643252 304292
109353 811766
339984 208163
801777 791401
936852 456237
65858 614613
666364 314485
287305 522758
787266 79647
569213 77016
158017 702690
576152 394538
652027 524120
584803 636738
556086 460453
538473 960829
134785 33346
443085 56177
387412 902245
465720 338657
187477 931215
648298 681179
15223 15409
221810 876658
401277 892412
887673 380884
399389 767300
104120 416199
722943 365647
193546 348292
553828 343936
7131 518896
119844 190107
41728 245171
421072 744500
846305 292983
959094 614777
525713 205439
434498 259032
230910 628961
666497 693582
278660 832674
221313 312078
309852 922860
327701 421258
297841 577390
715701 219360
414355 515088
104705 208868
922244 517522
401830 582854
758064 487872
312857 461856
437754 41940
397441 577759
85234 317032
512753 728203
869154 885270
80275 727604
848584 442926
655200 493179
25053 363795
47947 827962
215444 668658
753534 624785
66270 706208
622779 237966
436458 82191
63141 63032
985259 339885
494936 333432
849681 90
321074 85413
570457 838531
314165 435370
631808 340512
788293 926230
869267 423430
185611 572992
306082 755497
252668 933589
83730 164466
718004 85120
739090 178169
652924 83380
65382 498336
155243 70489
716959 84875
933672 487953
491819 664191
676685 231205
372744 200342
824679 578001
323092 125660
466650 366760
450561 420170
205537 95717
40868 570589
256180 820112
85356 150481
537410 457610
135535 859199
89693 66869
309344 654160
476790 786306
716445 541
196669 650904
806565 925477
475050 63390
594727 562922
184666 840677
147253 296296
80529 106549
423448 518707
366494 216370
909053 271660
46620 861291
433484 847135
238868 700608
765337 105340
679744 4333
436403 32944
620523 394231
490714 871456
109236 949937
831951 487234
827505 496619
84483 824279
607727 465784
427889 121033
785880 262299
78343 983197
788910 840270
91647 879956
