200 60367322 87380037
491908 273899
881112 978396
210910 627286
849758 26179
917063 202248
384083 487593
38103 116001
592229 703443
181732 812193
2108 556474
775173 64439
209421 544355
709553 434216
844300 725148
68485 622552
236478 873236
63460 230457
198700 406104
895096 890957
172083 846694
576727 281497
320121 39599
407490 856424
589626 738542
614279 38328
84672 518048
760902 14534
767985 345759
55184 459569
457090 28703
380139 849869
162442 838659
135154 357703
318769 804573
927321 796720
20359 365697
661455 122856
970097 273796
503420 697832
394621 77462
531434 739371
571031 174137
642175 316538
133589 812829
267432 616467
610669 510234
657042 656821
468486 859401
184978 389963
461483 396288
821669 370738
199132 984424
806993 197353
158079 37180
898346 111380
509876 419103
203568 525485
304710 191194
139734 241096
601277 358834
74654 382592
245392 396706
471327 66755
499447 815994
269672 464439
201247 659860
936319 253960
136119 506286
979458 369168
585511 804841
731887 17441
604833 172125
992255 402290
469391 806103
899052 838883
284012 156272
371220 251822
953967 949707
437686 363116
776673 784682
496601 738433
765584 753453
637963 951462
103260 949801
896967 381777
235310 217697
95472 774147
831881 73444
126586 770094
628792 829763
816808 374464
730919 719724
713839 80016
278862 737383
457978 191076
608968 325165
638087 849757
571586 439328
513198 758912
733006 242156
552450 658913
481687 527544
572368 602094
454959 28168
336261 817109
776901 931506
147500 922643
744370 985530
724564 420314
200818 880845
926735 351774
625264 115415
669655 387325
970681 127425
165580 526217
604371 731466
834201 547699
490919 174913
576820 958101
48793 880092
599619 499419
147320 455608
237084 91151
752209 466606
782565 949505
207454 689806
737498 161807
494108 100539
712365 786710
296378 969123
928840 647349
640557 194137
985966 843898
713376 692496
397631 443244
330697 18102
166682 692917
32983 34986
422301 873129
215303 256924
786120 753079
807702 978368
217343 923563
499473 570479
55662 654109
120328 390170
296583 952762
739873 111851
230182 857452
19336 257722
8150 659945
693828 298664
664429 350229
815909 802396
138770 273109
237402 823704
556191 799474
142687 548023
796833 444453
270675 719045
813244 580677
778663 902714
202732 762570
571059 58133
812518 662013
704035 87250
515293 505214
922062 222471
124256 149745
556391 817057
194784 481030
661260 67509
859280 272996
787708 703621
157221 281458
48486 164498
143101 287170
139356 709337
116572 809626
569190 191019
111441 950175
456627 931564
505783 543776
959147 656104
895447 313148
210463 219597
57643 270706
334370 555593
751741 997827
938097 420225
178478 354694
811021 402410
969747 938824
156202 102536
825018 388765
808575 404353
685450 7303
198398 476893
416968 170178
441246 62557
