200 72030097 89083570
136319 57970
620043 842427
965641 403725
43905 695890
807010 599535
159014 524584
365538 555256
787752 472962
891231 250728
481071 607385
454000 484782
663792 541106
241036 586255
702111 736283
98768 665839
422977 418243
526367 815296
615199 383543
531747 265092
513302 907189
13042 795776
353420 433710
84237 748863
646013 423389
229186 900927
465011 878015
515761 984061
492436 54702
143723 214808
124885 309150
556918 873060
995469 970738
930349 96910
383268 523964
444036 792679
116714 328656
780330 127759
444932 873987
396743 174911
141440 758213
956965 892914
661194 199000
146090 595441
349048 316204
313923 806522
514752 436377
41181 150284
924681 707960
581133 843986
339806 831903
829264 439593
694655 168311
278764 809936
328658 671099
427509 493547
881079 906958
43883 51444
729017 848441
557057 507903
250528 844289
892793 172007
987235 589537
521642 233946
829370 990633
145763 30526
142738 696243
350186 870975
598938 117245
700509 530807
18042 777960
141818 895032
526884 57100
340474 743033
621570 239414
675479 320410
338063 997759
461167 637205
681986 839370
866369 201475
392932 488793
615572 666120
311363 684556
631606 115229
266559 162552
394210 422712
179777 943264
279483 571930
464716 288915
387509 260725
814827 923554
985747 410359
528074 42043
601290 970935
929377 611366
504261 540219
294475 887772
985922 321764
959029 598463
726489 621303
350449 764539
289693 830088
210922 574775
829467 627461
596466 899063
532736 217308
684920 326417
185495 980874
296597 679817
718063 687489
902533 964876
212314 490741
454067 39366
761746 51396
858028 902752
560183 407872
240118 303577
485812 101658
508858 317184
48895 965612
343068 720139
678910 656098
539499 662103
788423 848902
502452 303933
377984 505704
489713 196045
572901 340902
39647 110698
383528 385565
650861 851842
578227 118572
491984 218280
259593 632033
159539 988239
245002 682819
156172 178021
306837 973948
150026 481545
219848 814048
441962 420139
358563 117662
972265 186303
875594 445250
755412 760030
315561 491876
975483 120825
725106 398065
943940 217082
205825 312787
975195 582265
814049 990464
436935 698007
646056 790748
618008 883707
728573 702796
262589 988327
797178 146585
602802 336310
336172 711548
375510 532276
120055 669196
122458 453977
208343 945217
27030 599396
699841 461860
466678 213713
559528 410005
832657 979574
55131 983992
62298 974912
758795 91581
287983 449924
50411 512459
825423 147332
792880 361673
140969 961345
226232 877833
638799 366904
44487 887121
761353 362746
137900 998918
361478 611755
587458 695159
391470 554519
98642 571715
320210 991084
818198 254313
538437 993944
489304 306986
526980 839040
523641 545181
852880 572057
685262 54415
12765 546023
390437 59156
563554 321360
369957 33646
441937 489500
677203 510361
742049 213708
