200 5762853 27622004
46652 634486
48773 820586
245790 526280
113682 145337
969488 608354
884111 396936
149928 29539
339242 508954
205245 137675
729225 174696
787813 297354
447393 865017
627353 179938
788264 940058
151477 177851
323234 23355
518364 939139
429848 996454
285753 779519
635752 791004
454112 249139
767605 125134
436050 331498
373374 305013
623647 774883
527373 300110
820710 830872
992070 128246
404792 737068
212575 430685
909979 222192
568814 601834
39786 265810
723229 759211
178714 673698
127355 463415
521559 970050
330861 652131
963789 862762
592386 820893
367106 187029
331748 103144
566560 610764
362217 404532
565585 433101
18313 557593
481155 353432
447915 920880
612363 114773
220568 885646
908965 831077
499921 809694
209049 780227
41083 103194
492026 366359
499320 694374
145545 585431
295314 994313
841526 80794
939537 350024
57542 635387
961516 499425
183376 894758
769180 666081
99425 92290
76363 304546
522623 93691
280300 840421
3787 268714
104292 545800
531839 574116
207205 103460
945111 181852
936156 268677
636941 520694
915904 210567
695868 299753
442827 783561
144358 1743
26374 98257
567249 782540
57788 389308
841100 256345
315472 579040
944463 410732
32939 592768
796544 326022
271565 352170
320850 671384
13829 691185
347656 545427
362556 437251
208536 865355
739499 107110
964010 313030
878509 275795
30207 469671
564782 496943
90735 993074
223427 304482
562315 15803
206676 781910
159969 347760
900788 775886
95197 592959
808529 166624
525836 152485
628935 766097
573884 557269
592015 99659
501696 711873
878740 271229
890896 895815
407526 978959
216204 137147
77319 63425
952609 872781
240419 219295
126404 238935
959133 28195
524252 440134
217861 654247
934716 993634
67749 274757
810510 263803
141883 828109
784459 201970
997632 705634
882470 803809
370535 242417
142793 670888
319457 644943
816502 856853
509085 933614
710672 315695
60174 105532
869875 649503
740068 232409
160509 161980
638748 583218
543024 468721
576883 341375
490608 861453
362486 408085
705958 163047
919669 864616
689735 585388
712341 955617
567919 413319
283397 912408
862567 500523
354761 335087
988614 823040
889330 826122
491571 883368
322350 417070
216328 78316
676539 375413
168722 845768
405495 491051
522613 16527
761172 307017
785260 450044
362919 758924
796335 356183
734943 45616
915885 582785
925778 551438
359160 409820
301299 633679
904769 141337
379296 831116
307768 303391
97752 130820
319445 148565
580810 289209
821109 174540
125384 584679
143388 851980
71323 815074
539865 207033
872432 620171
869255 140898
426479 236462
479471 523559
532332 765243
704651 140996
485558 410015
318630 566910
626061 243455
827167 764328
104882 877713
558028 431442
255318 633046
980794 28943
720116 417848
168979 685218
412602 689212
273305 671749
678434 397027
