200 64104047 84673166
426966 957829
707066 726534
875280 144912
968288 472653
349145 628322
395253 845587
417609 903387
55911 549789
160182 599099
654750 923748
894391 516785
351119 542189
225091 879810
416174 399238
744439 973842
855360 914142
866614 792467
476366 380162
641962 129479
66229 48240
39721 118899
847771 796889
191988 279266
293884 367224
185433 613394
843682 758026
92024 166336
78835 151721
436642 618827
74404 226569
831325 198663
384460 260045
504068 506273
189651 284167
443915 794026
417929 341003
418273 459458
458771 179374
593518 510434
881599 531296
804220 2949
125689 857379
483569 491572
266327 815079
459642 409837
374607 783428
407684 491247
611400 425107
115748 15077
380365 847914
493399 83308
862814 612466
960291 100291
99681 631910
917788 366158
90678 238889
86210 704007
93032 801476
407048 924418
195327 15804
297648 403418
739954 364044
171537 350333
52729 932420
25850 508497
323457 189566
717681 493186
767097 913592
793492 304810
873865 292371
833057 935835
714083 267559
63185 951884
65393 94977
94238 482333
320046 383930
925734 669960
600529 37365
218024 922022
854179 920756
414699 518107
301554 879639
472509 738208
212126 930419
733913 570283
37072 368075
379362 650237
931339 44974
472652 763848
580698 720173
768218 398394
434473 762486
466689 996394
207088 147921
316716 585054
238090 366903
31193 992311
657764 545418
655392 161722
477968 579510
710612 945147
623609 64482
410434 608104
388081 103314
972695 750575
543463 355996
11614 456013
940404 287172
881446 770548
668628 947767
117121 777752
683250 720481
731049 668823
56795 300075
84414 113987
694869 618324
935275 755789
330761 97643
547302 629775
911643 268006
824597 259637
903322 259938
271310 940553
252371 24824
340727 825755
890176 199416
122316 775753
29918 118213
321023 519280
532700 385485
695098 294831
208175 38115
329600 197204
10818 728442
123761 936294
375563 296832
432236 880271
121913 332692
953999 328291
688841 43302
823514 340369
250744 622442
656177 776805
670099 363513
228928 40503
195882 705156
421049 260532
209251 20789
213944 333126
323242 635300
545416 719075
200134 737010
996415 149359
522759 362054
854404 559567
82076 105570
716849 697548
116097 245665
500627 289183
179349 583631
512334 134239
341193 603556
539806 378884
47157 580191
737400 861911
707013 504892
705999 785976
34576 232657
411506 200459
560329 416843
76242 565632
906958 311551
642466 432638
157086 504879
591895 507052
615592 201180
209423 186396
149886 986499
735182 366740
708200 800053
634531 488121
898645 879574
399017 967130
591597 82930
858793 163094
455745 67255
220445 765228
964964 847827
415567 526365
502803 860651
419488 825920
677711 354292
446757 349218
727244 236978
879532 824791
139777 854475
141788 347297
188640 141063
590458 891516
630880 152423
