200 65156844 90419673
39818 507900
405379 526304
178636 774318
506096 842447
319902 613928
18957 185086
391574 487497
163656 269552
267531 424913
67911 265566
674195 500784
507455 283471
491239 733032
300966 567760
421603 578017
639168 408017
696490 303881
45782 123676
586855 455461
531590 977714
784558 457337
100595 615300
138112 772240
969948 153483
707309 15337
912523 318020
303892 75198
785636 603212
290182 674994
341469 267859
194121 35862
448140 857216
959032 559768
786459 404065
443976 535176
509145 93005
357477 535432
210027 784857
995131 84496
511520 144755
622416 689755
135266 770014
573006 785330
65863 307466
644959 366355
444679 368079
224433 320766
9865 308358
90265 687707
618262 339908
919507 519627
36911 132212
861351 455113
714169 893328
430824 671677
244054 572924
65047 877725
669200 83135
982052 716160
464751 688222
337044 529537
863594 976791
588414 533964
199226 961527
343983 269512
974921 184728
792109 682081
424842 15419
247001 917808
945954 793342
245613 415434
878659 404154
943653 105634
843482 667195
884859 401372
587230 690845
693450 153583
141257 680191
784020 803573
123556 204775
756959 92114
64634 282098
293882 926719
497518 804662
564061 754674
608425 913846
571246 369260
698027 925120
930080 512286
455939 563687
135158 904377
981274 144089
533990 225489
826409 879644
910488 804460
766283 869161
508557 157037
308396 571941
190941 649688
914209 430200
153 629441
917266 319628
378127 117782
734098 1188
994539 242117
372367 599382
356730 218443
118501 741671
541578 229019
543757 456321
422894 134247
68658 379923
746398 118285
699236 601413
580474 502753
467493 202775
952367 928723
419809 707413
298098 797693
869179 494073
251754 457868
721411 719197
29866 152904
635587 164379
601180 407553
448121 439555
105785 58328
34782 872632
110452 694247
333605 618663
636663 964878
350079 886373
552772 156443
585179 858340
184382 809557
765868 737426
369537 427109
877794 148943
586923 571170
807226 731720
849214 729015
869681 904373
7710 111027
954580 819947
272244 24365
85683 171166
73077 587474
334771 360759
709885 581133
391043 608782
921557 354769
818535 975685
321236 228230
812208 122880
291489 631182
672332 546948
757014 680242
859449 290987
660224 366
35605 557953
74371 901717
231826 270591
874074 662050
537093 589794
218621 420061
845021 859302
390939 597991
933616 606116
733318 850402
811313 695877
675695 828607
97470 138914
88262 730725
991254 84282
192387 434363
636456 839439
717827 532114
636166 676701
389834 626930
992953 81400
386215 243519
371886 3841
235061 589320
749709 318724
478717 625581
146154 29169
761145 9770
493524 662709
694260 658500
514891 849845
213389 185550
7120 221351
66010 201816
370004 133324
634984 183797
851666 587918
14049 948648
815288 815282
875655 942763
686464 941241
