200 70086404 97484925
362024 158111
16668 474672
539650 662538
603170 919127
264875 570748
406423 687229
797115 207125
3241 396135
622280 386005
823744 291022
529961 452779
976465 540023
256981 809052
471696 73328
936745 841484
990594 438696
186120 838125
754032 870572
905180 884353
960375 766138
986363 472653
375421 70531
976486 218460
998142 995906
756587 704812
602692 998004
423146 318138
906037 441331
334452 294437
175366 908083
282511 547457
606478 165079
356630 171195
60533 763761
960509 791332
299147 832661
658739 796060
947445 84952
199968 323036
884929 985130
593358 266527
680347 540621
808611 182958
915417 300977
168204 203207
138545 572974
158326 809321
237962 990813
46518 156543
815599 815892
165129 795878
526496 724156
597237 519581
41283 710288
453582 620936
187832 58675
485204 882529
881354 411758
190714 91388
305729 672774
4290 940596
234516 331382
871747 117559
122363 48846
782028 552555
445667 202920
499043 732412
914427 320898
607526 756804
162219 779901
450579 854229
823333 846641
617763 17830
661395 383851
773072 642135
872432 611588
996600 604450
247091 125023
998362 480928
931685 573182
816445 814133
837524 5825
307055 8602
320992 911037
570859 758789
838834 518453
663252 9975
514445 16504
302366 757602
48956 610583
719628 422324
138027 805248
219539 429124
651666 74811
691806 979032
350860 408641
940651 651217
743942 651508
797586 80884
222930 433216
868774 715029
281883 601420
764852 130466
804851 178460
92777 200393
826377 780486
359376 505735
652790 588814
554680 120782
136438 498337
823859 203730
224884 841899
792443 950321
142909 989077
519600 701757
785367 988830
36349 963879
686955 536725
34136 301449
774493 172272
533223 536207
175676 64268
305536 273603
752533 583042
898889 702005
89250 192674
23486 906051
565728 619535
446033 735498
769022 318199
461356 942313
775793 398445
189586 550510
824612 248036
366243 945696
420429 59210
697790 67625
694491 630398
485697 299805
678731 313328
377260 411307
210138 266516
95011 113695
840725 156547
402194 943249
271436 536494
545515 51950
678629 413375
197706 808800
627148 529230
82682 778205
190088 175356
812049 948489
713257 405360
86390 846025
443102 871084
393859 111974
89507 943307
688069 133913
88023 964569
727776 687801
903723 304398
876880 995198
523255 102249
662282 578161
709991 922534
413057 550386
630738 242843
698756 767525
564267 532981
957700 133882
152656 71945
942004 592280
10112 306137
510217 216294
182698 237862
759393 569270
644064 263661
353792 923854
330858 925439
157621 509715
824311 343936
292251 906836
707695 26108
822139 496688
701027 914913
899599 743398
595558 623709
563041 571255
67509 301077
144146 780794
28049 306174
407415 275964
814638 371420
417694 777169
987331 304597
598126 203643
695234 321585
763948 612854
336866 758641
