200 65028507 93761503
749171 608041
318356 158549
752645 33131
65361 65684
777767 585141
782718 347731
823151 623014
895497 192725
514932 76542
894232 949203
233804 468781
820128 282388
990832 955829
586903 904805
259580 753662
206785 428470
356243 326710
184615 127057
960288 74722
978663 836663
757879 134214
122596 252121
30361 725485
322077 209648
751062 302870
533852 438009
727629 409275
199237 989841
480911 754623
908302 866792
919714 710259
59149 567909
901665 634053
980076 643862
444097 533829
207930 80658
719534 203733
196188 479470
798356 748973
255009 371672
775161 579720
670771 111635
235527 889199
632232 808591
499240 763040
68472 504676
341578 979803
839498 591211
555650 264
577703 323897
739020 875912
868752 204409
696176 164758
426794 448869
940545 799066
34455 724641
506368 225162
305185 130100
615709 299645
519952 516707
448541 298126
110875 718636
938519 933929
975867 19740
463896 791541
794202 207757
424614 543518
256683 219072
154018 143805
90131 278931
554374 374631
175108 710047
737294 380431
883307 811632
982452 239449
605247 304674
228883 120828
222714 482196
432365 83026
662309 289164
474184 240127
74443 87015
969331 820092
551951 36795
740710 90751
267482 489035
471367 290953
747756 652709
844937 9163
690068 767068
352687 916342
591227 423646
668591 200030
548698 343089
98033 759625
822668 390030
463286 486490
93309 624986
262038 109269
786690 98877
579234 514382
988227 829921
797160 620787
458835 796937
70932 708850
997472 53451
530611 743304
474694 134316
378195 662312
261310 989782
518087 847236
839475 182456
777095 500858
500469 687738
539891 312990
12742 888028
502904 274592
597906 926954
283339 133530
300604 946206
106067 337977
357588 121362
546979 61253
885668 443488
638437 603854
531306 952536
40018 623477
560863 865117
656605 560532
451766 85020
519792 788619
633888 550186
966413 591272
733900 118137
305623 556082
30125 618615
760490 520786
422259 297796
852772 56927
560347 624909
867911 22660
591202 468234
227127 779472
39893 216464
358877 959386
381636 70483
893486 725007
69460 557052
701766 560794
559348 555747
190190 142510
571688 936682
487229 869619
907457 644533
649306 774411
852845 429705
353695 129279
346154 897984
12121 422731
231766 990246
165740 436674
13091 121012
542611 712031
33318 92647
181062 20010
88334 568123
728116 222020
731697 353033
376943 633935
313282 253946
358248 870908
962143 760935
496207 810546
175943 726735
909724 288984
161833 599604
250988 223551
641431 573458
699139 147311
46106 644093
889584 754316
351071 219670
939854 800997
549582 790313
202214 34202
10619 952998
358898 498855
66997 808826
284349 439121
539068 311882
833894 421163
698641 439116
788163 423365
655525 958721
662241 418162
275443 571155
242218 118645
68585 647367
962400 561608
281281 486174
