200 65452037 82593033
395407 723829
666448 662273
423905 997879
311949 172736
946307 216641
760378 148095
64139 531890
484485 983681
74384 502730
588948 214655
995368 80441
53084 803072
443404 580993
959507 556625
391320 534730
452669 379362
233583 719042
629283 662589
950204 81326
190371 917219
348243 943058
67296 221189
461365 879801
913561 468636
608754 636386
15832 958053
549033 105671
61185 894269
201643 919755
190026 987412
17342 12671
98761 241489
163837 820561
238312 684674
410909 55569
929142 130046
722250 530529
218840 668314
101808 123769
764701 464004
196885 52564
561455 261503
69091 22779
334052 320443
82116 176300
56948 925584
840294 827303
553670 976151
694110 717332
223587 904293
911912 450772
25036 948325
905932 842530
543590 775761
385309 289510
872851 85069
224732 351766
728541 425888
564729 449353
815500 202767
518905 740122
638103 783960
54451 883125
352951 786888
467892 703425
549782 148345
861890 65066
962023 404460
525950 756169
513423 820223
319330 537843
956608 35531
595434 764891
691303 717532
108432 919845
16827 849358
603503 768200
929590 790528
871689 481566
507297 500664
637988 164427
2503 834643
300239 762952
817867 75559
550466 713739
147606 671927
903587 55125
65192 709649
669157 21655
753552 986248
449867 868482
667767 821770
646539 850922
659542 5661
864205 455317
80776 306554
160722 685030
437305 412806
977650 787297
296766 907817
262910 974618
188031 272397
604676 92415
108943 130293
314416 325566
464348 204471
318735 160212
566274 531032
548079 961844
842042 372290
620963 995280
239855 972324
170659 937862
328241 342438
185871 621098
831746 147016
300756 374764
401870 565142
826023 790182
91256 654026
172463 301189
329232 512702
962175 878801
368992 327052
522113 851354
165862 933316
270382 879233
489243 346121
439289 611744
495474 735944
987276 977303
498652 862230
279145 884660
622664 562597
337011 569982
940393 577507
229382 662430
277103 218736
789376 630251
96919 568505
760419 848080
188766 696438
865811 589340
698641 630396
12345 186598
714176 440511
128202 625819
614352 771880
250594 609446
435184 800591
115658 24250
75428 59990
339609 787711
526461 41569
218038 201495
647145 382325
999675 816779
399334 502700
120885 249623
414418 744722
767560 813198
888031 235680
868463 995755
564770 48531
331298 620214
82378 732839
346704 693200
23021 849013
802443 499803
305406 538022
595332 701704
470747 756499
413483 491262
953539 640571
556728 354148
27621 526240
634696 941451
136723 19134
461919 549435
800790 909673
843404 678424
983387 807298
153386 437937
317386 420309
275522 367014
36407 257682
516942 26163
805809 740710
956697 349341
926008 947382
384578 995063
481613 535352
866847 86225
513441 689837
69565 29758
96687 670911
329542 922305
571749 802675
615420 118932
385661 273738
