200 71164559 88962166
6435 942182
755599 338703
778029 438977
280965 588838
154822 968035
665002 724220
124550 646380
198764 682006
331779 824540
302707 858285
208788 873122
947188 536774
788464 961091
329507 84463
967028 884771
660741 467351
649027 422964
654179 331659
25479 742136
301594 826633
422678 986932
408720 464642
136881 110899
54529 680753
371494 567411
983031 841619
178005 287665
630488 150274
422991 533324
843161 188530
459290 87000
955857 297158
151825 394050
125032 483152
477224 270939
395502 795620
293966 800963
938632 201495
609643 800115
631748 665881
18889 420070
254158 49132
312526 945509
130876 804352
731047 393262
526276 15469
26113 819136
694157 323020
442673 610566
693922 767859
656372 864733
538371 908043
69008 132164
211862 344207
499097 3103
559035 546530
325519 924840
822013 69005
608037 358195
954980 158229
338781 730011
976359 524213
405710 284750
452286 223485
141767 634994
387158 755655
429262 349427
377246 448209
844929 918443
111102 753020
376862 248172
745384 731616
482334 358573
297222 817162
549499 640014
442835 969427
602899 989833
975110 531038
910693 802935
547944 277293
935416 741820
383303 936928
300698 172369
643 640140
584454 799724
299653 760372
847263 324110
663632 231975
563289 248233
234991 704374
888567 458219
451534 127567
106990 320043
302181 948794
221737 328175
552719 454896
288486 606872
615033 810643
494525 943275
356725 439247
122369 369852
494766 648651
538303 155833
946358 49355
289252 116944
218044 175397
397371 47614
205017 283101
548179 387957
321801 582368
109438 342697
537335 249498
884534 614392
30256 248052
397851 583412
421114 560941
687960 517838
704894 678996
989859 792608
552416 12319
612514 692886
84207 270763
373227 547706
19128 420369
977956 258204
371509 215265
342537 85146
111267 146046
117196 334353
607153 200918
594391 929888
627220 422588
463213 338645
270775 543779
213614 185271
245904 735481
354297 348656
811534 76957
283244 240724
389038 476543
466055 292242
891053 958099
236910 151734
96664 346098
662093 264664
642943 267149
974038 497253
399048 2254
656997 780487
99359 337421
888581 108724
933195 91051
793676 389008
999004 486671
159841 275712
984641 35707
151198 975437
65974 731594
743760 401008
192858 261448
518235 776320
247518 339309
398843 661493
495578 127160
65957 378008
472634 565349
457292 455177
24981 483594
145983 118124
70174 690836
38063 260785
779379 454360
616783 348095
47827 749848
145876 296509
791533 34709
842524 159933
143507 921228
281707 1349
523021 97166
184080 74810
729162 24127
373926 541867
140018 440875
25334 755255
810774 686400
660154 243357
799625 62060
300604 880414
656392 719892
972957 971281
69908 992173
606578 391555
671201 814907
983113 447560
742310 221604
282633 229986
938773 334192
24183 436685
637669 909792
