200 77599867 94518547
619287 492253
970264 654825
81385 68383
818773 958632
125579 953641
805058 63719
98515 230490
306509 885417
955480 650354
715868 200103
988592 373473
103524 278056
538260 330665
214299 252985
127840 972594
444549 477578
478903 934378
223595 75173
970372 551766
766955 756107
167515 325370
661544 283053
83005 87521
730593 950660
893370 969354
51872 401613
389873 196527
337289 85413
276531 73139
626578 746172
822086 924199
503185 894329
123141 931193
721840 603050
993637 12089
486718 31270
233170 393289
689888 806978
11256 374177
745317 279340
837085 106876
780087 478119
401963 239267
930412 296739
400012 349780
596348 83768
842862 648655
608974 206271
417190 766844
931819 259853
82480 301052
196116 944141
486420 486986
826350 605625
495781 308622
196059 880565
304356 582206
881829 350664
666689 149937
224404 830647
894529 856130
99999 136960
822587 984733
598783 252592
459900 396009
554974 750817
987338 21970
34991 550036
298438 531441
183191 737639
273066 727771
393608 868211
362802 995971
75311 389380
340120 559053
193667 276342
370615 473456
515838 173864
476689 200838
300969 561312
794028 315827
146383 339387
122071 877232
769683 998031
414602 467763
871006 789791
39147 526781
430320 595769
537069 480319
110232 547888
255507 964202
998335 509170
174291 549138
921502 680517
815509 63933
80912 473506
249498 771598
265665 837166
30074 914889
792966 773585
411910 570498
788423 903797
989644 665511
292375 947229
311096 92134
46948 418783
742487 810044
866762 737600
208311 846428
196930 90922
898859 699192
922743 392588
899883 63854
672697 33038
377559 488530
193738 145392
705052 690772
793942 288766
740655 960526
26304 238386
39671 374765
385944 730022
131783 760057
885992 559924
238409 356354
413102 455404
326006 367721
632483 900465
390273 509320
924410 434096
535956 83583
769124 754494
170033 297884
845136 673677
757883 58534
636209 176075
291598 895494
567415 893208
916168 483603
507423 164961
975403 680888
993638 756382
104795 485956
897497 802532
705409 248526
532744 216807
142418 824195
8216 342224
152938 512142
167160 310903
264722 744418
551596 329726
118497 951527
804805 247497
596926 830975
574897 993437
191363 441779
809326 776916
419709 112191
49114 235770
80272 543798
138151 522696
733111 944659
985514 136763
547178 936158
610642 919759
625880 267192
924021 373405
467795 251715
321158 453518
121164 523760
969891 765371
62579 129830
398347 812899
746368 223820
812397 672968
867280 505651
146139 611430
936359 261539
807774 378513
935764 830208
718755 148394
726322 647705
298130 676669
645258 217742
984831 648314
200854 487899
328185 876942
95649 12549
668480 192734
283210 847263
915669 859232
225831 760505
313961 227605
738565 806566
454199 955047
154894 314985
49069 8411
309380 487932
693253 698610
