200 80068073 92952351
393582 392112
57287 22580
991024 809570
259508 735395
667714 982428
41297 384722
150586 578621
574668 962244
708079 998725
889547 516466
428983 889124
274499 279139
38667 107868
444714 915940
289863 280597
393284 457125
819150 911549
84762 588144
596939 932505
319882 413510
194194 648493
155895 646232
190756 617924
378464 894495
849617 681821
430543 281624
966136 378802
923688 698784
569450 993510
59745 147239
96493 249802
892176 699988
180508 856908
528223 363253
477164 529788
304285 43617
354761 724988
187375 596013
208031 226052
1828 52423
200692 733263
244582 136498
739442 651750
847691 795614
545731 953095
972555 430819
725717 473266
295693 439770
951805 454287
972378 275864
746615 944767
364275 871944
651595 777341
597373 566436
986060 181233
405658 212496
346683 751121
245844 787347
33032 566452
169203 2162
783032 87541
852718 911467
988834 584768
822142 194379
339987 873980
735693 244140
354833 160533
719502 346383
391421 305444
39014 252050
964305 252222
97159 78670
85513 721174
35486 244943
242527 720976
175650 662513
835182 506211
434381 371859
344696 921385
278568 993275
593155 167814
620222 534470
962974 983859
715250 765898
754305 131686
728301 214602
139026 605088
380591 868180
105860 499794
876103 860859
37978 952237
904734 745965
39690 574597
199213 217072
144316 108768
508175 952637
811121 958497
964400 784121
958977 971660
920485 104908
832829 685557
717462 393504
570611 162506
83990 667832
751055 625401
905491 448362
52254 801535
26921 828603
371694 929487
963025 73813
803666 986203
151926 590055
869186 681281
871464 946713
418142 194645
648489 460139
154515 828551
615845 69225
755414 624689
594879 786253
185358 494656
266119 327857
614670 335356
635911 280815
717504 160053
813565 458775
875421 802572
106402 391628
844120 643035
806249 967739
652827 259842
485315 574329
240040 863055
696415 413880
152994 312009
855600 778534
900645 801817
539302 744355
650319 997846
270654 788124
956706 903595
272117 676169
885378 301159
812184 406015
618776 797153
236791 801138
322009 686662
273527 145931
161057 532481
515207 880290
996089 473029
314795 852377
468856 310138
709556 725844
722757 204098
394384 594328
594682 992742
322621 686271
67812 689826
852953 803477
472551 8841
356886 672275
64574 894678
489289 633910
584737 819857
850977 210938
288703 126811
125940 110136
824170 468182
819189 411801
438611 481459
588866 143350
170986 50009
213658 170446
545383 369199
770668 912803
334119 814214
140874 231025
627054 224806
238269 815820
432395 803059
739570 416213
21529 436028
981905 205080
405409 292769
120366 724485
603101 482462
271064 730825
21912 748280
644303 730697
179057 611650
740500 125115
987326 538956
28440 402208
711308 572201
30422 488162
926725 144988
312124 659974
222635 385439
582084 637325
