200 80369572 93250715
328640 592394
883241 770718
655394 327196
378038 181869
99796 924854
52467 742716
530092 366007
38350 808590
686529 785631
542189 883740
548201 341470
416197 276973
554205 37110
500236 590030
482169 148239
12166 498031
138656 473559
362428 562202
343805 687379
214028 615056
140836 2247
167193 919874
975254 557118
599074 523177
420771 256887
189553 521602
297258 530604
750890 988394
467260 152768
677059 828753
547679 598596
114194 605022
549422 5478
399105 326495
993758 10742
185503 18923
111579 61590
676049 501591
814481 38654
488806 506257
473478 996841
799240 303388
64484 826784
496781 797864
254293 746465
220141 220365
476359 307692
922255 489124
882575 595753
891260 727490
418345 657337
27957 499986
804893 196631
538975 161166
521854 436011
986460 548634
745677 929643
34166 397629
816698 733422
279605 142780
6026 624719
347280 878805
172692 868346
375424 827157
579813 918038
857903 773846
136195 399759
866832 753689
205455 757438
327368 739580
581827 686968
206409 174104
156443 787120
115136 50169
437713 880778
211684 890171
389696 924349
80943 975869
125034 963939
839722 129349
994901 463840
156192 660656
797520 770605
824116 746516
591251 320192
530063 881332
939268 964826
480049 839710
451926 977196
344361 751269
989388 976167
608288 788727
792540 7327
643791 627610
3054 502746
137297 994375
204227 101051
50578 890211
101171 374470
665447 442262
990991 455439
859384 930442
925029 168516
17112 742978
387489 75219
672053 872852
916368 334905
222955 130245
44928 763369
430835 624383
510404 412181
209912 195121
414228 446427
473930 119363
336976 782415
738987 830645
255589 36641
455687 508307
725896 296363
457729 690519
893984 254874
22121 132187
648896 668406
136073 839033
275666 36303
496287 968385
260239 932870
642212 892950
452778 375605
526219 900453
419085 907324
52933 418307
100026 216361
510209 933474
879124 321411
900466 57264
166199 989171
111880 42061
182017 453008
744192 58150
510452 974533
231511 320243
324212 154401
982810 199049
792042 183547
828697 632476
446475 478080
742905 538517
628467 8155
819113 257868
533355 532159
304749 290723
284490 109268
900054 285502
954743 974204
755410 876194
271692 890816
296031 383913
771606 534556
761627 668063
171641 78755
919416 373117
401648 994640
965387 155968
509619 536107
853955 628580
479409 891221
238454 120322
111420 35248
823127 11587
320069 566061
834564 387392
954172 209651
66684 971704
463705 594793
337774 949485
400441 197088
151404 991835
245664 781920
860927 941206
955485 341005
181588 880575
914763 375734
614355 148258
368755 142715
365648 572143
282255 976984
901658 23059
169386 276818
692657 171123
903715 566524
90838 76997
464336 465702
599482 536650
765822 524579
877976 421932
383063 484982
302366 840496
396125 106777
288070 243543
