200 74786989 94598226
232140 42323
668576 454596
868390 697790
356582 812075
612687 939248
428763 403217
72479 298249
414253 605179
62828 959817
129028 541922
768397 357471
259861 535691
804409 183888
615444 421508
805005 60416
228358 487804
308780 962145
793012 818688
915264 877749
748667 685582
395999 663809
914369 101463
29130 64144
923010 736918
415247 371296
120712 961608
85390 621742
44089 536903
613720 612953
893642 787463
184883 761397
566866 7851
578106 468335
802297 206597
993697 269592
94287 783273
172375 469264
924793 896108
412868 948240
375237 892798
655282 310035
789663 390753
975047 533026
213597 789125
585328 306299
666421 152066
659610 478173
523790 605873
908058 439475
169715 235496
992237 221018
370212 463888
387481 841809
440839 383396
8818 130492
349436 214599
766840 755925
457998 115970
241694 941680
10181 986714
450278 982248
223640 266058
755815 168363
745279 798050
778032 157023
206439 262332
61767 210864
209087 651862
751946 144440
255279 238609
685623 207369
558185 521157
759623 149722
853399 477951
130740 961739
460852 583256
138332 440726
540215 816691
42686 82388
570345 845330
652641 889833
393112 258197
459795 65742
55076 872273
761103 135801
442358 335561
231032 245803
713361 959564
994498 228758
469120 391403
622448 470184
61487 407124
241591 778232
24470 412239
409282 283340
609104 975765
726863 936325
399946 863688
565622 402856
229206 107924
701450 771145
565727 158944
957336 175190
154743 845104
849293 583677
359501 145818
571252 572475
44858 675746
384796 304898
555706 115829
204631 55686
824504 52031
398879 513317
315137 334377
357268 393649
966363 246194
238497 863707
366639 898537
491452 128445
983841 464452
466827 572995
204032 672928
890340 972407
269209 699478
498861 454505
454694 211894
793122 650295
637348 654883
179701 684286
725314 667275
477520 753629
911029 86401
876854 257122
935848 803576
818503 931796
510161 616670
228898 442333
839647 709458
549093 210129
625807 369732
484752 585887
612574 38312
456327 820179
181977 742615
748726 716037
422544 166466
794447 151138
133737 198547
648878 760148
751312 284386
157214 896465
686348 568400
959669 30397
610605 8324
517658 902589
165154 434816
231527 424474
552679 822239
95657 823373
905371 210093
125956 311277
28783 189730
67380 227826
475451 146365
28398 977957
232299 274170
310821 79206
823062 746863
789608 385305
572143 732553
720616 786734
644052 76381
508376 427916
232516 392301
863213 151130
316910 311226
375685 851370
148772 301633
591012 521730
92526 659859
203801 585607
191995 756308
562367 269896
456243 912464
265183 680228
675239 610229
741555 732442
373098 691825
890693 144683
680569 181929
593462 206894
761429 209938
845083 613104
956722 123952
494018 165573
166087 688489
510802 399983
675718 166277
110928 539178
232486 971077
