200 7188819 29177778
659505 184556
263437 136709
32795 155687
135139 515132
456596 593961
507816 736434
607540 97298
446986 228716
828945 963490
142385 516515
567618 281352
603730 606300
377150 549513
189409 108581
312290 782025
590691 33581
348241 966906
999265 739969
230645 589150
101112 720479
198948 587578
20430 943544
382175 308121
49439 574919
145524 176825
596213 860105
32579 739735
698870 579736
258333 276882
995991 988328
272776 575742
116143 715356
494751 802952
320038 879110
178774 931201
218572 699066
460764 46025
82118 257613
365401 436825
222306 434351
185303 390188
857676 15778
655996 904523
645402 413270
750901 389620
572034 625891
781551 699302
362731 320482
586879 787404
458464 377641
335074 267395
674017 329441
110110 135050
139220 880965
488711 671877
652697 28408
124381 759150
871483 275971
416531 872537
725314 506091
613291 761505
85157 112171
600252 78388
915676 695187
417557 853304
244180 816061
597052 282585
938044 942247
457295 881713
176380 46770
428044 53714
855430 756406
825580 819251
197892 840896
943913 923380
183089 517481
463585 783375
983556 426388
710355 883293
295750 382275
425862 356546
820869 791766
178824 444855
84513 453282
774612 78770
604291 622186
988429 45044
554606 715965
778279 419823
372717 534700
714597 51409
425708 818853
275836 94449
358819 838832
557783 532437
406701 294406
507572 634398
215415 523465
626283 964689
659667 638821
851855 216450
500332 37057
127661 857439
246804 673761
633394 84502
121082 893659
870953 914916
807031 704243
750369 15739
467143 608214
291116 68367
264149 930672
906244 345278
566318 280298
195913 42266
849944 647875
969702 562068
329468 829066
360849 406854
433022 254261
951408 638364
35949 113505
693273 205984
450966 930663
70962 361954
699827 584599
251575 484544
2497 943700
155546 495127
687791 475596
84357 340934
461362 976850
39675 332443
83445 63513
254940 188957
450478 546127
807175 196342
12300 48659
793434 404858
757132 271637
568725 373720
679467 623305
358492 195676
163318 864520
749275 630558
809469 330627
341764 912331
321510 811940
63859 661325
867549 885891
755059 136218
489513 573761
829786 901910
178778 586949
928655 954982
912607 858449
256492 544659
419892 420736
844670 556950
261752 949022
84649 784006
651804 490403
119529 733211
852856 768526
277555 914334
356600 400027
600826 911151
824819 924896
680973 59762
552284 912714
504221 920663
569809 142126
753565 85125
448273 710222
919938 75875
85323 927467
845866 520259
128017 274882
281689 112171
356075 96420
291550 962432
345672 744437
705300 246737
68240 472257
99396 986045
222740 243510
245352 385539
14119 224898
597322 215396
638150 232650
621067 123959
950642 744771
177280 284041
898079 45745
736247 904302
432004 667642
524887 770216
39251 363430
558501 239347
734019 669494
