200 80047492 98243194
973051 376465
105820 151101
893773 103635
572185 851580
473391 322141
311046 263355
857527 321614
717521 94461
396028 707814
21152 451003
743380 761813
870568 273724
85688 705501
358047 601165
996100 191526
198665 526686
601563 58398
778927 23289
980456 545162
555247 191903
577151 516526
200492 313985
652001 449557
655461 208024
35678 635838
569892 365217
52117 500131
475341 180985
555799 391655
344854 625552
724458 621787
463573 737101
344617 744685
463604 45886
26825 6701
281858 981882
746806 66493
667236 618134
707804 999381
235625 187008
899009 150384
373051 328251
568399 589335
712240 784887
817136 936520
124224 146508
344146 801155
894802 337683
795082 49776
285935 679457
909588 726192
39832 683873
276664 809214
709554 278733
567369 818178
357663 36489
585992 455602
974825 54876
717669 229
928856 628235
824165 414134
89123 71636
223007 35537
221699 1796
455904 484125
799394 810229
66414 500422
329651 364648
926506 919077
759899 712699
508110 564559
128460 542727
504662 127863
267315 483480
214140 878657
782087 731658
995995 309732
808962 865532
37365 802298
455981 349812
113872 391527
701971 591759
791163 934372
503767 959267
604846 844775
990882 606899
606927 278961
629236 538829
712849 467827
530396 328708
158327 12062
921795 111046
679991 898246
294306 17945
49337 851889
822804 556982
552062 573058
921669 49346
314462 236861
282890 964645
728234 626614
72267 977673
182128 193883
642267 613873
67612 475418
580072 267763
438011 393136
775182 824532
38427 30544
616198 708414
795983 551148
522363 119072
506319 626850
844925 894690
731579 664070
374734 402756
907200 590600
473626 650578
197971 303874
752004 46918
456923 411553
930652 338682
200235 942509
402668 676360
354733 108854
778546 474624
95642 111965
704103 419461
123941 458108
880702 783172
68472 894899
904360 442450
373653 4496
956372 229217
726495 560986
725941 217183
822706 270202
228923 488620
463212 393927
970851 221365
82895 855468
396074 528178
466111 676088
238749 388600
535589 21314
683852 363131
391350 923383
463324 127396
604110 979842
291324 66059
339254 862678
47856 206418
266117 549787
702153 850461
28194 403891
780597 40817
29031 754279
272498 172200
310945 801651
866462 481294
478452 167274
263211 408028
407259 177287
937710 180879
396942 335954
616598 755043
523644 796012
632697 877425
42295 869495
812682 169442
400432 176612
461287 769807
628951 965466
104399 415415
99364 675008
946609 746332
483572 787751
650847 649402
173579 859415
53090 112933
981944 906100
86439 560766
512790 10765
46678 46673
571950 401282
475395 859982
42810 960591
105725 945058
906949 585977
281540 73586
732526 757011
132697 762996
663499 97645
456045 496489
331241 194970
632955 338939
67570 511325
545905 853103
656360 930608
588873 394694
