200 86277135 94791186
811609 510324
233461 583117
771139 991855
669259 928260
418364 278961
698512 281850
779420 41242
557106 221044
750777 185258
776985 476459
82794 713808
855930 13924
367782 781521
528777 106733
511242 454993
33739 41013
91193 592642
487177 253833
298781 974054
467680 463975
295308 531842
475318 769216
974023 895777
683655 50447
84956 325313
260061 45201
171371 743071
595742 535456
600069 11098
178751 265776
812848 649734
621911 44964
742215 356112
737678 405582
543358 746505
71860 721538
564420 810769
404654 918229
912641 237921
609034 27383
869951 727156
918132 582506
320356 986963
78146 778398
340381 289724
818090 867755
278039 806062
122899 503786
234983 34964
483272 155441
155210 2443
45769 275817
496198 873682
553020 95693
590127 767437
301441 522240
6149 976758
186979 383499
926331 891809
253482 129139
491411 308841
460045 426227
989988 619132
144836 89115
893949 767168
270140 828421
773348 550753
302884 186479
287031 758073
976164 699258
713076 3354
73134 985214
178772 40059
85228 200136
102353 119420
67289 168753
299145 760599
914796 310364
735355 963301
264110 201867
173358 597194
474861 315486
287984 16255
327241 581994
611644 365242
221291 727858
698933 919676
445654 146565
85135 713143
123413 375604
742797 530009
78548 772205
365540 585529
119563 696760
314303 542813
923733 580110
984156 550886
357215 128913
921107 668057
591611 967661
113207 195850
436884 259465
568853 206567
713020 307497
165850 433694
34082 965219
957009 164076
793119 671675
535177 922307
208879 750430
196948 620631
678589 64696
552364 458886
288598 766002
670705 863074
692608 188811
991182 625756
740772 479890
934009 807630
140966 208765
254744 489892
384917 683753
992257 579560
519614 95023
136090 886954
419675 227743
13343 959688
718697 682716
459522 499359
799767 482708
893165 388686
846426 954522
494115 398563
195805 618913
908356 697125
380502 55319
150959 910718
529268 453723
361986 122562
326004 802973
127293 537760
736531 373969
37060 195108
608542 725200
665539 940198
869605 212107
863788 904211
323534 180012
575579 207509
11077 986507
500379 286114
419409 922441
756930 270046
86850 649293
823095 618734
551367 364953
149524 186011
502556 308168
338790 935198
918880 887910
131857 953358
451460 441835
410065 510435
923872 693334
840603 494054
997920 818275
545762 748407
329819 997800
524085 302970
565636 6546
682437 998239
516473 219190
482693 827021
123257 637270
417194 456939
492851 144755
525138 824907
142393 236362
137537 156339
907347 956972
753350 172296
538864 900861
53628 328281
4664 754057
431724 272389
30268 745726
664912 210571
207759 906058
775730 498732
834158 41170
663283 352255
153626 847819
4904 655441
900679 218233
113951 271990
768620 55618
651647 282672
909499 359406
544653 84347
239275 728446
