200 7801920 30828863
272357 734627
961750 452831
819799 785093
672947 368574
427353 63215
647872 75933
581505 165056
554731 432127
936294 272952
555546 858333
347422 265351
760066 863934
643298 402735
74201 277103
989454 869848
374499 43808
178117 478320
568681 483483
659186 398780
82825 649953
427433 926016
273254 761955
328299 801095
725503 361178
667400 62416
665054 420099
244447 648597
405671 31227
595521 816697
263056 29618
635572 412941
179823 312527
466067 340095
400494 482656
178835 672351
826140 451068
399968 638351
833374 863096
767014 527239
335875 47810
519851 76994
867253 444765
229081 198281
444938 905657
419866 829786
642106 694190
598300 528821
277548 203733
77748 943682
180009 869635
244830 187362
331762 365539
527522 489872
753708 142383
1747 493748
289721 362443
586866 932868
447651 41278
991535 664279
994738 178509
169039 887624
208797 724918
533481 778371
62173 724294
219338 614319
895644 327575
671480 955128
112141 44074
910804 978359
248469 31389
840600 533313
503654 893001
222400 456649
975981 413114
734534 842419
933921 824396
231301 266998
524284 69214
276351 281196
565127 666294
284474 930553
583949 194225
516549 149718
369905 811173
121112 263161
175644 167957
180313 764067
321294 79759
235707 651909
247958 894566
81537 557392
972509 716808
343137 323544
461788 570555
151555 751843
934894 796664
984936 799124
866047 549988
161832 452655
95908 973159
141396 900744
277637 808555
579002 850765
109173 55283
655238 59692
433634 137045
699717 677346
985128 158742
410501 474210
825920 116768
596889 424862
649557 73762
921593 794740
208759 65284
691973 431032
138920 748678
503146 735002
418516 438836
111645 574772
390558 963976
894917 320243
854038 56412
451829 418335
834182 70218
331415 460104
741420 341090
718692 767119
7361 698119
944975 670094
488696 708774
25922 494629
603266 825108
746495 291682
657806 193411
315561 62220
324431 986721
260828 743180
284533 381262
426358 131385
875517 476407
78073 762366
298404 905236
710025 529898
447799 804602
792591 614420
699270 280285
993792 239273
447030 151910
559800 392980
935350 859373
131200 771912
107914 812436
154607 980781
984579 347775
365740 26597
502863 299827
296657 527353
163244 982410
520619 268133
601656 923344
130334 551484
542437 157438
453797 500025
342792 778129
758776 956132
978256 270789
769414 723166
723859 298355
2785 193353
803268 191748
587322 183638
243969 453137
199361 383212
282441 773273
36782 3186
106187 565726
354270 382329
130649 481436
936341 372361
640828 377767
43234 717830
335265 352352
57696 352575
226352 708051
719320 448532
396797 205424
786052 630081
542679 556132
392367 347531
650238 221844
931320 483589
280051 611830
796533 136639
540839 458443
8051 263308
143893 401085
397148 371567
149547 521297
360050 290594
789603 941960
