200 84627153 95092660
520962 610465
146438 699010
861500 250668
228524 151497
392581 733822
945921 960847
210997 693111
288947 144217
481826 320535
603306 160096
158755 198157
168603 12841
867375 487966
814714 443778
865571 630638
85004 61466
234594 131823
109658 740862
672214 109667
914753 322924
268629 208719
980967 406037
866272 365374
35784 106612
128709 612846
397742 165190
595108 560796
492991 438437
790798 90727
229232 348357
54793 324131
232920 755657
168496 430397
414943 645379
543479 745158
770645 709191
442829 479070
907167 129194
715866 902398
352523 254300
506344 100769
453637 924127
982877 574480
644515 279523
194662 686409
441883 520704
911536 465099
436180 786639
700368 347521
442713 139430
491075 358728
877610 831662
331023 66975
265645 651234
99848 894826
91842 190309
963822 324195
339316 430464
559988 475294
308683 957624
602908 561078
707326 651720
340093 502745
921477 147328
13862 289197
89421 335098
922205 928542
134725 390132
194048 467718
120341 184847
21837 962551
885935 291107
456061 831208
125053 344573
683594 441145
85306 782582
834578 211492
479901 596017
383700 242754
802863 769904
890583 745207
1022 636755
447081 909628
381674 814127
271941 217671
363996 303047
599054 357721
495383 874154
516344 210020
357542 578985
476678 541974
172149 51762
500141 43718
841852 160205
501848 981626
980118 100979
422533 880339
658480 665606
992204 127638
464092 636338
692288 80791
507845 769758
504238 225924
921405 586894
725891 416779
175539 935640
130890 688937
149312 580672
371794 839248
442784 283891
292141 333620
449406 867229
583061 357811
573479 852327
630122 156959
237857 874064
541719 971625
918869 699431
919250 143467
572391 660898
109057 370001
504742 85918
509370 487909
769695 374132
656995 83255
19212 740724
463928 524837
244778 675201
522027 365644
917928 949065
776294 212427
130235 134687
424108 317040
344526 395062
513245 443650
161111 936508
25560 4395
73733 602576
627835 91967
562773 696162
145990 831405
974404 454182
256477 863553
210207 121717
752172 391571
165558 627776
167845 558096
58223 376305
567460 703522
663030 417120
769012 557503
172562 883438
922923 911435
698451 170946
180912 761963
731880 764062
746205 635048
989261 915165
690687 357563
631393 320203
739578 488315
232725 292256
78602 560416
420097 712539
803044 94003
757585 527096
399291 888788
127900 261069
167710 86503
67605 48263
881342 524188
897498 841211
374286 906842
307946 279723
134531 311560
534580 421272
58299 516344
147658 616767
446842 676720
960500 519665
773071 199445
1697 633042
242069 56310
320889 225646
155221 197362
894733 669555
746313 216008
781232 52175
365819 763001
858335 503207
767436 587868
845147 581936
243409 360638
186200 527278
624856 990003
192397 522503
879816 452669
162796 191491
631398 703192
834092 273379
