200 76788147 100150946
554345 176183
796218 402963
745755 586009
453655 405106
557661 896067
299876 905361
478021 17876
253839 731763
417578 437260
368510 567377
624162 309467
728870 275890
570150 259907
786173 927075
320146 323884
63431 2132
282057 496388
501261 49231
717238 306640
661101 474005
114157 679124
189194 556695
867503 26715
951203 579342
464524 544420
810882 641591
720995 348329
648139 891375
657989 232397
727540 427686
273272 272993
725203 315715
975703 79763
592722 566292
510231 9395
884288 6576
989988 729891
178562 712556
617706 186779
748647 733174
626223 886806
334745 645009
727005 414301
63150 782637
108574 143150
360286 873314
593504 966729
751888 771977
864312 908310
850701 711479
237858 13622
376150 55831
123366 906276
767952 200355
31575 563400
776861 700351
703350 277080
186503 444594
450355 833259
334806 971265
117523 876956
594561 104298
522797 751959
668417 885370
216078 440067
677184 280523
285052 261196
182321 957342
112472 983435
471545 225169
890588 646165
502858 963645
433732 61917
671313 194606
18954 718855
746053 504000
925129 891594
162400 261522
257027 243392
378475 697386
712126 95501
166001 465573
956617 147626
878549 978649
767900 656269
672768 456521
323037 402871
529778 567299
366783 474073
578490 438298
206917 988132
218241 68284
927141 465516
849728 91055
674247 457911
710034 515244
158956 914152
351843 943256
172268 834051
537928 110939
570072 340380
930345 440735
344062 187873
225497 538727
947530 541952
813510 843273
90249 343414
579148 522890
881545 196662
148388 157844
605597 125170
980729 997654
444925 345352
758811 205688
812745 76300
284236 32250
806126 898862
633784 727848
227489 632200
889154 142652
748297 651335
658298 534352
166009 93107
386154 118142
796571 232604
95824 965014
710824 498019
168293 401787
515283 241890
644380 366810
302214 247417
336742 598472
513667 651190
658930 193271
365 67936
681075 454805
557152 82848
656345 190914
447866 938765
980961 951339
529149 268178
953032 884104
27277 339198
68123 595566
878675 634920
608298 531793
266884 131965
993946 734810
620348 504168
471066 688481
801988 803548
57902 768072
450483 750657
995303 807155
312560 117433
419571 758951
352021 856205
782736 474558
123503 956921
957788 100356
779362 97360
700681 223538
70185 560973
461612 658821
472060 136056
613620 337401
332938 31602
36535 867239
755045 818781
808744 569656
518974 608362
215589 525765
845765 289472
251373 614157
181042 449414
379503 709650
417250 888525
640317 888592
554969 302301
430432 503899
458854 368154
644421 96404
619556 587411
414228 103495
608604 551336
230113 12324
363656 982421
475131 169176
759475 57439
233186 633160
7868 802137
782359 811114
186489 170899
885003 362047
276727 242592
301753 405169
611232 171331
555663 672581
482870 209270
882887 788476
