200 87722007 104239132
908109 60395
931774 899239
558143 621261
207067 298054
905473 264567
322216 621349
753385 109000
664851 940807
858126 494720
190146 818277
862598 214159
12266 271558
117578 634743
929921 275255
188406 542816
817547 51240
404717 620408
540241 997347
727322 300036
449393 393449
523793 870280
728142 587627
920147 872399
359719 320354
606832 210904
328902 605195
383239 651933
786191 986947
453609 550913
445816 307066
175644 486933
685591 158487
197179 893255
334486 525480
543419 487655
163076 957188
503624 403095
155910 523712
314254 328335
238955 640842
688147 413962
927709 11493
893441 280721
361330 270785
525698 729890
888162 936054
94788 635581
521364 387037
725852 191242
204817 647435
581318 438762
703514 311915
913610 228504
651156 873463
586811 72956
454817 856275
984986 150476
763147 665158
501335 683551
39258 285205
47159 434960
583685 38974
406865 802763
291333 118222
212082 528183
921604 823583
847776 739648
476981 288306
740540 371071
48253 683877
125632 482953
237710 638161
575592 193809
863317 772354
892974 38459
334473 475668
66861 244222
455524 953190
817703 361204
533487 485886
31970 171201
237941 717945
109357 204766
612633 456237
441792 33281
792644 757277
890817 638699
212342 510359
542563 461581
998654 219118
109737 35992
625349 153808
432841 814624
738884 428483
908075 762219
451926 82368
945168 715612
7847 155436
456656 156023
27852 301999
402748 396496
730541 514611
536546 716245
575389 205371
704046 925236
346634 692253
302125 926506
971216 126174
711661 380778
84008 775336
986369 977126
63997 724138
567713 908348
931039 67340
650413 768192
465232 773262
8274 798690
829820 89660
684805 975548
98502 434832
681901 688123
203006 143012
750813 791911
902830 234578
396543 985104
977620 984234
480460 242263
239913 920783
732599 190678
117024 715886
834730 542381
988330 802780
717287 357802
770166 748811
968977 570388
770807 495913
88260 457556
801501 786326
994910 365441
444389 7743
636641 442758
355468 655900
904945 529330
409375 181634
708855 407708
275758 678117
515816 231153
932702 519982
71520 455516
595230 443637
876520 921808
554162 161116
81751 832565
892651 410119
743828 690349
141623 806331
189689 168705
245908 869842
14739 646381
775136 345880
177542 720836
342093 108870
744333 793601
413808 702937
321824 535852
619576 172685
230702 560422
228859 371259
845897 436561
816620 769228
281890 261214
706985 530201
928489 125108
473777 216673
534038 384250
513715 783014
549894 170625
145025 926564
792189 416529
192100 238319
505034 927694
12105 25128
889672 950471
162776 989851
535296 734876
204325 707640
205612 455113
736319 237292
570775 630867
846246 514012
973536 228237
999387 714878
624157 508039
543439 630931
869403 630996
480509 789061
523908 367671
536147 33625
829850 651946
294859 912
