200 81383130 88646817
585904 926535
320484 950872
197130 733042
109994 705023
960499 307748
451103 602853
831491 389373
825265 297871
19728 533629
434312 792822
523185 745811
26905 15007
351837 558724
242840 769688
673265 279348
466122 536912
431440 569813
348344 766804
408996 354793
20607 121378
805635 854965
453317 132395
598126 426180
331526 477930
557555 521428
638732 925212
263986 408994
182141 632475
409340 931469
611918 666843
87255 458985
10902 334271
315934 281827
544061 165785
26885 747852
373075 733885
686011 142468
418493 223616
109416 89796
865545 800466
233558 837191
898979 240885
141483 399446
511777 277273
486100 893039
194297 731158
160894 630673
293266 220933
769598 206055
523831 171452
335697 646158
213928 719972
177725 164037
324043 56504
564054 640048
511040 370523
564828 629321
34642 336534
292674 791972
198281 300654
379914 540252
212764 684382
639883 735519
368195 30902
774036 245139
967211 805392
140843 689316
987395 982826
380014 532076
831987 697317
404315 44157
776685 195673
901483 765262
45403 55699
4760 281343
49272 38572
763712 793354
833339 508359
603362 683848
725357 633830
972485 965533
465052 510569
612535 122882
272808 833509
434995 29165
562234 636317
315164 481631
395925 902624
170278 216266
405636 688575
525268 518044
468595 492648
747291 127340
397274 233315
643110 587648
867348 59241
29427 221433
572302 75868
850010 724828
719130 298984
17774 310909
365923 232820
149820 703562
504635 511748
605809 966961
408977 994798
783128 155567
953278 279030
698560 5366
491326 733321
101755 907642
907772 262163
521667 76313
487365 679677
711288 569189
147359 503558
440645 763535
562675 260349
948768 471793
709541 756632
400431 609783
748740 281588
475144 154859
269533 815914
615185 207005
336490 231114
562758 394539
708968 173879
397017 149426
681606 16351
10036 48593
46265 290709
80474 963734
47084 359116
787115 434248
116245 657778
760006 817041
501155 304870
96137 636805
89235 426136
592244 244115
15010 810108
333995 526663
523229 328683
578906 5177
90004 312790
43379 250326
588845 983719
100050 711496
359124 39542
231746 498373
182608 445092
590937 112305
991601 127640
465278 475505
370854 482196
69195 736974
15851 217523
986893 512833
722719 939265
524136 934753
153843 591414
741528 944102
943999 190481
878162 894105
238255 109454
208585 124378
531738 250883
364108 519437
63667 448477
999884 955938
651800 80817
74748 747200
454920 994817
216209 602318
967474 384590
991977 133470
653480 855957
828232 119606
337842 394279
249981 661499
559679 168680
348835 116604
688439 282468
191875 863768
649451 821897
583511 721486
634286 759941
701993 234463
293629 62781
42778 632994
978457 630054
282751 950244
98806 392836
86694 553977
344843 72381
423478 596323
172554 527321
457908 981854
644458 667161
