200 89556567 100259371
230315 710606
59415 331255
435509 509481
787789 374734
850446 705035
709682 123492
158926 344980
20788 583742
212875 972164
429627 843733
718364 166154
997628 11758
883320 710763
100651 780823
703548 806283
652621 81919
894347 154652
248491 227891
45647 728928
361826 181873
241950 885596
486616 526506
758521 318619
387913 162777
656110 900379
19071 285179
502493 894873
906592 341418
497879 170356
279713 947290
780386 998528
843929 466350
594777 504682
608560 885176
59952 227459
469430 696844
321238 147371
893328 823807
519091 50523
96012 481217
659089 990734
472790 265748
645398 161997
727236 264296
48943 83094
582028 657301
28681 640488
749461 553140
165753 660078
402154 123419
826940 715013
709451 903859
649496 776620
494622 690423
609569 22215
882243 342026
405143 155280
975301 993781
709997 58779
363884 786109
714405 329667
954607 393565
690198 386358
698118 205541
650127 811226
392350 841775
554710 789979
450214 593785
101065 693715
264518 670436
330598 438100
698736 80648
249702 106005
681230 489010
781187 279222
619675 396411
370011 178737
561358 398022
515693 522207
341616 337941
91456 893220
10831 441672
122530 286649
952459 562612
448590 553748
23053 878236
982823 795766
545112 118095
431201 706897
591671 266014
694207 553939
782102 814967
634742 501907
564141 623650
173041 936791
552855 621848
377262 693440
443393 718651
63301 587219
336573 305015
271369 482084
578806 796403
923271 728929
129790 382643
285932 883512
800644 389709
821123 697446
989153 973317
208411 272541
676689 817352
387334 46609
220223 669762
613758 740384
374712 938652
589539 450844
783106 559317
92256 317494
580614 918972
904491 479304
3816 113031
963370 250110
140919 488083
26483 912610
19776 653241
694252 763204
102397 737353
398161 573634
254507 184038
68180 231929
36089 899070
659423 36168
414044 314852
354101 751869
493247 654859
634486 190175
425368 334049
416513 98072
101846 751429
893684 577724
799542 589351
681039 125050
695925 18043
475894 48350
295520 518234
838805 326592
945159 43445
988254 695629
792912 572598
559341 683183
314983 364085
37645 345244
925715 360787
572564 552824
793700 208951
538729 905192
912393 646819
826534 600437
475966 5810
42584 779928
827554 752496
830947 23272
13990 142677
747139 126749
399970 215392
281837 693952
898 235917
252820 512817
925981 7986
811335 353684
569574 606332
563895 566489
762171 463232
265879 986663
492635 438528
851868 682533
576309 181437
591460 724133
152923 513524
756147 197101
530005 566006
276440 710242
464530 365223
946862 267987
120762 697235
395070 122335
275550 593384
827714 705093
838353 198292
439556 543622
398864 481596
387941 823481
20316 316053
481914 65835
471721 352675
652113 708016
616174 989388
107985 622666
416093 539928
718143 805685
945261 334664
