200 91086465 92308470
456020 810747
972392 447148
9518 768294
863406 597971
308311 676248
957091 802489
106855 480497
236277 506915
460276 107441
255948 43722
277973 134151
310301 10675
899265 933560
386588 634220
541525 498280
220238 586020
554100 177481
387324 714920
419080 348189
808899 40822
215271 46121
508617 163327
650770 788216
740042 735294
699863 187912
156752 405168
926230 712598
320193 728047
688608 766337
330194 546223
505979 672925
454938 177043
537410 578967
285825 124973
60073 226112
168215 684497
199647 332024
395841 34772
322316 715000
355853 708134
295482 364347
8295 607369
307919 749514
293605 765421
903224 479779
205821 793898
662178 299525
579094 835993
631138 488987
361595 591056
162805 71298
541292 459704
967969 486265
207247 729612
119290 149604
672644 10095
846464 502717
127638 40746
343654 642264
902733 614594
825902 98256
201888 619058
523951 786323
991111 263754
770040 333255
211631 864804
703567 167768
282055 797438
8082 919712
408695 672377
639359 397297
995185 870189
526991 897154
721055 149799
362428 600947
637692 10240
905444 145982
126463 200027
164038 801660
364017 905978
292329 41233
536992 762941
281627 180022
6892 794745
625239 406177
165758 453425
882944 233811
594841 845684
346058 203774
825800 469395
428088 565904
392055 94524
252991 476448
286430 570743
360586 891956
609240 142717
331991 22893
744658 771696
134398 46800
209054 973692
850450 367025
166119 306696
342304 748286
338175 178392
362325 350245
942101 360130
995004 222307
345346 365962
528676 189482
910594 834461
482527 759598
507392 472295
644455 639309
659593 24977
548956 744729
328355 244570
642793 179715
758711 622161
406084 815141
435241 565164
817683 646571
777096 890248
543596 337311
269857 932350
215157 959505
701934 250334
848746 138783
780588 692875
130685 98214
154250 365427
542552 859909
697853 978665
767742 670346
158320 914656
755727 936700
205977 215238
291114 191749
646311 900282
159533 63481
36311 966188
699736 418695
417446 581904
695311 716795
380833 914751
925438 777965
241112 942762
292311 349514
527601 768891
551222 179196
483288 794698
306278 616633
678868 838136
738557 710565
888949 730604
896546 48421
92906 529576
906863 49474
479023 612807
394481 202293
540067 184789
438668 41877
795255 993098
415676 176730
896195 234597
244278 293901
760563 461090
589997 653198
724062 754903
454960 137217
71543 648049
762800 608790
143196 601605
157472 66484
160972 80981
52853 537154
101686 457954
124621 415570
158188 893929
65452 233834
99510 128699
296161 737391
927363 97404
135303 479664
436987 168824
118567 530956
140015 517213
425467 194178
411826 828057
513293 807891
423041 943633
492094 59094
195485 533818
204067 287384
757242 661720
679370 942381
39951 972625
336154 309015
153038 372013
804888 424530
540078 879597
