200 93082786 98659735
133814 160536
844751 15132
648504 880074
766332 521291
363338 719428
85977 783994
184962 760869
396692 863980
105527 146349
16467 501914
938559 182156
324939 270475
133523 857540
699506 612300
26383 718461
868812 71693
64470 643237
679074 484376
100755 919297
896466 252398
13466 547157
233791 708096
812396 341996
711848 892871
134233 14789
950231 725184
290624 986010
199792 889928
644338 630542
12649 905999
417589 161330
296600 352828
139812 967540
11751 765277
543540 486308
861861 944841
382033 71396
658423 734677
117479 476460
982444 867759
324540 303927
463214 836762
555962 868238
444051 771910
863627 126575
511955 589003
728285 294618
350997 669890
191237 503799
680610 631424
917183 795047
535355 867760
232083 421797
880133 912652
96532 200345
245218 524344
426307 497913
399132 712123
134992 267036
578107 113690
158656 203549
830966 780819
756970 202728
67974 176435
331995 50212
740885 846612
996633 117437
792470 491959
647557 80716
192430 685818
434393 442150
534159 427702
852881 468606
903142 916791
474215 360184
352490 89497
602294 695115
20629 755195
949696 124305
72240 53923
232843 319214
764102 39214
784806 98139
667066 688370
618441 885710
935349 332466
790938 76744
262071 237948
973772 958458
232783 422499
843618 47957
235302 433365
567442 272813
944821 891928
95620 717384
24663 603237
899897 528713
792760 692129
527753 615604
900333 970676
981829 281437
801502 24904
955579 219250
783774 484768
264087 391969
488091 662674
476006 451367
327409 518819
31926 297719
317913 792445
81562 690115
834814 526671
598410 290921
732272 153665
609830 62077
10481 974867
558811 144559
491565 309201
670046 311385
529927 886965
536214 568232
322831 545177
267926 700260
152911 513687
433800 665053
60805 980863
931045 807412
249642 429620
795104 56963
718833 665891
717859 366122
272139 466593
130928 276279
918887 524960
573866 316913
551416 377102
479213 551233
829614 418827
260759 334846
681158 384580
655338 736403
76989 736113
124362 714127
494688 578151
795488 859081
55359 577434
336225 885038
667391 716275
63401 435177
247183 390602
145153 709549
790963 122113
247744 990306
987900 931772
101645 833578
322136 205440
786370 617742
732613 960487
366636 68746
487649 778173
785263 255793
123358 959291
412870 843582
910033 722142
284265 135801
379241 881506
567879 700803
26940 634528
489522 220094
318589 327297
480795 303515
88010 152222
820082 204929
142114 859126
735023 238871
555444 59531
566703 378414
150290 823321
101494 936910
245253 801012
524755 954843
991290 240957
594465 162148
479001 461440
775145 659849
585142 631469
287013 460550
309792 867057
644512 895136
870423 492401
77689 463850
174556 448995
862662 213236
828960 939976
896660 349009
904286 255946
752077 537668
789444 865710
916595 754439
889676 545845
