200 95718908 98533507
778225 944607
583682 879163
886883 656513
960479 191002
253285 633067
344556 820985
512397 716476
75863 633499
815026 68532
495430 69177
617386 602499
779310 750874
665006 9579
557317 139787
56666 761748
55311 100348
43729 228076
95573 945463
737406 777080
237685 829245
933429 61436
267090 618559
489143 234435
768235 577718
749140 877388
846922 568799
45483 955537
924243 82519
732877 385781
164092 186446
594368 184521
129627 484907
935007 190395
76250 484668
576607 965915
958216 907800
17260 76299
133258 334868
527154 953539
212911 548510
750071 941118
37025 861625
59877 630789
659510 758933
426470 832982
899686 515146
596072 304433
807192 2097
587392 957822
558933 67039
408426 347550
547230 51647
703854 550732
50712 546571
142047 582512
616421 12199
266622 23872
339791 369370
552315 533843
743710 599145
493147 992964
572809 973650
807285 369919
914249 867426
208086 616299
682376 882995
410500 218100
255289 102918
884960 758707
624961 658937
844324 836093
456210 312677
201100 809349
538969 866454
250642 358063
922893 930984
692241 80498
748648 644858
862027 962664
172147 274386
351814 246901
309881 970317
778449 261906
830365 417473
632036 410293
396168 574385
974949 874527
411258 453419
234695 932737
418818 516290
12557 83852
548809 755684
938541 163732
111688 765911
141903 66527
710170 165844
247732 720
180203 851264
741044 477995
517776 976707
719072 936260
14385 588487
729030 760969
408929 355663
944210 308520
396110 57585
514001 993246
363284 729458
541777 564894
503276 392828
883493 829082
663617 934270
174149 471344
103267 412640
4433 943732
646228 30626
210422 698518
509504 451472
625769 318896
824202 727012
99153 208559
231362 751672
819265 974363
903154 351014
512867 737604
343064 3454
766448 986507
311533 956131
466267 139466
73316 64962
367246 353697
123566 490736
404555 64414
881402 304351
421237 72840
860539 53373
619368 832264
946657 865386
58306 275765
907817 547795
744133 100986
757904 944048
266261 235814
750627 767702
55387 696848
426866 308089
764748 330341
387810 821506
522692 406864
203042 715145
951052 40068
50422 37808
229371 430825
789999 13083
691448 746913
347323 370063
543709 481205
709080 748774
422327 335841
592484 591404
92074 344312
467153 510554
934833 509877
882356 747053
687940 452000
141884 524321
612114 605594
937535 391631
420397 54341
824496 485152
44806 914066
198381 534637
494861 444392
179829 302837
370682 319086
164279 856378
166186 452725
649733 480888
29409 14405
437416 972739
551214 3586
379789 437500
676140 797179
911324 359855
978340 918416
694889 402956
47568 444157
513859 305408
898427 204295
459306 394864
422852 654337
216415 134994
61825 845179
685523 383463
462079 19400
659265 172953
436584 564011
32983 878317
176830 578270
190479 213348
