200 92646774 99659502
487578 44748
496659 511408
460892 915326
519744 414239
711150 87928
591965 499982
460326 851993
807704 556672
546075 720161
321751 752814
693347 570496
608335 749791
680951 232376
843254 476832
894643 937393
622928 120801
187130 250905
234406 432492
110839 396341
684758 688194
423102 738313
289091 255380
381392 704032
120364 633883
792893 164921
468251 688788
469220 773262
337844 985500
923606 465410
730925 785379
319961 858918
740636 195600
361288 264680
753515 724465
93080 964568
657001 895453
895669 744600
635771 545833
814027 101664
472752 775427
902816 831083
572530 203246
722398 218306
225879 260058
280751 229667
39831 651743
713217 963470
120473 284950
52777 786731
518374 51028
744291 703835
379071 607492
22327 744025
763337 585760
168120 709901
406822 163916
224295 854957
492128 416335
185972 117328
282559 427630
604644 761553
820090 199143
641038 253532
690890 925639
327999 138328
501657 389672
559357 595889
87130 306571
791977 468352
769138 144526
153085 795290
752659 102218
994741 84146
95146 10891
348235 679788
940910 544813
227674 47743
313753 446863
510372 242117
710900 842423
69039 394914
319690 291586
937546 155279
884798 649606
292333 262722
55225 149574
358718 312572
460987 181008
149552 429614
652947 203319
746438 95817
642410 518889
73142 621921
833977 229356
813096 505340
766555 686713
202461 330173
965116 904309
812141 421224
390257 645384
298153 337553
601698 98780
148063 263974
617314 151412
20603 291605
537567 511654
687882 518107
719477 122103
862042 998187
737181 409937
978686 58423
434434 736803
204846 853917
904500 498965
963850 237617
191477 715879
760959 560739
687601 671013
127362 654733
255627 179145
469818 605020
867539 153837
852730 399064
153235 630123
33772 417553
942601 83
700681 551656
321262 948616
528772 5751
191477 531319
250375 177438
407375 670901
334548 982891
30123 80500
542478 819365
641148 934562
10321 925941
491122 14239
324155 761522
144586 440984
762830 394631
995777 507909
485678 904259
835940 164219
142020 148221
206467 723758
585157 984226
122499 17799
514573 902877
854995 145758
219685 311457
287223 515157
395364 72214
885248 51088
49265 890142
527836 252820
624038 930242
195785 355771
257872 758206
304997 23697
183443 362917
248418 360975
603370 76210
862229 766258
650381 51949
901549 233142
465643 229623
735616 138548
64022 837874
326465 43221
243711 956367
579406 156658
386454 524213
364518 945290
88019 690059
689656 616543
182995 144162
654998 861293
338714 534786
6921 535432
570935 30735
358974 169681
380933 8856
711197 831444
701837 327037
559354 326785
128969 933242
570980 935173
972164 984916
999835 373253
527005 373598
907936 352759
300330 550376
971044 208860
972984 737413
83042 639838
664753 734008
769928 710402
263575 197115
785296 758281
