200 92269815 102685968
100431 594818
194971 827531
764249 544733
541201 267682
198258 73535
732022 839480
917938 436104
431800 276434
169775 545976
734911 94633
473152 554494
764672 7426
430748 85599
728047 645355
571808 25215
890385 131027
17007 762320
803823 176007
55731 722324
150118 101317
651586 76752
541916 557438
327517 680655
796429 420141
798418 566863
537091 248783
164737 198477
44644 436990
777147 5224
997989 826670
682758 212468
804317 792770
816253 801822
350324 328012
93140 222071
748218 647456
834874 336927
387028 151315
215639 192079
586320 388885
721013 517890
582106 115880
811834 512065
509064 752444
949715 669834
109904 236393
529965 792988
35289 684552
27293 943010
756270 543023
170400 140153
553167 643591
439740 98848
377826 363531
164805 531771
43847 497950
686779 28676
551945 697993
760977 909071
68336 100049
160393 887671
943731 328241
574266 953514
321034 954745
646131 899342
153122 901187
633786 268431
744874 924749
245485 81351
841226 645496
565642 274888
917236 755164
875210 237897
873234 583110
138855 598826
208095 851727
995391 531365
854482 89690
76369 123667
980276 126441
411300 968920
82771 694044
275270 343789
170191 523848
638834 930760
626577 178992
550603 31594
227676 61155
606981 178053
11835 46834
597027 601799
189210 416843
140442 851015
936945 961078
406869 241099
811099 705324
679826 494900
615749 930831
347689 909191
826497 979723
587693 21848
379002 353927
115755 773653
479682 49287
42448 266796
850120 755041
32999 280538
897573 576601
38527 456657
95957 434844
284458 414917
819843 396246
220194 303380
546940 800304
943559 142736
964102 816681
294404 733674
776650 280784
361807 822652
729516 405211
896974 286898
685627 96743
611287 611414
536452 769677
294224 515704
984193 756573
684149 834230
326127 703034
801848 180717
992381 248146
191939 331132
549280 2808
41369 458481
604483 210399
603098 692627
31452 375157
947621 956428
763354 346841
957080 4400
262970 129403
788531 299630
98361 789839
353562 238482
636772 104302
185337 615732
612619 673417
237186 794817
248020 357770
10513 634531
439147 119241
112177 463504
421975 237479
720184 151084
174696 811915
969997 961756
118093 694199
664202 912937
939138 401094
933820 469388
644902 998020
745479 130396
139050 28009
937639 843025
868518 259508
131601 93748
523206 587553
634232 557989
634657 512006
385835 487816
577450 805904
843163 735693
769919 467668
832251 822299
198687 524692
688512 617369
710521 254801
207752 489881
657631 551496
993367 311329
291673 816778
322620 786134
832214 777595
733330 631047
869310 67239
321762 789523
249762 288700
669670 694137
615893 266408
767208 117050
11924 362448
837257 249581
237344 219817
403230 402975
613805 621559
244789 96420
794930 889632
20661 335358
396577 384620
65123 248361
840881 30748
