200 98144503 94538727
391078 494677
798346 195286
673888 285920
981936 44445
224041 102322
968261 160483
486361 784235
699959 353261
922374 894347
908590 410996
397191 586497
451999 8509
414803 862802
442110 308310
733831 849570
839120 110574
357254 739491
664990 688978
682298 586711
703045 758720
678265 399875
36267 436969
435268 211058
444300 847624
271017 279330
915762 128794
257352 864400
631043 534009
586418 925595
947508 227737
957165 21719
193308 82077
389972 727537
156707 604567
576667 223418
49433 659803
956465 668626
884515 940350
928766 527602
842831 161968
84620 144277
46601 774259
149313 924548
942695 767671
611786 273149
969759 583444
412820 133951
205656 401699
561908 114101
796829 559034
834535 783868
204974 87746
121267 905555
665201 324342
655084 404382
253446 829881
245458 197591
915960 651028
127320 325586
13135 271564
48896 119082
696450 586396
224161 553549
544393 896532
526218 377313
333841 394510
484929 406994
913033 204744
338468 855354
697049 159907
256881 315691
104435 965623
597921 446748
317057 438673
557614 760749
673726 237898
459958 564120
773025 287685
428024 844214
441523 558404
210427 820907
556610 889127
116173 966768
115758 775363
462185 594683
483872 603803
166834 593549
177947 817214
692124 681176
294058 359805
379498 589834
95609 137286
5841 392826
214656 497633
219324 285934
238362 184455
725097 165447
314484 877786
276592 449610
954016 311046
8612 136907
308041 843634
696722 754296
271297 253538
482407 800063
708663 784620
342766 755677
541380 667604
201910 539716
378404 901383
672913 185576
49026 593713
189497 404455
745707 197627
984142 848851
418853 131428
743867 387805
598553 61243
376566 486815
298091 953078
42661 406789
49450 694578
94174 186713
286371 490568
773319 835755
384656 243592
233564 269081
316398 710549
739343 314432
874220 298141
308810 507391
265471 338995
627728 23652
455762 950602
481857 946102
250843 493968
556668 379103
218889 197988
691231 518643
26201 752566
253482 5985
376840 225978
134145 570037
551459 707785
98704 164359
316666 774100
416777 657284
996979 161477
18632 654870
787194 688628
843544 675763
668822 276482
554191 993343
79447 773910
612180 818527
937580 811442
583873 463900
452433 794097
581923 47023
448741 565727
137758 111791
357785 177588
269102 793044
372293 756655
169160 493799
763541 878732
297055 417608
836576 765089
742210 704283
75481 764187
644258 693392
388894 845647
940658 742478
530350 882239
487527 762748
668792 494636
674591 798444
652366 171091
684062 274596
722168 254085
819251 758985
369381 45414
28537 903018
553085 595650
81913 380902
385297 364871
588269 688700
42420 120291
177119 852781
987747 384059
733104 13968
62175 2052
681077 697778
328284 796162
217532 378407
371153 906395
792492 649009
143280 552535
978378 629516
729712 485815
