# Converted from 100_327.csv
100
236 472 100000 0
111 222 100000 0
131 262 100000 0
101 202 100000 0
99 100000 100000 0
261 100000 100000 0
95 190 100000 0
100 200 70 1 4
36 72 100000 1 6
236 100000 100000 1 1
23 100000 100000 1 5
155 310 100000 1 0
181 362 127 1 6
204 408 100000 1 3
254 100000 178 1 3
41 82 100000 1 5
54 108 100000 2 5 6
63 126 100000 1 6
309 618 100000 1 3
28 56 100000 1 2
100 200 70 1 12
288 576 202 1 16
113 100000 100000 1 11
123 100000 86 1 10
119 100000 100000 1 11
170 100000 100000 1 19
117 100000 100000 1 16
89 178 100000 1 7
37 74 100000 2 2 22
179 358 125 1 24
378 756 265 1 27
189 100000 100000 1 20
185 100000 100000 1 27
58 116 41 1 24
90 180 100000 1 27
54 100000 38 1 23
210 420 147 1 29
79 100000 55 1 31
27 54 100000 1 35
64 100000 100000 2 32 34
134 100000 100000 1 35
147 100000 103 2 27 35
61 122 43 1 30
175 100000 100000 1 35
202 100000 100000 2 4 29
166 100000 100000 1 32
163 100000 100000 2 40 44
203 100000 100000 1 36
240 100000 168 2 43 45
180 100000 100000 2 29 45
134 268 100000 1 40
222 100000 100000 3 13 37 38
34 68 24 1 38
147 100000 100000 1 49
85 100000 100000 1 52
91 100000 100000 1 48
139 100000 100000 1 51
170 100000 100000 1 50
37 100000 26 1 46
64 100000 45 1 47
228 100000 100000 1 47
249 100000 100000 2 28 53
70 100000 49 1 56
94 188 100000 1 54
202 100000 100000 2 29 56
70 100000 100000 2 35 53
75 100000 52 1 58
199 100000 139 1 58
66 100000 100000 1 63
62 100000 43 1 62
56 112 100000 2 41 66
152 100000 106 1 66
162 100000 113 1 67
239 100000 167 4 39 50 62 66
117 234 82 1 66
199 100000 139 1 62
70 100000 49 2 1 67
128 100000 90 1 74
153 100000 100000 2 73 76
36 100000 100000 1 76
173 346 121 1 70
158 316 100000 1 70
223 100000 156 2 50 75
70 100000 100000 1 72
165 100000 115 1 83
46 100000 32 1 81
241 100000 169 3 14 68 80
151 100000 106 1 77
71 100000 50 1 80
104 208 73 3 37 81 83
178 356 100000 1 81
242 484 100000 2 75 81
206 100000 100000 1 90
230 460 161 1 86
26 52 100000 1 89
128 100000 90 1 89
62 124 100000 2 17 90
190 100000 100000 1 84
86 172 60 1 89
242 100000 100000 1 86
