# Converted from 100_451.csv
100
54 100000 100000 0
324 100000 227 0
566 1132 100000 0
351 702 100000 3 0 1 2
244 100000 100000 3 0 1 2
285 100000 200 3 0 1 2
413 100000 289 3 0 1 2
492 100000 344 4 3 4 5 6
155 100000 100000 4 3 4 5 6
499 100000 100000 4 3 4 5 6
392 100000 274 3 7 8 9
282 100000 100000 3 7 8 9
473 946 331 3 7 8 9
94 100000 100000 3 10 11 12
527 1054 100000 3 10 11 12
231 462 100000 3 10 11 12
124 100000 100000 3 10 11 12
151 302 100000 3 10 11 12
200 100000 100000 5 13 14 15 16 17
222 100000 155 5 13 14 15 16 17
161 100000 113 1 19
438 876 100000 1 19
314 628 100000 2 20 21
287 100000 201 2 20 21
465 100000 100000 2 20 21
140 280 98 3 22 23 24
466 932 100000 3 22 23 24
154 308 100000 3 22 23 24
121 242 100000 3 25 26 27
91 100000 64 3 25 26 27
91 182 64 2 26 27
200 100000 140 2 29 30
557 1114 390 2 29 30
114 228 100000 3 28 29 30
146 100000 100000 3 28 29 30
197 394 100000 3 31 32 34
257 100000 100000 2 28 31
419 100000 293 1 35
163 100000 100000 2 33 35
189 100000 100000 1 35
96 192 100000 3 37 38 39
141 282 100000 3 37 38 39
339 100000 100000 2 38 39
553 100000 387 3 18 38 39
155 100000 108 4 40 41 42 43
114 100000 100000 4 40 41 42 43
507 100000 100000 4 40 41 42 43
286 100000 200 4 40 41 42 43
91 182 100000 5 36 44 45 46 47
493 100000 100000 5 36 44 45 46 47
393 786 100000 5 36 44 45 46 47
470 940 329 3 48 49 50
73 146 100000 3 48 49 50
215 100000 100000 3 48 49 50
129 100000 90 3 51 52 53
219 438 100000 3 51 52 53
189 100000 132 3 51 52 53
98 100000 69 3 51 52 53
174 100000 122 3 54 55 56
77 100000 100000 3 54 55 56
494 988 346 2 54 55
114 100000 100000 2 58 59
282 100000 100000 2 58 60
40 80 100000 2 57 60
147 294 103 1 58
517 100000 100000 2 57 62
339 678 237 1 64
61 100000 43 1 61
220 440 154 1 67
252 504 176 1 65
186 100000 130 2 65 67
221 100000 100000 3 66 69 70
167 100000 117 1 69
35 100000 24 2 61 69
186 372 100000 2 71 73
556 1112 100000 2 61 72
403 100000 100000 1 72
171 100000 120 1 73
178 356 100000 2 61 72
56 100000 100000 2 71 78
102 204 71 1 78
233 100000 100000 1 76
437 874 100000 2 76 79
22 44 100000 3 59 64 81
108 100000 100000 1 79
249 100000 174 2 64 80
255 100000 178 4 63 74 80 81
73 146 100000 3 74 82 85
100 200 100000 1 85
523 100000 100000 2 68 85
199 100000 139 2 81 85
20 40 100000 2 68 84
114 100000 100000 3 87 90 91
409 818 286 2 76 89
214 100000 100000 3 82 89 91
248 100000 100000 2 74 91
360 100000 100000 2 81 95
164 328 115 2 74 94
179 100000 125 2 94 95
177 100000 100000 3 86 92 93
