# Converted from 100_277.csv
100
502 1004 351 0
308 100000 216 0
407 814 100000 0
558 1116 100000 1 1
403 100000 100000 2 0 1
481 100000 100000 1 1
354 708 248 1 0
568 1136 100000 1 1
523 100000 366 1 1
521 1042 365 1 1
593 100000 415 1 3
502 1004 351 5 3 4 5 6 8
496 100000 100000 3 5 6 8
522 100000 100000 3 2 7 9
306 612 100000 2 0 3
619 1238 100000 1 10
423 846 100000 1 11
425 100000 100000 1 11
397 794 100000 1 11
433 866 100000 1 14
672 100000 100000 1 16
431 100000 100000 1 18
712 1424 100000 1 18
397 100000 278 1 17
584 1168 409 2 15 18
784 1568 100000 3 13 18 19
431 100000 100000 4 7 9 18 19
349 100000 100000 4 11 12 13 19
404 100000 100000 3 12 13 18
461 922 100000 1 20
699 100000 489 1 21
463 100000 100000 1 22
510 100000 100000 4 25 26 27 28
419 100000 100000 4 23 25 26 27
440 100000 308 2 25 27
588 1176 412 1 32
713 100000 100000 1 29
620 1240 434 4 28 30 31 33
341 100000 239 2 32 33
534 100000 100000 1 33
716 100000 100000 2 26 34
472 944 100000 2 26 34
549 1098 384 1 35
519 100000 363 2 36 37
534 1068 100000 3 37 39 40
468 936 100000 3 24 32 37
511 100000 358 2 24 37
622 100000 435 1 42
599 100000 419 1 44
653 100000 100000 2 45 46
464 100000 325 2 45 46
676 100000 473 3 32 40 46
385 770 270 1 49
509 100000 356 1 47
351 100000 246 1 48
452 904 100000 3 44 49 50
553 1106 100000 1 51
434 868 100000 1 55
532 100000 372 1 52
517 100000 362 1 54
340 100000 100000 2 55 56
473 946 100000 1 55
414 100000 100000 2 53 56
328 656 100000 2 45 56
472 100000 100000 2 55 56
467 100000 327 1 57
391 100000 100000 1 58
491 982 100000 1 60
547 100000 100000 1 61
631 1262 100000 1 59
667 1334 100000 5 41 60 62 63 64
560 100000 100000 2 60 63
575 1150 402 2 63 64
793 1586 100000 1 64
326 100000 228 1 65
603 100000 422 1 66
559 100000 100000 1 70
502 100000 100000 1 71
612 100000 100000 1 67
442 100000 309 1 69
320 100000 100000 1 68
505 1010 100000 2 38 70
342 100000 239 1 74
432 100000 100000 1 76
452 100000 100000 1 77
689 1378 100000 1 78
602 1204 100000 1 79
757 100000 530 3 63 75 80
546 100000 382 2 43 81
408 100000 286 1 82
543 1086 100000 1 83
641 1282 100000 1 86
498 100000 349 5 73 84 85 87 88
500 100000 100000 1 90
565 100000 396 5 61 73 81 89 91
434 868 304 1 92
555 100000 388 2 93 94
452 100000 100000 1 95
615 100000 100000 1 95
260 520 182 2 88 94
