# Converted from 100_147.csv
100
506 1012 354 0
784 100000 100000 0
518 100000 100000 0
585 100000 410 0
531 100000 100000 0
502 100000 351 0
719 100000 503 0
515 1030 100000 0
674 100000 100000 1 7
433 100000 303 1 7
672 1344 100000 1 7
331 100000 100000 1 7
261 100000 100000 1 7
675 1350 472 1 7
466 932 100000 1 7
406 812 284 1 13
530 100000 100000 1 13
519 100000 100000 7 2 3 4 9 10 11 12
287 100000 201 1 13
529 100000 370 1 13
624 1248 437 1 13
501 1002 100000 1 17
650 1300 100000 1 17
504 100000 353 1 17
595 1190 100000 1 17
549 100000 100000 1 17
561 1122 100000 1 17
478 956 100000 1 17
403 100000 100000 3 23 25 26
610 100000 100000 1 24
493 100000 100000 3 13 24 25
456 100000 319 3 21 26 27
583 100000 100000 2 20 26
423 100000 100000 2 26 27
444 888 100000 5 8 15 16 28 29
323 100000 100000 2 13 33
396 792 100000 1 33
468 936 100000 2 24 32
474 948 332 1 34
333 100000 233 1 34
577 100000 100000 1 34
428 100000 300 1 34
454 908 318 1 34
667 100000 100000 1 34
647 100000 100000 1 34
406 100000 100000 1 34
546 1092 382 1 34
483 100000 100000 1 34
582 100000 100000 1 34
329 100000 230 1 34
422 844 295 2 34 35
567 100000 397 2 23 37
565 100000 100000 4 38 39 47 48
558 100000 100000 3 45 47 48
549 1098 100000 2 22 42
619 100000 433 8 5 6 14 18 19 31 45 50
411 100000 288 1 40
302 100000 211 7 0 30 37 52 53 54 55
519 100000 363 1 55
567 100000 397 1 55
717 1434 100000 1 55
614 100000 100000 1 55
628 100000 100000 1 55
541 100000 100000 1 55
511 1022 358 1 55
550 1100 385 4 22 46 55 56
564 100000 395 1 57
326 100000 100000 1 57
385 100000 100000 1 57
424 100000 297 1 57
339 678 100000 1 57
554 100000 100000 5 22 48 49 59 60
537 1074 376 3 40 43 60
536 1072 100000 3 61 63 67
609 1218 100000 7 32 38 39 40 43 64 71
378 756 100000 5 40 46 49 63 69
563 100000 100000 3 38 47 72
474 948 100000 4 65 69 70 71
617 100000 100000 3 40 67 71
671 100000 470 3 68 76 78
315 100000 100000 3 44 75 78
590 100000 100000 3 61 77 78
470 940 329 2 68 77
363 100000 254 1 80
709 1418 100000 3 63 78 82
361 722 253 2 65 80
431 862 302 1 85
407 814 100000 1 86
672 100000 100000 1 86
573 100000 100000 1 86
426 852 298 6 1 73 83 84 87 88
546 100000 100000 3 43 62 89
652 1304 100000 5 58 62 66 72 89
388 100000 100000 2 64 89
680 1360 476 1 90
705 100000 493 1 90
351 702 246 1 90
376 752 100000 1 90
549 1098 384 1 93
490 100000 100000 2 72 91
