# Converted from 100_367.csv
100
708 1416 100000 0
487 974 100000 0
607 100000 100000 0
643 100000 100000 0
679 100000 100000 0
548 100000 100000 0
465 930 326 0
599 100000 419 1 6
671 100000 100000 1 1
379 100000 100000 1 1
402 100000 100000 2 0 4
720 100000 504 1 0
477 100000 100000 1 11
561 1122 100000 2 7 9
632 1264 442 1 7
731 1462 100000 1 7
388 776 272 1 8
558 100000 100000 1 11
374 748 100000 1 8
333 100000 233 1 9
380 100000 266 1 9
384 100000 100000 1 11
597 100000 100000 1 10
241 100000 169 2 1 7
258 100000 181 2 16 22
397 100000 278 1 16
441 882 309 1 14
339 100000 237 2 9 21
293 586 100000 1 22
537 1074 100000 1 12
599 100000 100000 2 21 22
599 1198 100000 1 17
402 100000 100000 2 21 24
651 1302 456 1 25
532 1064 100000 2 23 24
306 100000 100000 1 30
356 712 100000 1 30
435 870 304 2 26 27
588 100000 100000 1 31
452 100000 316 2 7 28
357 100000 100000 1 31
639 1278 447 1 34
316 632 221 1 39
468 936 100000 1 39
612 1224 100000 1 40
630 100000 441 1 39
540 1080 378 1 38
448 100000 100000 1 33
605 1210 100000 1 40
533 1066 100000 1 37
260 520 182 2 36 40
510 100000 100000 1 33
755 1510 528 1 47
506 100000 100000 1 44
609 100000 426 1 51
640 1280 100000 1 47
424 100000 100000 1 48
556 1112 100000 1 47
579 100000 100000 1 43
404 808 100000 2 13 41
606 100000 100000 1 45
549 1098 100000 1 48
440 880 308 1 46
636 100000 100000 2 16 61
322 100000 225 1 59
459 100000 321 1 54
627 100000 439 1 55
581 100000 100000 2 37 62
403 100000 100000 1 53
535 1070 100000 1 60
579 100000 100000 2 29 53
589 1178 100000 1 57
746 100000 100000 1 68
292 100000 100000 1 65
493 986 345 1 67
544 100000 381 2 64 68
311 100000 218 2 43 71
376 752 100000 1 69
575 100000 402 1 64
593 100000 100000 1 74
529 100000 370 1 73
485 970 340 1 72
496 100000 347 1 73
366 100000 100000 2 16 77
640 100000 448 3 69 71 74
435 100000 304 2 3 79
340 100000 100000 1 83
411 822 288 1 84
628 1256 100000 1 79
419 100000 293 1 79
487 100000 100000 2 81 84
512 100000 358 2 85 87
684 1368 100000 1 90
497 100000 100000 1 86
506 1012 100000 1 89
581 100000 407 2 54 90
792 1584 100000 3 54 78 89
436 100000 305 1 85
548 100000 100000 1 88
470 100000 100000 1 90
