# Converted from 100_161.csv
100
199 398 139 0
229 100000 100000 0
538 100000 377 0
105 210 74 0
447 100000 313 0
522 100000 100000 0
385 770 100000 0
308 100000 216 0
36 72 100000 1 0
43 100000 100000 1 1
516 1032 361 1 2
55 100000 100000 1 3
130 100000 100000 1 4
118 236 100000 1 7
324 648 100000 1 3
194 100000 136 1 3
133 266 93 1 5
168 100000 100000 1 3
471 100000 100000 1 11
351 100000 246 1 12
94 100000 66 2 8 10
511 100000 100000 1 9
569 100000 398 1 16
81 162 57 1 14
233 466 100000 1 14
189 100000 100000 1 16
514 1028 360 1 15
72 100000 100000 3 5 18 19
262 524 100000 1 20
328 656 100000 1 25
236 100000 165 1 21
100 200 70 2 21 26
511 100000 100000 1 27
476 100000 100000 1 28
238 100000 100000 1 30
524 1048 367 2 23 29
448 100000 100000 1 28
227 100000 100000 2 13 28
251 100000 100000 2 14 28
269 538 100000 2 16 31
232 100000 100000 1 30
166 100000 116 1 32
107 100000 100000 1 33
178 356 100000 1 34
120 100000 84 1 37
511 1022 100000 1 40
362 724 100000 1 40
57 100000 40 2 36 39
59 100000 100000 1 34
205 410 100000 1 39
172 100000 100000 1 35
38 100000 100000 1 44
211 100000 148 1 45
112 100000 100000 1 43
211 100000 100000 1 42
165 100000 100000 2 41 46
45 100000 100000 3 26 46 48
531 1062 100000 1 47
163 326 114 1 45
84 168 100000 1 47
112 224 78 1 51
288 100000 202 1 52
237 100000 100000 1 53
188 100000 100000 1 54
31 100000 100000 1 59
483 100000 100000 1 57
166 332 116 1 56
117 100000 82 1 57
40 100000 100000 1 60
78 100000 55 1 62
255 100000 100000 1 61
502 1004 351 1 63
357 714 100000 1 67
75 150 52 1 64
177 100000 100000 3 38 44 64
294 588 206 2 50 65
206 100000 100000 1 68
151 302 106 1 69
73 146 100000 1 72
51 100000 100000 1 73
103 100000 100000 1 70
55 100000 38 1 71
45 100000 100000 5 38 55 67 73 75
27 100000 100000 1 73
83 100000 100000 1 75
173 100000 121 1 77
171 342 100000 1 76
33 66 23 1 78
158 316 111 1 79
191 382 134 1 80
110 100000 77 2 31 81
40 100000 28 1 83
174 100000 122 3 24 40 83
344 688 100000 1 83
474 100000 332 1 85
153 100000 100000 1 86
151 302 100000 1 89
142 284 100000 1 87
104 208 73 1 88
136 272 100000 2 14 91
