# Converted from 100_420.csv
100
71 142 100000 0
121 100000 100000 0
54 100000 100000 0
43 100000 100000 0
22 100000 15 2 1 3
71 100000 100000 2 1 2
97 100000 100000 1 1
23 46 100000 2 1 3
46 100000 32 1 1
43 86 30 3 6 7 8
55 110 100000 2 6 7
152 100000 100000 1 8
172 100000 100000 1 8
213 426 100000 1 4
74 100000 100000 1 5
143 100000 100000 1 4
55 110 38 2 3 6
76 100000 100000 3 5 12 15
114 100000 100000 1 13
116 100000 81 3 0 4 10
162 324 100000 1 12
97 194 100000 1 10
98 100000 69 1 12
62 100000 100000 2 7 11
107 214 75 3 21 22 23
197 394 138 4 13 21 22 23
233 466 100000 3 15 18 21
158 100000 111 2 4 20
358 716 100000 1 19
99 100000 69 3 18 19 23
227 100000 100000 3 14 19 21
162 324 113 3 18 28 30
104 100000 100000 2 29 30
108 100000 76 4 0 2 4 24
70 100000 100000 2 27 30
88 100000 100000 2 22 28
148 100000 104 2 2 28
165 100000 100000 3 31 32 34
55 100000 38 1 31
155 100000 100000 2 31 36
164 328 100000 2 32 35
64 128 100000 2 32 36
48 96 34 3 5 13 36
216 432 151 3 18 30 35
209 418 100000 2 37 38
120 240 100000 2 40 44
146 292 102 3 26 35 44
41 100000 29 3 33 35 44
166 100000 100000 2 15 44
243 486 100000 1 44
40 80 100000 2 41 44
191 100000 100000 2 16 44
122 244 100000 1 51
147 100000 100000 1 47
239 478 167 1 49
154 308 100000 1 50
154 308 100000 1 53
147 100000 100000 2 40 54
38 76 27 4 41 42 51 53
188 100000 100000 3 16 33 54
125 100000 100000 1 53
41 100000 100000 2 35 55
102 204 100000 1 55
167 334 100000 4 41 45 56 60
124 100000 87 5 25 41 43 56 59
135 270 94 3 33 46 61
100 100000 70 1 61
44 100000 31 2 58 61
108 216 100000 2 41 57
169 100000 118 1 68
293 100000 100000 3 33 39 66
66 100000 46 3 46 59 66
165 100000 115 3 17 59 63
241 482 100000 3 9 60 66
73 146 100000 4 25 56 65 67
54 100000 100000 3 48 64 67
192 100000 100000 3 25 40 67
252 100000 100000 2 16 63
53 100000 37 3 52 65 71
126 252 88 3 16 25 73
143 100000 100 1 72
98 196 100000 1 80
96 100000 100000 3 52 55 80
239 100000 167 2 68 78
123 100000 86 3 62 70 83
61 122 100000 3 45 76 83
223 446 156 4 43 66 69 81
161 100000 100000 3 58 69 82
152 100000 100000 2 43 83
139 100000 97 2 71 82
186 100000 130 3 60 62 83
133 266 93 2 80 85
265 100000 186 5 75 84 85 87 88
170 100000 100000 5 17 64 79 85 90
80 100000 56 2 48 86
227 100000 159 2 75 89
227 100000 100000 3 17 69 85
34 68 100000 2 71 87
145 290 102 4 39 79 87 89
58 100000 100000 1 88
