# Converted from 100_207.csv
100
587 100000 411 0
564 1128 395 0
500 100000 100000 0
299 598 100000 0
480 100000 100000 0
593 100000 100000 0
668 1336 100000 1 2
403 806 282 1 0
362 100000 253 1 1
532 1064 100000 1 3
405 100000 100000 1 3
480 100000 100000 1 3
451 100000 100000 1 2
584 1168 409 1 3
494 100000 346 1 2
405 810 100000 1 6
382 100000 267 1 10
408 816 286 1 11
677 1354 474 1 9
367 100000 257 1 14
406 100000 100000 1 7
497 994 100000 1 8
521 100000 100000 1 10
505 100000 100000 1 12
528 100000 370 1 14
464 928 325 1 12
436 872 305 1 15
478 956 335 1 19
514 100000 360 1 16
602 1204 100000 1 17
522 100000 100000 1 25
724 100000 507 1 18
528 1056 100000 1 21
479 100000 335 1 24
473 100000 100000 3 2 10 21
503 1006 100000 1 26
587 1174 411 1 27
456 100000 319 1 29
399 100000 100000 1 30
622 100000 435 1 28
573 100000 100000 2 19 33
477 100000 100000 1 34
575 1150 100000 1 33
594 100000 100000 1 37
411 100000 100000 1 38
444 888 311 1 35
439 100000 307 2 22 36
573 100000 100000 1 41
586 100000 410 3 31 41 42
362 724 100000 2 31 42
399 798 279 1 44
472 100000 330 1 45
528 100000 100000 1 49
441 100000 100000 1 43
144 100000 100000 2 30 47
758 100000 531 1 46
481 100000 337 1 49
431 100000 100000 1 48
573 100000 100000 1 52
311 622 100000 1 54
607 1214 425 1 50
573 1146 100000 1 51
554 1108 100000 1 56
396 100000 100000 1 57
473 946 331 2 48 52
514 100000 100000 2 23 55
331 100000 232 1 58
405 810 100000 1 62
476 100000 333 1 59
422 100000 295 1 60
331 100000 100000 2 22 61
394 788 276 2 4 65
523 1046 100000 1 64
689 1378 100000 2 48 65
466 100000 100000 1 67
439 100000 100000 1 68
656 100000 459 2 57 66
645 100000 100000 1 72
577 1154 100000 1 73
214 428 150 1 69
373 100000 100000 1 70
310 100000 100000 1 74
505 100000 100000 1 77
285 100000 200 1 75
350 700 100000 1 76
633 100000 443 1 78
486 100000 100000 1 79
376 752 100000 1 76
380 760 100000 1 78
841 100000 100000 4 4 32 76 77
492 984 100000 1 81
380 760 100000 1 82
302 100000 100000 1 83
718 1436 100000 1 84
555 100000 100000 1 85
559 1118 391 2 86 88
594 100000 416 2 13 86
444 888 100000 1 88
331 100000 232 1 89
620 100000 100000 1 88
