# Converted from 100_452.csv
100
176 352 123 0
101 100000 71 0
165 100000 115 0
112 100000 78 0
81 100000 100000 4 0 1 2 3
147 294 100000 4 0 1 2 3
126 252 100000 2 4 5
221 100000 155 2 4 5
196 392 137 2 4 5
490 100000 343 3 6 7 8
203 406 142 3 6 7 8
79 158 55 2 9 10
60 120 100000 2 9 10
327 100000 229 2 9 10
456 100000 100000 2 9 10
272 544 190 4 11 12 13 14
274 100000 100000 4 11 12 13 14
125 250 100000 4 11 12 13 14
45 100000 31 4 11 12 13 14
382 100000 267 4 15 16 17 18
137 100000 96 4 15 16 17 18
104 100000 73 4 15 16 17 18
486 972 100000 4 15 16 17 18
313 100000 100000 4 19 20 21 22
190 380 100000 4 19 20 21 22
264 100000 100000 4 19 20 21 22
459 918 100000 3 23 24 25
209 100000 100000 3 23 24 25
144 288 101 3 23 24 25
44 100000 31 3 26 27 28
84 168 59 3 26 27 28
523 100000 366 3 26 27 28
210 100000 147 3 26 27 28
51 102 100000 2 29 30
238 100000 167 2 30 31
371 100000 260 3 29 30 32
135 270 94 3 33 34 35
199 100000 100000 3 33 34 35
53 100000 100000 1 36
138 276 100000 1 36
281 562 100000 1 36
149 100000 104 2 36 37
40 100000 100000 1 36
378 100000 100000 2 36 37
85 100000 100000 3 39 40 42
87 100000 61 1 42
58 100000 100000 2 40 42
454 100000 100000 2 44 46
157 100000 100000 1 47
189 378 100000 1 47
162 100000 100000 1 47
210 100000 100000 3 48 49 50
222 100000 100000 1 51
214 100000 100000 1 51
41 100000 100000 1 51
134 268 100000 1 51
95 190 100000 1 51
159 318 100000 3 43 52 56
205 410 100000 3 52 54 56
22 100000 15 4 37 45 52 56
71 142 100000 3 57 58 59
352 100000 100000 2 57 58
270 540 189 4 41 57 58 59
368 736 100000 3 57 58 59
167 334 117 2 61 63
113 226 100000 4 38 60 61 62
160 100000 100000 3 53 55 65
49 100000 34 4 41 55 60 64
99 100000 100000 1 67
103 100000 100000 1 67
287 100000 201 1 67
512 1024 100000 2 66 68
420 840 100000 2 62 69
55 100000 100000 2 66 68
154 308 100000 2 66 68
62 100000 43 1 73
183 366 100000 1 73
214 100000 100000 1 73
463 100000 324 1 73
191 100000 100000 2 72 74
305 610 100000 2 77 78
188 376 132 1 77
231 100000 162 2 75 79
55 100000 100000 2 78 79
27 100000 100000 2 82 83
271 542 100000 2 81 83
443 100000 100000 2 81 83
203 406 100000 1 80
84 100000 59 2 69 81
144 100000 101 1 83
149 100000 100000 4 76 80 88 89
88 100000 62 2 84 89
543 100000 380 2 84 87
231 100000 100000 2 79 88
521 1042 100000 2 75 85
54 108 38 2 85 87
491 982 344 3 86 91 92
446 100000 100000 1 93
171 342 100000 2 71 90
586 100000 100000 2 89 92
