# Converted from 100_170.csv
100
580 1160 100000 0
162 324 100000 0
126 100000 100000 0
355 710 248 0
390 100000 100000 0
492 100000 100000 0
29 58 20 0
239 100000 100000 1 1
331 100000 232 1 2
313 100000 100000 1 3
131 100000 100000 1 0
140 280 100000 1 6
112 224 78 1 6
27 100000 19 2 4 6
110 220 100000 1 2
282 100000 100000 1 1
35 70 24 1 7
167 334 117 1 8
90 100000 100000 1 9
102 100000 100000 1 10
490 100000 100000 1 11
242 100000 100000 1 12
425 850 298 1 13
468 936 328 1 13
587 100000 100000 1 13
258 516 100000 1 13
273 100000 100000 1 18
48 96 34 1 19
233 100000 163 1 20
182 100000 100000 1 16
241 482 100000 1 21
98 196 69 1 17
203 100000 142 1 25
241 482 100000 1 29
331 662 232 1 26
97 194 100000 2 27 28
23 100000 16 1 30
462 100000 100000 1 32
87 174 100000 1 31
220 100000 154 2 5 31
273 546 100000 1 33
133 266 93 1 34
24 48 100000 1 37
169 100000 118 1 38
466 932 100000 1 39
64 100000 45 1 36
508 100000 100000 1 36
99 198 100000 1 36
79 100000 100000 1 38
376 100000 263 1 42
368 100000 258 1 43
353 100000 100000 1 40
133 100000 93 1 42
297 100000 100000 1 41
102 100000 71 1 42
486 100000 340 4 5 37 47 48
98 100000 69 1 49
461 100000 100000 1 51
152 100000 100000 1 50
260 520 182 1 52
473 946 331 1 54
325 650 100000 1 54
82 164 57 1 53
430 100000 100000 1 54
83 100000 100000 2 44 55
89 178 100000 1 55
205 100000 144 4 3 35 54 55
139 100000 97 2 43 55
142 284 100000 1 57
375 100000 100000 1 56
483 100000 100000 1 60
51 100000 36 1 61
89 178 100000 1 58
555 100000 100000 2 23 59
134 268 100000 3 1 63 64
578 100000 100000 3 15 62 63
476 952 100000 1 63
303 606 100000 1 67
308 100000 100000 1 69
177 100000 124 1 74
27 100000 100000 1 71
44 88 31 1 72
24 48 100000 2 37 68
111 222 100000 2 65 70
70 100000 100000 3 3 73 76
310 100000 217 1 78
145 100000 100000 1 79
484 100000 100000 1 81
34 100000 100000 2 31 80
100 100000 100000 2 67 84
50 100000 35 4 24 66 77 83
285 100000 200 3 44 66 83
450 100000 315 1 85
80 100000 100000 1 86
531 1062 372 3 46 66 87
224 100000 100000 1 91
476 100000 333 3 44 45 88
26 52 18 1 90
258 516 100000 2 15 88
125 100000 100000 1 90
