# Converted from 100_488.csv
100
194 388 100000 0
229 100000 100000 0
157 100000 100000 0
190 100000 100000 0
117 100000 100000 3 1 2 3
91 182 64 3 1 2 3
175 350 122 3 1 2 3
25 100000 100000 3 1 2 3
125 250 100000 4 4 5 6 7
284 100000 100000 4 4 5 6 7
218 436 153 5 0 4 5 6 7
81 100000 100000 5 0 4 5 6 7
32 64 22 4 8 9 10 11
185 370 100000 4 8 9 10 11
97 194 100000 4 8 9 10 11
166 100000 116 3 12 13 14
268 100000 188 3 12 13 14
80 100000 56 3 12 13 14
176 100000 100000 3 12 13 14
229 458 100000 4 15 16 17 18
187 100000 131 4 15 16 17 18
140 280 98 4 15 16 17 18
207 100000 145 3 19 20 21
32 100000 22 3 19 20 21
103 100000 100000 3 19 20 21
82 100000 100000 3 19 20 21
256 100000 100000 4 22 23 24 25
88 176 62 4 22 23 24 25
22 100000 100000 4 22 23 24 25
224 100000 100000 4 22 23 24 25
92 100000 100000 4 22 23 24 25
173 346 121 4 22 23 24 25
184 100000 129 6 26 27 28 29 30 31
116 232 81 6 26 27 28 29 30 31
168 336 100000 6 26 27 28 29 30 31
75 100000 100000 6 26 27 28 29 30 31
68 136 100000 4 32 33 34 35
21 42 15 4 32 33 34 35
149 298 100000 4 32 33 34 35
191 100000 100000 3 36 37 38
126 100000 100000 3 36 37 38
109 218 76 3 36 37 38
267 100000 100000 3 39 40 41
105 210 74 3 39 40 41
346 692 242 2 42 43
234 100000 100000 2 42 43
48 100000 34 2 42 43
176 100000 123 3 44 45 46
154 308 100000 1 47
53 100000 100000 1 47
106 100000 100000 1 47
145 100000 102 1 47
113 100000 100000 4 48 49 50 51
61 122 100000 4 48 49 50 51
174 348 100000 3 48 49 51
262 100000 100000 2 53 54
245 100000 100000 1 54
135 100000 94 2 53 54
146 292 100000 1 54
143 100000 100 1 58
264 528 185 3 52 55 58
213 100000 100000 2 55 58
252 504 100000 2 59 61
276 552 100000 1 61
204 100000 143 2 59 61
87 174 100000 2 62 64
143 100000 100000 1 64
108 216 100000 1 64
51 102 100000 2 57 67
115 100000 80 1 65
179 100000 125 1 66
48 96 100000 4 52 57 69 70
86 172 100000 2 63 68
129 100000 90 2 70 72
152 100000 106 2 65 72
216 100000 151 1 72
151 302 100000 1 72
225 100000 158 3 69 74 75
235 470 164 2 74 76
56 100000 100000 3 62 73 75
72 100000 100000 1 75
20 100000 14 2 74 79
274 100000 100000 1 78
190 100000 100000 2 60 80
344 100000 241 3 69 74 79
134 100000 100000 2 78 79
140 100000 98 2 81 84
270 100000 189 2 75 82
111 100000 78 2 83 85
137 100000 100000 2 80 87
191 382 134 1 87
250 100000 175 2 60 86
36 72 100000 2 73 87
213 100000 100000 2 84 87
30 60 100000 2 71 92
54 108 100000 2 91 93
121 242 100000 2 85 95
87 100000 100000 1 95
69 138 100000 3 89 90 95
85 100000 100000 2 90 94
