# Converted from 100_92.csv
100
65 130 100000 0
356 100000 100000 0
240 100000 100000 0
63 126 44 0
193 100000 135 0
61 100000 100000 0
30 100000 21 0
146 100000 102 0
183 366 128 0
143 100000 100000 1 8
417 100000 100000 1 8
506 100000 100000 1 8
197 100000 100000 1 8
222 100000 155 1 8
144 288 100000 1 8
176 352 100000 1 8
186 100000 130 1 14
130 260 91 1 15
115 100000 100000 1 15
34 68 24 1 15
255 100000 178 2 14 15
78 100000 100000 1 15
141 100000 99 1 14
345 690 100000 1 14
72 100000 100000 1 23
95 100000 100000 7 1 2 9 10 16 17 18
89 178 100000 2 15 23
299 598 209 1 23
119 100000 100000 1 23
514 100000 360 1 23
534 100000 374 1 23
243 486 170 2 25 29
190 380 133 1 25
160 100000 100000 1 25
577 100000 100000 1 25
343 686 100000 1 25
35 70 24 1 25
361 722 100000 10 3 4 5 11 19 20 21 25 26 27
311 100000 218 1 25
282 100000 100000 1 37
160 100000 112 1 37
361 100000 100000 1 37
304 608 213 1 37
209 100000 100000 1 37
209 418 100000 1 37
158 100000 100000 3 34 35 36
518 100000 100000 4 23 33 34 35
171 100000 100000 3 41 43 46
195 390 136 1 41
259 100000 100000 2 32 43
455 100000 100000 3 40 43 46
487 100000 341 5 30 32 33 41 44
28 56 20 5 30 33 35 40 42
101 202 71 2 34 43
62 124 100000 4 40 46 51 53
301 602 211 2 38 53
189 100000 132 3 32 52 53
530 100000 371 4 29 51 52 53
344 688 100000 3 46 55 56
512 100000 358 1 56
129 100000 100000 8 6 12 28 45 47 48 49 54
258 516 100000 4 39 51 55 56
239 478 167 4 40 42 51 55
419 100000 100000 1 57
91 100000 100000 7 29 36 41 42 44 46 55
436 100000 100000 6 0 24 31 58 59 62
151 302 106 1 60
491 982 100000 1 60
182 100000 100000 1 60
197 100000 100000 1 60
113 100000 79 1 60
321 100000 100000 1 61
58 100000 100000 3 46 52 62
148 100000 100000 3 52 60 64
211 422 100000 1 65
315 100000 100000 1 65
191 100000 100000 1 65
571 1142 400 1 65
65 100000 46 1 65
150 300 100000 7 7 13 22 50 62 66 71
342 100000 100000 5 57 65 69 70 73
501 100000 351 1 79
226 452 100000 1 79
526 100000 100000 1 79
74 148 52 1 79
66 132 100000 1 79
100 100000 100000 1 79
48 100000 100000 1 79
120 240 100000 1 79
141 100000 99 1 79
267 534 187 1 79
418 836 100000 1 79
539 1078 100000 7 68 80 81 82 83 86 88
131 100000 92 2 91 92
88 100000 100000 1 93
409 100000 286 2 84 93
51 102 36 2 67 95
88 176 100000 3 76 94 95
57 114 100000 3 77 78 97
23 100000 100000 3 78 96 97
