# Converted from 100_43.csv
100
119 100000 83 0
63 126 100000 0
94 100000 66 0
173 100000 100000 0
120 100000 100000 0
80 100000 56 0
173 346 100000 0
83 166 100000 0
158 100000 100000 0
32 64 100000 0
141 100000 100000 1 9
244 488 100000 1 8
175 100000 100000 1 8
32 100000 100000 1 8
267 100000 187 1 9
57 114 100000 1 8
51 102 100000 1 7
205 100000 100000 1 8
270 100000 100000 1 8
81 100000 57 10 0 1 2 3 4 10 11 12 13 14
25 100000 18 1 17
142 284 99 1 17
132 100000 100000 1 18
190 100000 133 1 15
108 100000 100000 1 16
188 100000 132 1 17
317 100000 222 1 17
37 74 26 1 19
70 140 100000 1 19
37 74 100000 1 19
39 78 100000 1 19
179 100000 125 1 19
285 570 100000 1 19
43 86 100000 1 19
146 100000 100000 1 19
101 100000 100000 1 19
198 100000 100000 1 19
165 330 100000 1 19
228 100000 160 1 19
46 92 32 6 5 6 20 21 22 26
159 100000 100000 1 23
51 100000 100000 1 24
30 60 100000 1 26
32 100000 22 1 39
81 100000 100000 1 39
248 496 100000 1 39
214 428 100000 1 39
74 100000 52 1 39
184 100000 129 1 39
52 100000 100000 1 39
114 228 100000 1 39
172 344 100000 1 39
97 194 68 1 28
164 328 100000 1 43
32 100000 22 1 43
131 100000 92 1 43
97 194 100000 1 44
124 100000 100000 1 49
74 148 100000 1 46
174 100000 100000 1 53
196 392 137 1 54
185 100000 100000 1 55
147 100000 103 1 55
267 534 187 1 55
109 218 100000 1 57
232 100000 162 1 58
93 100000 100000 1 56
177 100000 124 1 57
92 100000 64 1 59
155 100000 100000 1 60
114 100000 80 1 61
253 506 100000 1 62
56 112 100000 1 64
146 100000 102 1 67
122 100000 100000 1 64
75 150 52 1 68
102 204 100000 1 69
121 100000 100000 1 70
27 100000 100000 1 71
170 100000 100000 1 73
105 100000 100000 1 74
139 100000 100000 1 74
221 442 100000 1 74
85 100000 100000 1 72
186 100000 130 1 75
57 100000 100000 1 76
329 100000 230 1 77
67 100000 100000 1 78
283 566 198 1 80
205 100000 144 2 79 82
159 100000 111 1 85
95 190 66 1 86
215 100000 150 1 84
158 316 111 1 88
114 100000 80 1 89
296 592 100000 1 88
262 100000 183 1 88
183 366 128 1 88
181 362 100000 2 90 91
151 302 100000 1 95
