# Converted from 100_114.csv
100
110 100000 77 0
103 206 72 0
162 100000 113 0
111 222 78 0
179 358 100000 0
211 422 148 0
219 100000 100000 0
37 74 100000 0
119 238 100000 0
116 100000 81 0
96 100000 67 1 9
124 248 100000 1 9
64 128 45 1 9
168 336 100000 1 9
157 314 100000 1 9
148 296 100000 1 9
294 100000 100000 1 9
26 100000 18 1 9
87 100000 61 1 9
25 100000 18 8 2 3 4 5 6 10 11 12
27 100000 19 1 17
196 392 100000 1 17
121 100000 100000 1 21
247 494 100000 1 19
162 324 113 1 19
96 100000 100000 1 19
85 100000 59 1 19
137 100000 100000 1 19
59 118 41 1 19
92 100000 100000 1 19
76 100000 100000 1 19
130 100000 100000 1 19
42 100000 100000 1 19
57 100000 40 1 19
78 156 100000 1 21
184 100000 129 4 23 24 28 32
105 100000 100000 3 23 25 32
48 96 100000 9 8 13 14 15 16 20 23 32 33
102 100000 100000 3 24 30 32
112 100000 78 1 31
168 100000 100000 1 37
199 100000 100000 1 37
94 100000 66 1 37
238 476 100000 1 37
76 100000 100000 1 37
73 146 51 4 21 30 37 39
89 100000 62 2 34 39
86 172 100000 3 42 43 44
34 100000 100000 4 30 41 42 43
231 462 100000 3 25 43 45
101 100000 100000 1 49
85 170 100000 1 49
78 156 100000 3 28 38 49
181 100000 100000 1 48
195 100000 136 1 49
48 100000 34 8 26 27 35 41 47 50 51 52
73 100000 100000 3 28 34 53
86 100000 100000 3 28 48 54
97 100000 100000 3 38 41 54
84 168 100000 1 55
115 100000 80 1 55
62 124 43 1 55
154 100000 108 1 55
134 100000 94 1 55
77 154 54 1 55
74 100000 52 1 55
134 268 100000 1 63
120 100000 100000 1 65
119 100000 83 1 65
338 676 100000 4 40 53 62 63
68 100000 100000 1 61
55 110 38 1 70
237 474 166 2 61 68
147 100000 100000 1 71
155 100000 100000 1 71
300 600 100000 4 48 64 73 74
133 266 93 2 34 73
113 100000 100000 4 64 69 72 74
130 100000 91 1 77
157 100000 100000 1 76
139 100000 100000 2 46 77
102 204 100000 1 77
56 112 39 1 76
277 100000 100000 2 53 76
152 304 106 6 0 1 22 46 66 78
154 100000 108 7 7 36 56 57 75 79 80
75 150 52 2 54 82
195 390 100000 2 62 82
23 100000 100000 2 40 83
213 100000 100000 1 84
58 100000 100000 1 84
126 100000 100000 1 84
103 100000 100000 1 84
214 100000 100000 1 85
31 62 100000 1 85
172 100000 120 1 85
248 496 100000 1 85
37 100000 26 1 85
337 100000 100000 1 85
268 536 100000 1 85
