# Converted from 100_135.csv
100
491 100000 100000 0
617 1234 100000 0
581 100000 100000 0
570 100000 100000 0
400 100000 100000 0
329 100000 100000 1 3
492 100000 344 1 3
724 100000 100000 1 4
492 100000 344 1 3
438 100000 100000 1 4
643 100000 100000 1 3
768 1536 100000 1 3
305 100000 100000 2 4 10
432 100000 100000 1 10
502 100000 100000 5 0 1 2 8 9
625 100000 438 1 10
473 100000 100000 1 10
580 100000 406 1 14
770 1540 539 1 14
548 1096 100000 1 14
525 100000 100000 1 14
544 1088 100000 1 14
454 100000 100000 1 14
497 100000 348 1 14
490 100000 100000 1 14
332 664 100000 1 14
711 100000 498 1 14
556 1112 100000 3 14 15 16
521 100000 365 7 17 18 19 20 21 23 24
410 100000 287 6 15 17 19 20 21 24
807 100000 100000 6 17 19 20 21 24 27
454 908 318 3 19 20 24
396 792 277 2 15 31
281 562 100000 3 11 15 31
602 1204 421 3 15 18 31
312 624 100000 4 15 18 21 31
666 100000 100000 4 17 26 33 34
410 100000 100000 1 33
437 100000 306 4 17 27 33 34
565 1130 100000 2 11 35
458 100000 100000 4 18 26 27 33
317 634 222 3 23 39 40
316 632 100000 2 27 39
504 100000 100000 4 17 22 23 40
448 100000 100000 1 40
340 100000 100000 3 22 38 40
412 100000 100000 3 25 43 44
632 100000 100000 1 44
381 762 100000 2 23 45
420 840 294 3 35 38 43
523 100000 100000 1 45
606 1212 100000 2 34 44
440 100000 308 2 49 50
527 1054 100000 1 51
502 100000 100000 2 23 51
377 754 100000 6 6 29 46 47 48 49
714 100000 100000 3 21 43 51
608 1216 100000 6 5 12 37 49 53 54
386 100000 100000 1 55
565 100000 396 1 55
649 100000 100000 1 55
608 100000 100000 1 55
450 100000 315 1 55
550 100000 100000 1 55
494 100000 100000 1 55
540 1080 378 3 50 60 62
494 100000 100000 1 57
436 872 100000 1 57
395 100000 276 1 57
389 778 100000 1 57
547 100000 100000 1 57
352 704 246 1 57
571 1142 100000 2 59 64
397 100000 278 7 28 36 52 59 61 64 65
533 100000 373 2 61 70
546 100000 100000 3 39 55 66
479 958 335 1 73
653 100000 100000 1 73
630 1260 100000 1 73
408 100000 286 1 73
490 100000 343 1 73
682 100000 100000 1 73
365 730 255 1 73
474 948 332 1 73
639 1278 447 1 73
438 100000 307 9 7 13 30 32 41 42 58 60 74
442 884 309 3 63 73 75
479 958 335 1 85
533 100000 100000 1 85
560 1120 392 1 85
426 852 298 1 85
363 100000 254 4 72 79 81 86
815 100000 100000 4 39 67 80 81
481 100000 100000 6 71 78 86 87 90 92
479 958 335 4 62 71 75 89
565 1130 396 4 76 77 86 88
618 100000 100000 9 63 71 75 76 77 79 80 87 90
586 1172 410 5 63 71 76 90 92
436 872 305 3 69 93 94
561 1122 393 4 69 71 87 95
