# Converted from 100_162.csv
100
184 368 129 0
132 264 100000 0
127 100000 100000 0
192 384 100000 0
539 100000 100000 0
191 100000 134 0
322 644 100000 1 0
243 486 100000 1 1
47 94 100000 1 3
301 100000 100000 2 4 5
149 100000 100000 1 4
143 100000 100000 1 6
228 100000 160 1 7
216 100000 151 1 8
336 672 100000 1 11
166 332 116 1 12
191 100000 134 2 4 13
157 100000 110 1 13
75 100000 100000 1 13
64 100000 100000 1 13
83 100000 100000 1 13
79 158 100000 1 13
152 304 106 1 16
198 100000 100000 1 14
36 100000 100000 1 15
43 86 100000 2 5 17
213 100000 100000 1 19
80 100000 100000 1 21
116 232 81 1 19
222 100000 100000 1 21
157 100000 100000 1 22
185 100000 130 1 23
553 100000 100000 1 24
153 306 100000 1 25
156 100000 100000 1 25
424 848 297 1 27
63 126 44 1 25
131 100000 92 1 28
96 100000 67 1 29
37 100000 26 1 30
84 100000 100000 1 33
182 364 127 1 34
492 100000 344 1 31
180 360 126 1 32
493 986 100000 1 33
79 100000 100000 1 35
212 424 100000 1 33
28 100000 100000 1 33
88 100000 100000 2 36 37
189 100000 100000 1 39
197 100000 138 1 40
555 100000 100000 1 41
257 100000 180 1 47
223 100000 100000 1 42
43 86 30 1 44
353 706 100000 1 45
498 996 349 1 46
302 604 211 1 48
139 278 100000 3 9 29 47
188 376 100000 1 43
353 100000 100000 1 48
272 100000 100000 1 48
532 100000 372 1 49
79 158 100000 1 51
299 100000 209 1 57
505 100000 100000 1 52
159 318 111 1 58
317 634 100000 5 37 50 53 55 56
635 1270 100000 1 54
506 100000 354 2 10 60
207 414 100000 1 57
182 100000 100000 1 62
269 100000 100000 1 63
335 100000 234 1 64
77 100000 100000 1 65
143 100000 100 1 66
86 100000 100000 3 1 61 70
549 1098 100000 3 34 61 67
210 100000 100000 1 67
93 186 65 3 4 21 68
247 100000 100000 1 67
275 100000 192 1 71
56 100000 100000 1 72
226 100000 158 1 74
45 90 31 1 73
246 100000 172 1 75
139 278 100000 1 80
333 666 233 2 76 78
122 244 100000 2 26 76
162 100000 113 2 4 80
159 100000 111 2 76 80
392 100000 100000 1 76
83 166 100000 1 81
244 100000 171 1 82
140 100000 100000 1 84
110 220 100000 1 85
519 100000 363 1 83
164 100000 115 3 79 88 91
230 460 100000 1 89
182 364 100000 3 2 86 89
