# Converted from 100_307.csv
100
211 422 100000 0
467 100000 327 0
270 540 100000 0
130 100000 91 0
78 100000 55 0
24 100000 100000 0
139 278 100000 0
141 282 100000 0
296 100000 100000 0
99 100000 69 0
238 100000 100000 0
559 100000 100000 0
222 100000 100000 0
79 158 100000 1 3
349 100000 100000 1 12
473 946 100000 1 3
153 306 100000 1 8
253 100000 100000 1 12
129 100000 90 1 8
163 326 100000 1 2
477 100000 334 1 4
139 278 100000 1 6
55 100000 100000 1 18
407 100000 285 1 14
38 100000 27 1 15
95 100000 100000 1 21
269 538 188 1 20
335 670 100000 1 18
117 100000 82 1 16
27 54 19 1 15
162 324 113 1 28
112 224 78 1 26
110 220 100000 1 27
107 100000 100000 1 26
96 192 67 2 2 29
299 100000 100000 1 22
56 100000 100000 1 28
459 100000 321 3 5 25 27
138 100000 97 2 13 32
561 1122 100000 1 30
58 116 100000 1 36
452 904 100000 1 37
243 486 170 1 35
236 100000 165 1 30
250 500 175 1 36
95 190 100000 2 3 33
144 100000 101 1 36
316 100000 221 1 44
171 342 120 1 44
285 100000 200 1 41
184 100000 100000 1 46
352 100000 100000 2 26 42
139 100000 100000 1 46
142 100000 100000 2 42 45
420 840 100000 2 1 44
450 100000 100000 1 46
280 560 196 1 55
320 100000 100000 1 52
113 226 100000 1 51
463 100000 100000 2 28 51
197 394 100000 2 27 54
184 100000 100000 2 41 54
353 100000 100000 1 48
175 350 122 1 50
28 100000 20 2 43 61
184 100000 129 3 6 36 59
471 100000 100000 2 40 58
111 100000 100000 1 62
249 498 100000 1 63
234 100000 164 1 64
138 276 100000 2 23 66
148 100000 100000 2 23 64
486 100000 100000 1 68
150 100000 100000 3 50 60 67
35 100000 24 2 2 66
87 174 100000 3 10 53 67
421 842 100000 3 52 55 64
210 100000 100000 1 69
230 100000 100000 2 1 72
38 76 27 3 9 46 70
84 100000 59 1 76
290 580 203 4 58 60 72 76
310 100000 100000 1 72
414 100000 100000 2 46 71
305 610 214 1 70
337 100000 236 1 75
304 100000 100000 3 40 49 69
520 100000 364 3 12 34 73
211 422 100000 1 84
163 326 114 2 61 79
73 100000 51 3 4 76 86
373 100000 100000 2 2 82
70 140 100000 1 81
562 1124 100000 2 3 81
208 100000 100000 1 79
236 100000 165 1 94
283 100000 100000 1 91
73 146 100000 2 11 89
266 100000 186 1 94
114 100000 80 3 67 68 90
