# Converted from 100_26.csv
100
48 100000 34 0
141 100000 100000 0
287 100000 100000 0
193 386 100000 0
272 100000 100000 0
148 100000 104 0
162 100000 100000 0
207 100000 100000 0
241 100000 169 0
158 100000 111 0
125 250 100000 0
189 100000 100000 0
70 100000 49 0
84 168 59 5 0 1 2 3 4
117 234 82 1 7
193 100000 100000 1 5
103 100000 100000 1 6
269 538 188 1 11
83 166 58 1 7
26 100000 100000 1 10
25 100000 100000 1 7
145 100000 102 2 15 16
177 100000 124 1 17
159 318 111 1 13
164 100000 100000 1 13
175 100000 122 1 13
201 100000 141 1 13
148 100000 104 1 13
49 98 100000 1 14
234 468 100000 1 17
232 464 100000 1 19
168 336 100000 1 18
100 100000 70 1 19
132 100000 100000 1 29
143 100000 100000 1 30
136 100000 100000 1 28
215 100000 150 1 23
242 100000 169 1 32
37 100000 26 2 9 31
94 100000 100000 1 23
243 100000 100000 1 27
143 100000 100000 1 36
183 100000 100000 1 36
56 112 100000 1 34
131 262 100000 1 37
237 474 100000 1 39
127 254 100000 1 33
110 220 77 1 38
58 116 41 1 44
147 294 100000 1 45
89 178 62 1 43
32 64 100000 1 42
122 100000 100000 2 25 46
63 126 44 1 47
160 320 112 1 47
187 100000 100000 1 47
31 62 100000 1 51
152 304 100000 1 48
98 196 69 1 52
74 100000 100000 1 49
77 154 100000 1 50
226 100000 158 1 53
167 100000 100000 1 55
116 232 81 1 61
181 362 100000 1 62
72 100000 100000 1 62
168 100000 100000 1 58
125 100000 88 1 57
117 100000 100000 2 38 59
130 100000 91 1 60
190 100000 100000 1 61
262 524 100000 1 62
166 332 116 1 61
150 100000 100000 7 21 22 41 56 63 64 65
68 100000 100000 1 66
125 100000 100000 1 68
147 294 100000 1 70
61 122 100000 1 70
118 236 100000 1 71
33 66 23 2 9 67
158 100000 100000 1 67
65 100000 100000 1 71
87 174 61 1 73
92 184 64 1 73
280 100000 100000 1 73
224 100000 157 1 73
57 114 40 1 73
31 100000 22 1 73
179 100000 125 1 81
281 100000 100000 1 76
177 354 124 1 74
169 100000 100000 1 82
84 100000 100000 1 88
70 100000 100000 1 83
50 100000 35 1 84
78 100000 100000 1 82
111 222 100000 1 94
234 100000 100000 1 93
214 100000 100000 1 94
37 74 26 1 95
