# Converted from 100_391.csv
100
121 100000 100000 0
84 168 100000 0
345 100000 100000 0
135 100000 100000 0
71 142 100000 0
212 424 100000 0
121 100000 100000 0
82 164 100000 0
94 188 100000 3 1 2 7
136 100000 100000 3 0 1 7
473 100000 100000 2 1 5
111 100000 100000 1 7
140 100000 100000 1 4
207 100000 100000 2 8 10
213 100000 149 2 5 12
98 196 69 1 8
275 100000 192 2 0 12
512 100000 100000 3 13 15 16
182 100000 127 2 0 13
232 100000 162 1 14
22 44 100000 3 7 14 16
275 550 192 4 0 6 8 14
188 376 132 3 17 18 21
437 100000 100000 1 18
284 568 100000 2 6 18
40 100000 28 2 17 18
128 100000 100000 1 17
37 100000 26 2 8 20
264 100000 100000 2 22 27
398 796 100000 1 22
190 100000 100000 2 3 22
26 100000 18 2 14 24
204 408 143 1 26
60 100000 42 2 15 27
166 100000 100000 1 26
225 100000 100000 3 31 33 34
488 100000 100000 2 29 33
56 100000 39 1 28
107 214 75 3 3 29 33
296 592 100000 2 31 36
191 100000 100000 1 36
39 100000 27 1 36
236 100000 100000 2 28 36
553 100000 100000 2 24 36
77 100000 54 2 21 35
143 100000 100000 1 40
162 100000 100000 1 42
143 100000 100000 3 38 41 44
121 242 85 2 32 41
332 664 100000 2 35 46
263 526 100000 2 37 48
65 100000 100000 3 43 47 48
76 152 53 1 45
105 210 100000 1 47
263 100000 184 4 30 35 45 48
126 252 88 2 47 50
75 100000 100000 3 23 32 49
128 256 90 2 26 52
148 100000 100000 2 23 54
46 100000 32 4 19 51 52 54
420 100000 100000 4 43 48 49 57
118 100000 100000 2 52 55
499 998 100000 3 9 11 58
155 310 100000 1 57
364 100000 255 2 58 61
128 256 100000 2 28 62
201 402 141 3 11 49 61
125 100000 100000 3 30 47 60
339 100000 100000 3 50 51 60
312 100000 100000 2 47 63
272 544 100000 1 64
70 100000 100000 2 9 69
60 120 100000 2 42 64
196 100000 137 3 37 58 67
134 268 94 1 67
133 266 93 1 64
255 100000 178 1 68
150 300 100000 1 64
30 60 100000 1 77
78 100000 55 2 49 77
95 190 100000 1 72
158 100000 111 1 70
86 100000 100000 1 73
113 226 100000 2 71 73
151 100000 100000 1 70
250 500 100000 1 82
208 100000 146 2 50 83
268 536 188 2 59 82
104 208 100000 2 46 84
528 100000 370 1 78
139 278 97 2 60 81
192 100000 134 1 79
191 382 100000 1 88
175 100000 122 1 87
504 100000 100000 1 85
157 314 100000 3 62 74 86
23 100000 16 2 49 88
571 100000 400 3 25 79 90
33 66 23 2 85 87
267 100000 187 3 66 75 85
