# Converted from 100_178.csv
100
406 812 284 0
118 100000 83 0
86 100000 60 0
161 322 113 0
171 100000 100000 0
117 234 82 0
110 100000 100000 0
99 100000 69 1 1
105 100000 100000 1 2
62 100000 43 1 1
248 496 174 1 3
51 102 100000 1 0
40 80 100000 1 5
33 100000 100000 1 5
102 204 100000 1 2
181 100000 100000 1 7
177 354 100000 1 8
93 186 100000 1 9
150 100000 105 1 10
208 100000 100000 1 11
93 186 65 3 3 12 14
88 176 62 1 13
56 112 100000 1 12
177 100000 100000 1 19
194 388 100000 1 15
40 100000 28 3 6 16 18
158 100000 111 1 19
65 130 100000 1 20
263 526 100000 1 17
194 100000 136 1 21
149 100000 100000 1 20
165 100000 100000 1 20
38 100000 100000 1 23
217 100000 152 1 26
92 100000 100000 1 27
175 100000 122 1 24
76 100000 53 1 31
171 342 100000 1 29
206 100000 144 1 30
316 100000 100000 1 29
111 222 78 2 1 27
75 100000 52 3 3 14 26
249 498 100000 1 32
193 100000 135 1 33
240 480 100000 1 34
262 100000 100000 1 36
68 100000 48 1 35
100 100000 100000 1 35
136 272 100000 2 39 40
208 416 100000 1 35
34 68 100000 1 39
204 408 100000 1 36
82 164 100000 1 40
157 100000 100000 1 43
173 100000 100000 1 45
263 526 184 1 46
163 100000 114 1 47
183 366 128 1 48
189 100000 100000 1 49
62 124 100000 2 42 48
246 100000 100000 2 6 44
115 100000 80 3 28 41 49
96 100000 100000 1 49
293 586 100000 2 30 48
127 254 89 1 54
150 100000 100000 1 53
174 100000 122 1 57
134 268 100000 1 58
187 374 131 3 21 55 56
194 100000 100000 2 30 59
220 100000 100000 2 62 63
251 100000 100000 1 61
51 102 100000 1 64
77 100000 54 1 65
234 468 100000 1 66
190 100000 133 2 36 67
59 118 100000 1 71
52 100000 36 1 69
155 100000 108 1 70
85 100000 100000 1 75
112 100000 100000 1 73
131 262 100000 1 75
115 100000 80 1 74
66 100000 100000 1 72
73 100000 100000 1 76
73 100000 51 1 79
118 100000 83 1 81
79 100000 100000 1 82
147 294 100000 2 39 80
119 100000 100000 3 63 68 84
49 100000 100000 1 83
104 100000 73 2 39 84
70 140 100000 1 87
57 114 100000 3 85 86 90
243 486 170 1 90
170 340 119 1 90
202 100000 100000 3 62 63 88
80 100000 100000 2 70 88
152 100000 100000 2 62 90
138 100000 97 2 70 89
