# Converted from 100_33.csv
100
113 226 100000 0
98 196 100000 0
238 100000 167 0
175 100000 122 0
99 198 100000 0
188 376 100000 0
207 100000 145 0
125 100000 100000 0
126 100000 100000 0
106 100000 100000 1 3
43 100000 30 1 7
175 100000 100000 1 7
53 106 100000 1 6
29 100000 20 1 3
181 100000 100000 1 4
164 328 100000 1 5
230 100000 100000 1 5
134 268 100000 1 5
186 100000 100000 1 8
150 100000 100000 1 17
86 172 100000 1 17
182 100000 127 1 14
184 100000 100000 1 15
131 100000 100000 1 16
197 100000 100000 1 17
115 230 80 1 15
198 396 100000 1 14
125 100000 88 1 15
31 100000 100000 1 13
80 100000 100000 1 17
79 100000 100000 1 15
240 480 100000 1 29
80 160 100000 1 29
235 470 164 8 2 10 11 12 22 23 24 25
43 86 100000 1 26
348 696 244 1 27
113 226 79 1 28
64 100000 100000 1 29
94 100000 100000 1 30
126 100000 100000 1 30
218 100000 100000 8 0 1 9 19 20 21 31 32
98 196 100000 1 33
34 68 100000 1 33
117 234 100000 1 33
172 100000 100000 1 33
144 100000 100000 1 35
198 100000 100000 1 34
29 58 100000 1 36
76 100000 53 1 40
68 100000 100000 1 40
41 100000 100000 1 40
224 448 157 1 40
119 100000 83 1 45
263 100000 100000 1 47
90 180 100000 1 47
26 100000 18 1 43
202 100000 141 1 47
90 100000 63 1 48
59 118 41 1 48
257 100000 100000 1 48
229 458 100000 1 52
21 42 100000 1 49
162 100000 100000 1 56
79 100000 100000 1 57
257 514 100000 1 58
195 100000 100000 1 59
316 632 221 1 60
67 100000 100000 1 61
104 100000 73 1 61
157 100000 100000 1 61
69 100000 48 1 65
190 380 133 1 66
75 150 52 1 63
281 100000 100000 1 69
60 100000 42 1 64
67 100000 47 1 69
265 530 100000 1 69
195 390 100000 1 68
231 462 162 1 69
152 304 106 1 73
417 834 292 1 71
104 208 100000 1 70
118 100000 83 1 78
154 100000 108 1 73
202 100000 100000 1 73
164 328 115 1 80
153 100000 107 1 79
194 100000 136 1 82
196 100000 100000 1 82
144 100000 100000 1 81
47 100000 33 1 82
217 100000 100000 1 82
41 82 29 1 83
200 100000 140 1 85
144 100000 101 1 87
114 228 80 1 86
165 330 100000 1 90
29 58 100000 1 89
36 100000 25 1 91
77 100000 54 1 89
