# Converted from 100_254.csv
100
362 724 100000 0
25 50 100000 0
168 100000 118 0
141 282 99 0
278 100000 100000 0
296 100000 207 1 1
72 100000 100000 1 0
99 100000 69 1 1
53 100000 100000 2 3 4
175 100000 100000 1 3
111 100000 100000 1 6
65 100000 100000 1 5
157 100000 100000 1 7
232 100000 162 2 8 9
117 100000 100000 2 8 9
141 100000 100000 1 10
141 282 100000 1 13
128 100000 100000 5 2 11 12 13 14
55 110 100000 2 13 14
318 100000 100000 2 13 14
70 140 49 2 13 14
68 100000 100000 1 16
106 100000 74 4 15 17 18 19
58 116 41 3 17 18 19
36 100000 100000 2 17 19
146 100000 102 2 21 22
119 238 100000 1 23
228 456 100000 1 23
147 100000 103 2 20 22
46 100000 100000 2 18 24
216 432 151 1 22
64 100000 45 1 25
77 154 100000 1 26
120 240 84 1 27
42 84 29 1 25
34 100000 100000 4 26 27 28 30
37 100000 26 3 25 28 29
131 100000 100000 1 31
104 100000 100000 1 32
180 100000 126 1 33
127 100000 100000 1 34
114 228 100000 1 35
163 326 100000 2 35 36
85 170 100000 1 36
56 100000 100000 1 35
298 596 209 1 37
174 100000 122 1 38
206 100000 100000 2 40 43
92 100000 100000 2 36 39
111 222 100000 2 25 41
217 100000 152 1 47
101 100000 71 1 47
33 66 23 1 46
104 100000 100000 2 36 45
143 100000 100 3 30 47 48
165 100000 115 1 49
211 422 100000 1 50
183 366 100000 1 51
38 100000 100000 1 52
66 100000 46 3 41 42 54
115 230 100000 2 49 53
133 100000 93 2 27 53
260 520 100000 1 57
36 100000 25 1 59
165 100000 100000 1 58
28 100000 20 2 56 61
144 100000 100000 2 59 61
27 54 100000 4 26 30 48 61
115 100000 100000 2 53 59
63 126 44 1 62
77 154 100000 1 63
325 100000 227 1 64
226 452 100000 2 65 68
298 100000 100000 1 68
53 100000 37 1 66
180 360 100000 1 68
371 100000 100000 1 69
66 100000 100000 1 70
165 100000 115 1 72
117 100000 100000 4 30 47 48 71
81 162 100000 1 74
29 100000 20 1 73
210 420 147 1 76
157 314 110 1 77
111 100000 78 1 78
224 448 100000 2 65 81
169 338 100000 1 81
196 392 137 1 85
225 100000 100000 1 84
55 100000 100000 1 85
119 238 83 3 44 80 82
108 216 76 3 66 75 83
91 100000 100000 2 66 85
110 220 100000 1 87
74 148 100000 1 89
64 128 100000 3 44 85 88
276 100000 100000 2 75 90
341 100000 239 3 75 90 92
165 330 100000 2 67 90
23 100000 16 1 92
