# Converted from 100_465.csv
100
461 922 100000 0
326 652 100000 0
176 352 123 0
26 52 18 3 0 1 2
183 366 100000 3 0 1 2
130 260 100000 2 0 1
49 98 100000 3 3 4 5
190 100000 133 3 3 4 5
320 640 100000 2 3 4
280 100000 100000 2 6 8
155 310 108 3 6 7 8
85 170 100000 3 6 7 8
503 100000 352 3 6 7 8
76 100000 53 4 9 10 11 12
80 100000 56 4 9 10 11 12
330 100000 100000 4 9 10 11 12
155 100000 108 4 9 10 11 12
229 458 100000 4 13 14 15 16
114 100000 100000 4 13 14 15 16
33 100000 100000 3 13 14 15
493 100000 345 4 13 14 15 16
222 444 100000 3 13 14 15
48 100000 100000 4 17 18 20 21
70 100000 100000 3 18 20 21
61 122 43 2 18 21
90 100000 63 3 18 20 21
67 100000 100000 4 22 23 24 25
155 310 108 3 22 24 25
276 100000 100000 2 26 27
248 100000 100000 2 19 27
529 1058 100000 2 26 27
54 100000 100000 2 19 27
505 100000 100000 3 23 29 31
31 62 100000 2 28 29
249 498 174 2 28 29
160 100000 100000 2 26 29
519 1038 363 3 28 29 30
68 100000 48 4 32 34 35 36
37 100000 100000 4 30 31 34 35
285 100000 100000 5 32 33 34 35 36
512 100000 100000 3 37 38 39
223 446 156 3 37 38 39
59 100000 41 3 37 38 39
330 660 100000 3 40 41 42
139 278 100000 3 40 41 42
78 100000 55 3 40 41 42
42 100000 29 2 44 45
215 100000 150 2 44 45
67 100000 47 1 44
371 742 260 1 48
126 252 100000 2 47 48
348 696 100000 2 47 48
154 100000 100000 3 49 50 51
188 376 100000 3 49 50 51
572 100000 100000 3 49 50 51
253 506 177 2 53 54
310 100000 217 1 52
557 1114 390 1 56
175 100000 100000 1 56
219 100000 100000 2 55 56
139 278 100000 3 57 58 59
57 100000 100000 2 57 58
187 100000 100000 2 57 58
130 100000 91 2 60 62
74 100000 100000 2 60 62
260 100000 100000 2 53 62
496 100000 100000 3 60 61 62
195 390 136 2 63 64
263 526 184 2 63 64
306 612 214 5 43 46 61 63 65
34 100000 100000 3 63 64 66
124 100000 100000 1 69
262 100000 100000 2 66 69
180 100000 126 1 68
128 256 90 3 65 67 70
277 554 100000 2 68 69
150 100000 100000 1 72
169 338 118 2 74 75
399 798 100000 2 69 73
115 100000 80 2 68 76
448 100000 100000 2 72 77
47 94 100000 1 78
51 100000 100000 2 74 81
193 100000 100000 2 66 81
58 100000 100000 2 74 81
125 100000 100000 1 84
104 100000 100000 1 82
290 100000 100000 1 82
158 100000 100000 1 84
507 100000 355 2 82 83
177 354 124 1 87
542 100000 379 1 86
593 1186 100000 2 71 87
132 100000 92 3 75 79 86
129 100000 100000 1 91
487 974 100000 1 90
79 100000 100000 3 85 91 93
71 100000 50 1 95
25 50 18 2 86 95
118 100000 83 3 79 87 94
