# Converted from 100_306.csv
100
221 442 100000 0
231 100000 100000 0
146 100000 102 0
492 100000 100000 0
132 100000 100000 0
85 100000 59 0
117 234 82 0
530 1060 371 0
68 136 100000 0
461 922 323 1 8
66 100000 46 1 2
60 100000 42 1 1
214 100000 100000 1 11
309 100000 216 1 10
500 1000 100000 1 11
73 100000 100000 1 9
81 162 57 1 10
71 100000 50 1 10
92 100000 100000 1 11
74 100000 100000 1 10
153 100000 100000 1 11
167 100000 100000 1 10
656 1312 100000 1 10
112 224 100000 1 9
156 100000 100000 1 10
105 100000 100000 1 20
187 374 100000 1 14
136 272 100000 1 13
507 1014 100000 1 19
67 100000 100000 1 21
227 100000 100000 1 19
56 112 39 1 12
196 392 137 1 15
140 280 98 1 26
227 100000 159 1 28
25 50 100000 2 8 29
480 960 336 1 28
512 100000 100000 1 32
155 310 100000 1 28
166 100000 116 1 32
455 100000 318 1 32
525 100000 100000 2 21 32
195 390 136 1 25
140 280 100000 2 0 28
191 382 134 1 39
239 100000 100000 1 39
209 418 100000 1 36
474 100000 332 1 39
463 100000 100000 1 42
391 100000 100000 1 36
30 100000 100000 1 38
103 100000 72 2 6 38
64 128 100000 2 9 51
507 100000 355 3 16 32 51
249 498 100000 2 18 44
610 1220 427 1 46
79 100000 100000 1 44
99 100000 100000 2 33 51
208 416 146 2 41 51
263 100000 184 1 49
31 100000 22 2 48 55
450 100000 100000 2 51 59
232 100000 100000 1 56
144 100000 100000 2 45 56
76 100000 53 1 55
314 628 100000 1 53
140 100000 100000 2 55 58
114 100000 100000 1 58
109 100000 76 1 52
206 412 100000 1 56
117 234 100000 2 8 60
144 100000 100000 1 60
50 100000 100000 2 1 65
169 100000 100000 4 8 12 16 61
452 100000 316 2 39 66
556 100000 389 2 71 72
223 100000 100000 2 12 70
162 324 100000 1 70
70 140 100000 2 16 70
483 100000 338 1 73
140 100000 98 2 24 72
448 100000 314 2 42 73
505 1010 100000 2 52 72
259 518 100000 1 71
50 100 100000 1 78
522 1044 365 2 52 77
237 474 166 1 79
219 100000 100000 1 75
48 100000 100000 2 76 79
150 100000 100000 1 75
151 100000 100000 3 54 62 76
124 100000 87 2 29 87
55 100000 100000 1 89
374 748 100000 4 30 32 34 84
200 400 140 2 67 86
164 328 100000 1 84
282 100000 197 2 27 85
519 1038 363 2 89 90
457 100000 320 1 89
240 100000 100000 2 26 84
