# Converted from 100_125.csv
100
236 472 100000 0
55 100000 100000 0
78 100000 100000 0
271 100000 100000 0
42 84 100000 0
248 100000 100000 0
155 100000 108 1 4
131 100000 100000 1 4
54 108 100000 1 4
127 100000 100000 1 5
92 100000 64 1 4
267 100000 100000 1 5
247 494 100000 1 5
47 100000 100000 1 4
112 224 100000 1 4
248 496 100000 1 4
106 100000 100000 4 0 6 7 8
125 100000 100000 1 13
243 100000 100000 1 13
62 100000 43 1 15
107 214 75 1 16
84 100000 59 1 16
44 100000 100000 1 16
304 608 100000 1 16
50 100 35 1 16
165 330 115 1 16
39 78 100000 1 16
94 100000 66 2 14 19
193 100000 100000 5 2 3 10 20 22
228 100000 100000 2 23 27
256 512 179 2 25 27
48 100000 100000 1 25
79 158 55 2 25 27
104 100000 73 1 22
71 100000 50 2 31 32
67 100000 47 1 33
139 100000 100000 1 28
169 100000 118 1 28
212 100000 100000 1 28
218 436 100000 1 28
180 100000 100000 1 28
60 100000 42 6 11 12 17 21 29 30
69 138 48 1 33
125 250 100000 3 18 23 32
97 194 68 6 1 9 34 35 41 43
205 100000 144 1 41
135 100000 100000 1 41
79 100000 100000 1 41
72 100000 50 1 41
206 100000 144 1 41
37 100000 26 1 41
204 100000 100000 3 13 19 36
81 162 57 1 44
257 514 100000 1 44
79 158 55 1 44
218 100000 153 1 44
128 100000 90 1 44
58 100000 100000 1 44
285 100000 100000 2 40 46
61 122 100000 1 55
125 250 100000 2 28 57
187 100000 100000 4 36 52 53 57
154 308 108 2 53 58
56 112 39 2 38 57
125 100000 100000 3 38 39 60
315 630 100000 3 42 60 62
93 100000 65 5 37 39 42 55 60
195 100000 100000 3 42 61 64
67 134 100000 3 50 56 66
132 100000 100000 3 52 65 66
101 202 71 2 47 66
61 100000 100000 2 69 70
196 392 137 2 68 69
24 100000 100000 1 69
82 100000 57 3 53 68 70
198 396 139 1 70
94 188 66 2 51 69
115 100000 100000 3 38 49 73
150 300 105 3 26 72 75
86 172 100000 1 74
61 122 100000 2 65 79
60 100000 42 2 74 77
114 228 100000 2 65 79
128 100000 100000 3 36 80 81
162 100000 113 2 76 81
190 100000 100000 3 48 78 81
116 232 100000 2 24 81
116 232 100000 1 80
136 100000 100000 4 59 67 71 83
222 100000 155 1 84
68 100000 100000 4 36 38 49 87
76 100000 53 3 75 84 87
72 100000 100000 1 85
165 100000 115 2 80 86
244 488 100000 1 88
283 566 100000 1 88
40 100000 100000 1 88
90 100000 100000 1 88
22 44 100000 1 88
127 254 89 1 88
