# Converted from 100_517.csv
100
716 1432 100000 0
497 994 100000 0
361 722 253 0
470 940 329 0
642 100000 100000 4 0 1 2 3
570 100000 100000 4 0 1 2 3
519 1038 100000 2 4 5
667 100000 100000 2 4 5
554 1108 100000 2 4 5
415 830 100000 2 4 5
450 100000 315 4 6 7 8 9
537 1074 100000 4 6 7 8 9
468 100000 328 4 6 7 8 9
521 1042 100000 4 6 7 8 9
705 1410 100000 4 10 11 12 13
268 100000 188 4 10 11 12 13
486 100000 100000 2 14 15
296 100000 100000 2 14 15
677 1354 474 2 14 15
737 100000 100000 2 14 15
648 100000 100000 2 14 15
527 1054 369 5 16 17 18 19 20
680 100000 476 5 16 17 18 19 20
331 100000 100000 5 16 17 18 19 20
405 100000 100000 3 21 22 23
351 100000 100000 3 21 22 23
367 100000 100000 3 21 22 23
535 1070 374 3 21 22 23
451 902 316 4 24 25 26 27
507 1014 355 4 24 25 26 27
213 100000 100000 4 24 25 26 27
298 100000 100000 4 24 25 26 27
507 1014 100000 4 28 29 30 31
749 1498 524 4 28 29 30 31
496 100000 100000 2 32 33
397 100000 100000 1 33
394 788 100000 2 32 33
499 100000 100000 1 33
492 984 344 2 32 33
485 970 340 4 34 35 37 38
553 100000 100000 4 35 36 37 38
477 100000 334 3 36 37 38
567 100000 100000 3 39 40 41
468 100000 328 3 39 40 41
380 760 100000 3 39 40 41
523 100000 366 3 42 43 44
410 100000 100000 3 42 43 44
637 1274 100000 3 42 43 44
448 100000 314 2 42 43
384 100000 100000 1 46
642 100000 449 1 47
356 100000 100000 1 46
511 100000 100000 1 45
509 1018 100000 2 50 52
618 100000 100000 1 50
398 796 100000 2 45 49
646 100000 100000 2 48 52
418 100000 100000 2 50 55
621 100000 435 1 54
537 1074 100000 2 45 58
690 1380 100000 2 53 57
770 100000 539 1 58
339 678 237 2 53 58
503 100000 100000 2 59 61
388 776 100000 2 56 61
661 100000 463 3 48 59 60
530 100000 100000 1 63
708 100000 496 1 63
307 614 215 1 63
458 916 321 5 48 51 62 67 68
375 100000 262 1 67
395 790 276 3 65 66 68
654 100000 458 1 66
430 860 100000 3 51 70 72
393 100000 275 1 72
541 100000 100000 3 57 73 74
406 100000 100000 3 55 73 74
406 812 100000 3 69 75 76
651 100000 100000 4 62 68 75 76
503 100000 352 3 68 75 76
480 960 100000 2 77 79
479 100000 335 2 78 79
542 100000 100000 2 71 77
533 100000 373 2 81 82
279 100000 100000 2 71 80
593 100000 100000 2 65 80
632 100000 442 2 71 85
369 738 258 2 83 84
540 100000 378 3 81 84 85
657 100000 460 1 84
666 100000 466 1 89
588 100000 100000 4 56 83 86 89
662 1324 100000 3 56 86 88
618 1236 100000 1 87
281 562 100000 1 91
533 100000 373 2 64 91
617 1234 432 4 64 82 88 90
682 100000 100000 2 90 93
504 100000 100000 2 91 92
371 742 100000 1 91
