# Converted from 100_146.csv
100
348 696 100000 0
622 100000 435 0
570 100000 100000 0
335 100000 100000 0
460 100000 100000 0
717 100000 502 0
605 1210 100000 0
499 998 100000 1 5
539 100000 377 1 6
521 1042 100000 1 5
468 936 328 1 6
413 100000 100000 1 5
631 100000 442 2 6 11
479 958 335 1 11
402 100000 281 5 2 3 4 9 10
343 100000 240 1 11
481 100000 100000 1 14
375 750 262 1 14
444 100000 100000 1 14
371 100000 100000 1 14
227 100000 100000 1 14
594 100000 416 1 14
727 1454 100000 1 14
486 100000 340 1 14
392 784 274 1 22
635 100000 444 1 19
550 100000 100000 1 20
707 100000 495 1 22
358 100000 100000 1 23
483 966 100000 1 19
483 100000 100000 1 21
605 1210 100000 9 0 8 17 18 26 27 28 29 30
239 100000 167 1 30
586 1172 100000 3 11 29 30
432 100000 302 2 21 29
401 802 100000 1 31
676 100000 100000 1 31
362 724 253 1 31
688 100000 100000 1 31
510 100000 100000 1 31
489 100000 342 1 31
495 100000 100000 1 31
434 100000 304 1 31
528 1056 370 1 31
616 100000 100000 3 28 30 34
355 710 100000 3 35 37 43
435 100000 304 3 35 41 44
495 100000 100000 1 39
532 100000 100000 1 39
353 706 247 2 33 46
404 808 283 1 46
503 100000 352 1 46
521 100000 100000 3 43 46 47
425 850 100000 3 40 51 52
414 100000 100000 4 43 49 50 51
569 100000 398 2 50 51
735 1470 514 3 38 54 55
440 100000 100000 2 33 55
586 1172 100000 1 55
465 100000 100000 1 55
568 1136 100000 3 36 42 55
586 100000 100000 1 60
336 672 235 2 54 58
480 100000 100000 1 57
500 1000 100000 2 37 56
498 100000 349 2 43 63
382 100000 267 3 56 60 63
370 740 259 3 39 59 63
572 100000 400 6 1 13 33 40 45 61
492 100000 100000 5 32 36 39 59 64
399 100000 100000 2 60 64
679 100000 100000 7 7 12 24 53 59 65 66
551 100000 100000 1 68
401 802 100000 1 68
362 100000 253 1 68
289 100000 100000 1 68
497 994 348 1 68
614 100000 430 1 70
672 1344 100000 2 58 70
499 998 100000 1 71
337 674 100000 1 71
648 100000 454 1 71
490 980 343 1 71
576 1152 100000 1 71
348 100000 100000 1 76
773 1546 100000 2 54 72
451 902 316 3 57 77 78
426 100000 298 6 16 25 62 67 83 84
644 100000 100000 3 15 79 85
526 100000 100000 2 77 79
437 874 100000 4 72 79 82 86
267 100000 100000 1 87
495 100000 346 1 87
344 100000 100000 1 87
349 698 244 1 87
551 1102 100000 1 87
478 956 100000 1 87
599 1198 100000 1 87
474 948 100000 1 87
588 100000 100000 1 87
