# Converted from 100_506.csv
100
337 100000 100000 0
379 100000 265 0
357 100000 100000 0
422 844 295 0
368 100000 258 4 0 1 2 3
429 100000 100000 3 1 2 3
485 970 340 4 0 1 2 3
569 100000 100000 3 4 5 6
317 100000 100000 3 4 5 6
314 100000 220 3 4 5 6
511 1022 100000 3 7 8 9
840 100000 588 3 7 8 9
378 100000 265 3 7 8 9
407 100000 100000 3 10 11 12
634 1268 444 2 10 11
399 798 279 2 10 12
440 880 100000 3 13 14 15
502 100000 351 2 13 14
561 1122 100000 2 13 14
461 100000 323 3 13 14 15
441 100000 100000 1 13
497 994 100000 3 16 17 19
402 804 281 2 16 19
487 100000 100000 2 19 20
415 100000 100000 2 21 23
707 100000 100000 3 21 22 23
558 100000 100000 3 21 22 23
363 726 100000 3 24 25 26
406 100000 284 3 24 25 26
458 100000 321 3 24 25 26
474 100000 100000 3 24 25 26
524 100000 100000 4 27 28 29 30
576 100000 403 4 27 28 29 30
517 100000 362 2 31 32
619 100000 100000 2 31 32
332 100000 232 3 18 31 32
468 936 100000 1 31
473 946 100000 4 33 34 35 36
575 1150 100000 4 33 34 35 36
382 764 267 4 33 34 35 36
417 834 100000 4 33 34 35 36
351 100000 100000 3 33 34 36
648 1296 454 2 38 39
526 100000 100000 3 37 39 40
647 100000 100000 2 37 40
292 584 204 2 42 44
458 100000 100000 1 44
390 780 100000 3 42 43 44
445 100000 100000 2 46 47
485 970 100000 2 45 46
776 100000 100000 2 46 47
517 100000 362 2 38 46
457 100000 100000 2 46 47
470 100000 329 3 48 49 51
608 100000 100000 1 49
599 100000 419 3 41 50 52
551 1102 386 1 50
568 100000 398 2 55 56
484 968 339 2 51 56
649 100000 100000 2 45 57
505 100000 100000 4 53 54 55 58
609 1218 100000 3 48 51 57
376 100000 100000 2 48 57
440 100000 100000 2 59 60
373 746 100000 2 59 61
288 100000 202 2 63 64
534 100000 100000 1 64
498 996 100000 2 58 64
549 1098 384 1 67
865 100000 606 1 65
624 100000 100000 3 54 62 68
570 100000 399 2 68 69
556 1112 389 1 69
434 100000 304 1 69
455 910 318 2 68 69
734 100000 100000 3 71 73 74
647 1294 100000 2 70 74
462 924 100000 1 74
584 100000 100000 2 75 77
507 100000 100000 2 70 75
501 100000 100000 1 75
666 1332 100000 1 79
622 1244 435 1 79
514 100000 100000 1 79
580 1160 406 1 79
520 100000 100000 2 62 78
633 100000 443 1 83
414 828 290 2 82 85
547 1094 100000 1 85
468 936 100000 1 86
600 100000 420 1 87
353 706 247 2 66 88
512 100000 100000 1 88
801 100000 561 4 76 83 90 92
479 958 100000 1 92
368 736 100000 2 66 92
578 100000 100000 2 82 91
407 814 100000 1 94
478 956 100000 2 94 96
398 100000 100000 1 93
