# Converted from 100_467.csv
100
167 100000 100000 0
23 100000 16 0
230 460 100000 0
43 86 100000 2 1 2
318 100000 100000 3 0 1 2
142 100000 99 2 1 2
222 444 155 3 3 4 5
564 100000 395 3 3 4 5
193 386 135 2 3 4
193 100000 100000 2 3 4
151 100000 100000 2 3 4
55 110 100000 5 6 7 8 9 10
227 100000 100000 3 6 8 9
151 100000 106 3 6 8 9
164 328 100000 2 6 8
96 100000 100000 2 11 13
109 100000 76 3 11 12 13
28 100000 100000 4 11 12 13 14
549 1098 100000 3 11 13 14
276 100000 193 2 11 14
143 100000 100000 2 12 14
70 140 100000 6 15 16 17 18 19 20
101 100000 100000 6 15 16 17 18 19 20
242 100000 169 5 15 16 17 18 19
248 496 100000 2 21 23
86 172 100000 2 21 23
289 100000 100000 2 21 23
84 168 100000 1 23
405 100000 284 1 22
92 100000 64 1 21
393 100000 275 3 24 25 26
150 300 100000 2 25 26
127 254 89 3 25 27 29
72 144 100000 4 22 24 31 32
447 100000 100000 3 24 31 32
190 100000 133 4 27 29 30 31
22 100000 15 2 33 35
324 100000 100000 2 33 35
194 388 136 2 36 37
113 226 100000 2 36 37
144 100000 100000 1 37
132 100000 92 2 36 37
235 470 100000 4 38 39 40 41
296 100000 100000 4 38 39 40 41
97 194 68 5 28 38 39 40 41
270 540 189 3 38 39 40
62 100000 100000 3 43 44 45
556 1112 389 3 43 44 45
185 100000 100000 3 42 46 47
545 100000 100000 3 42 46 47
110 220 100000 3 42 46 47
92 100000 64 3 48 49 50
146 100000 100000 2 34 51
198 396 139 1 51
269 538 100000 1 51
162 100000 113 1 51
133 266 93 1 51
255 510 100000 2 34 51
216 432 100000 5 52 53 54 55 57
167 100000 100000 4 52 53 54 55
105 100000 74 4 52 53 54 56
169 100000 118 2 59 60
63 100000 44 1 59
140 100000 98 1 61
505 100000 100000 2 57 62
278 100000 100000 1 62
292 584 100000 2 58 61
247 100000 100000 2 57 61
248 100000 174 2 64 66
82 164 100000 2 58 67
213 100000 100000 1 67
337 100000 236 2 61 64
373 746 100000 1 68
480 960 100000 1 68
261 100000 100000 2 62 69
209 418 146 1 74
113 226 100000 2 67 73
240 100000 100000 2 63 75
198 396 100000 1 76
89 100000 100000 1 75
322 100000 100000 1 79
88 100000 100000 2 72 79
105 100000 74 3 72 77 79
80 100000 100000 2 78 79
231 100000 162 3 65 80 83
108 216 100000 2 65 82
51 102 36 1 85
78 156 55 2 76 85
100 100000 100000 1 87
102 204 71 1 86
234 100000 100000 3 78 80 86
103 100000 100000 2 80 87
69 100000 48 2 73 86
74 100000 100000 2 73 86
407 814 100000 3 70 84 91
137 100000 96 1 90
454 100000 100000 2 87 92
110 220 100000 3 71 95 96
107 100000 75 1 94
129 258 90 1 96
