# Converted from 100_330.csv
100
41 82 100000 0
33 100000 100000 0
208 100000 100000 0
130 100000 91 0
204 100000 143 0
245 490 100000 0
36 72 25 0
183 100000 128 0
89 178 100000 0
49 100000 34 0
130 100000 100000 1 9
138 100000 100000 1 6
64 128 100000 1 2
77 100000 100000 1 8
131 100000 92 1 8
80 100000 100000 1 7
183 366 100000 1 5
53 106 100000 1 5
64 100000 45 1 9
221 100000 100000 1 6
289 100000 100000 1 0
195 390 136 1 15
193 386 135 1 20
125 100000 100000 2 11 13
191 100000 100000 1 18
115 100000 80 1 20
142 100000 100000 1 20
148 100000 100000 1 20
57 100000 100000 1 14
95 100000 100000 1 11
183 100000 100000 1 23
309 618 216 1 29
93 100000 100000 1 25
169 338 118 3 12 13 26
39 78 27 1 28
217 100000 100000 1 27
107 214 75 2 18 29
125 100000 100000 1 23
181 362 127 1 35
87 100000 100000 1 36
292 584 204 1 32
66 100000 46 1 33
298 596 100000 1 34
233 100000 100000 1 33
245 490 100000 1 35
29 100000 20 1 34
212 424 100000 2 30 33
178 356 125 1 40
132 264 100000 1 45
160 100000 100000 1 45
228 456 100000 2 37 39
44 100000 31 1 46
37 100000 26 1 38
125 250 88 1 45
166 100000 116 2 3 45
42 84 100000 2 40 41
82 100000 100000 1 55
390 780 273 1 50
82 164 100000 1 54
133 266 100000 1 49
296 100000 100000 2 17 58
58 100000 41 2 7 59
64 100000 45 1 59
85 100000 100000 2 17 57
130 260 91 1 56
112 100000 100000 1 59
156 100000 100000 2 63 64
131 100000 100000 2 30 61
74 100000 100000 1 63
97 100000 68 2 61 63
135 270 100000 2 13 60
40 80 100000 1 61
161 100000 113 1 64
192 384 100000 1 63
114 100000 100000 1 65
27 100000 100000 1 61
149 298 100000 2 12 61
290 580 100000 1 71
216 100000 100000 2 45 66
104 208 73 4 15 70 71 73
119 238 100000 2 58 75
156 100000 100000 2 15 72
149 100000 104 2 65 67
178 100000 125 1 82
61 100000 43 1 82
24 100000 17 2 5 81
81 100000 100000 2 74 80
402 804 281 2 31 81
149 298 100000 1 79
193 100000 135 3 22 37 77
204 100000 143 2 77 80
74 100000 100000 1 85
221 100000 100000 1 88
89 178 62 2 75 87
136 272 95 2 54 87
303 100000 212 1 85
63 126 100000 2 32 88
69 100000 100000 1 86
48 100000 100000 1 87
22 44 100000 2 13 90
