# Converted from 100_418.csv
100
200 400 100000 0
76 100000 100000 0
139 278 100000 0
44 88 100000 2 1 2
288 576 100000 1 0
178 100000 125 1 1
139 278 97 2 3 4
75 100000 52 2 4 5
134 100000 100000 1 5
158 100000 100000 2 3 5
60 120 100000 1 5
279 558 100000 1 3
193 100000 135 2 2 7
183 366 100000 2 4 9
256 100000 100000 1 8
198 396 100000 1 6
201 100000 100000 1 11
277 554 100000 2 7 9
66 100000 46 3 13 14 17
72 100000 100000 1 16
93 100000 100000 1 15
164 100000 115 1 16
204 408 100000 1 14
121 100000 100000 3 9 12 16
123 100000 86 2 4 16
331 100000 100000 3 18 23 24
222 100000 155 2 18 20
56 112 100000 2 7 21
76 100000 53 1 20
22 44 15 3 4 9 22
86 172 100000 2 18 23
71 100000 100000 2 7 20
122 244 100000 1 30
107 214 75 2 27 29
163 100000 100000 2 15 25
184 368 100000 2 7 29
332 100000 100000 4 8 11 17 31
310 100000 217 2 23 26
171 100000 100000 1 32
84 168 59 1 32
172 100000 100000 6 10 12 13 17 21 35
162 100000 113 2 26 34
75 100000 52 1 39
138 276 100000 2 27 41
282 100000 197 2 27 39
171 342 120 1 39
125 100000 88 2 33 41
101 100000 71 1 39
66 132 100000 2 21 41
141 282 99 2 43 46
237 100000 100000 4 31 42 43 47
107 100000 75 3 40 42 48
188 100000 100000 3 28 38 43
39 100000 27 2 42 48
195 100000 136 2 44 48
233 100000 100000 2 36 44
74 100000 100000 1 54
124 100000 100000 2 50 55
101 202 100000 2 34 55
100 100000 70 2 52 53
102 100000 100000 1 52
316 632 100000 1 51
321 100000 100000 2 43 61
80 160 56 3 50 56 61
81 100000 100000 2 42 58
98 196 100000 2 56 58
266 100000 100000 3 22 36 60
71 100000 50 2 54 58
76 100000 53 2 48 57
240 100000 100000 1 62
233 100000 100000 4 36 45 53 62
279 100000 195 2 45 68
49 100000 100000 3 19 37 68
239 100000 167 4 33 37 62 66
34 100000 24 1 63
187 374 100000 2 57 64
62 124 100000 1 70
114 228 100000 1 75
35 70 24 2 70 72
44 100000 100000 2 69 72
105 100000 74 2 22 75
86 100000 100000 2 35 71
175 100000 100000 2 49 80
210 420 147 3 53 65 80
385 770 270 2 65 78
124 248 87 2 75 81
169 100000 100000 2 48 80
294 588 100000 2 79 80
188 376 100000 1 87
20 100000 100000 2 73 86
159 100000 111 4 63 78 85 87
229 100000 160 3 68 73 86
56 112 39 2 89 90
109 100000 76 2 73 90
227 100000 100000 2 33 88
109 218 76 4 53 65 68 89
36 72 100000 1 91
93 100000 100000 2 82 91
164 328 100000 2 65 89
98 196 100000 4 76 83 85 89
