# Converted from 100_512.csv
100
336 100000 100000 0
527 1054 100000 0
564 1128 100000 0
430 100000 301 0
667 100000 100000 4 0 1 2 3
417 100000 292 4 0 1 2 3
595 1190 416 4 0 1 2 3
516 1032 100000 3 4 5 6
502 1004 100000 3 4 5 6
558 100000 100000 2 7 8
439 100000 100000 2 7 8
376 752 263 2 7 8
459 100000 321 3 9 10 11
625 100000 100000 3 9 10 11
289 100000 202 3 9 10 11
530 100000 371 3 12 13 14
426 852 100000 3 12 13 14
764 100000 100000 2 15 16
584 100000 100000 2 15 16
538 100000 377 2 15 16
607 1214 425 2 15 16
571 1142 100000 4 17 18 19 20
742 100000 519 4 17 18 19 20
331 662 100000 4 17 18 19 20
419 100000 100000 4 17 18 19 20
170 100000 100000 4 17 18 19 20
354 100000 100000 4 17 18 19 20
374 100000 262 6 21 22 23 24 25 26
586 100000 100000 6 21 22 23 24 25 26
532 100000 100000 6 21 22 23 24 25 26
545 100000 382 3 27 28 29
602 100000 100000 3 27 28 29
582 100000 100000 3 27 28 29
536 1072 100000 3 27 28 29
630 100000 100000 4 30 31 32 33
356 100000 249 4 30 31 32 33
497 994 100000 4 30 31 32 33
484 968 100000 3 34 35 36
203 406 142 2 34 35
541 1082 379 2 34 35
807 100000 565 2 37 38
599 100000 419 2 38 39
473 100000 331 2 37 38
534 100000 100000 2 37 39
557 100000 390 2 42 43
505 100000 100000 3 41 42 43
399 798 279 4 40 41 42 43
282 100000 197 4 40 41 42 43
513 100000 100000 3 44 45 46
642 100000 449 2 45 46
315 100000 100000 2 47 48
437 100000 100000 2 48 49
464 100000 325 2 44 49
496 992 347 2 48 49
672 1344 100000 1 48
281 562 100000 2 51 52
639 1278 100000 2 50 51
378 100000 100000 2 47 52
638 100000 447 2 55 57
603 1206 100000 1 57
625 1250 100000 2 53 56
490 100000 343 2 47 55
542 100000 100000 2 59 60
520 1040 100000 2 59 61
527 100000 369 2 54 63
558 100000 391 1 62
745 100000 100000 1 63
464 100000 100000 1 65
739 1478 517 2 53 66
616 1232 100000 4 53 56 58 66
251 502 100000 2 60 64
513 1026 359 1 65
487 974 100000 2 55 65
464 100000 325 1 72
642 100000 449 3 67 70 72
424 100000 297 1 71
520 100000 364 2 69 75
442 100000 309 2 71 74
622 1244 100000 2 73 74
550 100000 385 1 74
404 808 100000 1 77
575 1150 402 2 78 80
569 100000 100000 1 80
474 100000 100000 1 80
416 832 100000 2 69 80
569 1138 100000 2 73 80
428 856 100000 2 83 84
441 882 100000 2 78 84
560 100000 100000 3 83 84 85
317 100000 100000 2 76 85
535 100000 100000 1 83
827 1654 100000 4 69 79 82 90
255 510 100000 2 69 90
614 1228 430 2 68 89
552 100000 100000 1 93
357 100000 100000 2 79 93
259 100000 100000 2 91 93
500 1000 350 3 79 82 92
376 100000 263 4 88 92 94 96
552 1104 100000 2 78 97
