# Converted from 100_285.csv
100
530 100000 371 0
149 298 100000 0
517 100000 100000 0
540 100000 378 0
625 1250 100000 0
523 100000 100000 1 0
724 100000 100000 3 1 2 4
476 952 333 1 2
658 100000 461 1 4
630 1260 100000 2 0 1
472 944 100000 2 2 3
517 100000 362 3 1 2 4
633 100000 443 1 5
628 1256 100000 4 6 7 8 10
508 100000 100000 3 6 10 11
609 100000 100000 3 6 10 11
482 100000 100000 1 12
517 1034 362 1 13
544 1088 100000 1 13
625 1250 100000 1 13
336 672 100000 3 13 14 15
488 100000 100000 4 9 13 14 15
303 606 212 3 9 14 15
454 908 100000 1 16
381 762 100000 1 20
626 1252 100000 1 20
389 100000 272 1 17
483 966 100000 1 18
553 100000 100000 1 19
677 100000 100000 3 20 21 22
275 100000 100000 2 20 21
694 1388 486 1 24
552 100000 100000 1 25
479 100000 335 1 27
444 100000 311 3 23 28 29
415 830 100000 3 9 11 26
545 100000 382 1 30
671 100000 100000 1 29
504 1008 100000 1 31
586 1172 100000 1 33
374 748 100000 1 36
537 100000 100000 1 34
436 872 305 2 21 32
388 100000 100000 1 37
556 100000 100000 3 30 35 37
452 100000 100000 1 36
398 796 100000 1 38
386 772 100000 1 40
515 1030 100000 1 41
364 728 255 4 34 39 43 45
616 100000 100000 2 44 45
469 100000 328 1 47
615 100000 430 1 48
538 1076 377 1 49
531 100000 100000 3 42 46 49
347 100000 100000 1 49
535 100000 100000 3 42 49 50
716 100000 100000 1 53
485 100000 340 1 52
537 100000 100000 1 51
285 100000 100000 1 54
324 100000 100000 2 35 54
440 880 308 1 57
402 804 100000 1 60
436 872 305 1 58
547 100000 383 1 60
500 1000 350 1 61
287 100000 201 1 60
481 100000 100000 2 59 61
784 100000 549 1 63
649 100000 454 1 66
456 100000 319 1 67
519 100000 100000 1 65
406 100000 100000 2 62 67
318 636 223 3 44 64 67
493 100000 100000 2 56 67
535 100000 374 2 56 67
430 860 100000 1 69
547 1094 383 1 70
429 100000 100000 1 71
493 100000 345 1 72
404 100000 283 1 75
556 100000 100000 2 56 73
439 100000 100000 1 75
562 100000 100000 1 77
264 100000 100000 1 80
361 100000 253 4 55 56 78 79
584 1168 100000 1 82
275 550 192 1 81
710 100000 497 1 85
487 100000 100000 2 82 84
551 100000 386 2 55 87
631 1262 100000 2 82 88
495 990 100000 2 82 89
535 1070 374 3 68 88 91
433 100000 303 2 86 91
309 100000 100000 2 87 93
622 1244 435 3 74 92 95
376 752 100000 2 93 94
403 100000 282 3 86 90 93
