# Converted from 100_299.csv
100
561 1122 393 0
535 1070 100000 0
195 100000 100000 0
434 868 100000 0
449 100000 314 0
715 100000 500 1 0
628 1256 100000 1 1
409 100000 100000 1 2
403 100000 282 3 2 3 4
444 888 100000 3 1 2 3
381 100000 267 1 1
243 486 100000 2 1 3
487 100000 100000 1 8
644 1288 100000 1 6
569 100000 100000 1 7
687 1374 100000 3 5 9 11
518 100000 363 3 2 10 11
354 100000 100000 3 9 10 11
616 100000 100000 1 12
464 100000 325 1 15
477 954 100000 4 13 15 16 17
533 100000 373 5 8 14 15 16 17
453 906 100000 2 15 16
550 100000 385 1 19
421 100000 100000 1 20
464 100000 100000 1 22
467 934 327 2 18 20
400 800 280 2 20 22
462 924 100000 1 22
566 1132 100000 1 23
518 100000 363 1 24
405 100000 100000 1 25
278 556 100000 1 28
497 100000 100000 2 4 27
676 100000 100000 2 21 28
693 100000 485 1 26
555 100000 100000 1 32
287 574 201 1 33
393 786 275 1 29
418 100000 100000 1 34
476 952 333 3 30 32 34
337 100000 100000 3 4 17 31
276 552 100000 1 36
654 100000 100000 1 37
690 100000 100000 1 38
344 100000 241 1 39
509 100000 356 2 26 40
475 100000 332 2 8 41
724 1448 507 2 35 41
391 782 100000 1 46
423 846 100000 1 44
448 100000 314 2 40 42
665 1330 100000 2 43 48
531 100000 100000 3 45 46 47
498 996 100000 1 49
401 802 100000 3 26 33 50
558 1116 100000 2 33 51
444 100000 311 2 33 51
467 100000 100000 3 33 35 53
560 100000 392 2 40 52
543 100000 380 1 56
613 100000 100000 1 55
396 792 100000 2 54 55
368 100000 258 2 40 55
697 100000 488 2 53 55
440 880 100000 1 63
480 100000 100000 1 60
610 1220 100000 1 61
421 100000 100000 2 57 63
651 1302 100000 3 57 62 63
505 1010 354 1 65
467 934 100000 1 66
671 100000 100000 2 53 68
448 100000 100000 5 46 47 51 63 67
462 100000 100000 3 64 68 69
621 1242 435 3 52 53 68
459 100000 100000 4 47 59 68 69
559 100000 100000 2 59 69
705 100000 493 3 46 59 68
484 968 339 1 72
440 880 308 1 70
637 100000 446 1 71
473 100000 100000 1 78
492 100000 344 3 72 76 78
392 100000 274 1 82
412 824 100000 1 79
350 100000 245 1 81
559 1118 100000 3 64 82 83
496 100000 100000 5 56 74 75 80 83
558 100000 100000 3 74 76 82
545 1090 100000 1 84
565 100000 396 1 87
578 100000 405 4 56 83 85 89
534 100000 100000 3 53 69 86
473 100000 331 2 74 87
511 1022 100000 1 90
328 656 230 1 91
717 100000 100000 4 74 76 78 93
452 100000 316 2 89 94
414 100000 100000 1 92
