# Converted from 100_122.csv
100
177 354 100000 0
201 402 100000 0
28 100000 100000 0
34 100000 24 0
198 100000 139 0
157 100000 100000 0
34 100000 100000 0
133 100000 100000 0
188 100000 100000 0
110 100000 100000 4 5 6 7 8
99 198 100000 3 5 7 8
40 100000 28 2 5 7
53 100000 37 2 5 7
171 100000 100000 1 8
168 100000 118 1 13
77 154 54 1 13
161 322 100000 1 12
48 96 100000 1 13
75 100000 100000 1 12
63 126 44 2 8 12
105 210 100000 1 11
176 352 100000 7 0 1 9 11 12 14 15
168 100000 100000 1 20
182 364 127 1 20
104 100000 100000 1 20
192 384 134 2 6 20
212 424 148 1 20
54 108 100000 1 20
66 100000 100000 1 20
103 100000 72 1 20
21 100000 15 2 6 20
177 100000 100000 2 21 29
33 100000 23 1 21
210 420 147 1 21
99 100000 69 1 21
156 100000 109 1 21
82 164 100000 1 21
122 100000 100000 13 2 3 4 10 16 17 18 19 24 25 26 27 29
164 328 100000 2 21 30
208 100000 146 2 21 30
28 100000 100000 2 6 29
124 100000 100000 3 34 35 37
74 148 100000 4 34 35 36 37
92 100000 64 1 37
217 100000 152 1 37
25 100000 18 1 37
60 120 100000 1 37
96 100000 100000 1 37
167 334 100000 2 37 40
209 100000 146 1 36
161 100000 113 2 20 35
167 334 117 2 30 44
284 100000 100000 4 21 30 40 46
79 158 100000 2 38 44
147 294 100000 1 53
47 94 33 1 54
42 84 100000 2 36 54
128 256 100000 2 39 56
238 100000 100000 3 49 50 56
64 100000 100000 1 56
155 100000 100000 2 40 56
142 284 100000 2 51 56
113 100000 100000 1 56
325 100000 100000 4 45 49 59 60
156 312 100000 4 49 50 51 62
160 100000 100000 4 47 52 59 61
56 100000 39 3 35 46 62
99 100000 100000 2 34 65
76 152 100000 2 34 65
250 100000 175 1 66
258 516 100000 7 28 33 46 48 57 58 64
128 256 90 3 50 60 66
119 100000 100000 4 39 43 47 66
43 100000 100000 2 65 66
262 524 183 8 31 41 42 55 63 67 68 71
153 100000 100000 1 70
45 100000 100000 1 70
106 100000 100000 1 70
92 100000 100000 1 70
64 100000 45 1 73
137 100000 96 5 40 49 50 61 72
35 70 24 1 74
57 114 100000 1 74
24 100000 17 1 74
137 100000 96 1 74
135 270 100000 1 74
178 356 100000 1 78
153 100000 107 3 47 75 76
79 158 55 2 76 78
123 100000 86 7 22 23 32 69 74 86 88
96 100000 100000 3 72 82 85
48 96 100000 1 89
141 282 100000 1 89
217 100000 100000 1 89
139 100000 100000 1 89
204 100000 143 1 89
245 490 100000 3 82 85 92
68 100000 48 1 91
32 64 22 2 75 92
270 100000 189 1 94
