# Converted from 100_42.csv
100
39 100000 100000 0
269 538 188 0
157 314 110 0
342 684 100000 0
254 508 100000 0
136 272 100000 0
193 100000 135 0
38 100000 100000 0
51 100000 100000 0
127 100000 89 1 7
63 126 44 1 7
139 100000 97 1 4
104 208 73 1 7
120 100000 100000 1 4
144 100000 100000 1 3
128 100000 90 1 8
162 100000 113 1 4
112 224 78 1 8
72 100000 100000 1 15
89 100000 100000 1 16
142 100000 100000 1 13
53 100000 100000 1 14
194 388 100000 1 16
91 182 100000 1 16
178 356 125 1 15
302 100000 100000 1 16
171 342 120 1 25
123 100000 86 1 25
167 334 100000 1 25
142 100000 100000 1 18
50 100000 35 1 19
20 100000 100000 1 22
133 266 93 1 20
172 344 100000 1 21
121 100000 100000 1 24
101 100000 71 1 25
216 100000 100000 1 24
403 100000 100000 9 0 1 2 9 10 22 26 27 28
163 326 100000 1 29
131 100000 100000 1 31
155 100000 100000 1 34
142 100000 99 1 35
240 480 168 1 30
118 236 100000 1 32
121 100000 85 1 33
87 174 100000 1 33
170 340 119 1 33
324 100000 100000 1 37
183 100000 128 1 37
148 296 104 1 37
102 204 100000 1 37
85 170 100000 1 37
126 100000 100000 1 37
100 200 70 1 41
48 100000 34 1 40
48 96 100000 2 38 39
127 254 100000 1 41
210 420 147 1 46
120 100000 100000 1 53
28 100000 100000 1 47
302 100000 100000 1 54
146 292 102 1 49
65 130 100000 1 55
79 158 100000 1 55
39 78 100000 1 57
207 100000 145 2 50 57
57 100000 100000 1 60
171 100000 100000 1 64
140 100000 100000 1 58
103 100000 72 1 61
101 100000 100000 1 59
124 100000 87 1 62
100 100000 100000 1 65
107 100000 100000 1 63
240 480 168 1 61
215 100000 150 2 45 61
142 284 99 1 65
29 58 20 1 65
40 100000 28 4 11 12 66 67
77 100000 54 1 69
206 412 100000 3 68 70 72
86 100000 100000 1 73
234 100000 164 1 76
73 100000 51 1 75
99 198 69 1 75
289 100000 100000 1 77
129 100000 100000 1 78
139 278 100000 1 78
200 100000 100000 1 78
181 100000 127 1 78
47 94 100000 1 78
26 100000 100000 1 78
124 100000 87 1 78
247 494 100000 1 78
45 100000 100000 1 78
58 100000 100000 2 50 79
45 90 100000 2 43 78
138 100000 100000 2 61 82
149 100000 100000 1 86
185 100000 100000 1 98
