# Converted from 100_183.csv
100
54 108 100000 0
190 100000 133 0
112 100000 100000 0
105 100000 74 0
225 100000 100000 0
107 100000 100000 0
194 388 136 0
125 250 100000 0
86 100000 100000 0
48 96 34 0
103 100000 100000 1 3
39 100000 27 1 0
161 100000 100000 1 1
164 100000 100000 1 4
141 100000 99 1 5
159 318 100000 1 2
81 100000 100000 1 6
168 100000 118 1 8
103 100000 100000 1 7
228 100000 100000 1 7
156 100000 100000 1 8
114 100000 80 1 6
198 396 100000 1 3
84 100000 100000 1 5
50 100000 100000 1 10
157 100000 110 1 13
111 222 78 1 14
108 216 100000 1 15
345 690 100000 1 16
99 100000 100000 1 17
153 306 107 2 11 21
43 100000 30 1 12
89 178 62 1 20
147 294 103 1 22
219 100000 153 1 17
125 250 100000 1 24
82 100000 100000 1 25
88 100000 100000 1 26
277 100000 194 1 29
85 100000 59 1 27
118 236 100000 1 28
155 310 108 1 33
140 100000 100000 1 36
46 92 100000 1 38
226 100000 100000 1 39
61 100000 100000 3 22 32 35
198 396 100000 1 37
25 50 100000 1 41
178 100000 125 1 40
162 100000 113 2 19 39
56 100000 100000 2 20 41
299 100000 209 1 42
141 282 99 1 43
302 100000 211 1 44
230 100000 161 1 50
192 100000 100000 1 50
122 244 85 2 45 48
56 100000 39 1 49
52 100000 100000 1 48
174 348 100000 1 49
103 100000 100000 1 51
132 264 92 1 52
101 100000 100000 2 53 56
66 132 100000 1 56
197 394 138 1 57
233 100000 100000 1 55
130 100000 100000 1 60
195 390 100000 3 30 46 61
39 100000 27 1 63
248 496 100000 2 48 65
166 100000 100000 2 4 64
137 100000 100000 1 64
21 42 100000 1 66
250 100000 100000 1 67
123 100000 86 2 30 71
126 100000 100000 1 67
132 100000 100000 1 68
40 80 28 1 74
195 100000 100000 1 72
28 56 20 1 73
122 244 100000 3 57 65 75
103 100000 72 1 74
152 304 106 2 33 75
170 340 100000 1 75
235 470 100000 3 5 9 74
120 240 100000 1 77
112 100000 78 1 79
72 144 100000 1 80
52 100000 100000 1 80
22 44 100000 1 78
165 100000 100000 1 80
68 100000 100000 2 63 80
123 100000 86 2 34 84
216 432 151 1 85
184 100000 129 1 86
34 68 100000 1 87
70 100000 49 1 88
176 352 100000 1 90
329 658 100000 1 89
23 100000 16 2 58 91
