# Converted from 100_338.csv
100
78 100000 100000 0
52 100000 100000 0
111 222 100000 0
171 100000 100000 0
123 246 100000 0
37 100000 26 0
86 172 100000 0
78 100000 100000 0
135 100000 94 0
113 226 100000 0
75 100000 52 0
256 100000 179 1 10
90 100000 100000 1 0
287 574 100000 1 8
35 100000 100000 1 7
148 100000 100000 1 7
144 288 100000 1 0
122 100000 100000 1 1
52 104 100000 1 2
205 100000 100000 1 6
85 100000 100000 2 8 11
58 116 100000 1 18
291 100000 204 1 14
72 144 100000 1 13
66 100000 46 1 12
120 100000 100000 1 13
140 100000 100000 1 12
70 100000 49 1 17
118 236 83 2 12 20
35 100000 24 1 25
389 100000 100000 1 26
94 100000 100000 1 26
317 100000 222 2 25 27
182 364 100000 1 23
177 354 100000 1 22
204 408 143 1 22
104 208 100000 1 33
143 286 100 1 28
250 500 175 2 33 34
57 114 100000 1 30
41 100000 29 1 34
159 100000 100000 1 33
28 56 20 2 12 29
219 438 153 2 11 33
23 100000 100000 1 33
120 240 84 1 42
228 100000 100000 1 43
92 100000 100000 1 44
78 156 100000 2 40 43
79 100000 55 2 25 38
229 458 100000 1 44
60 120 42 1 39
29 58 20 1 40
199 100000 100000 1 50
188 100000 100000 1 46
169 338 100000 1 52
171 342 120 1 48
67 134 47 2 26 47
68 100000 100000 1 49
121 242 100000 3 14 23 45
112 100000 100000 1 48
179 100000 100000 1 58
168 100000 100000 1 57
183 366 100000 2 46 59
64 100000 45 2 36 53
180 100000 100000 4 26 32 38 60
218 436 100000 1 55
290 100000 203 1 62
42 100000 29 3 47 63 65
151 100000 106 3 45 54 66
55 100000 100000 1 63
203 100000 142 2 40 64
305 100000 100000 1 63
188 100000 132 2 23 66
241 100000 169 2 6 64
289 578 202 1 64
199 398 100000 1 68
168 100000 118 1 67
137 100000 100000 2 9 70
155 100000 108 2 35 73
282 100000 100000 1 67
69 138 100000 2 38 69
196 392 100000 2 0 73
117 100000 100000 2 16 72
80 160 100000 1 70
306 612 214 2 56 67
211 422 148 1 84
105 100000 100000 1 85
113 226 100000 2 53 80
57 100000 100000 3 36 61 84
42 84 29 2 76 78
94 100000 100000 1 83
120 100000 84 1 82
35 100000 24 1 92
182 100000 127 1 88
159 318 100000 1 89
149 100000 100000 1 89
227 100000 159 2 61 90
114 100000 80 1 86
32 100000 100000 3 2 39 91
