# Converted from 100_484.csv
100
149 100000 100000 0
50 100000 35 0
81 100000 57 0
79 158 100000 0
145 290 100000 3 0 2 3
249 498 174 2 2 3
117 100000 100000 2 2 3
219 438 100000 3 4 5 6
265 530 100000 3 4 5 6
135 100000 100000 4 1 4 5 6
216 100000 151 4 1 4 5 6
95 100000 100000 4 7 8 9 10
228 456 100000 3 7 9 10
228 100000 160 3 7 9 10
191 100000 134 3 7 9 10
45 100000 100000 3 7 9 10
154 100000 108 5 11 12 13 14 15
114 100000 80 3 11 12 14
105 100000 100000 1 14
37 100000 100000 2 11 13
155 100000 108 2 11 13
112 100000 78 3 11 12 13
118 236 83 3 17 18 19
194 100000 136 4 16 17 18 19
220 100000 100000 3 17 18 19
256 512 100000 2 22 24
284 568 100000 3 15 22 24
221 100000 100000 3 16 22 24
258 516 181 3 23 26 27
90 100000 63 2 26 27
73 100000 100000 2 28 29
92 100000 100000 2 28 29
33 66 100000 1 29
160 100000 112 1 28
140 280 100000 2 28 29
175 350 100000 5 20 30 32 33 34
151 100000 100000 1 34
86 172 100000 3 20 31 34
33 100000 23 3 21 35 37
57 100000 100000 2 25 35
94 100000 100000 2 31 39
243 100000 170 2 31 39
137 100000 96 2 40 41
159 100000 111 2 37 40
26 100000 18 1 40
187 100000 100000 3 21 42 44
26 100000 100000 4 21 42 43 44
75 100000 52 2 21 44
179 358 100000 2 45 47
54 108 100000 1 45
30 60 100000 2 36 48
58 100000 100000 3 37 48 49
151 302 100000 3 46 48 49
143 286 100 2 38 48
177 354 100000 2 43 53
62 100000 100000 2 52 53
227 100000 159 2 52 53
59 100000 100000 3 51 52 53
106 212 74 3 55 56 57
183 366 100000 3 55 56 57
172 100000 120 3 55 56 57
147 294 100000 5 50 54 55 56 57
81 100000 57 4 54 55 56 57
102 100000 71 5 58 59 60 61 62
208 100000 146 1 63
244 100000 100000 1 64
159 100000 100000 1 64
45 100000 31 1 64
171 100000 100000 1 64
30 60 21 4 65 66 67 68
25 100000 18 4 65 66 67 68
182 364 100000 4 65 66 67 68
79 100000 100000 3 69 70 71
104 208 100000 1 69
99 198 100000 2 69 70
180 100000 100000 1 69
292 584 100000 1 75
73 100000 100000 1 73
182 364 100000 1 75
113 226 100000 1 73
54 108 100000 1 72
241 482 100000 1 80
54 100000 38 1 80
137 100000 100000 2 72 78
33 66 100000 2 82 83
93 100000 65 3 76 77 81
209 100000 100000 2 77 83
243 486 100000 3 74 80 83
74 100000 100000 1 86
58 100000 41 2 74 86
181 362 100000 1 86
131 262 100000 3 79 84 87
68 100000 100000 2 84 87
252 100000 100000 3 76 86 92
169 338 118 2 84 90
89 100000 62 2 80 90
76 152 53 1 89
188 376 132 2 81 93
42 84 29 2 76 94
139 100000 97 3 79 93 94
