# Converted from 100_278.csv
100
535 1070 100000 0
304 608 100000 0
700 1400 100000 0
553 100000 100000 0
531 100000 100000 1 0
574 100000 100000 1 0
605 1210 424 1 1
301 602 211 2 0 1
469 100000 328 3 0 1 3
665 100000 100000 1 1
497 994 100000 1 4
441 100000 100000 1 6
481 962 337 1 7
414 100000 100000 1 5
482 100000 337 1 6
486 972 340 3 6 7 9
613 100000 100000 2 0 6
593 100000 100000 2 7 8
469 100000 100000 1 11
659 1318 461 1 10
647 100000 100000 1 12
510 1020 100000 1 14
572 100000 100000 3 13 15 17
612 1224 100000 3 2 7 16
274 100000 100000 1 19
676 100000 473 5 2 18 20 21 22
700 1400 100000 1 22
244 100000 100000 1 22
477 954 334 2 16 22
429 100000 100000 2 17 23
475 950 100000 1 24
621 1242 100000 1 25
521 100000 100000 1 26
600 100000 100000 4 25 26 28 29
552 1104 386 3 26 27 28
435 100000 100000 1 30
413 100000 100000 1 33
568 1136 100000 1 31
350 700 100000 1 32
440 880 100000 1 34
321 100000 100000 2 33 34
605 1210 100000 1 34
493 986 345 1 36
359 718 251 1 39
552 100000 100000 3 29 35 37
649 100000 454 2 33 38
314 100000 100000 2 40 41
504 100000 100000 1 40
646 1292 452 2 33 41
565 100000 100000 1 44
312 100000 218 1 46
618 100000 100000 1 43
661 100000 100000 1 42
612 1224 428 1 44
578 1156 100000 1 49
588 1176 412 1 50
541 100000 379 1 51
468 100000 100000 1 52
473 100000 331 2 52 53
544 1088 100000 1 53
535 100000 374 1 54
491 982 344 1 57
415 830 290 3 55 56 58
349 100000 100000 1 59
778 100000 100000 1 59
486 100000 100000 1 58
780 1560 100000 1 60
648 100000 454 1 61
400 100000 280 1 62
585 100000 100000 2 46 64
341 682 100000 1 65
863 100000 100000 1 62
359 100000 251 2 62 65
422 100000 295 1 67
371 100000 260 1 68
470 100000 100000 3 62 63 66
766 100000 536 1 71
576 100000 100000 3 41 45 70
547 1094 383 1 74
613 100000 429 3 62 73 77
452 100000 316 1 77
521 1042 365 1 77
399 798 100000 1 75
465 100000 326 2 59 76
410 100000 287 1 79
480 100000 100000 1 80
641 100000 449 3 65 78 83
463 926 100000 4 69 79 82 83
345 690 100000 1 80
438 876 307 2 79 80
672 100000 470 1 84
463 100000 100000 1 85
327 654 229 1 87
426 100000 100000 2 81 88
355 100000 100000 2 72 87
589 100000 412 3 72 79 88
424 848 100000 1 92
380 100000 100000 3 72 82 90
667 1334 467 1 91
305 100000 100000 1 95
