# Converted from 100_297.csv
100
580 100000 406 0
547 100000 100000 0
756 100000 100000 0
470 940 329 0
542 1084 379 0
433 866 100000 1 0
505 1010 100000 1 1
428 100000 100000 1 1
484 968 339 1 1
486 100000 340 2 2 3
651 1302 100000 3 2 3 4
462 100000 100000 1 6
453 906 100000 1 7
494 100000 346 1 8
414 100000 100000 3 5 9 10
514 100000 100000 3 1 9 10
573 100000 401 3 1 9 10
422 844 100000 1 14
429 100000 100000 1 12
210 420 147 5 11 13 14 15 16
364 728 255 1 17
434 868 100000 2 18 19
568 1136 100000 1 19
454 100000 318 1 20
528 100000 370 1 21
475 100000 332 2 21 22
663 100000 100000 1 22
511 100000 358 1 23
557 100000 390 1 25
495 990 100000 1 26
429 100000 100000 1 26
495 990 100000 1 27
297 100000 208 1 28
445 100000 100000 3 28 29 30
602 100000 100000 1 28
515 1030 100000 1 32
544 100000 381 2 33 34
591 100000 414 3 29 31 34
612 1224 100000 2 33 34
592 100000 414 2 33 34
563 1126 100000 1 36
428 100000 300 1 35
499 100000 349 2 30 37
719 1438 100000 1 36
504 1008 100000 2 37 39
307 614 100000 1 42
662 100000 100000 1 42
533 100000 100000 1 40
538 100000 100000 1 43
490 980 100000 1 41
558 100000 100000 2 33 42
632 100000 442 2 36 42
230 100000 161 2 42 43
809 1618 566 1 45
369 738 258 1 46
657 1314 100000 1 47
531 1062 372 1 49
453 100000 317 1 48
561 100000 393 1 52
620 100000 100000 2 51 52
275 100000 100000 2 36 50
448 100000 314 2 39 51
555 1110 100000 1 53
494 988 100000 1 56
655 100000 458 3 44 55 57
620 1240 100000 2 33 54
442 884 100000 1 58
643 100000 100000 1 59
527 100000 100000 2 59 61
544 100000 381 4 24 44 58 59
571 1142 400 1 64
632 100000 442 1 62
609 100000 100000 1 66
557 1114 100000 1 64
460 100000 100000 1 69
630 1260 100000 4 24 52 63 65
423 100000 296 2 60 69
480 100000 100000 2 24 64
575 100000 100000 3 24 61 65
472 100000 100000 1 70
557 1114 100000 1 72
430 100000 100000 1 74
532 100000 372 1 73
305 100000 214 3 50 71 75
391 782 100000 3 64 75 76
394 100000 100000 4 60 64 66 75
234 100000 164 2 60 77
408 100000 286 3 60 68 78
189 100000 100000 1 79
397 100000 278 1 80
547 1094 100000 1 81
683 1366 100000 1 84
749 100000 100000 2 50 82
640 1280 448 2 51 86
513 1026 100000 4 78 83 85 86
324 100000 100000 1 89
442 100000 100000 1 91
439 100000 307 3 50 67 88
567 1134 100000 2 38 90
361 722 100000 3 38 74 93
