# Converted from 100_236.csv
100
184 368 100000 0
235 100000 164 0
199 100000 139 0
338 100000 100000 0
250 500 175 0
100 100000 70 0
121 100000 100000 0
582 100000 407 0
117 100000 100000 1 0
429 858 100000 1 1
51 100000 100000 1 2
281 100000 100000 3 4 6 7
77 100000 54 3 4 6 7
31 100000 22 3 3 4 7
256 100000 100000 1 7
195 390 136 2 6 7
215 100000 100000 1 9
30 100000 21 1 8
71 100000 100000 5 10 11 12 13 14
258 516 100000 4 11 12 13 14
176 352 123 1 16
220 100000 100000 1 18
158 100000 100000 2 17 18
177 354 100000 1 19
291 582 204 1 20
41 82 29 1 23
87 174 61 1 21
330 100000 100000 1 23
260 100000 182 3 5 15 23
151 302 100000 1 24
187 100000 100000 1 25
166 100000 116 1 27
253 100000 100000 3 22 26 27
107 214 100000 3 22 27 28
285 570 100000 2 27 28
22 100000 15 1 31
96 100000 100000 1 34
45 90 100000 2 27 29
176 100000 123 1 30
225 100000 100000 2 31 33
159 100000 111 1 32
135 100000 100000 2 31 33
211 422 100000 1 35
97 100000 68 1 36
123 246 100000 1 36
520 1040 100000 1 36
290 100000 203 1 39
90 100000 100000 4 38 39 40 41
392 100000 100000 4 38 39 40 41
470 100000 100000 1 43
131 262 92 1 44
169 338 118 1 45
112 224 100000 1 47
38 76 100000 1 46
293 586 205 2 42 47
225 100000 100000 1 47
477 954 100000 1 49
181 362 127 1 51
132 100000 100000 1 52
103 100000 100000 1 50
474 100000 100000 3 37 53 55
231 462 162 1 55
138 276 100000 1 57
84 168 100000 1 58
143 286 100 1 59
129 100000 90 1 60
115 100000 100000 3 48 60 61
539 100000 100000 4 37 48 56 61
162 100000 113 1 66
579 100000 405 1 62
92 100000 64 1 65
82 100000 100000 3 63 64 66
50 100000 100000 1 67
524 1048 100000 1 67
355 710 100000 1 67
215 100000 100000 1 68
159 100000 111 4 69 71 72 74
284 568 100000 2 70 71
258 516 100000 2 60 72
165 100000 100000 2 66 72
225 450 158 1 76
508 1016 100000 1 76
79 100000 55 2 67 75
76 100000 100000 1 79
332 100000 100000 2 74 78
449 100000 314 1 76
253 100000 100000 1 80
496 992 100000 1 81
201 402 100000 2 73 85
353 706 100000 3 73 82 83
208 416 100000 1 86
83 100000 58 1 87
220 100000 100000 1 88
302 100000 211 1 89
135 100000 100000 1 89
334 100000 100000 1 89
390 780 273 1 89
27 100000 19 1 90
221 442 155 4 91 92 94 96
475 100000 332 2 74 95
