# Converted from 100_159.csv
100
25 100000 100000 0
149 100000 104 0
48 100000 100000 0
291 100000 204 0
144 100000 100000 0
176 100000 100000 0
218 100000 100000 0
123 246 100000 0
283 100000 100000 0
151 100000 100000 0
51 100000 100000 1 3
154 308 100000 1 0
121 100000 100000 1 4
106 212 74 1 3
78 100000 55 1 1
237 474 100000 1 2
508 1016 356 1 5
120 100000 100000 2 4 6
85 100000 59 1 8
137 274 100000 1 5
24 100000 17 1 3
107 214 100000 1 11
125 100000 88 1 10
234 100000 100000 1 12
27 100000 19 1 13
36 72 100000 1 16
171 100000 120 1 14
215 430 150 1 15
542 100000 100000 2 8 17
65 130 46 1 21
228 100000 100000 1 22
451 902 100000 1 25
197 100000 100000 1 23
395 790 100000 1 24
62 124 43 1 28
109 100000 76 1 28
83 100000 58 3 8 17 26
132 264 100000 1 28
24 48 100000 1 29
77 100000 54 1 32
114 100000 100000 1 30
244 100000 100000 1 31
453 100000 100000 1 32
410 100000 100000 1 34
156 100000 100000 2 18 36
268 536 188 2 9 34
45 90 100000 3 9 34 36
76 152 100000 1 35
510 100000 100000 1 38
63 100000 44 1 39
99 198 69 1 42
277 554 100000 2 37 40
105 100000 74 1 41
184 368 100000 3 7 33 44
257 514 100000 1 44
272 100000 100000 1 48
548 100000 384 1 50
159 100000 111 2 32 51
306 612 214 1 49
295 590 206 2 5 53
122 100000 85 2 26 51
83 166 100000 3 18 36 51
246 100000 100000 1 57
68 136 48 1 55
77 100000 54 1 56
212 424 100000 1 59
48 100000 100000 1 58
39 78 27 1 57
218 100000 100000 3 7 46 60
408 100000 100000 1 57
151 100000 100000 2 44 60
54 108 100000 1 60
129 100000 100000 1 66
278 100000 100000 1 62
147 294 100000 1 66
58 100000 100000 1 65
357 714 100000 2 26 63
38 100000 27 1 64
25 50 100000 2 66 67
86 172 60 2 68 71
507 1014 355 2 54 70
162 100000 100000 2 52 66
50 100 35 1 72
92 184 100000 1 75
116 100000 100000 1 74
72 144 50 1 73
234 100000 100000 1 83
48 96 100000 2 8 82
362 100000 100000 3 33 34 84
217 434 152 4 45 61 79 85
575 1150 100000 2 46 85
105 100000 74 3 18 47 85
52 100000 36 2 81 85
466 100000 326 2 53 85
20 100000 100000 2 60 85
164 100000 115 6 43 45 69 79 86 91
355 100000 248 3 9 66 93
39 100000 100000 1 92
106 100000 74 4 5 33 58 94
487 100000 100000 2 71 94
