# Converted from 100_445.csv
100
340 100000 100000 0
474 100000 100000 0
483 966 338 0
605 100000 100000 0
653 100000 100000 0
269 100000 188 3 2 3 4
611 100000 100000 1 3
698 1396 489 2 1 2
460 920 322 1 2
306 612 100000 1 1
409 818 286 3 2 3 4
630 1260 100000 1 0
714 100000 100000 3 5 9 11
340 100000 238 2 9 10
534 100000 374 2 9 11
483 966 100000 1 11
213 100000 149 1 11
442 884 100000 3 6 8 9
336 100000 100000 2 16 17
365 730 100000 2 0 17
341 100000 100000 2 13 16
536 1072 100000 2 3 14
686 1372 100000 2 2 14
354 100000 248 2 12 13
297 100000 208 3 2 3 14
555 1110 100000 3 18 19 20
390 780 273 2 19 20
727 100000 100000 3 19 20 21
391 100000 100000 3 6 20 24
569 100000 398 2 10 22
612 1224 100000 4 10 16 19 22
388 100000 100000 3 25 26 27
554 100000 388 2 25 28
440 100000 100000 1 27
591 1182 100000 1 26
396 792 100000 1 25
782 100000 100000 3 25 27 30
543 100000 100000 4 24 33 34 36
592 100000 414 1 36
381 100000 100000 3 7 31 32
497 100000 100000 1 31
562 100000 393 1 36
404 100000 283 2 40 41
417 834 292 2 29 39
710 100000 100000 1 40
661 1322 100000 2 29 39
597 1194 100000 2 33 40
559 100000 391 1 38
457 100000 100000 1 46
614 100000 100000 1 47
539 100000 100000 1 47
468 100000 328 2 23 43
379 100000 265 1 44
602 1204 421 1 48
563 1126 100000 1 50
417 100000 100000 3 5 29 52
498 100000 349 1 51
753 100000 527 2 24 48
343 100000 240 3 28 29 49
789 1578 552 3 26 29 54
815 100000 570 3 23 39 58
480 960 100000 1 54
415 100000 290 2 26 58
477 100000 334 2 45 58
685 1370 100000 3 53 60 62
374 100000 100000 2 59 61
377 754 100000 2 31 59
533 100000 373 3 34 51 61
546 1092 100000 3 31 35 61
630 1260 100000 2 40 59
610 1220 100000 4 56 57 62 63
529 100000 100000 2 37 64
617 1234 432 2 52 67
413 100000 100000 3 34 35 70
301 100000 100000 1 64
659 100000 100000 4 34 45 61 66
533 100000 100000 4 12 15 63 69
586 1172 410 1 71
584 1168 100000 1 71
493 986 345 2 71 73
281 562 197 3 48 62 72
691 1382 100000 3 65 68 71
465 930 326 1 79
599 100000 419 1 77
583 100000 408 1 80
373 100000 100000 1 77
412 100000 288 1 78
560 100000 392 3 52 59 83
706 100000 100000 3 65 82 85
635 100000 100000 3 43 61 85
380 760 100000 2 65 84
400 100000 100000 3 54 74 85
511 100000 100000 3 66 81 84
479 100000 100000 2 76 89
402 804 100000 1 87
490 980 100000 3 78 88 92
490 980 100000 2 52 88
602 100000 100000 5 15 68 70 78 90
312 624 218 3 78 88 92
191 100000 134 3 79 90 91
