# Converted from 100_453.csv
100
498 100000 100000 0
105 210 100000 0
596 100000 100000 0
289 100000 202 3 0 1 2
84 100000 100000 3 0 1 2
102 204 100000 3 0 1 2
34 100000 100000 2 3 5
114 228 100000 2 3 5
298 100000 100000 3 3 4 5
437 874 306 3 3 4 5
173 100000 100000 4 6 7 8 9
39 100000 100000 4 6 7 8 9
152 304 100000 4 6 7 8 9
515 1030 360 3 10 11 12
288 100000 100000 3 10 11 12
210 420 147 2 10 11
103 206 100000 1 14
41 100000 29 2 13 14
527 100000 100000 2 13 14
234 100000 100000 3 15 16 17
344 100000 241 2 16 17
51 100000 100000 1 16
470 940 100000 1 16
52 104 100000 2 21 22
264 100000 100000 4 19 20 21 22
205 410 100000 3 20 21 22
60 120 100000 3 20 21 22
87 174 61 4 23 24 25 26
252 504 100000 4 23 24 25 26
173 100000 100000 2 27 28
414 100000 290 2 27 28
241 100000 100000 2 27 28
504 100000 100000 2 29 30
511 100000 100000 2 29 30
391 100000 100000 3 29 30 31
460 100000 100000 2 29 30
63 126 100000 3 33 34 35
65 130 46 3 33 34 35
361 100000 100000 1 34
143 286 100000 4 32 33 34 35
104 100000 73 3 36 38 39
114 228 100000 3 36 38 39
182 364 100000 3 36 38 39
561 100000 100000 4 36 37 38 39
495 100000 100000 4 18 40 41 43
111 100000 78 3 37 40 41
217 100000 100000 3 37 40 41
37 74 26 1 45
200 400 140 1 45
41 100000 29 1 46
213 426 100000 1 46
128 100000 90 1 46
341 100000 239 2 42 49
463 926 100000 2 50 51
52 104 36 2 45 51
42 100000 100000 2 47 49
168 336 118 2 45 51
227 100000 159 4 52 53 54 55
245 100000 172 2 52 54
180 360 126 3 44 52 54
47 100000 33 2 57 59
196 100000 100000 2 18 58
352 704 246 1 59
111 100000 100000 3 18 50 58
112 100000 78 1 60
104 208 100000 2 60 61
50 100 100000 1 60
36 100000 100000 2 62 65
292 100000 204 3 62 64 65
63 126 44 3 48 62 64
116 100000 100000 2 67 69
188 376 100000 2 67 69
220 440 154 3 56 63 69
168 336 118 3 67 68 69
64 100000 45 2 66 70
123 246 86 3 68 70 71
245 100000 100000 2 74 75
241 100000 100000 1 74
506 100000 354 3 63 73 74
500 1000 350 2 74 75
172 100000 100000 2 63 74
247 494 173 3 78 79 80
29 100000 100000 1 76
470 100000 100000 1 77
565 100000 100000 2 56 81
79 100000 100000 2 75 83
121 100000 85 2 81 82
441 100000 309 2 81 83
428 100000 100000 2 81 85
29 100000 100000 3 84 85 86
246 492 172 2 87 89
38 100000 100000 2 87 89
320 640 100000 3 87 88 89
214 428 100000 2 86 88
326 100000 228 1 89
388 776 272 1 89
206 100000 100000 2 72 94
158 100000 111 1 93
146 100000 100000 1 91
223 100000 156 2 92 96
