# Converted from 100_399.csv
100
260 520 100000 0
190 380 100000 0
87 100000 100000 0
79 100000 100000 0
168 336 100000 1 3
53 100000 100000 1 3
242 100000 100000 2 1 2
543 100000 100000 1 1
390 100000 273 1 2
162 324 113 1 8
24 100000 17 1 6
616 1232 431 2 3 6
239 478 100000 3 0 9 11
62 124 43 1 10
229 100000 160 1 11
71 100000 100000 1 10
113 226 79 1 9
318 100000 223 1 10
333 100000 100000 1 17
264 100000 100000 1 17
120 100000 100000 1 17
177 100000 124 2 12 17
127 100000 100000 1 12
79 100000 55 1 13
372 100000 100000 1 13
233 100000 163 1 12
229 100000 160 1 16
499 100000 349 3 22 24 26
120 240 84 2 21 22
30 100000 100000 2 18 25
190 100000 133 2 9 23
105 100000 74 1 26
405 100000 100000 2 28 29
258 516 100000 2 23 29
283 100000 100000 2 22 31
217 100000 100000 2 30 31
169 100000 100000 1 27
182 100000 127 2 15 27
80 100000 100000 2 21 27
170 340 100000 5 32 33 35 36 37
578 1156 100000 2 14 38
20 100000 14 1 37
216 432 100000 1 37
48 96 34 1 34
315 100000 220 2 41 42
30 100000 100000 1 39
52 104 100000 2 34 40
421 100000 295 3 5 34 44
446 100000 312 1 45
184 100000 100000 2 43 44
60 100000 100000 1 46
200 100000 140 3 25 35 44
502 1004 100000 4 40 48 49 51
60 120 100000 2 34 51
458 100000 321 3 30 46 47
146 292 102 1 51
282 564 197 1 48
319 100000 100000 3 30 33 50
81 162 57 2 47 48
205 410 100000 2 44 57
71 100000 100000 3 7 14 58
82 164 100000 2 38 56
206 100000 144 2 5 55
346 100000 100000 2 47 56
111 100000 100000 2 35 57
223 446 156 3 53 59 63
72 144 100000 2 39 59
453 906 100000 2 19 60
260 520 100000 3 20 47 61
25 50 100000 2 59 60
448 896 100000 2 63 64
419 838 100000 3 49 61 63
511 100000 358 2 4 63
133 266 100000 1 60
381 762 100000 2 65 71
190 380 133 2 53 72
139 100000 97 3 61 70 72
374 748 100000 4 58 61 65 72
357 714 250 2 58 66
275 100000 100000 2 51 70
132 100000 100000 2 71 72
22 100000 15 3 52 65 75
36 100000 100000 3 14 49 75
124 100000 100000 4 74 75 76 77
65 130 100000 2 70 77
141 100000 99 1 78
263 100000 100000 1 78
308 616 100000 2 75 77
494 988 100000 2 67 86
82 164 100000 1 83
458 916 321 3 40 60 82
151 100000 106 2 62 83
149 100000 104 1 83
278 100000 195 1 81
213 100000 149 1 84
148 296 100000 3 60 76 81
202 100000 100000 3 61 69 90
320 100000 100000 3 66 82 94
226 100000 100000 1 91
258 100000 100000 1 92
