# Converted from 100_167.csv
100
173 346 100000 0
253 100000 100000 0
134 100000 94 0
463 100000 100000 0
110 220 77 0
102 204 100000 0
230 100000 100000 0
223 446 156 1 0
522 100000 365 1 1
518 1036 100000 1 2
214 100000 150 1 3
30 100000 21 1 5
298 100000 100000 1 6
49 100000 34 1 10
78 100000 55 1 7
415 100000 100000 1 8
135 100000 100000 1 9
330 660 231 1 10
67 134 47 2 10 12
581 100000 100000 1 11
194 100000 136 1 11
88 176 100000 1 13
239 100000 100000 1 14
134 100000 100000 1 15
487 974 341 1 17
59 100000 41 1 16
527 100000 100000 1 16
234 100000 100000 2 18 20
84 100000 100000 1 19
55 110 100000 1 23
131 262 92 1 21
67 100000 47 1 24
317 100000 222 1 25
99 100000 69 2 5 22
101 100000 100000 1 26
281 562 100000 1 26
235 470 100000 1 30
105 100000 100000 1 32
236 472 100000 1 29
20 100000 14 2 11 31
243 100000 170 2 11 35
147 100000 103 1 33
35 100000 100000 1 34
124 100000 87 1 34
82 100000 57 1 34
188 100000 132 2 28 35
579 1158 100000 1 34
75 100000 52 2 5 35
231 100000 100000 1 36
564 100000 100000 1 40
345 100000 100000 1 41
255 510 178 1 42
195 100000 100000 1 38
187 374 131 1 37
153 100000 100000 4 6 40 43 46
195 390 136 4 6 19 46 47
166 100000 100000 2 40 46
102 100000 100000 3 39 45 47
258 100000 100000 1 53
412 824 100000 1 49
81 100000 100000 1 52
298 100000 100000 1 50
560 1120 100000 1 51
33 66 23 1 53
45 90 31 2 17 48
59 100000 41 1 57
58 116 100000 1 56
139 278 100000 2 12 56
537 1074 376 2 42 57
486 100000 340 1 58
217 434 100000 1 60
119 238 100000 1 61
448 100000 314 1 59
236 472 100000 1 64
104 100000 73 1 63
123 246 100000 2 53 62
225 450 100000 2 16 64
22 100000 100000 1 72
336 672 100000 1 73
71 142 50 2 69 74
137 274 100000 3 33 65 76
81 100000 57 4 20 28 56 70
43 86 100000 4 3 4 44 71
117 234 100000 3 20 67 76
96 192 100000 1 76
60 100000 100000 2 12 76
70 100000 49 2 11 76
174 100000 100000 1 80
478 100000 100000 1 78
381 100000 267 4 45 54 77 84
378 100000 265 2 56 86
299 100000 100000 3 67 76 81
32 100000 22 2 41 84
492 984 100000 2 41 84
127 100000 100000 1 87
140 100000 100000 1 88
117 100000 100000 4 55 57 89 91
30 60 100000 3 20 57 93
152 304 100000 1 89
307 614 100000 1 92
