# Converted from 100_81.csv
100
140 280 100000 0
208 100000 100000 0
55 100000 100000 0
69 100000 100000 0
107 214 100000 0
165 100000 100000 0
39 100000 27 0
80 160 100000 1 6
74 100000 100000 1 5
186 372 100000 1 5
128 100000 100000 1 6
109 218 100000 1 6
278 100000 100000 1 11
503 1006 352 1 10
336 672 235 1 11
65 100000 46 1 14
384 768 269 1 14
238 100000 100000 1 14
90 100000 63 2 5 14
184 100000 100000 1 14
135 100000 100000 1 18
80 160 100000 1 19
221 100000 100000 1 19
289 578 100000 1 18
500 100000 100000 2 10 19
138 276 97 1 18
63 126 100000 1 18
438 100000 307 1 19
70 100000 49 10 0 1 7 8 9 15 16 20 21 27
314 628 100000 1 27
112 100000 78 2 26 27
82 164 57 2 26 27
262 100000 100000 2 10 27
142 100000 99 1 26
538 1076 100000 1 28
173 100000 121 1 28
193 100000 100000 1 28
26 100000 100000 1 28
119 100000 100000 3 28 31 32
228 100000 100000 1 33
97 100000 100000 3 34 35 39
242 100000 100000 3 31 34 35
365 100000 255 3 30 37 38
496 992 100000 2 33 34
102 204 71 2 33 36
310 620 217 3 34 36 39
110 100000 77 2 34 39
507 100000 100000 2 45 46
501 1002 100000 2 45 46
114 228 80 9 3 4 12 13 17 24 41 42 43
324 100000 227 2 36 46
251 100000 100000 1 45
508 100000 100000 1 49
67 100000 100000 1 49
40 100000 100000 1 49
289 578 100000 1 49
40 100000 100000 1 49
153 100000 100000 1 49
104 208 100000 1 49
131 262 92 1 49
123 100000 100000 3 35 38 51
566 100000 396 2 51 57
96 100000 67 2 46 52
68 100000 100000 1 57
200 400 100000 1 54
306 612 214 5 25 44 50 59 62
23 46 16 3 51 55 64
225 450 100000 1 63
171 100000 100000 2 66 67
180 360 126 2 60 66
82 164 100000 5 52 58 60 64 67
105 100000 74 1 66
27 54 100000 1 65
88 176 62 1 65
56 100000 100000 1 65
220 100000 154 1 65
87 174 61 1 65
295 100000 206 1 65
56 112 100000 2 46 66
218 436 100000 7 2 22 23 29 47 68 69
225 100000 100000 6 40 48 61 70 71 72
202 100000 141 2 72 78
214 100000 100000 1 79
74 100000 52 1 79
24 48 17 1 79
156 100000 109 1 79
126 100000 100000 1 80
325 650 100000 1 80
163 100000 100000 1 80
215 430 100000 1 80
43 100000 30 1 80
194 100000 136 3 56 63 81
576 100000 403 2 73 80
589 100000 412 1 85
259 518 181 2 74 82
334 100000 100000 1 88
218 100000 100000 1 95
198 396 139 1 94
96 192 100000 3 58 81 94
29 100000 100000 2 79 95
