# Converted from 100_437.csv
100
547 100000 100000 0
338 100000 100000 0
498 100000 100000 0
470 100000 329 0
357 100000 250 0
479 100000 335 0
430 100000 100000 0
648 100000 454 0
593 1186 100000 2 5 7
469 100000 100000 1 6
530 1060 371 1 7
602 1204 100000 1 2
399 798 279 1 4
563 100000 100000 3 8 9 10
402 100000 281 3 8 10 11
384 100000 100000 3 2 8 9
330 100000 100000 3 6 8 10
527 1054 100000 3 0 8 9
454 100000 100000 1 8
571 100000 400 1 9
405 810 284 2 14 17
616 100000 100000 2 4 15
540 100000 100000 2 16 17
740 1480 100000 1 18
603 1206 100000 2 6 18
421 100000 295 4 14 22 23 24
557 100000 100000 2 22 23
415 100000 100000 1 23
539 100000 377 2 13 23
560 100000 100000 2 15 25
659 100000 100000 2 25 27
393 100000 100000 3 9 14 27
543 100000 100000 2 25 27
648 1296 454 3 0 9 27
648 1296 100000 2 31 32
429 100000 300 4 29 31 32 33
397 100000 100000 3 29 30 31
402 100000 281 4 10 17 21 33
575 1150 100000 1 32
369 100000 100000 1 30
527 1054 100000 2 20 33
593 100000 415 2 34 39
368 100000 100000 1 34
598 100000 419 1 34
528 100000 100000 1 38
427 854 100000 2 26 40
466 100000 326 3 15 39 40
451 100000 316 2 44 45
358 716 100000 4 41 43 45 46
638 1276 447 2 24 45
450 100000 100000 2 29 45
377 100000 100000 2 40 42
382 764 100000 3 43 49 51
603 1206 100000 3 1 31 47
473 100000 100000 2 19 50
724 100000 507 2 29 48
428 856 300 2 41 50
487 100000 100000 4 13 36 52 53
510 1020 100000 1 54
594 1188 416 3 4 36 55
587 1174 411 1 56
490 100000 100000 4 37 42 44 56
336 100000 100000 3 46 52 54
183 100000 128 3 48 52 56
586 100000 100000 3 31 49 54
331 100000 232 3 57 58 59
280 560 196 2 48 61
592 1184 414 2 59 63
564 100000 395 2 37 57
597 1194 418 2 12 61
428 100000 100000 1 62
698 100000 100000 2 1 61
440 880 100000 3 1 35 63
329 658 100000 2 68 70
777 100000 100000 3 3 55 68
293 586 205 2 49 71
364 728 100000 2 50 68
626 100000 438 1 69
672 100000 100000 2 49 69
382 764 100000 1 73
372 100000 260 2 46 75
402 100000 100000 2 62 76
578 1156 405 1 74
653 100000 457 1 74
488 100000 100000 6 19 28 36 52 60 77
432 100000 100000 3 62 63 76
439 878 100000 6 63 65 70 75 81 83
321 100000 100000 2 12 79
639 1278 100000 1 85
438 876 100000 3 71 79 82
512 1024 100000 5 58 59 72 75 87
345 100000 241 2 74 88
620 1240 100000 2 83 88
766 1532 536 3 3 87 88
664 100000 100000 2 59 89
512 1024 100000 3 80 86 87
394 788 276 3 58 72 91
584 1168 409 2 90 92
357 100000 250 2 70 92
525 1050 368 1 93
