# Converted from 100_85.csv
100
271 100000 190 0
86 100000 100000 0
155 310 100000 0
572 1144 400 0
424 848 297 0
452 100000 100000 0
191 100000 100000 0
492 984 344 1 6
113 100000 79 1 6
27 100000 19 1 6
144 100000 100000 1 6
174 100000 100000 1 6
223 100000 100000 1 6
132 264 92 2 11 12
586 100000 410 1 12
302 100000 100000 1 12
165 100000 100000 1 12
333 666 100000 1 11
113 226 79 1 17
186 372 100000 1 17
458 100000 321 1 17
65 100000 100000 1 17
401 802 281 2 12 17
367 734 257 1 17
367 734 257 1 23
82 100000 100000 1 22
520 100000 364 1 22
101 202 100000 1 23
237 100000 100000 1 22
348 696 244 1 23
426 100000 298 1 23
527 1054 100000 1 23
189 100000 132 11 0 1 7 13 18 19 20 24 25 26 27
532 1064 100000 2 12 31
240 100000 100000 1 31
55 100000 100000 1 31
47 100000 100000 1 31
366 100000 100000 1 31
200 400 100000 1 32
183 366 128 1 32
139 100000 100000 1 32
124 100000 100000 1 32
194 100000 100000 1 32
45 90 31 1 32
292 100000 100000 7 2 3 8 9 28 38 42
218 100000 100000 2 37 43
205 100000 100000 2 31 41
248 496 100000 1 41
427 854 299 2 44 46
146 292 100000 1 44
230 100000 100000 1 44
170 340 100000 1 44
162 324 100000 1 44
532 100000 100000 1 44
208 416 146 1 44
30 100000 21 2 43 47
136 272 100000 2 43 46
42 100000 100000 1 44
572 100000 400 3 53 54 57
234 100000 164 14 4 5 14 15 16 30 33 34 35 36 40 49 55 57
429 100000 300 2 43 52
509 100000 100000 3 41 43 53
490 980 100000 1 59
151 100000 100000 1 59
124 100000 100000 1 59
161 100000 100000 1 59
220 440 100000 1 59
243 100000 100000 1 59
259 100000 100000 1 59
81 100000 100000 1 59
253 100000 177 1 59
423 100000 296 1 59
77 154 100000 3 36 47 60
163 326 114 8 50 56 62 63 65 68 70 71
373 746 261 5 37 46 50 62 65
72 100000 50 4 50 62 67 68
254 508 178 3 56 62 66
47 100000 100000 3 66 70 72
193 386 135 7 37 50 53 63 67 70 71
438 876 100000 6 21 48 58 72 73 74
265 100000 100000 4 37 52 61 75
117 100000 100000 1 79
264 528 185 1 79
94 100000 100000 1 79
172 100000 100000 1 79
542 100000 100000 2 51 79
155 310 108 3 67 76 79
173 100000 121 1 81
91 182 64 2 83 84
30 100000 100000 2 77 83
55 110 100000 3 75 84 85
164 100000 115 5 10 29 39 45 87
478 956 335 3 85 86 88
385 100000 100000 3 80 85 89
159 100000 100000 2 89 90
104 100000 100000 1 91
100 200 100000 1 91
30 100000 100000 1 91
207 100000 145 1 91
198 396 139 4 61 81 92 94
