# Converted from 100_172.csv
100
354 100000 100000 0
104 208 100000 0
530 100000 100000 0
242 100000 169 0
118 100000 100000 0
69 138 100000 1 1
60 120 100000 1 1
252 504 100000 1 1
512 100000 358 1 0
223 100000 100000 1 1
574 100000 100000 1 1
542 100000 100000 1 3
60 100000 100000 1 1
397 794 278 1 2
472 100000 100000 1 1
303 100000 212 1 2
116 100000 100000 1 5
268 536 100000 1 6
51 100000 100000 1 11
268 536 100000 1 7
110 220 77 1 12
116 232 81 1 8
327 100000 100000 1 9
92 100000 64 1 10
464 928 100000 1 13
166 100000 116 1 14
568 100000 100000 1 13
488 976 342 1 16
130 100000 91 1 18
198 100000 100000 1 19
180 360 126 1 20
302 100000 211 1 21
30 100000 100000 5 12 15 17 22 23
211 100000 100000 1 26
339 100000 100000 1 26
137 100000 96 1 25
370 100000 259 1 30
539 100000 377 1 31
189 100000 100000 1 27
131 100000 92 2 28 29
441 882 100000 1 35
119 238 100000 1 36
398 100000 279 1 39
250 500 100000 1 37
329 100000 100000 1 38
60 100000 42 1 40
214 100000 100000 2 24 39
23 46 16 2 13 40
139 100000 97 1 41
243 100000 100000 1 42
145 290 100000 1 46
176 100000 123 1 47
147 100000 103 2 2 43
184 100000 129 1 44
233 466 100000 1 45
51 100000 100000 1 48
88 176 100000 1 50
330 660 231 1 51
75 100000 100000 2 46 49
141 282 99 1 52
297 100000 100000 1 51
140 280 98 1 51
551 100000 100000 1 52
264 100000 100000 1 55
221 442 100000 1 56
552 1104 100000 1 58
552 100000 100000 1 57
97 194 68 1 59
23 100000 100000 2 58 59
34 68 24 1 62
491 982 344 3 58 61 62
74 100000 100000 1 61
461 922 100000 3 39 53 61
190 380 133 1 63
277 100000 100000 1 64
45 100000 100000 1 65
108 100000 76 1 67
302 604 100000 1 68
219 438 100000 3 3 52 66
89 178 100000 3 26 50 71
151 302 100000 1 68
202 404 100000 1 71
156 100000 109 1 73
100 200 70 1 74
342 100000 239 1 75
53 100000 100000 1 76
94 100000 66 1 77
200 100000 100000 2 59 81
286 100000 100000 2 24 78
285 100000 100000 2 4 79
281 100000 100000 1 80
583 1166 100000 1 83
61 122 43 1 82
317 634 222 1 84
106 212 74 2 85 90
75 100000 100000 2 86 89
204 100000 100000 1 89
233 100000 163 2 69 87
93 100000 65 1 87
121 242 100000 2 34 90
