# Converted from 100_352.csv
100
391 782 100000 0
422 844 100000 0
356 100000 249 0
521 1042 100000 0
648 100000 100000 0
475 100000 100000 0
509 1018 100000 0
655 100000 458 0
561 1122 100000 0
609 100000 426 1 3
546 1092 382 1 1
659 100000 461 1 5
531 100000 372 1 0
469 100000 100000 1 8
534 100000 100000 1 7
249 498 100000 1 10
625 100000 438 1 14
575 100000 402 1 9
696 100000 487 1 12
683 1366 100000 1 14
632 1264 442 1 11
260 100000 182 1 14
362 724 100000 1 13
728 1456 100000 2 12 14
512 100000 100000 1 13
670 100000 469 1 13
671 100000 100000 1 11
650 100000 100000 1 26
572 100000 100000 1 17
469 938 100000 1 22
564 100000 100000 1 16
462 100000 323 1 21
564 100000 395 1 23
618 100000 433 1 17
664 1328 100000 1 25
526 100000 100000 1 25
655 1310 100000 1 16
787 100000 100000 1 35
295 100000 100000 1 33
457 100000 320 1 34
191 100000 134 1 33
512 100000 100000 1 32
451 902 100000 1 30
561 1122 393 1 31
753 1506 100000 1 29
462 100000 323 2 9 42
662 100000 100000 1 40
353 706 247 1 43
356 100000 100000 1 39
803 100000 100000 1 37
367 734 100000 2 0 37
310 100000 100000 2 8 40
385 100000 100000 1 37
494 100000 100000 1 41
382 100000 267 1 53
580 1160 100000 1 46
379 100000 100000 3 19 48 51
503 1006 352 1 51
814 100000 100000 2 10 48
434 868 100000 3 10 22 47
546 100000 100000 2 44 58
366 100000 256 1 56
366 732 100000 2 34 55
473 100000 100000 2 54 58
395 790 100000 1 57
328 656 230 2 16 54
569 100000 100000 2 42 65
502 1004 351 1 60
512 100000 100000 1 62
683 1366 100000 1 61
508 100000 356 1 60
424 100000 297 1 63
589 100000 100000 2 19 64
586 1172 410 1 68
550 1100 100000 1 66
476 100000 333 2 40 66
639 1278 100000 3 19 49 71
517 1034 100000 2 66 70
577 1154 404 1 68
511 100000 358 2 26 69
634 100000 444 1 71
571 1142 100000 1 71
511 1022 100000 1 78
644 100000 100000 1 76
555 100000 100000 2 22 74
524 100000 367 2 30 73
367 734 100000 1 74
302 100000 100000 2 42 79
481 100000 337 1 80
536 100000 375 1 76
567 100000 397 1 89
450 900 100000 1 86
282 564 100000 2 47 83
559 1118 391 2 56 84
515 100000 360 3 47 78 83
506 100000 354 1 84
528 1056 100000 1 88
426 100000 298 1 87
579 1158 100000 1 85
525 100000 100000 1 89
