# Converted from 100_117.csv
100
192 100000 100000 0
84 168 59 0
126 100000 100000 0
90 100000 100000 1 1
185 100000 100000 1 2
280 560 196 2 1 2
67 100000 100000 1 1
277 100000 100000 1 1
96 192 67 3 2 6 7
79 100000 100000 3 2 6 7
213 426 100000 3 2 6 7
110 100000 77 3 2 6 7
120 240 84 3 2 6 7
119 100000 100000 3 2 6 7
144 100000 100000 3 11 12 13
35 70 24 2 12 13
24 48 17 2 12 13
198 396 139 2 15 16
278 100000 195 2 15 16
262 100000 100000 3 11 15 16
108 100000 76 3 11 15 16
33 100000 100000 2 15 16
136 100000 100000 1 21
112 100000 100000 1 21
182 364 127 1 21
143 100000 100000 1 21
235 100000 164 2 11 21
65 100000 100000 2 11 21
178 100000 100000 2 11 21
223 100000 100000 2 11 21
187 100000 100000 7 8 9 19 22 27 28 29
324 100000 100000 3 27 28 29
182 100000 100000 2 27 28
168 100000 100000 2 28 29
120 100000 84 3 27 28 29
149 100000 100000 1 30
368 736 100000 1 30
143 286 100 1 30
98 100000 100000 1 30
147 100000 103 1 30
167 334 100000 1 30
164 100000 115 1 30
154 100000 100000 1 30
199 100000 100000 1 30
168 336 100000 2 30 34
189 100000 100000 8 34 35 36 38 39 41 42 43
194 100000 136 8 34 35 36 38 39 40 41 42
68 100000 48 5 36 37 38 39 42
214 428 150 2 38 41
66 132 100000 4 38 39 42 43
189 378 132 1 35
220 440 154 4 36 41 42 44
375 100000 262 7 35 37 38 39 41 42 44
88 100000 100000 4 49 50 51 52
267 100000 100000 2 51 52
47 100000 33 7 37 38 39 41 42 44 50
107 100000 100000 3 49 51 52
202 404 100000 2 49 52
180 360 100000 2 56 57
70 100000 100000 9 3 23 24 31 40 45 54 56 57
104 208 100000 2 56 57
135 100000 94 2 56 57
94 100000 66 4 17 18 53 58
115 230 80 1 59
319 100000 100000 1 59
73 100000 51 1 59
182 364 127 1 59
120 240 100000 1 59
102 204 100000 1 59
344 688 241 1 59
33 100000 23 1 59
238 100000 100000 1 62
104 100000 100000 1 62
212 424 100000 1 62
146 100000 100000 1 62
274 100000 100000 1 62
75 150 52 1 62
31 62 22 2 65 67
111 100000 100000 14 0 10 14 20 25 26 33 47 48 55 60 63 66 71
187 100000 100000 3 61 73 77
99 198 69 3 68 70 72
136 272 100000 1 79
180 100000 126 1 78
284 100000 100000 1 78
143 100000 100000 1 78
103 100000 100000 1 78
138 276 97 1 78
115 100000 100000 1 78
102 100000 100000 1 78
261 522 100000 1 78
106 212 74 1 78
92 184 64 2 75 80
126 252 88 1 79
76 100000 100000 8 4 5 32 46 64 80 81 90
28 56 100000 4 76 82 90 92
63 100000 100000 1 93
53 106 100000 1 93
53 106 37 1 93
72 144 100000 1 93
125 250 88 1 93
