# Converted from 100_78.csv
100
144 100000 101 0
283 566 100000 0
441 882 100000 0
269 100000 188 0
140 280 98 0
238 100000 100000 0
261 522 100000 0
133 100000 100000 0
126 252 100000 1 4
105 100000 100000 2 5 6
117 234 100000 2 6 7
54 108 100000 1 4
138 100000 100000 1 6
192 100000 134 1 12
420 840 294 2 4 12
194 388 136 1 12
513 1026 100000 4 3 9 10 11
285 100000 100000 1 12
105 100000 74 1 12
315 100000 220 1 12
187 374 100000 1 16
88 100000 100000 1 16
123 246 100000 1 16
264 100000 100000 1 16
122 100000 85 1 16
159 100000 111 1 16
515 1030 360 1 16
165 100000 100000 2 16 19
212 100000 148 1 18
236 100000 165 1 16
123 100000 100000 3 19 22 23
108 100000 100000 3 12 22 23
168 336 100000 1 24
463 100000 100000 2 19 29
224 100000 157 1 29
87 100000 61 1 25
29 100000 100000 1 33
41 100000 100000 2 22 35
164 328 100000 5 2 8 15 30 31
202 100000 141 1 33
232 100000 100000 1 34
173 346 121 1 33
96 192 67 2 24 35
173 100000 100000 1 35
64 100000 100000 2 25 41
264 528 100000 1 38
457 914 100000 1 38
134 100000 100000 1 38
84 100000 100000 1 38
46 100000 32 2 41 42
224 448 157 3 26 38 40
77 100000 100000 3 40 47 49
170 100000 100000 3 41 46 48
96 192 67 3 28 29 47
539 1078 377 2 35 46
121 242 85 2 46 50
314 100000 100000 3 18 25 55
198 396 100000 8 21 27 32 43 49 52 53 55
152 100000 106 2 48 54
290 100000 100000 5 18 35 47 48 55
337 100000 236 4 26 29 43 58
278 100000 100000 1 57
223 446 100000 1 57
135 100000 100000 1 57
360 100000 100000 1 57
494 988 100000 1 57
134 100000 100000 1 57
31 62 22 4 33 34 43 58
79 158 55 9 0 1 13 14 36 44 45 51 60
77 154 100000 3 54 62 64
182 100000 100000 1 64
146 100000 102 1 68
300 100000 100000 1 68
226 452 158 1 68
51 100000 100000 1 68
286 100000 100000 1 68
120 100000 100000 1 68
318 100000 100000 1 68
448 896 314 2 57 68
118 236 83 3 65 68 69
210 420 100000 4 72 73 76 79
522 100000 365 3 71 72 73
60 100000 100000 3 18 73 74
188 376 132 2 55 82
243 100000 100000 3 66 80 81
53 100000 37 1 84
513 100000 359 3 61 63 84
260 100000 182 1 84
310 100000 100000 1 84
155 310 100000 6 37 56 70 78 83 85
348 696 244 1 88
134 268 100000 2 59 88
204 100000 143 1 87
127 100000 100000 1 86
184 368 129 1 89
75 100000 52 1 89
20 100000 100000 1 89
388 100000 100000 1 89
95 190 100000 1 89
274 548 100000 1 89
