# Converted from 100_482.csv
100
128 100000 100000 0
74 100000 100000 0
188 376 132 0
195 100000 100000 0
154 308 100000 3 0 1 3
172 344 120 2 1 3
65 100000 46 3 0 1 3
187 374 100000 2 0 3
128 100000 90 4 4 5 6 7
40 100000 100000 4 4 5 6 7
283 100000 198 4 4 5 6 7
218 100000 100000 4 4 5 6 7
125 100000 100000 4 8 9 10 11
191 382 100000 4 8 9 10 11
137 100000 96 4 8 9 10 11
55 110 100000 3 12 13 14
209 100000 100000 3 12 13 14
67 134 47 3 12 13 14
93 100000 100000 3 15 16 17
341 682 239 4 2 15 16 17
314 100000 220 3 15 16 17
139 278 100000 2 15 16
211 100000 100000 3 18 20 21
227 454 100000 3 18 20 21
146 100000 100000 3 19 20 21
125 100000 100000 2 20 21
108 100000 100000 3 22 24 25
150 300 100000 2 22 25
58 116 100000 2 22 25
58 116 100000 2 22 25
266 100000 100000 4 26 27 28 29
172 344 120 3 26 28 29
200 100000 100000 2 30 31
208 100000 146 2 30 31
34 68 100000 2 27 31
207 100000 100000 3 32 33 34
197 100000 100000 3 32 33 34
111 222 78 2 33 34
209 100000 100000 1 35
188 100000 100000 2 35 36
104 208 100000 3 35 36 37
147 294 103 2 36 37
61 122 43 3 39 40 41
40 100000 100000 2 40 41
26 100000 100000 2 40 41
151 100000 106 2 43 44
241 100000 100000 2 42 44
76 100000 53 2 39 43
183 366 100000 1 42
212 100000 100000 2 39 45
130 100000 91 2 45 46
21 42 100000 1 48
183 100000 100000 3 49 50 51
227 100000 159 3 38 49 51
239 100000 167 2 38 50
124 248 87 4 38 47 49 50
88 100000 100000 3 38 50 51
77 100000 54 4 52 54 55 56
135 270 94 3 52 54 55
164 328 100000 2 54 55
168 100000 118 4 53 57 58 59
86 100000 60 3 56 58 59
251 100000 100000 3 53 57 61
97 194 100000 2 60 61
201 402 100000 2 57 61
124 100000 100000 1 63
170 100000 100000 3 23 63 64
24 48 100000 2 23 63
84 168 100000 2 23 63
26 52 100000 3 65 66 67
191 382 100000 1 66
83 100000 58 2 65 67
152 100000 106 1 68
123 100000 86 1 66
108 100000 100000 1 71
65 130 46 1 73
84 168 100000 2 70 73
159 100000 100000 2 68 70
211 100000 148 3 62 70 74
89 100000 100000 2 62 77
31 62 100000 2 78 79
215 100000 100000 2 77 78
32 100000 100000 2 75 81
93 100000 100000 1 80
121 100000 85 1 81
107 100000 75 1 81
111 222 78 1 81
183 100000 128 1 86
81 100000 57 3 69 84 85
42 100000 100000 2 75 85
108 100000 76 1 84
132 100000 92 1 87
102 100000 100000 3 83 88 89
305 610 214 3 87 88 89
69 138 100000 3 80 86 89
37 74 100000 1 93
169 100000 118 1 92
142 284 99 2 79 95
140 280 98 1 96
109 218 100000 1 96
