# Converted from 100_184.csv
100
192 384 100000 0
76 152 53 0
34 100000 100000 0
177 100000 100000 0
238 476 167 0
155 310 100000 0
185 370 100000 0
262 524 183 0
64 128 45 1 0
143 286 100000 1 1
154 308 108 1 2
252 100000 100000 1 4
63 100000 100000 1 6
51 102 100000 1 6
88 100000 100000 1 10
73 100000 51 1 10
71 100000 100000 1 8
304 608 213 2 5 9
99 198 69 1 10
157 100000 100000 1 12
229 100000 160 2 10 12
229 458 100000 1 12
140 100000 98 1 15
183 366 100000 1 14
81 162 100000 1 17
83 100000 100000 1 20
143 100000 100000 1 22
42 100000 100000 1 23
116 100000 81 1 24
98 196 100000 2 15 24
188 100000 100000 1 24
57 100000 100000 1 28
238 476 167 1 27
36 100000 25 1 26
34 68 24 1 30
312 100000 218 2 15 30
193 100000 135 1 30
197 100000 138 2 16 30
307 100000 100000 3 11 25 30
168 100000 100000 2 3 29
85 170 100000 2 10 28
293 100000 100000 1 31
59 100000 100000 1 34
130 260 100000 1 35
41 82 100000 1 32
93 100000 65 2 33 35
282 100000 100000 3 11 37 40
108 100000 76 2 10 36
61 100000 43 1 34
80 160 100000 1 41
155 100000 108 1 45
154 100000 100000 1 42
253 100000 100000 1 43
80 160 100000 1 45
56 112 100000 1 44
21 100000 100000 1 46
153 306 100000 1 45
79 100000 55 2 45 48
196 100000 100000 1 48
133 100000 93 2 38 48
307 100000 215 1 57
25 50 100000 1 49
180 360 126 1 50
109 100000 100000 1 51
119 100000 83 1 52
114 100000 100000 1 53
26 52 100000 1 55
207 100000 100000 1 56
121 100000 100000 1 54
33 100000 100000 1 58
82 100000 57 2 20 58
91 100000 100000 1 60
114 228 80 1 61
193 100000 100000 1 62
247 494 100000 1 65
255 100000 100000 1 69
246 492 100000 2 57 70
99 198 69 1 63
135 270 94 2 29 64
188 100000 132 2 19 66
124 248 100000 1 70
41 100000 100000 1 67
66 100000 100000 1 71
219 100000 100000 1 75
69 138 48 1 76
114 100000 80 1 75
273 100000 100000 1 73
68 100000 48 1 74
65 100000 100000 1 80
37 74 26 1 72
189 100000 100000 1 79
88 100000 100000 1 83
57 100000 100000 1 84
189 378 100000 1 85
76 152 53 1 86
117 234 82 1 88
34 100000 24 1 82
32 100000 22 1 87
237 474 166 1 90
146 100000 100000 2 45 89
