# Converted from 100_485.csv
100
178 100000 125 0
152 100000 106 0
178 100000 125 0
148 296 100000 0
196 100000 100000 0
342 100000 100000 4 1 2 3 4
113 100000 100000 4 1 2 3 4
109 100000 76 4 1 2 3 4
136 272 95 4 1 2 3 4
158 100000 100000 4 5 6 7 8
27 100000 19 4 5 6 7 8
147 100000 103 2 9 10
100 100000 70 1 11
82 100000 100000 1 11
111 222 100000 2 12 13
78 156 100000 2 12 13
51 102 36 2 12 13
153 100000 100000 2 12 13
229 458 100000 5 0 14 15 16 17
210 100000 100000 5 0 14 15 16 17
160 320 112 5 0 14 15 16 17
112 100000 100000 5 0 14 15 16 17
155 100000 100000 4 18 19 20 21
143 100000 100000 3 18 20 21
156 312 109 3 18 20 21
155 100000 100000 3 18 20 21
246 100000 100000 4 19 23 24 25
88 100000 100000 2 23 24
164 328 100000 2 22 24
140 280 98 3 26 27 28
260 520 182 2 27 28
89 100000 100000 3 26 27 28
211 100000 100000 2 27 28
88 100000 62 4 29 30 31 32
178 356 100000 3 29 31 32
67 134 100000 3 29 31 32
200 400 140 3 30 31 32
165 100000 115 4 33 34 35 36
147 294 100000 1 37
277 100000 100000 1 37
190 380 100000 1 37
27 100000 19 1 37
96 192 100000 4 38 39 40 41
38 100000 100000 4 38 39 40 41
294 100000 100000 4 38 39 40 41
199 398 100000 4 38 39 40 41
325 650 100000 4 42 43 44 45
113 100000 100000 3 42 44 45
59 100000 41 3 42 44 45
51 102 36 3 46 47 48
163 326 100000 3 46 47 48
112 100000 78 2 46 47
214 428 100000 1 51
107 214 100000 1 50
181 100000 127 1 49
34 100000 24 1 50
123 246 100000 1 50
141 100000 100000 3 52 54 56
138 276 100000 2 49 53
300 600 100000 2 53 54
78 100000 100000 2 57 58
37 100000 26 2 53 57
154 308 108 2 59 61
263 100000 184 1 60
123 100000 86 1 62
218 436 100000 2 59 63
73 100000 100000 2 59 63
165 100000 100000 2 64 65
78 100000 55 1 64
69 138 100000 1 64
133 100000 93 2 61 65
126 100000 100000 2 62 65
51 100000 36 2 66 69
210 100000 100000 2 58 69
90 180 63 2 67 71
242 484 100000 2 55 71
79 100000 55 3 55 60 73
85 170 100000 2 55 72
57 100000 40 1 77
208 100000 100000 1 77
112 224 78 1 77
78 156 55 1 77
154 100000 108 2 76 77
260 100000 100000 1 80
189 100000 100000 2 74 82
256 512 100000 4 67 71 76 80
227 100000 100000 2 65 78
38 76 100000 4 73 75 80 81
78 100000 55 2 74 85
31 62 100000 4 67 83 86 87
171 342 120 2 82 85
102 100000 100000 2 78 85
178 100000 100000 1 87
63 126 44 3 88 89 90
246 492 100000 1 90
369 100000 100000 1 90
128 100000 90 2 75 94
153 100000 107 4 68 92 94 95
213 100000 100000 2 86 95
248 100000 100000 2 87 95
