# Converted from 100_97.csv
100
41 100000 100000 0
104 100000 73 0
58 100000 100000 0
495 100000 346 0
61 100000 100000 1 3
147 100000 103 1 3
333 100000 100000 1 3
475 950 332 1 3
176 352 100000 1 3
86 172 100000 1 3
55 110 100000 1 3
60 100000 42 1 10
158 316 100000 1 10
39 100000 100000 6 0 1 2 7 8 9
125 250 100000 1 10
507 100000 100000 1 10
458 916 100000 1 10
50 100 35 2 15 16
56 112 39 1 13
106 100000 74 1 13
115 230 100000 1 13
57 100000 40 1 13
114 100000 80 1 13
140 100000 98 1 13
73 100000 51 1 13
463 100000 324 1 13
229 100000 160 1 13
51 100000 100000 1 13
390 780 100000 1 13
218 100000 100000 2 15 16
496 992 347 7 22 23 24 25 26 28 29
165 100000 100000 7 14 18 22 24 25 28 29
75 100000 100000 6 16 18 21 22 26 28
155 100000 108 2 16 23
163 100000 100000 6 16 18 22 23 27 28
186 100000 100000 2 27 28
567 1134 397 1 19
275 100000 192 1 36
202 404 141 3 21 35 36
481 962 100000 3 21 27 36
127 254 89 4 23 25 27 36
40 80 100000 3 25 29 35
150 100000 100000 5 10 18 23 27 36
367 734 100000 4 16 20 40 42
242 484 169 3 29 40 42
168 336 100000 3 40 41 42
293 586 205 3 40 41 42
460 100000 322 2 40 41
106 100000 100000 4 22 24 46 47
322 644 225 3 14 24 46
222 444 100000 4 14 24 46 47
282 100000 100000 2 49 50
267 100000 100000 2 26 49
266 100000 100000 2 49 50
455 100000 100000 2 49 50
24 100000 100000 1 49
48 96 100000 2 26 49
126 100000 100000 2 26 50
253 506 100000 14 4 5 11 17 30 37 43 44 45 48 51 52 53 57
311 100000 218 1 55
151 100000 106 1 56
625 100000 100000 2 47 56
441 100000 309 2 50 56
154 100000 100000 2 26 55
170 340 100000 2 47 55
137 274 96 1 58
79 100000 100000 1 58
350 700 245 1 58
334 100000 100000 1 58
455 100000 100000 6 31 39 54 59 60 61
131 100000 92 4 20 21 57 63
180 360 100000 1 69
90 180 100000 1 69
26 100000 100000 1 69
349 100000 100000 1 69
522 100000 100000 5 32 33 34 56 65
166 332 116 6 21 56 63 66 67 68
247 494 100000 3 56 67 70
156 100000 100000 1 75
154 100000 108 1 75
127 254 89 1 75
251 502 100000 1 75
119 100000 100000 1 75
26 52 100000 1 75
165 330 100000 4 57 63 73 74
90 100000 63 2 70 81
246 100000 100000 2 79 84
496 100000 100000 3 77 78 86
155 310 100000 4 64 82 83 86
439 100000 307 4 64 67 83 86
464 928 325 6 6 12 38 62 85 87
263 100000 100000 1 89
169 100000 100000 4 72 76 80 89
288 100000 100000 4 72 76 81 89
54 108 38 2 78 89
86 100000 100000 1 90
134 100000 94 1 90
106 212 74 1 90
144 100000 101 1 90
46 100000 100000 3 71 88 93
