# Converted from 100_118.csv
100
183 366 128 0
27 54 100000 0
307 614 100000 0
167 100000 117 1 2
149 298 100000 1 2
217 100000 152 1 2
137 100000 100000 1 2
36 72 100000 1 5
53 106 100000 1 5
413 826 289 1 6
297 100000 208 1 5
156 312 100000 1 6
57 100000 40 1 6
182 364 127 1 5
22 100000 15 1 6
176 352 123 4 3 7 8 9
84 100000 59 1 14
55 100000 100000 1 14
197 394 138 2 5 14
139 278 97 2 5 14
94 100000 100000 1 15
107 100000 100000 1 15
20 100000 100000 1 15
56 112 100000 1 15
96 192 100000 1 15
91 182 64 2 15 19
188 100000 100000 5 19 21 22 23 24
117 100000 100000 1 21
400 100000 280 2 23 24
152 304 100000 1 25
137 100000 100000 2 18 21
185 100000 130 2 23 29
138 100000 100000 3 28 29 30
152 100000 106 1 30
75 150 52 1 30
137 100000 96 3 22 29 30
164 100000 100000 5 10 16 26 30 31
116 100000 100000 2 23 33
225 100000 158 1 34
65 130 100000 1 35
99 100000 100000 2 22 33
99 198 100000 1 33
128 256 100000 3 22 23 33
161 322 100000 1 36
134 100000 100000 1 36
62 100000 100000 1 36
126 252 100000 1 36
118 236 100000 1 36
26 100000 100000 1 36
106 212 100000 1 36
115 100000 100000 1 36
291 100000 100000 1 36
57 114 100000 5 17 32 37 38 42
81 100000 100000 5 22 28 29 34 41
171 100000 120 1 52
98 100000 100000 1 52
203 100000 100000 1 52
26 52 100000 1 52
132 100000 100000 1 52
58 100000 41 1 52
253 100000 100000 1 52
248 100000 174 1 52
223 100000 156 4 45 46 49 51
179 100000 100000 3 35 43 51
175 350 100000 4 49 51 54 59
148 296 104 10 0 1 4 13 20 44 50 53 55 62
208 416 100000 2 53 60
206 100000 100000 3 41 46 57
87 100000 61 2 41 59
192 100000 134 1 65
103 100000 72 1 65
131 100000 100000 1 65
110 100000 77 1 65
61 100000 100000 1 65
220 440 154 1 65
172 344 100000 6 43 47 48 53 67 68
39 78 100000 6 35 48 50 54 66 67
112 100000 78 3 73 74 76
202 100000 100000 3 43 48 69
158 316 100000 3 40 71 75
129 100000 100000 6 11 12 27 64 72 77
141 282 99 2 78 79
87 100000 61 3 40 75 78
106 100000 74 2 76 79
45 100000 100000 1 80
260 100000 182 1 80
26 100000 18 1 80
133 100000 100000 1 80
57 100000 40 1 80
236 100000 100000 1 80
217 100000 100000 1 80
136 100000 95 1 80
164 328 115 2 78 83
56 100000 100000 3 69 79 84
76 100000 100000 4 58 82 86 89
148 296 104 2 84 92
57 114 100000 2 93 94
197 394 100000 3 70 88 95
297 594 208 3 70 90 94
173 346 100000 2 58 93
