# Converted from 100_397.csv
100
152 100000 106 0
131 262 100000 0
151 100000 100000 0
166 332 116 0
198 100000 100000 0
25 50 18 0
84 100000 100000 0
518 1036 100000 3 4 5 6
223 100000 100000 2 4 6
266 100000 100000 3 1 4 5
85 170 100000 1 5
174 348 100000 2 3 5
134 268 94 1 5
552 100000 100000 3 1 7 12
225 100000 100000 1 12
208 416 146 2 1 12
287 574 100000 3 6 11 12
484 100000 100000 2 8 12
501 1002 100000 2 8 12
213 100000 100000 3 14 15 17
166 100000 100000 1 17
42 84 100000 1 17
524 100000 367 2 3 17
164 100000 100000 2 16 17
138 100000 100000 3 13 15 16
127 254 89 4 14 21 23 24
235 100000 164 1 23
201 100000 100000 2 25 26
204 100000 143 2 25 26
169 338 118 1 26
524 1048 100000 3 18 20 25
163 326 114 2 20 25
433 100000 100000 1 26
518 100000 100000 2 22 25
263 100000 184 1 25
214 100000 100000 2 9 25
365 100000 100000 2 25 26
346 100000 242 4 9 27 33 34
174 100000 100000 2 27 30
429 858 300 2 22 29
495 990 100000 2 29 36
217 434 152 3 28 38 40
72 144 50 1 37
504 100000 353 2 29 37
143 100000 100 3 33 38 39
215 430 100000 2 20 40
410 100000 287 1 40
550 1100 385 1 39
185 100000 100000 4 0 36 43 47
107 214 100000 4 2 19 31 44
160 320 100000 3 22 27 46
379 758 265 4 19 32 42 47
491 982 100000 1 47
269 100000 188 2 35 44
141 282 100000 3 33 39 50
119 100000 83 1 49
201 402 100000 3 28 34 53
485 100000 340 2 37 56
255 100000 100000 2 55 56
312 100000 218 2 36 56
54 100000 38 2 18 54
441 100000 100000 3 30 32 54
302 100000 211 1 56
79 100000 100000 2 54 55
507 100000 355 3 45 48 56
47 100000 33 5 10 34 35 44 60
81 162 100000 2 62 63
143 100000 100000 1 62
290 100000 100000 2 47 62
23 46 100000 1 58
130 260 91 2 28 63
68 100000 48 3 0 52 57
250 100000 175 2 63 64
500 1000 100000 4 65 66 71 72
73 146 100000 4 2 31 60 71
106 100000 100000 1 70
57 114 100000 3 42 52 70
162 100000 113 2 64 68
215 100000 100000 2 42 71
72 100000 100000 1 77
105 100000 100000 3 0 60 75
406 812 100000 2 75 76
167 100000 117 2 2 78
98 100000 100000 2 63 82
565 1130 100000 2 48 81
339 100000 100000 3 72 76 82
98 196 69 2 71 81
176 100000 123 2 37 80
140 100000 98 1 84
224 448 157 4 41 77 85 87
582 1164 100000 3 59 60 85
200 100000 100000 1 86
494 100000 100000 2 53 87
389 778 272 1 85
302 100000 100000 1 89
187 100000 100000 1 90
342 100000 100000 1 93
123 100000 100000 2 58 90
314 100000 220 2 73 93
132 264 100000 4 60 69 91 93
