# Converted from 100_127.csv
100
582 100000 100000 0
413 100000 100000 0
356 712 249 0
353 100000 100000 0
542 1084 379 0
536 1072 100000 0
365 730 100000 0
273 546 100000 1 5
358 716 100000 1 5
455 100000 100000 1 5
487 100000 100000 1 5
419 838 293 1 6
433 100000 100000 2 5 6
499 100000 100000 1 5
564 1128 395 1 13
440 100000 100000 1 12
440 100000 100000 1 12
339 678 100000 2 6 13
466 932 100000 1 12
379 100000 100000 1 13
358 100000 100000 1 18
622 100000 100000 1 18
585 1170 100000 1 18
875 100000 612 4 10 11 16 17
301 100000 100000 1 18
350 700 245 1 18
286 572 200 2 18 19
563 1126 394 8 0 1 7 20 21 22 23 25
524 100000 100000 1 23
443 100000 310 1 23
550 100000 385 1 23
306 612 100000 1 23
363 100000 254 1 23
544 1088 381 1 24
623 1246 436 1 25
376 752 100000 1 27
632 1264 100000 1 27
578 1156 100000 1 27
700 100000 490 1 27
541 100000 100000 1 27
509 100000 100000 2 27 32
466 100000 326 2 27 34
391 782 100000 2 13 34
441 100000 309 5 2 3 35 40 41
539 100000 377 3 24 28 37
442 100000 100000 4 24 28 39 42
436 100000 100000 2 34 38
506 100000 354 1 37
329 100000 230 1 39
475 100000 100000 2 24 37
536 1072 375 1 43
609 1218 100000 1 43
273 100000 191 1 43
536 100000 100000 1 43
347 694 243 2 43 49
317 634 100000 2 33 49
485 100000 100000 4 24 37 39 50
592 100000 414 2 26 55
618 100000 100000 2 41 55
560 1120 392 1 58
782 1564 547 3 53 57 58
408 816 100000 2 51 57
520 1040 100000 1 60
625 100000 100000 3 30 48 60
392 100000 100000 2 48 60
495 100000 100000 2 60 61
480 100000 336 11 4 8 14 36 44 45 54 56 59 62 63
630 100000 441 1 65
285 100000 100000 1 66
661 100000 100000 1 66
496 100000 100000 1 66
445 100000 100000 1 66
506 100000 354 1 66
452 904 100000 1 66
437 874 100000 1 67
496 100000 347 2 39 67
380 100000 266 2 48 67
248 100000 100000 1 69
701 100000 100000 2 68 73
461 922 323 1 71
578 1156 100000 7 9 15 31 46 47 77 78
386 772 270 2 74 78
567 1134 100000 2 61 78
648 100000 100000 2 74 79
657 100000 100000 2 75 79
438 100000 307 1 80
704 1408 493 1 80
524 100000 367 1 80
387 774 100000 1 80
520 100000 364 1 80
543 100000 100000 1 80
566 100000 100000 1 80
595 100000 416 1 80
635 1270 444 1 80
551 100000 100000 1 80
618 1236 100000 3 67 88 92
259 100000 100000 2 89 94
401 802 281 2 89 91
414 100000 100000 4 83 85 87 91
609 100000 426 3 85 91 92
