# Converted from 100_266.csv
100
252 504 176 0
45 90 100000 0
86 100000 60 0
269 100000 188 0
163 326 100000 1 0
148 296 104 1 1
76 100000 100000 3 1 2 3
175 100000 100000 3 1 2 3
240 100000 100000 1 5
77 154 100000 3 4 6 7
94 100000 100000 2 6 7
98 100000 100000 2 6 7
129 100000 90 2 6 7
101 202 71 2 6 7
39 100000 100000 1 8
235 100000 100000 1 10
153 306 100000 5 9 10 11 12 13
169 100000 100000 3 9 11 12
37 100000 100000 3 9 11 12
72 144 50 4 9 10 11 12
257 514 180 1 14
104 100000 100000 1 15
253 100000 100000 4 16 17 18 19
135 100000 100000 2 16 17
153 100000 100000 2 13 17
67 134 47 3 16 17 18
21 42 100000 1 20
26 100000 100000 1 21
277 554 100000 1 22
163 326 100000 3 23 24 25
135 270 100000 4 22 23 24 25
32 100000 22 4 22 23 24 25
60 100000 100000 1 26
47 100000 33 1 27
91 100000 100000 1 28
113 226 100000 1 29
189 100000 100000 1 29
62 124 100000 3 29 30 31
253 100000 177 3 29 30 31
220 100000 154 1 32
66 132 46 1 35
106 100000 100000 1 36
34 100000 100000 1 33
171 100000 100000 3 34 37 38
151 100000 100000 2 37 38
198 100000 139 1 39
107 100000 100000 1 40
223 446 100000 1 42
108 216 76 1 44
311 622 218 2 43 44
99 100000 100000 3 41 43 44
217 100000 100000 2 43 44
35 70 24 1 49
45 100000 31 1 45
84 100000 59 1 46
153 100000 107 1 48
135 100000 100000 4 47 49 50 51
22 44 100000 3 49 50 51
195 100000 100000 2 49 51
140 100000 98 1 52
255 100000 100000 1 54
46 92 32 2 49 53
137 100000 100000 2 49 55
78 100000 55 2 50 58
254 508 178 1 57
97 100000 68 1 60
122 244 100000 3 62 63 64
187 374 100000 5 59 61 62 63 64
121 242 100000 4 61 62 63 64
67 134 47 4 57 61 62 63
195 390 136 3 57 62 63
45 100000 100000 1 66
278 100000 100000 1 66
147 100000 100000 1 66
272 544 100000 1 65
73 100000 100000 4 67 68 69 70
126 100000 100000 4 67 68 69 70
165 100000 100000 1 71
65 130 46 1 72
63 126 44 1 75
86 100000 60 1 73
31 100000 100000 1 74
64 100000 100000 3 66 75 76
113 226 79 3 66 75 76
85 100000 59 1 79
47 100000 100000 1 81
345 100000 100000 4 77 78 82 83
175 350 122 3 80 82 83
71 142 100000 2 82 83
168 336 118 1 84
41 82 100000 4 85 86 87 88
72 100000 50 2 86 88
285 100000 200 2 86 88
116 232 81 3 56 86 87
51 100000 36 1 87
151 302 100000 2 87 89
53 106 100000 1 90
54 100000 100000 2 88 93
127 100000 100000 2 92 94
54 100000 38 1 93
