# Converted from 100_425.csv
100
147 294 103 0
267 100000 187 0
36 72 100000 0
145 100000 100000 0
153 100000 100000 0
118 236 100000 4 1 2 3 4
157 100000 110 3 1 3 4
110 100000 77 3 0 3 4
109 100000 100000 1 2
60 100000 42 2 0 4
56 112 100000 2 0 4
46 100000 100000 1 3
42 84 29 2 5 6
209 418 100000 2 5 9
71 100000 100000 2 5 11
64 128 45 1 6
144 100000 100000 3 1 3 8
227 454 159 3 12 14 15
130 100000 100000 2 13 15
171 342 100000 2 13 15
83 166 100000 2 12 15
277 554 100000 1 15
258 516 100000 2 6 13
29 58 100000 2 10 14
148 100000 100000 3 6 13 16
176 100000 100000 2 18 23
101 100000 71 1 22
227 100000 159 3 0 12 21
246 100000 100000 3 14 19 21
33 100000 100000 2 26 28
304 608 213 2 26 28
243 100000 170 1 27
172 100000 100000 2 8 27
22 44 100000 1 26
181 100000 100000 3 23 29 32
115 230 100000 4 30 31 32 33
133 266 100000 3 7 17 30
195 100000 100000 1 33
147 100000 100000 2 13 31
159 318 111 3 23 26 32
61 100000 43 2 21 33
58 100000 100000 1 29
158 100000 100000 3 29 36 38
41 82 29 2 31 37
122 100000 85 1 34
192 100000 134 1 34
214 100000 100000 2 42 44
151 302 100000 2 8 43
215 100000 150 2 40 42
130 260 91 1 45
190 100000 100000 2 20 42
230 460 100000 3 11 16 43
50 100000 100000 2 43 44
304 100000 100000 5 18 23 24 47 48
139 100000 100000 4 29 30 47 51
88 176 62 3 30 49 51
48 100000 34 2 49 52
160 320 100000 3 41 49 52
167 334 117 1 48
120 100000 84 3 7 41 52
181 100000 127 3 36 47 51
202 100000 100000 3 14 38 47
75 150 100000 1 58
285 570 200 5 17 18 20 23 61
130 260 91 2 53 57
212 100000 100000 3 37 39 58
198 100000 100000 1 57
36 72 100000 4 54 59 61 66
154 100000 108 1 64
144 288 100000 2 53 62
377 754 100000 2 44 62
270 100000 100000 1 66
80 160 56 2 39 63
162 324 100000 2 32 69
53 100000 100000 1 67
21 42 15 2 56 68
159 100000 100000 1 68
100 100000 70 1 74
139 100000 100000 1 75
115 100000 80 3 58 60 75
158 316 100000 2 71 76
101 100000 100000 3 35 53 74
245 100000 172 1 80
32 64 100000 2 72 81
141 100000 99 2 63 81
23 100000 16 2 73 78
22 44 15 3 35 40 77
111 100000 78 3 70 77 81
130 100000 100000 2 20 87
132 264 100000 3 65 69 86
92 184 64 1 85
209 100000 100000 2 50 85
132 100000 100000 1 90
52 100000 100000 2 35 91
169 100000 100000 3 84 90 91
183 100000 100000 2 88 90
147 294 100000 2 54 91
130 100000 91 4 60 71 88 91
28 100000 20 2 72 89
160 100000 112 2 20 90
