# Converted from 100_292.csv
100
671 100000 100000 0
430 860 301 0
429 100000 300 0
619 100000 100000 0
381 762 267 0
506 100000 354 0
384 100000 269 1 1
296 100000 100000 1 2
581 100000 407 1 0
539 100000 100000 4 1 2 3 5
663 100000 100000 3 1 2 4
412 824 100000 1 6
472 100000 330 1 7
652 1304 456 1 8
531 100000 100000 1 9
691 1382 484 2 9 10
407 100000 100000 2 9 10
438 100000 100000 1 13
641 1282 449 1 14
288 576 100000 2 11 16
443 100000 100000 3 9 10 12
429 858 100000 1 15
598 100000 100000 1 18
507 1014 100000 4 17 19 20 21
322 100000 225 3 19 20 21
535 100000 100000 2 19 21
393 100000 275 2 19 21
597 100000 100000 1 22
431 100000 302 1 24
441 100000 309 2 23 26
547 1094 100000 3 23 25 26
484 968 100000 2 23 26
461 922 100000 2 24 26
564 1128 100000 1 27
512 100000 100000 1 29
538 100000 100000 1 30
505 100000 100000 1 29
591 100000 414 1 28
589 100000 100000 2 31 32
458 100000 100000 4 29 30 31 32
156 100000 100000 3 29 30 32
325 650 100000 1 34
521 1042 365 1 35
364 728 255 1 36
582 1164 100000 3 33 37 40
623 1246 436 2 30 38
376 100000 100000 2 25 38
482 100000 100000 1 41
448 100000 314 1 43
343 100000 100000 1 45
608 100000 100000 2 29 42
521 100000 365 1 45
455 910 100000 1 46
347 100000 100000 1 46
460 920 100000 1 48
490 980 343 1 49
561 100000 100000 3 40 47 50
519 100000 100000 2 50 51
626 100000 438 3 31 44 50
596 1192 417 2 50 52
285 100000 200 1 54
578 100000 100000 1 56
684 100000 479 1 56
529 100000 100000 1 55
643 100000 100000 1 59
723 1446 100000 2 52 58
676 1352 473 1 61
769 1538 538 1 62
498 100000 349 2 60 63
645 1290 451 2 64 65
349 100000 100000 2 57 64
381 100000 267 2 46 66
501 1002 100000 3 53 64 68
767 1534 100000 2 39 70
489 978 342 3 64 65 67
464 100000 325 2 51 69
545 100000 100000 3 44 59 68
329 100000 230 3 39 45 69
399 100000 100000 2 39 69
314 100000 100000 1 72
542 1084 100000 1 73
579 1158 405 1 73
564 100000 100000 3 44 71 73
521 1042 100000 1 81
510 1020 100000 1 79
318 636 223 1 80
399 798 100000 1 82
402 804 100000 3 53 74 81
664 100000 100000 1 84
638 100000 100000 1 83
491 100000 344 1 86
475 100000 332 1 85
532 1064 372 4 72 77 78 87
357 714 250 1 88
603 100000 422 1 91
530 100000 100000 3 65 72 89
609 1218 100000 2 65 90
619 100000 100000 1 92
595 1190 100000 2 71 92
576 100000 100000 1 92
