# Converted from 100_390.csv
100
130 260 91 0
142 100000 99 0
20 40 14 0
498 100000 100000 0
223 446 100000 0
520 100000 100000 0
235 470 100000 2 2 5
178 100000 100000 1 5
251 502 100000 1 4
73 100000 100000 1 5
47 94 100000 2 6 8
48 100000 34 3 0 5 8
56 100000 100000 2 6 8
151 302 106 1 7
209 100000 146 1 9
134 268 94 2 1 7
213 100000 149 1 6
289 100000 202 5 10 11 13 14 16
114 228 80 2 10 14
287 574 201 3 7 10 11
203 406 100000 2 4 15
150 100000 100000 1 12
231 100000 162 2 10 14
496 100000 100000 1 12
203 100000 142 1 12
125 100000 100000 4 11 13 18 23
469 100000 328 2 11 20
122 100000 85 1 18
424 100000 100000 3 13 21 23
215 100000 150 1 17
25 100000 18 2 25 28
176 100000 123 1 25
202 404 141 1 29
172 344 120 1 25
451 100000 100000 2 25 28
470 940 100000 1 28
40 100000 28 2 26 28
121 100000 85 3 33 34 35
263 526 100000 1 32
179 100000 100000 2 17 34
87 174 100000 2 21 33
77 154 54 1 31
226 452 100000 1 32
165 100000 100000 1 32
105 210 100000 3 31 39 40
74 100000 100000 2 33 38
121 100000 100000 1 41
285 100000 200 3 3 36 43
67 100000 100000 2 1 38
115 230 100000 2 35 39
56 100000 100000 2 31 49
178 100000 125 2 44 49
218 100000 100000 3 33 41 47
115 100000 80 2 3 46
36 100000 25 1 46
100 200 100000 3 3 20 46
568 1136 398 1 49
535 1070 374 2 51 56
128 100000 100000 1 50
108 216 76 2 16 55
478 100000 100000 6 22 24 38 43 46 51
126 100000 100000 2 52 54
405 810 100000 2 22 52
36 100000 25 5 39 45 48 54 59
247 494 173 5 34 38 42 53 59
235 100000 100000 3 41 50 57
155 310 100000 2 30 62
124 248 100000 1 60
133 100000 100000 2 15 65
22 44 100000 2 63 65
49 100000 100000 2 49 66
348 100000 100000 2 27 64
362 100000 100000 1 67
184 100000 100000 3 50 60 66
62 124 100000 2 68 73
137 274 96 3 42 58 73
170 340 100000 1 69
501 1002 351 3 30 56 72
80 100000 100000 2 69 71
521 1042 100000 3 48 52 72
551 1102 386 2 36 78
50 100000 100000 1 74
233 100000 100000 1 75
294 100000 206 2 75 78
389 100000 272 1 83
203 406 100000 1 83
196 100000 137 2 74 82
578 100000 100000 2 76 81
169 338 100000 2 65 82
223 100000 100000 1 88
287 100000 100000 1 84
503 1006 100000 3 69 86 88
324 100000 100000 3 85 86 87
192 100000 100000 2 61 84
205 100000 144 1 92
266 532 186 1 91
51 100000 100000 2 76 90
317 100000 100000 2 19 91
231 462 100000 1 89
296 100000 100000 2 77 91
