# Converted from 100_38.csv
100
43 86 30 0
146 100000 100000 0
240 480 168 0
208 100000 100000 0
179 358 100000 0
37 100000 26 0
229 100000 160 0
138 276 100000 0
143 286 100000 0
68 100000 100000 0
130 100000 91 0
260 520 182 0
226 100000 100000 0
78 100000 55 1 9
179 100000 100000 1 12
123 100000 100000 1 12
87 100000 61 1 10
189 100000 100000 6 2 3 4 5 6 7
116 100000 100000 1 8
160 320 100000 1 12
166 100000 100000 1 9
155 310 108 6 0 1 13 14 15 16
108 216 100000 1 17
335 670 100000 1 17
109 100000 76 1 17
180 100000 100000 1 17
166 100000 100000 1 17
254 508 178 1 17
105 210 74 1 17
57 114 100000 1 17
174 348 100000 1 17
207 100000 145 1 17
69 138 48 1 19
84 100000 59 1 18
104 100000 100000 1 20
248 496 100000 1 21
109 218 76 1 21
229 100000 100000 1 21
104 100000 73 1 21
197 394 138 1 21
123 246 100000 1 21
44 100000 31 1 22
66 100000 100000 1 32
100 100000 70 1 30
100 100000 100000 1 41
195 390 136 1 42
176 100000 100000 1 43
56 100000 100000 1 35
101 202 100000 1 35
121 242 100000 1 43
92 100000 100000 1 43
149 100000 100000 1 44
274 100000 192 1 50
84 100000 100000 1 45
66 132 100000 1 50
56 112 100000 1 49
56 100000 100000 1 46
104 100000 100000 1 50
100 100000 70 1 46
54 100000 100000 1 51
105 100000 100000 1 52
118 236 83 1 57
224 448 100000 2 20 55
26 52 18 1 57
120 100000 84 1 53
166 100000 100000 1 61
143 100000 100000 1 60
40 100000 100000 1 62
178 356 125 2 31 63
238 100000 167 1 59
211 100000 148 1 61
26 100000 100000 1 65
263 100000 100000 1 68
183 366 128 1 66
206 412 100000 1 67
201 402 141 1 69
38 100000 100000 1 70
122 100000 85 2 20 70
54 100000 38 1 68
55 110 100000 1 72
164 100000 100000 3 71 73 74
114 100000 100000 1 75
255 100000 100000 1 78
56 100000 100000 2 38 75
231 100000 100000 2 33 76
22 44 100000 2 56 77
109 100000 76 1 76
180 100000 126 1 79
127 254 100000 1 81
79 158 55 1 82
189 100000 132 1 85
88 176 100000 1 80
80 100000 56 1 81
74 148 52 2 20 83
263 526 100000 1 83
24 100000 100000 1 88
210 100000 147 1 89
117 234 100000 1 87
248 496 100000 2 50 94
94 100000 100000 1 93
