# Converted from 100_443.csv
100
392 100000 100000 0
345 690 100000 0
458 100000 100000 0
369 100000 258 0
473 100000 100000 0
488 100000 342 0
751 1502 526 5 1 2 3 4 5
362 100000 253 2 1 5
504 100000 100000 2 1 2
662 100000 100000 1 3
577 100000 404 2 1 4
250 100000 100000 1 2
311 100000 100000 4 7 9 10 11
369 738 100000 3 8 10 11
521 100000 100000 3 9 10 11
524 100000 100000 3 7 10 11
345 100000 100000 3 3 10 11
666 1332 466 5 0 12 13 14 15
484 968 339 1 14
433 100000 303 2 14 15
382 100000 100000 3 8 12 14
586 100000 100000 2 7 14
559 100000 391 2 18 19
478 100000 100000 2 18 19
470 940 100000 3 18 19 21
203 100000 142 1 24
520 1040 100000 2 22 24
532 100000 100000 1 24
418 100000 100000 2 13 22
452 100000 316 2 20 24
328 100000 100000 2 8 24
269 538 188 2 20 23
581 100000 100000 1 23
463 926 100000 1 23
406 812 284 3 0 23 24
691 1382 484 3 0 26 33
600 1200 100000 3 26 29 32
506 100000 354 1 26
580 1160 406 1 29
596 1192 100000 3 20 33 34
597 1194 100000 3 25 36 38
277 100000 100000 2 28 37
631 1262 442 2 28 35
580 100000 100000 2 35 36
676 1352 100000 1 38
599 1198 100000 2 8 37
515 100000 100000 2 32 42
531 100000 100000 2 22 44
626 100000 438 3 23 25 45
385 770 270 2 33 45
447 894 100000 3 31 37 42
571 100000 400 2 31 42
436 100000 100000 1 51
458 100000 321 5 13 34 47 48 49
413 826 289 2 46 51
284 100000 100000 2 38 51
397 100000 100000 1 46
325 100000 100000 2 43 46
637 1274 100000 3 32 48 51
612 1224 428 6 0 20 28 32 33 48
468 936 100000 1 50
685 100000 100000 3 58 59 60
667 100000 100000 3 50 57 58
558 1116 391 2 32 60
612 100000 428 3 52 54 59
487 974 100000 2 30 58
483 966 100000 2 38 61
462 924 323 1 61
667 100000 467 1 64
517 100000 100000 3 34 49 62
377 100000 264 1 61
591 100000 100000 2 52 62
613 100000 429 3 43 61 63
496 992 347 3 30 59 62
396 792 277 2 36 65
603 1206 422 4 53 55 64 72
657 1314 100000 1 66
526 1052 368 4 40 52 66 67
658 100000 100000 1 72
413 826 100000 1 69
608 100000 100000 2 64 76
473 100000 100000 2 40 75
419 838 100000 3 55 76 79
463 100000 324 2 77 78
594 100000 100000 2 62 75
363 100000 254 3 30 52 78
644 100000 100000 2 47 79
314 100000 100000 3 38 46 85
498 996 100000 2 17 81
644 100000 100000 2 78 82
377 100000 100000 2 69 88
389 100000 272 4 44 73 83 89
465 930 326 2 56 87
471 100000 100000 3 83 86 88
598 100000 419 3 41 57 87
514 100000 100000 4 75 82 86 87
576 1152 100000 2 94 95
385 100000 100000 5 6 39 56 90 91
497 994 348 2 40 95
599 1198 419 2 93 95
