# Converted from 100_345.csv
100
167 100000 117 0
85 100000 59 0
150 100000 100000 0
77 154 54 0
47 100000 33 0
199 398 100000 0
124 100000 100000 0
57 114 100000 0
289 578 100000 0
100 100000 100000 0
159 318 100000 0
250 100000 175 0
125 250 88 2 6 11
146 100000 100000 1 5
43 86 30 1 7
114 100000 100000 1 10
50 100 100000 2 1 4
152 100000 100000 1 7
62 100000 100000 1 2
35 70 24 1 14
96 100000 67 1 15
194 100000 136 1 14
33 66 23 1 12
155 310 100000 2 11 13
55 110 38 1 16
30 100000 21 1 15
105 100000 74 1 23
128 100000 100000 2 9 23
160 320 112 1 19
190 100000 100000 1 23
81 162 100000 1 20
294 100000 206 1 19
218 436 100000 1 19
85 100000 100000 2 11 25
109 218 100000 1 19
63 100000 100000 1 20
215 430 100000 1 25
173 346 121 2 29 34
75 100000 52 1 29
80 100000 100000 1 27
189 378 132 1 29
240 100000 168 1 29
150 300 100000 4 11 13 28 30
155 310 100000 2 26 41
36 72 25 1 40
154 100000 100000 1 40
163 100000 114 1 41
51 102 100000 1 38
162 100000 100000 2 21 37
76 100000 100000 1 40
113 226 79 1 38
206 100000 144 3 25 34 38
69 100000 100000 1 46
54 100000 100000 2 37 46
313 100000 219 1 48
90 100000 63 1 44
175 350 100000 2 12 44
318 100000 223 1 48
34 68 24 1 46
36 100000 100000 2 31 45
101 100000 71 2 22 53
150 300 100000 1 54
103 100000 100000 2 35 54
72 100000 100000 1 52
265 530 100000 2 43 57
266 100000 100000 2 15 56
118 236 100000 1 52
264 100000 100000 2 8 53
190 380 100000 2 52 56
40 100000 28 2 52 67
61 100000 43 1 67
169 100000 100000 1 66
154 308 100000 1 61
91 100000 100000 1 63
89 100000 100000 1 66
213 100000 149 1 68
137 274 100000 3 3 27 73
74 100000 52 4 26 59 62 72
161 100000 100000 3 26 73 75
193 386 100000 1 75
66 100000 100000 2 22 74
273 100000 191 1 71
68 136 100000 1 69
94 188 66 3 47 54 79
96 100000 100000 3 42 57 81
35 100000 24 1 80
168 100000 100000 2 2 78
168 100000 100000 2 67 78
69 138 48 2 44 82
75 100000 100000 1 77
35 100000 24 2 87 88
96 100000 100000 1 83
188 376 100000 2 2 89
68 136 48 3 4 15 85
81 100000 100000 1 87
218 100000 100000 1 89
107 100000 100000 1 85
313 626 100000 2 37 85
204 100000 100000 1 83
218 436 153 2 15 87
