# Converted from 100_424.csv
100
54 108 100000 0
154 100000 108 0
133 100000 100000 0
110 220 77 0
71 100000 100000 0
312 624 218 2 3 4
93 186 100000 2 2 3
153 100000 100000 2 1 3
104 100000 100000 1 2
111 100000 78 1 1
53 100000 37 1 1
102 100000 100000 4 5 6 8 9
164 328 100000 2 6 9
97 194 100000 1 10
23 46 100000 1 9
249 498 100000 1 5
131 100000 92 4 11 12 13 14
154 308 108 2 12 13
345 100000 100000 1 15
27 100000 100000 3 3 4 14
145 290 102 3 2 3 13
108 216 76 2 16 17
317 100000 222 3 7 8 19
200 100000 140 3 6 13 18
27 54 100000 1 16
159 100000 100000 2 16 19
122 244 100000 3 21 22 24
147 100000 103 2 19 21
85 100000 59 2 21 24
126 100000 100000 2 20 25
176 100000 123 3 0 17 23
218 100000 100000 3 21 22 23
88 176 62 1 25
206 412 100000 1 24
54 108 38 1 33
163 326 100000 1 29
190 100000 133 2 26 33
129 258 90 2 20 36
52 104 36 3 31 32 35
150 100000 100000 2 27 35
68 136 48 2 27 36
29 100000 100000 1 34
68 136 100000 1 35
143 100000 100 1 35
318 636 223 2 18 36
237 474 100000 2 40 43
272 100000 100000 1 37
71 100000 100000 1 40
128 100000 100000 2 23 44
177 100000 100000 1 38
32 64 22 2 37 38
194 100000 136 3 32 34 40
161 100000 113 3 31 40 46
222 100000 155 2 40 46
137 274 100000 1 46
151 302 100000 2 28 46
29 100000 100000 1 45
133 100000 93 1 51
358 100000 100000 1 47
102 100000 100000 2 50 52
43 100000 100000 2 18 53
269 100000 188 1 55
228 100000 100000 1 56
192 100000 100000 2 38 52
38 100000 100000 2 38 58
90 180 100000 2 62 63
264 528 100000 4 39 50 54 60
144 100000 100000 2 49 63
135 100000 100000 1 64
32 100000 100000 2 45 68
129 258 100000 3 65 66 67
123 100000 100000 1 67
188 376 100000 4 51 62 66 67
188 100000 100000 4 48 50 67 68
185 100000 130 2 44 70
55 110 100000 2 68 70
244 100000 171 3 41 46 69
115 230 100000 1 71
30 100000 100000 1 72
26 100000 100000 3 28 54 73
69 138 48 2 58 72
157 100000 100000 2 46 69
172 344 100000 2 28 80
26 100000 18 1 75
73 100000 100000 3 50 65 81
72 100000 50 1 78
72 144 50 2 72 75
147 100000 100000 2 73 76
115 230 100000 2 41 78
75 100000 52 2 74 75
97 100000 68 2 74 86
108 216 76 2 70 84
169 100000 118 1 88
149 100000 100000 1 83
77 100000 100000 2 59 90
155 100000 100000 2 85 92
171 342 100000 2 51 93
160 100000 112 1 90
172 344 120 4 0 42 68 92
134 268 100000 2 79 92
