# Converted from 100_435.csv
100
442 100000 100000 0
678 100000 100000 0
499 100000 349 0
464 100000 325 0
355 100000 248 0
425 850 100000 0
442 884 100000 3 2 4 5
597 100000 100000 2 3 5
433 100000 100000 1 2
571 100000 100000 2 6 7
365 100000 255 1 6
652 1304 100000 2 7 8
675 1350 100000 1 6
629 100000 440 2 6 8
622 100000 435 3 1 12 13
364 100000 255 3 9 11 13
431 100000 100000 1 13
342 684 239 1 11
549 100000 100000 1 15
600 100000 100000 2 15 16
501 1002 100000 2 7 16
474 948 100000 1 17
544 100000 100000 2 9 17
212 100000 148 3 12 18 19
760 100000 532 1 19
519 100000 100000 2 17 19
485 100000 100000 2 19 20
675 1350 100000 1 18
525 100000 100000 3 16 18 21
617 1234 100000 2 26 27
538 100000 377 1 28
664 1328 100000 1 24
525 1050 100000 1 27
518 100000 100000 3 14 30 32
638 100000 100000 2 12 30
416 832 100000 2 14 31
419 100000 100000 2 29 31
393 100000 100000 3 22 31 32
703 100000 492 1 29
298 596 100000 2 17 29
587 1174 100000 2 26 35
573 100000 100000 1 38
369 100000 100000 1 35
546 100000 382 1 39
708 1416 496 2 20 34
582 100000 100000 1 38
204 408 143 3 1 28 36
511 100000 358 1 33
199 398 100000 3 40 41 44
539 1078 100000 1 43
473 946 100000 2 27 40
487 100000 100000 2 27 40
460 100000 322 2 22 44
348 696 244 3 12 39 45
591 1182 414 2 26 47
430 100000 301 2 24 45
565 1130 100000 3 50 51 54
568 100000 100000 3 42 46 52
235 470 164 1 48
300 100000 100000 2 50 55
639 100000 100000 1 51
527 1054 100000 3 40 42 55
544 100000 381 3 53 56 61
410 100000 287 1 61
549 100000 100000 2 22 60
656 1312 100000 5 34 41 51 54 61
352 704 246 3 34 62 63
401 100000 281 2 53 63
461 100000 100000 2 58 64
649 1298 100000 2 41 62
645 1290 100000 1 67
390 780 273 2 61 68
378 756 265 2 37 69
444 888 100000 3 53 63 68
455 910 100000 2 22 66
380 760 266 2 60 69
474 948 332 6 36 37 44 49 54 67
571 100000 400 4 66 71 73 76
631 100000 100000 2 72 76
521 1042 100000 3 30 59 70
499 100000 349 2 43 79
449 100000 100000 1 78
482 100000 100000 1 78
652 1304 456 1 78
723 100000 506 2 77 79
315 100000 220 1 78
636 100000 100000 2 57 77
227 100000 159 1 78
560 1120 392 2 52 78
447 894 313 5 37 49 56 68 79
395 100000 100000 1 77
630 100000 100000 3 37 51 80
376 752 100000 2 80 90
623 100000 436 3 58 59 88
657 100000 100000 3 71 81 85
308 616 100000 2 68 82
371 100000 260 2 23 84
370 100000 100000 3 73 82 89
560 100000 392 2 69 86
768 100000 100000 2 64 81
