# Converted from 100_318.csv
100
276 552 100000 0
22 100000 15 0
82 100000 100000 0
107 100000 100000 0
540 100000 100000 0
382 100000 100000 0
642 100000 449 0
339 678 100000 0
148 296 100000 0
278 100000 100000 0
233 466 163 1 7
140 100000 98 1 7
341 100000 239 1 4
113 100000 100000 1 4
399 798 100000 1 9
62 100000 100000 1 4
301 602 100000 1 4
74 148 100000 1 5
541 100000 379 1 13
139 278 97 1 13
152 100000 100000 1 10
226 452 100000 1 11
118 100000 100000 1 10
175 100000 100000 1 12
55 100000 100000 2 12 17
168 100000 118 1 17
526 1052 100000 1 13
164 328 115 1 17
173 100000 121 1 13
574 100000 402 1 21
92 184 64 2 19 24
233 100000 100000 2 16 25
278 100000 100000 1 26
234 100000 164 1 26
339 678 237 1 25
86 100000 100000 1 21
107 100000 100000 1 32
172 344 100000 1 34
255 100000 178 1 31
95 190 100000 1 30
232 100000 100000 1 32
501 100000 351 1 35
204 408 143 2 9 32
162 100000 100000 1 30
120 240 84 3 17 23 42
181 100000 100000 1 39
195 390 136 1 41
87 100000 100000 2 24 36
76 152 100000 2 38 42
102 100000 71 1 47
35 70 100000 1 47
203 100000 142 1 47
47 94 100000 1 47
571 100000 100000 3 25 44 47
228 456 100000 2 24 48
100 100000 70 2 38 49
160 100000 100000 1 49
61 122 100000 1 53
44 88 31 1 49
114 228 100000 2 41 51
178 100000 100000 1 52
181 100000 100000 1 53
38 100000 27 1 54
255 100000 100000 1 54
30 100000 21 1 51
214 100000 150 1 61
90 100000 63 1 64
94 188 66 1 63
242 100000 100000 2 40 55
482 964 337 3 20 37 63
381 100000 100000 1 55
123 246 86 1 62
165 100000 100000 1 64
219 438 100000 1 71
24 48 17 2 21 68
281 562 100000 2 56 70
42 100000 100000 1 66
170 100000 119 1 72
630 100000 441 1 65
354 100000 100000 1 68
205 410 100000 1 66
63 100000 44 1 72
258 516 181 1 66
80 100000 56 2 66 71
146 292 100000 3 46 65 74
141 100000 100000 1 73
88 100000 62 2 53 79
176 100000 100000 1 78
68 100000 48 1 83
27 100000 100000 2 49 76
56 112 39 1 80
567 100000 397 1 74
399 798 100000 2 39 80
132 264 100000 2 40 87
105 210 100000 1 84
261 100000 100000 2 18 86
119 100000 100000 1 90
495 990 100000 1 92
127 100000 100000 2 20 85
50 100 100000 1 85
