# Converted from 100_360.csv
100
452 100000 100000 0
473 946 331 0
540 100000 100000 0
209 100000 100000 0
546 1092 382 0
410 820 100000 0
580 1160 100000 0
728 100000 100000 0
566 100000 100000 0
534 1068 374 1 5
573 1146 401 1 4
637 100000 446 1 4
434 100000 100000 1 4
399 100000 100000 1 4
834 100000 584 2 2 3
594 100000 100000 2 9 11
588 100000 100000 1 13
310 100000 100000 1 12
436 100000 100000 1 10
470 940 100000 1 12
320 100000 100000 1 18
708 1416 496 1 18
579 100000 405 1 18
477 100000 334 1 18
418 100000 100000 2 18 19
636 1272 100000 1 16
487 974 100000 2 23 25
482 100000 100000 1 22
176 100000 100000 1 25
587 100000 411 1 22
451 100000 316 1 20
568 100000 100000 1 24
428 100000 100000 1 20
540 1080 100000 1 21
386 100000 270 3 13 19 21
440 100000 308 1 32
523 100000 100000 1 30
367 734 257 1 28
559 100000 100000 1 30
427 854 100000 1 31
512 100000 358 1 33
444 888 311 2 6 38
628 1256 100000 1 40
420 100000 294 2 37 38
211 100000 148 1 39
379 100000 265 2 26 37
387 774 100000 1 37
457 100000 100000 2 0 37
513 1026 100000 3 5 19 37
626 1252 100000 3 2 30 40
624 100000 437 1 37
715 100000 500 1 40
541 1082 100000 2 13 35
363 726 100000 2 0 42
407 814 100000 2 32 45
671 100000 100000 1 45
589 100000 100000 2 18 46
500 100000 350 1 49
596 1192 100000 2 18 46
340 680 100000 4 29 33 38 47
475 950 100000 1 45
260 100000 100000 2 5 46
520 1040 364 2 36 47
291 582 100000 1 47
469 100000 100000 2 52 58
511 100000 358 1 59
403 100000 100000 2 33 62
583 100000 408 1 55
582 100000 407 1 53
546 100000 100000 2 18 61
492 984 100000 3 3 47 54
468 100000 328 2 26 56
601 1202 421 1 69
476 100000 333 2 60 67
519 100000 363 2 66 71
458 916 321 1 64
310 100000 100000 1 71
704 100000 100000 1 64
446 892 100000 3 26 51 72
652 100000 100000 1 76
587 100000 411 1 76
366 732 100000 3 6 67 75
532 100000 372 1 77
443 886 100000 2 17 73
473 946 100000 2 62 76
375 750 262 1 76
547 100000 100000 1 76
556 100000 100000 2 27 86
416 100000 100000 2 50 78
503 100000 100000 1 86
521 100000 365 3 21 58 86
560 100000 100000 3 14 71 82
641 1282 100000 2 17 84
244 100000 171 2 8 84
545 1090 382 2 21 84
741 1482 100000 4 29 43 76 81
657 1314 460 4 19 51 65 86
690 1380 100000 4 40 47 83 86
555 1110 388 3 67 70 82
567 100000 397 2 11 85
