# Converted from 100_392.csv
100
100 100000 70 0
180 100000 126 0
188 100000 100000 0
143 286 100000 0
476 100000 100000 0
132 100000 100000 0
153 100000 100000 3 1 2 3
128 256 100000 3 2 3 4
520 100000 100000 2 0 2
128 100000 90 1 3
40 100000 28 1 2
538 100000 377 1 2
293 586 205 1 2
495 100000 100000 4 7 8 10 11
203 100000 142 3 1 9 10
158 100000 100000 4 1 8 10 11
97 100000 68 2 1 8
90 180 100000 3 1 10 11
317 100000 100000 2 14 15
128 256 90 2 7 14
247 100000 173 1 15
327 100000 100000 1 16
268 536 100000 1 14
301 100000 100000 3 18 20 22
227 454 100000 2 7 20
266 532 186 1 19
92 184 100000 1 20
72 144 100000 2 12 22
65 100000 46 2 23 25
326 652 228 4 6 16 23 26
59 100000 100000 2 12 23
370 740 100000 2 7 23
274 548 100000 2 26 27
106 100000 74 2 14 24
88 100000 100000 1 28
225 450 100000 2 28 29
336 100000 100000 2 16 31
541 1082 100000 2 21 33
237 474 166 2 7 29
457 914 320 2 6 36
228 100000 100000 1 34
175 350 100000 1 35
271 542 100000 3 17 18 37
287 574 100000 1 36
284 568 100000 3 24 39 41
144 288 101 1 41
208 100000 146 1 40
533 100000 373 2 36 42
133 100000 100000 2 43 45
78 156 55 2 30 47
207 100000 145 2 17 46
182 100000 100000 2 21 45
204 100000 100000 2 13 44
139 278 97 2 16 46
542 1084 100000 2 27 45
61 100000 100000 3 33 44 53
273 100000 100000 1 53
189 100000 100000 3 31 40 51
203 100000 142 3 21 48 52
183 100000 128 2 17 48
273 100000 100000 2 38 52
492 100000 344 1 59
289 100000 100000 2 52 55
167 100000 100000 1 55
184 100000 100000 2 24 59
44 100000 100000 1 57
141 100000 100000 2 50 63
167 100000 117 3 27 56 61
192 384 100000 2 45 63
187 100000 100000 3 37 39 65
102 204 71 3 39 46 64
29 100000 100000 4 5 48 60 62
65 130 100000 3 52 54 64
69 138 100000 3 49 68 70
213 100000 149 3 42 61 69
159 100000 100000 3 46 52 69
185 370 130 2 30 71
202 404 141 2 67 72
149 100000 104 3 32 46 72
213 100000 149 3 37 55 70
148 296 100000 2 43 69
115 100000 80 3 65 68 72
74 148 100000 2 50 72
415 100000 100000 5 42 70 72 76 80
26 100000 18 3 46 72 74
74 100000 52 4 60 67 81 82
43 100000 100000 3 73 77 81
99 198 100000 3 61 80 81
66 132 100000 1 86
201 100000 141 2 76 86
262 524 100000 2 73 85
465 100000 326 2 50 84
238 100000 167 4 62 66 86 87
283 100000 198 2 75 83
36 72 100000 3 58 80 85
158 316 100000 3 56 68 93
551 100000 100000 2 79 90
21 42 15 1 92
107 214 100000 3 73 81 91
404 100000 100000 3 75 77 90
