# Converted from 100_463.csv
100
74 100000 100000 0
543 100000 380 0
228 100000 100000 0
256 100000 100000 0
152 100000 100000 4 0 1 2 3
47 94 100000 4 0 1 2 3
59 118 100000 4 0 1 2 3
199 100000 139 3 4 5 6
182 100000 127 3 4 5 6
445 890 100000 2 7 8
152 304 100000 2 7 8
48 96 34 2 7 8
81 162 100000 2 7 8
302 100000 100000 4 9 10 11 12
513 1026 359 4 9 10 11 12
175 100000 100000 2 13 14
39 100000 27 2 13 14
469 938 100000 2 15 16
536 100000 375 2 15 16
232 100000 162 2 15 16
112 100000 100000 2 15 16
88 100000 100000 2 15 16
301 100000 211 5 17 18 19 20 21
72 144 100000 5 17 18 19 20 21
51 100000 100000 5 17 18 19 20 21
532 1064 372 3 22 23 24
82 100000 100000 3 22 23 24
186 100000 100000 3 22 23 24
466 100000 326 3 25 26 27
330 660 100000 3 25 26 27
41 100000 100000 3 25 26 27
170 100000 119 3 28 29 30
217 100000 100000 3 28 29 30
519 100000 100000 3 28 29 30
199 398 139 3 31 32 33
166 100000 100000 3 31 32 33
235 100000 100000 2 34 35
504 100000 100000 2 34 35
239 478 167 2 34 35
201 402 141 2 34 35
239 100000 100000 4 36 37 38 39
40 80 28 4 36 37 38 39
188 376 100000 3 36 38 39
426 852 298 3 40 41 42
89 100000 62 3 40 41 42
359 100000 100000 2 40 42
485 970 100000 2 40 42
493 100000 345 3 43 44 45
70 100000 49 2 43 44
474 100000 100000 2 43 45
247 100000 100000 2 43 44
34 100000 100000 4 47 48 49 50
148 100000 100000 1 51
113 100000 79 1 51
192 384 100000 2 52 53
124 100000 87 2 52 53
249 498 100000 1 52
546 100000 100000 1 54
64 100000 100000 2 53 56
99 198 69 1 54
486 100000 340 1 54
533 100000 100000 1 58
230 460 100000 2 58 60
38 76 100000 2 55 58
137 100000 96 2 62 63
271 100000 100000 3 61 62 63
260 100000 182 2 62 63
542 100000 100000 4 46 60 61 63
204 100000 143 2 46 63
497 994 348 2 54 68
299 598 100000 1 65
102 100000 71 2 46 65
139 278 100000 1 66
53 100000 100000 4 66 67 69 71
124 248 100000 3 57 69 72
375 750 262 3 57 65 69
68 136 100000 4 57 64 68 70
108 100000 100000 3 57 68 70
133 100000 93 2 69 70
205 410 144 2 69 70
537 1074 376 2 74 79
199 100000 100000 2 75 76
559 100000 391 2 76 79
264 100000 185 1 82
268 536 100000 2 78 80
296 100000 100000 2 74 81
228 456 100000 1 85
190 380 100000 1 83
236 472 165 1 83
54 108 100000 3 59 67 83
275 100000 192 2 72 88
150 300 100000 1 89
286 100000 100000 4 59 75 84 88
300 100000 100000 5 72 77 78 88 89
223 446 156 5 59 72 73 81 88
33 100000 23 2 89 90
216 100000 100000 2 80 91
171 342 100000 1 94
493 986 100000 2 91 93
64 100000 45 2 86 93
