# Converted from 100_226.csv
100
290 580 203 0
280 100000 196 0
145 100000 102 0
26 100000 18 1 1
125 100000 100000 1 0
230 100000 100000 1 1
202 100000 141 2 1 2
39 100000 100000 1 1
212 100000 100000 2 1 2
247 494 173 1 3
426 100000 100000 1 6
499 100000 349 1 4
135 100000 100000 1 5
80 160 100000 1 6
190 380 133 2 6 8
128 100000 100000 1 10
111 100000 78 1 13
137 100000 100000 3 9 11 14
574 1148 100000 2 6 12
521 1042 365 1 14
46 100000 32 1 14
135 270 94 1 14
122 100000 100000 3 15 17 18
569 1138 100000 2 17 18
97 194 100000 2 18 21
502 1004 100000 2 16 17
179 100000 100000 3 17 18 21
258 516 100000 2 17 21
131 262 92 1 17
59 118 100000 1 23
510 100000 357 1 24
343 686 240 5 22 23 24 25 28
502 100000 351 2 23 24
554 100000 100000 4 22 23 24 28
41 100000 29 1 29
128 256 100000 1 30
226 100000 158 1 31
588 1176 412 1 32
164 328 100000 4 27 31 32 33
286 100000 100000 1 38
503 100000 352 1 36
210 100000 147 1 37
334 668 100000 4 19 34 35 38
63 100000 100000 1 38
163 326 100000 1 39
463 100000 324 1 40
58 100000 100000 1 41
219 100000 100000 1 42
86 172 60 2 42 43
263 526 100000 1 43
364 100000 100000 1 42
256 100000 100000 1 42
207 414 145 1 44
456 100000 319 1 46
37 74 26 1 45
275 550 100000 1 47
287 574 100000 3 47 49 50
119 100000 83 3 7 47 49
208 100000 100000 2 19 49
478 100000 100000 1 53
543 100000 380 1 56
650 1300 455 1 55
129 258 90 2 50 58
49 100000 34 2 42 52
32 64 100000 1 56
54 100000 100000 4 20 48 50 54
41 100000 100000 1 62
148 100000 104 1 62
135 270 100000 1 64
420 100000 100000 1 60
101 202 100000 1 61
25 100000 100000 2 50 59
70 100000 49 3 47 62 63
192 384 100000 1 66
85 170 100000 1 67
256 100000 100000 1 68
95 100000 66 1 69
330 100000 100000 3 63 65 70
463 100000 100000 2 56 72
183 100000 128 2 64 72
156 312 100000 2 51 72
496 992 347 2 64 72
55 100000 100000 1 73
105 210 100000 1 77
195 100000 100000 1 76
175 350 100000 4 51 64 74 77
374 100000 100000 2 65 75
522 100000 365 3 64 77 80
229 100000 100000 1 83
70 100000 100000 1 82
312 100000 100000 4 77 78 81 84
181 362 127 2 26 87
510 1020 100000 1 89
545 1090 100000 2 79 88
146 100000 100000 3 86 90 91
60 100000 42 2 79 91
230 100000 100000 2 79 91
63 100000 100000 3 92 94 95
281 562 100000 3 7 86 95
106 100000 74 2 7 96
