# Converted from 100_195.csv
100
304 608 100000 0
97 100000 100000 0
438 100000 307 0
220 100000 154 0
203 100000 142 0
27 100000 100000 0
92 100000 100000 0
65 100000 100000 0
60 120 100000 0
135 270 94 1 0
128 256 100000 1 1
162 324 113 1 2
84 100000 100000 1 6
317 100000 222 1 3
241 100000 100000 1 4
70 140 100000 1 5
23 100000 16 1 8
40 80 100000 1 7
55 100000 100000 1 6
187 100000 100000 1 16
53 106 100000 1 12
106 212 100000 1 13
229 100000 160 1 9
205 100000 100000 1 14
32 100000 22 1 18
153 100000 100000 2 7 10
217 100000 100000 1 11
195 100000 100000 1 15
100 100000 100000 1 17
138 100000 100000 1 19
93 186 65 1 24
87 174 100000 1 20
209 100000 146 1 22
85 100000 59 1 23
92 184 64 1 21
251 502 100000 1 24
124 100000 100000 1 28
246 492 172 1 30
106 100000 74 1 31
182 100000 127 1 29
128 100000 90 1 32
124 248 87 1 33
68 100000 100000 1 36
107 100000 75 1 38
218 436 100000 1 37
134 268 100000 1 40
85 100000 59 1 39
324 100000 227 2 28 41
192 100000 100000 2 39 40
217 100000 152 1 44
168 100000 118 1 43
85 170 100000 1 46
107 214 75 2 35 46
101 100000 100000 2 35 46
197 100000 100000 3 18 45 46
71 100000 50 1 51
349 698 100000 2 16 49
44 100000 100000 1 53
136 100000 95 2 51 53
35 70 100000 2 52 53
170 100000 100000 1 55
91 182 64 1 55
60 100000 100000 1 57
201 402 100000 1 58
32 64 100000 1 55
238 100000 100000 1 59
194 100000 100000 2 42 55
153 100000 100000 2 45 56
104 208 73 3 45 50 58
224 448 157 3 28 52 55
195 100000 136 2 45 59
152 100000 106 1 59
89 100000 62 1 65
249 498 100000 1 60
108 100000 76 1 61
150 300 100000 1 62
199 398 100000 1 66
69 138 100000 1 63
78 156 100000 1 64
102 100000 100000 1 70
78 100000 100000 2 40 65
195 100000 100000 1 71
206 100000 100000 1 70
126 100000 88 1 66
183 100000 128 1 72
90 100000 63 1 76
76 152 100000 3 73 74 75
91 100000 100000 3 47 55 77
123 246 100000 2 53 78
69 100000 100000 3 34 47 79
81 162 57 1 82
155 310 108 2 54 79
127 254 100000 2 18 83
120 100000 100000 2 84 85
230 460 100000 4 25 66 89 91
127 254 100000 2 71 86
107 214 75 4 27 56 88 89
58 100000 100000 2 58 91
200 400 100000 2 83 89
41 100000 29 1 86
