# Converted from 100_138.csv
100
514 100000 360 0
682 100000 100000 0
483 100000 338 0
414 100000 100000 0
556 100000 389 0
340 680 238 0
419 100000 293 2 4 5
382 100000 267 1 5
574 100000 100000 1 4
392 100000 274 1 4
582 1164 100000 1 5
747 1494 523 1 5
600 100000 100000 1 11
466 932 100000 5 2 3 8 9 10
513 1026 359 1 11
405 100000 100000 1 11
373 746 100000 1 11
612 1224 428 1 11
587 100000 411 2 14 16
536 1072 375 1 13
404 100000 100000 1 13
514 100000 100000 1 13
510 1020 100000 1 13
426 100000 100000 1 13
429 100000 100000 1 13
607 1214 100000 1 14
460 100000 100000 1 16
346 100000 100000 4 14 20 23 26
485 970 100000 8 1 6 7 12 18 19 23 26
247 100000 100000 2 23 26
342 684 239 3 20 21 25
723 1446 100000 1 29
352 100000 246 1 28
363 100000 100000 1 28
282 100000 100000 1 28
579 100000 100000 1 28
635 1270 100000 1 28
530 100000 100000 1 28
570 100000 100000 1 28
521 100000 100000 1 28
530 100000 371 1 28
735 100000 514 1 28
670 100000 469 1 28
533 1066 373 2 34 37
493 986 100000 1 38
599 100000 419 2 35 37
386 100000 100000 1 38
656 100000 100000 2 17 40
571 100000 100000 4 22 45 46 47
604 100000 423 2 45 46
474 948 100000 3 40 42 45
549 1098 384 4 24 29 40 49
627 1254 439 1 50
414 100000 290 1 50
779 1558 545 4 29 47 49 50
634 100000 444 2 42 49
558 1116 100000 2 41 55
322 644 100000 5 22 25 34 50 55
517 1034 362 4 20 25 50 55
557 100000 390 8 0 25 32 43 48 51 52 53
428 100000 300 3 22 25 55
803 100000 100000 3 25 40 55
780 100000 546 1 59
612 1224 100000 1 59
527 100000 100000 1 59
395 100000 276 1 59
573 1146 100000 1 59
465 100000 100000 1 59
397 100000 100000 1 59
706 100000 100000 1 59
387 774 100000 1 59
833 1666 100000 1 59
505 1010 354 3 22 47 61
416 100000 291 2 67 70
434 100000 100000 3 15 64 67
435 870 304 7 33 36 39 44 54 60 71
215 100000 100000 4 62 64 65 68
849 100000 100000 8 27 31 56 57 58 63 73 74
411 822 100000 1 75
611 100000 100000 1 75
375 750 262 1 75
626 1252 100000 1 75
590 1180 100000 1 75
511 100000 100000 1 75
562 100000 100000 1 75
588 1176 412 1 75
444 888 100000 1 75
411 100000 100000 1 75
361 100000 100000 1 75
327 654 100000 2 69 76
600 100000 100000 1 77
349 698 244 1 77
495 990 100000 1 77
475 100000 332 1 77
584 100000 409 3 62 69 83
649 100000 100000 3 76 85 92
327 654 100000 4 78 89 91 93
383 100000 268 2 87 96
670 1340 469 5 61 66 69 93 95
518 100000 100000 3 84 96 98
