# Converted from 100_303.csv
100
236 472 165 0
156 100000 100000 0
211 100000 148 0
88 100000 62 0
66 100000 100000 1 2
257 100000 100000 1 2
508 1016 100000 1 0
343 686 100000 1 2
222 444 100000 1 1
451 100000 100000 1 0
26 100000 100000 1 2
54 108 38 1 0
65 100000 100000 1 3
36 100000 25 1 4
297 100000 208 1 10
473 946 100000 1 10
160 100000 100000 1 8
98 196 100000 2 4 10
151 100000 100000 1 12
429 858 100000 1 7
45 90 100000 1 5
184 100000 129 2 3 6
313 100000 219 1 15
32 64 100000 1 15
264 100000 185 1 18
506 100000 100000 1 21
326 100000 100000 1 17
191 100000 134 1 16
139 278 100000 1 17
243 100000 170 2 27 28
326 100000 228 1 25
189 378 132 1 28
150 300 100000 2 8 22
353 706 100000 1 26
200 400 100000 1 25
142 284 100000 1 26
347 694 100000 1 28
523 1046 100000 1 28
23 46 16 1 37
216 100000 100000 1 34
294 588 206 1 32
317 100000 222 2 9 30
368 736 100000 1 36
365 730 100000 1 37
299 100000 100000 1 32
235 100000 164 2 30 36
114 228 100000 1 33
97 100000 68 1 34
610 1220 427 1 31
65 100000 46 1 40
252 100000 176 2 2 41
464 100000 100000 1 39
155 310 108 1 42
479 100000 100000 1 47
135 100000 100000 2 18 38
122 100000 100000 1 51
220 100000 100000 1 52
173 346 121 1 52
386 772 270 1 54
137 274 100000 1 52
277 554 194 2 21 49
27 54 19 1 50
74 100000 100000 2 30 52
276 100000 193 1 49
238 100000 100000 1 51
553 100000 100000 1 50
105 210 74 1 60
548 100000 100000 2 55 58
66 100000 46 2 13 64
496 100000 347 2 62 63
59 118 100000 1 60
87 174 61 1 58
202 100000 100000 1 61
230 100000 100000 1 55
92 100000 100000 1 66
217 100000 100000 1 66
101 202 71 1 67
522 1044 365 1 68
52 100000 100000 1 72
122 244 100000 2 51 71
482 964 337 2 39 66
131 100000 100000 1 73
218 100000 153 3 4 64 72
242 100000 169 1 76
478 100000 100000 1 81
552 100000 100000 2 47 75
132 100000 92 1 74
356 712 100000 1 79
31 100000 22 2 75 76
469 100000 100000 3 8 77 82
198 100000 100000 1 84
74 100000 100000 1 88
581 100000 100000 1 87
271 542 100000 1 86
254 100000 100000 2 67 86
170 340 100000 2 49 89
145 100000 100000 1 85
99 100000 69 2 49 89
76 100000 53 1 85
23 100000 100000 1 86
