# Converted from 100_474.csv
100
225 450 158 0
357 100000 100000 0
308 100000 216 0
298 596 209 0
105 100000 100000 4 0 1 2 3
450 900 315 4 0 1 2 3
302 604 100000 2 4 5
62 124 43 2 4 5
398 796 100000 2 4 5
103 206 100000 2 4 5
207 414 100000 4 6 7 8 9
94 188 66 4 6 7 8 9
527 1054 369 2 10 11
60 100000 100000 2 10 11
477 100000 334 2 10 11
505 100000 100000 3 12 13 14
121 242 100000 3 12 13 14
144 288 100000 3 12 13 14
90 180 63 3 15 16 17
154 308 100000 3 15 16 17
105 100000 74 3 15 16 17
92 184 64 3 15 16 17
165 100000 100000 4 18 19 20 21
102 204 71 3 18 19 21
336 100000 100000 3 18 19 21
31 100000 22 2 18 21
40 80 100000 3 18 20 21
29 100000 20 5 22 23 24 25 26
291 100000 204 4 22 23 25 26
47 94 100000 2 23 25
189 100000 100000 4 23 24 25 26
172 344 100000 2 23 24
488 100000 100000 4 27 28 29 30
344 100000 100000 3 27 28 29
144 100000 100000 4 27 28 29 31
31 100000 100000 3 32 33 34
194 100000 100000 3 30 33 34
42 100000 29 3 32 33 34
33 66 100000 2 35 36
43 86 100000 3 35 36 37
25 100000 100000 2 35 36
366 100000 256 2 36 37
514 100000 360 2 38 39
490 100000 100000 2 38 39
101 100000 71 3 38 39 41
84 168 100000 2 41 42
192 100000 134 2 42 44
134 100000 100000 1 44
115 100000 80 2 41 42
53 100000 100000 1 48
42 84 100000 1 48
145 100000 102 1 46
93 100000 65 1 45
509 100000 100000 3 49 50 51
204 408 100000 2 50 51
27 100000 100000 2 48 52
190 100000 133 3 44 49 50
163 100000 114 2 45 51
151 302 106 2 50 51
95 100000 100000 4 40 46 47 55
30 100000 100000 1 53
77 100000 54 3 43 53 59
272 100000 190 2 40 60
26 52 100000 2 47 60
491 982 100000 1 59
140 100000 100000 2 61 64
147 294 100000 2 47 62
430 100000 301 2 49 64
413 100000 100000 4 52 56 62 63
198 100000 100000 3 57 67 68
106 212 74 4 57 65 66 67
521 1042 365 1 70
64 100000 100000 1 70
96 192 100000 1 69
24 100000 17 1 73
111 100000 78 1 73
326 100000 228 1 73
436 872 100000 3 61 74 75
135 270 100000 3 65 75 76
126 100000 100000 3 58 72 74
300 100000 100000 3 76 77 79
251 100000 100000 2 75 79
417 834 292 1 80
38 76 100000 3 78 80 81
67 134 47 2 80 81
492 100000 100000 1 80
227 454 159 2 84 85
445 890 312 2 78 85
35 100000 100000 1 85
87 100000 61 1 83
547 1094 100000 2 83 84
178 100000 125 3 71 88 90
98 100000 100000 2 89 90
516 100000 100000 1 90
70 100000 100000 1 91
346 100000 100000 1 91
405 100000 100000 2 87 95
569 1138 100000 1 94
329 100000 100000 2 93 94
102 100000 100000 2 89 94
