# Converted from 100_93.csv
100
332 100000 100000 0
323 646 100000 0
138 100000 100000 0
296 592 100000 0
199 100000 139 0
32 100000 22 0
487 974 100000 1 5
208 100000 100000 1 5
547 1094 100000 1 5
146 292 102 1 5
150 300 105 1 9
370 100000 100000 1 8
387 100000 100000 1 9
80 160 100000 1 9
516 100000 100000 1 9
419 100000 100000 1 9
575 1150 100000 2 14 15
431 100000 302 2 8 15
445 100000 100000 1 14
126 100000 88 1 15
73 100000 51 4 0 1 2 16
218 100000 153 2 8 19
256 100000 179 1 19
311 622 100000 1 19
513 1026 100000 2 18 19
542 100000 100000 1 20
165 330 100000 1 20
218 100000 100000 1 20
539 100000 377 1 20
321 642 100000 1 20
74 100000 100000 1 20
171 100000 120 1 20
589 100000 100000 1 20
436 100000 100000 1 20
142 100000 99 1 20
197 100000 100000 1 20
333 100000 233 1 20
262 524 100000 4 7 12 13 22
257 514 100000 1 24
77 100000 54 8 18 25 26 28 29 33 34 35
224 448 157 1 37
32 64 100000 1 37
344 688 241 1 37
45 100000 31 1 37
276 552 100000 1 37
225 450 100000 1 37
54 100000 100000 1 37
296 100000 100000 1 37
313 626 219 1 37
173 100000 121 1 37
464 928 100000 4 24 25 31 33
327 654 100000 7 25 32 33 41 46 48 49
57 100000 100000 2 50 51
474 948 332 4 8 31 36 51
574 1148 100000 4 27 28 29 51
91 182 64 5 8 28 35 50 51
413 100000 100000 7 10 17 21 39 47 52 55
77 100000 54 4 8 26 35 54
470 100000 100000 1 55
247 100000 100000 6 8 26 40 42 47 54
339 100000 100000 1 56
61 100000 100000 1 56
97 194 100000 1 56
36 100000 100000 1 56
465 930 326 1 56
206 412 100000 1 56
63 100000 44 1 56
161 100000 113 2 54 56
488 100000 342 6 3 6 11 54 63 66
178 356 125 4 23 42 61 67
103 100000 72 3 44 63 64
185 370 100000 2 23 62
511 100000 100000 1 68
29 100000 100000 1 68
222 444 155 1 68
215 100000 150 1 68
74 100000 100000 1 68
142 284 99 1 68
510 100000 357 3 54 62 70
269 100000 100000 3 59 70 71
107 214 75 5 72 74 77 78 79
117 100000 100000 2 76 80
350 100000 100000 2 60 80
345 100000 100000 3 30 43 80
313 100000 219 7 4 53 57 58 69 81 82
359 100000 251 2 76 83
123 246 86 3 45 76 83
89 178 62 1 84
506 100000 100000 1 84
156 312 100000 1 84
526 1052 100000 1 84
256 100000 100000 1 84
311 622 100000 1 84
366 100000 100000 1 84
461 100000 100000 1 84
132 100000 92 1 84
132 100000 92 1 84
217 100000 152 1 84
145 290 100000 1 84
150 300 100000 1 84
