# Converted from 100_225.csv
100
577 1154 404 0
379 100000 265 0
386 772 100000 0
742 1484 519 0
652 100000 100000 0
546 100000 100000 0
634 100000 444 0
325 100000 100000 1 0
469 100000 100000 1 1
609 100000 100000 1 5
663 100000 464 1 2
452 100000 100000 1 6
403 100000 100000 2 1 6
527 1054 369 1 7
536 100000 375 1 9
481 100000 337 1 8
558 100000 100000 1 11
394 100000 100000 1 11
571 1142 100000 1 10
488 976 342 1 9
538 1076 100000 1 13
509 100000 100000 1 14
418 836 100000 1 15
563 100000 100000 1 16
483 966 100000 2 18 19
321 100000 100000 1 19
392 100000 100000 1 19
483 100000 100000 1 18
473 946 331 1 20
610 1220 100000 1 21
571 1142 100000 1 24
792 100000 554 1 22
668 100000 468 1 23
607 100000 425 1 25
455 910 100000 2 16 26
647 1294 100000 1 24
523 100000 100000 1 26
730 100000 511 1 25
477 954 100000 1 27
308 616 216 1 28
338 100000 237 1 33
493 986 100000 1 34
327 100000 100000 1 29
286 572 200 1 30
582 1164 407 2 31 35
665 1330 465 1 32
372 744 100000 1 34
495 990 100000 1 36
551 100000 100000 1 40
388 100000 100000 1 41
420 100000 100000 1 44
422 100000 295 1 42
489 978 100000 1 43
655 100000 458 1 39
415 100000 100000 2 44 45
487 974 341 2 27 44
475 950 100000 1 45
628 100000 100000 1 47
532 100000 100000 1 54
274 100000 100000 1 55
739 100000 100000 1 48
292 100000 204 1 50
436 872 305 1 51
349 698 244 1 52
449 100000 100000 1 49
450 100000 100000 1 53
491 100000 344 1 63
537 1074 376 1 58
640 100000 100000 1 59
591 1182 414 1 60
351 702 246 1 61
424 848 100000 1 62
485 100000 340 2 63 64
496 100000 100000 1 63
386 100000 100000 2 26 65
289 578 100000 1 64
544 100000 381 1 72
462 924 100000 1 66
505 1010 354 1 67
561 100000 100000 1 68
695 1390 100000 1 71
402 100000 100000 2 69 70
393 786 100000 1 74
685 100000 100000 1 75
618 100000 433 1 74
496 992 100000 2 38 73
468 100000 328 1 72
495 100000 346 1 76
427 100000 299 1 77
608 100000 426 1 79
538 100000 377 2 78 80
345 690 100000 1 83
356 100000 100000 2 55 86
621 1242 100000 1 88
495 100000 100000 1 89
556 100000 389 1 87
480 100000 336 1 90
471 942 100000 1 90
266 100000 100000 1 90
762 100000 100000 2 53 90
