# Converted from 100_383.csv
100
200 400 100000 0
124 248 100000 0
56 100000 100000 0
42 84 29 0
285 570 200 0
240 100000 168 2 1 3
164 328 115 1 1
437 100000 100000 3 0 3 4
349 100000 100000 1 0
36 100000 25 1 1
394 788 276 2 7 8
50 100000 100000 1 8
105 210 100000 2 3 6
273 100000 100000 1 6
85 170 59 1 9
32 100000 22 3 10 11 14
174 348 100000 2 10 12
538 1076 377 1 11
311 622 218 2 15 17
475 100000 100000 2 15 17
107 100000 75 2 15 16
118 236 83 2 15 17
101 100000 71 1 16
63 126 100000 2 14 17
425 850 100000 3 13 14 16
230 460 100000 3 18 19 22
325 100000 227 1 18
114 228 100000 3 2 18 21
473 946 100000 2 2 20
171 342 100000 2 23 24
349 698 244 2 19 21
100 100000 100000 4 25 27 29 30
161 322 100000 1 27
408 100000 100000 1 29
188 376 100000 1 29
162 324 113 2 25 30
72 100000 100000 2 20 27
543 1086 380 3 13 26 30
181 100000 127 2 12 30
471 942 100000 2 31 37
355 100000 100000 2 20 32
493 100000 100000 2 28 38
32 100000 100000 3 5 22 34
54 100000 100000 2 35 38
104 100000 100000 1 42
422 100000 295 1 40
146 100000 102 1 43
252 100000 100000 1 41
293 586 100000 2 15 42
499 100000 349 2 31 43
172 100000 100000 1 43
102 100000 100000 2 44 50
410 100000 100000 2 35 45
121 100000 100000 3 43 44 48
308 100000 100000 1 50
184 100000 129 1 46
449 898 314 3 34 43 45
38 100000 100000 1 54
89 178 100000 4 26 27 51 53
478 100000 335 4 41 42 50 56
456 100000 319 3 37 48 52
479 100000 100000 3 44 54 56
110 100000 77 3 36 38 60
165 330 115 1 59
103 100000 72 3 37 45 57
27 100000 100000 2 47 59
582 1164 100000 1 60
69 100000 100000 1 66
185 100000 100000 2 62 64
370 100000 259 1 65
195 100000 100000 2 31 64
253 100000 100000 2 39 62
208 416 146 2 53 63
45 100000 31 1 66
79 100000 100000 2 41 71
292 584 204 1 72
39 78 27 2 54 73
347 100000 100000 3 41 42 70
336 672 100000 1 69
134 100000 94 2 62 72
139 278 100000 1 74
500 100000 350 1 74
378 100000 100000 3 49 67 74
372 100000 260 3 59 73 77
65 100000 46 3 37 75 78
324 648 100000 2 37 75
534 1068 100000 1 74
242 100000 100000 1 82
67 100000 100000 2 68 86
79 100000 100000 3 59 76 80
562 100000 393 3 64 66 85
610 1220 100000 1 86
412 100000 100000 2 58 86
114 228 100000 2 80 92
505 1010 354 3 46 88 90
423 100000 296 2 59 88
86 100000 100000 3 63 88 89
30 100000 100000 3 78 87 89
77 100000 100000 2 77 88
41 82 100000 2 89 92
