# Converted from 100_335.csv
100
41 100000 29 0
94 100000 66 0
211 422 148 0
21 100000 15 0
54 100000 100000 0
108 216 76 0
32 100000 100000 0
69 138 100000 0
203 100000 100000 1 7
49 100000 100000 1 1
145 290 100000 1 3
101 100000 100000 1 0
179 358 100000 1 4
36 100000 100000 1 1
32 64 100000 1 6
217 100000 100000 1 5
81 100000 100000 1 7
86 172 100000 1 10
67 100000 100000 1 9
99 198 100000 1 15
96 192 100000 1 11
52 100000 36 2 13 20
175 350 100000 1 19
79 158 55 1 19
146 292 100000 1 19
76 100000 100000 1 19
133 100000 93 1 17
173 100000 121 2 6 19
119 238 100000 1 18
149 100000 104 1 19
246 100000 172 1 20
171 342 100000 1 24
233 100000 100000 1 26
29 100000 100000 1 28
282 100000 197 1 30
158 100000 100000 1 25
26 100000 100000 1 21
181 100000 100000 1 24
130 100000 100000 1 29
57 100000 100000 1 29
131 100000 100000 1 29
282 564 197 1 32
153 100000 100000 2 4 33
177 100000 124 1 36
120 100000 84 1 35
35 70 24 1 33
35 100000 100000 2 31 37
134 100000 100000 1 31
345 690 100000 2 15 34
156 312 100000 3 15 34 36
97 100000 68 1 48
147 294 103 1 48
40 100000 28 2 41 43
127 254 89 1 49
208 416 146 1 43
25 50 100000 1 41
136 100000 100000 1 42
118 236 100000 2 42 47
30 60 100000 1 49
127 100000 100000 1 56
28 100000 100000 3 3 16 57
195 100000 136 1 55
153 306 100000 1 56
26 100000 18 2 48 55
30 60 21 1 50
223 100000 100000 1 50
180 100000 100000 2 39 50
277 100000 194 2 40 52
94 100000 100000 1 58
74 100000 100000 2 43 66
121 242 85 2 48 60
200 400 100000 1 68
246 100000 172 2 17 60
121 242 100000 1 67
143 100000 100 1 64
81 100000 100000 1 68
115 100000 100000 2 64 66
68 100000 100000 1 69
70 140 100000 1 69
107 214 75 1 71
144 100000 100000 2 53 70
62 124 43 1 72
132 100000 100000 2 6 73
125 100000 88 1 71
21 42 15 1 74
74 100000 52 1 76
209 100000 146 1 77
198 100000 139 1 85
116 232 81 1 85
117 100000 100000 3 37 78 79
148 100000 100000 2 77 85
242 484 169 1 86
174 100000 122 1 86
123 100000 100000 2 56 86
92 184 100000 1 86
164 328 115 2 44 89
117 100000 100000 2 49 88
115 230 100000 1 90
78 156 100000 2 55 87
229 458 160 3 73 88 90
