# Converted from 100_80.csv
100
258 516 100000 0
417 100000 100000 0
323 646 226 0
603 100000 100000 0
418 100000 100000 0
116 232 81 0
388 100000 100000 0
166 100000 100000 0
58 100000 41 1 7
202 100000 100000 1 7
205 410 100000 1 7
32 64 22 1 7
167 100000 100000 1 7
211 422 148 1 7
159 318 100000 1 7
23 46 100000 1 7
466 100000 326 1 7
196 100000 100000 1 15
64 100000 45 1 16
149 100000 100000 7 3 4 8 9 10 11 12
51 102 36 1 16
156 100000 100000 1 15
171 342 120 7 0 1 2 17 18 20 21
21 42 15 1 19
325 100000 227 1 19
187 374 100000 1 19
128 100000 100000 1 19
180 360 100000 1 19
243 486 170 1 20
202 100000 100000 1 19
480 960 100000 1 21
428 100000 100000 1 22
42 84 100000 1 22
200 100000 100000 1 22
80 160 100000 1 22
139 278 100000 1 22
235 100000 100000 5 22 25 26 27 28
103 100000 72 4 22 24 27 28
477 100000 100000 1 22
532 100000 372 5 25 30 31 34 37
150 300 100000 3 34 37 38
344 688 241 3 23 34 37
165 330 115 4 29 33 34 37
106 100000 100000 2 27 31
53 100000 100000 1 42
80 160 56 3 26 32 42
181 362 127 2 38 42
160 100000 112 2 25 43
269 100000 100000 1 43
185 100000 100000 1 42
143 100000 100000 2 25 43
368 736 100000 3 37 47 50
116 100000 81 2 30 46
204 408 100000 1 49
306 100000 100000 1 53
239 478 167 1 52
182 364 127 3 23 52 53
266 532 186 2 25 52
549 100000 100000 6 5 39 40 54 55 56
191 382 134 2 31 57
144 288 100000 1 57
454 100000 100000 1 57
219 100000 100000 2 35 57
42 100000 29 2 53 57
356 712 100000 1 58
297 100000 100000 1 58
606 100000 100000 1 58
82 100000 100000 1 58
403 806 100000 1 58
481 962 100000 3 23 26 62
116 232 81 9 6 13 14 23 36 45 51 59 60
97 194 100000 1 58
301 100000 211 2 48 71
86 100000 100000 1 70
480 100000 100000 1 70
284 100000 100000 1 70
75 150 52 1 70
28 100000 20 1 70
150 100000 100000 1 70
98 100000 69 1 70
208 416 146 1 70
146 100000 100000 1 68
120 100000 100000 3 62 64 70
527 100000 369 1 74
154 100000 108 4 53 74 76 79
331 100000 100000 4 64 66 75 81
299 100000 100000 5 41 44 69 72 83
219 438 100000 2 79 85
131 262 92 2 66 84
152 100000 106 1 86
101 100000 100000 1 86
178 100000 125 1 86
48 100000 100000 1 86
232 100000 100000 1 87
203 100000 142 2 85 91
166 100000 116 4 78 79 80 90
237 474 100000 2 65 89
30 100000 21 1 94
220 100000 154 2 61 94
93 100000 100000 4 64 73 88 95
