# Converted from 100_10.csv
100
31 62 100000 0
92 100000 64 0
541 100000 100000 0
229 100000 100000 0
200 400 140 0
42 100000 29 0
172 344 120 0
109 218 100000 0
126 252 100000 0
125 250 100000 0
211 100000 100000 0
588 100000 412 0
200 400 100000 5 0 1 2 3 4
375 750 262 1 8
131 262 92 1 6
200 100000 100000 1 5
168 100000 100000 1 6
29 100000 100000 1 10
100 100000 100000 1 7
132 100000 92 1 7
35 100000 100000 2 6 9
180 100000 100000 1 10
198 100000 100000 1 8
542 100000 100000 1 12
212 100000 100000 1 12
63 100000 44 1 12
213 100000 100000 1 12
218 436 153 1 21
296 100000 100000 1 15
144 100000 100000 1 16
487 974 100000 1 14
455 100000 100000 1 22
78 156 100000 2 9 19
110 220 77 1 18
147 294 100000 1 31
458 100000 321 1 24
65 130 46 1 23
89 178 100000 1 28
32 100000 22 1 29
542 100000 379 1 30
82 164 57 1 23
111 100000 100000 1 31
463 926 100000 1 36
158 316 100000 1 37
90 180 100000 1 40
303 100000 212 2 38 39
429 100000 100000 1 41
256 100000 100000 1 41
361 100000 253 1 41
23 46 100000 1 48
155 310 100000 1 47
321 642 225 1 42
30 100000 100000 1 43
22 100000 100000 1 44
42 100000 100000 1 46
260 100000 100000 1 45
149 100000 100000 2 11 48
20 100000 14 1 55
129 100000 90 1 56
235 100000 164 1 52
137 274 100000 1 54
249 100000 174 1 53
196 100000 137 1 51
187 100000 100000 1 55
65 100000 46 1 55
52 104 36 1 54
195 100000 136 8 13 27 34 35 49 50 57 58
219 438 100000 1 61
205 100000 100000 1 59
64 128 45 1 60
47 100000 33 2 17 65
463 100000 324 1 64
145 100000 102 1 63
41 82 100000 1 63
168 100000 100000 1 62
111 100000 78 1 63
228 456 100000 1 66
241 482 100000 1 66
486 100000 100000 1 66
91 182 64 1 66
253 100000 177 1 67
37 100000 26 2 68 72
546 1092 382 1 69
197 100000 138 2 24 74
183 366 100000 2 26 74
347 100000 100000 3 47 70 75
27 100000 100000 1 80
167 334 100000 1 76
86 172 100000 4 18 23 70 82
489 978 100000 1 79
58 116 41 1 82
162 324 100000 2 72 77
203 100000 100000 1 77
418 100000 100000 1 86
191 100000 100000 2 18 87
371 100000 100000 1 89
86 172 100000 1 94
483 100000 100000 1 93
577 1154 404 2 8 93
527 100000 369 1 93
