# Converted from 100_419.csv
100
255 100000 100000 0
40 80 100000 0
109 100000 100000 0
62 124 100000 0
41 100000 100000 0
265 100000 186 0
316 632 100000 0
89 178 100000 1 4
29 58 20 2 1 4
85 100000 100000 1 6
298 100000 100000 1 6
146 292 100000 3 7 8 9
180 100000 100000 4 7 8 9 10
311 100000 100000 3 4 9 10
84 168 100000 2 7 9
109 100000 100000 2 8 10
134 100000 94 2 14 15
80 100000 56 2 12 15
223 446 100000 1 14
88 100000 62 1 13
109 218 100000 1 15
144 100000 101 1 14
144 100000 101 3 18 19 20
23 100000 16 3 17 19 20
48 100000 34 1 21
268 536 100000 1 16
108 100000 76 2 13 16
120 100000 100000 3 8 13 21
240 100000 100000 3 22 25 27
301 100000 100000 2 22 23
238 100000 100000 1 26
74 148 100000 1 22
112 224 100000 1 26
183 366 128 2 24 26
122 100000 100000 2 17 26
158 100000 111 1 22
126 252 100000 2 29 31
58 116 100000 3 5 20 30
199 100000 139 1 28
82 164 57 1 29
113 226 79 2 29 31
157 100000 110 3 3 20 30
374 100000 100000 3 12 30 38
59 100000 100000 1 41
159 100000 100000 4 29 30 33 38
117 100000 100000 2 42 44
134 268 94 2 23 42
252 100000 176 1 44
97 194 100000 2 43 44
263 526 100000 2 5 44
40 100000 100000 3 29 32 43
231 100000 100000 3 0 25 50
134 268 94 2 43 49
122 244 100000 2 43 46
164 100000 115 3 31 43 45
27 54 100000 1 48
83 166 100000 2 5 55
187 100000 100000 3 46 51 55
190 380 100000 2 11 55
251 502 176 2 50 54
121 100000 100000 2 50 55
77 100000 54 2 39 56
35 100000 24 2 42 56
25 100000 100000 4 2 35 39 58
79 100000 100000 2 39 59
167 100000 100000 3 39 56 60
115 100000 80 2 50 58
198 100000 100000 2 40 60
225 100000 158 3 46 54 60
113 226 79 2 62 68
162 100000 100000 2 32 61
59 118 41 3 53 59 67
108 216 76 3 0 56 66
93 100000 65 3 0 60 62
20 40 100000 2 50 62
134 100000 94 3 2 64 67
73 100000 51 2 72 73
295 100000 206 1 73
51 102 36 1 71
22 44 100000 1 72
86 172 100000 2 68 79
85 170 100000 3 59 77 79
205 100000 144 4 5 35 66 78
103 100000 100000 4 35 45 53 76
95 100000 66 2 75 76
106 212 100000 3 59 65 76
78 100000 100000 4 63 80 82 85
27 100000 100000 2 79 84
171 100000 120 5 52 61 63 74 85
134 100000 94 2 75 83
42 100000 100000 4 47 61 78 80
267 534 100000 3 36 82 84
75 100000 52 1 84
288 100000 100000 3 74 86 91
146 100000 102 2 47 88
233 466 100000 2 52 87
155 310 100000 2 80 92
167 100000 100000 1 92
120 240 84 2 51 86
171 342 100000 3 52 87 91
