# Converted from 100_120.csv
100
27 100000 19 0
165 100000 115 0
44 100000 31 0
146 100000 102 0
191 382 100000 1 3
62 124 100000 1 3
238 100000 100000 1 5
131 262 100000 1 5
58 100000 41 1 5
40 80 100000 1 5
175 350 122 1 5
126 100000 88 1 5
227 454 159 1 11
26 52 100000 1 11
104 100000 100000 1 11
57 100000 40 1 11
96 192 100000 1 11
38 76 100000 1 11
159 100000 111 1 11
245 100000 100000 1 18
95 100000 100000 1 18
240 100000 168 1 18
80 100000 100000 1 18
103 100000 100000 1 18
138 276 100000 1 18
99 100000 100000 1 18
131 262 92 9 0 12 13 14 15 19 20 21 22
167 334 117 1 25
49 100000 34 1 25
175 100000 122 1 25
52 100000 100000 1 26
61 100000 43 1 26
87 100000 100000 1 26
137 100000 100000 1 26
28 100000 20 1 26
252 100000 176 1 26
25 100000 18 1 26
72 144 100000 1 26
114 228 100000 1 26
272 100000 190 1 26
119 238 100000 1 26
276 552 100000 2 26 29
61 100000 100000 5 31 32 34 37 39
222 100000 100000 5 25 34 36 37 39
50 100000 100000 9 2 9 10 17 24 30 32 34 36
104 100000 73 2 34 38
142 284 99 2 25 45
246 492 100000 3 25 32 45
65 130 46 5 25 31 33 39 44
118 236 83 4 25 31 39 44
87 174 100000 4 25 36 39 45
84 100000 100000 3 25 37 44
40 100000 100000 1 44
262 100000 100000 1 44
199 100000 100000 1 44
80 100000 56 1 44
158 100000 100000 1 44
43 86 30 1 44
111 100000 100000 1 44
191 100000 134 1 44
37 74 100000 3 29 44 45
200 400 140 6 41 52 53 54 55 57
97 194 100000 6 52 53 54 55 57 60
222 444 100000 4 29 53 54 58
28 56 100000 3 56 62 63
81 100000 100000 4 33 56 62 63
160 100000 100000 2 64 65
114 100000 100000 2 37 64
86 172 100000 4 39 59 64 65
111 222 100000 3 41 59 64
89 100000 100000 2 40 64
205 410 100000 11 1 23 27 42 46 47 61 66 67 68 69
313 100000 219 1 70
235 100000 100000 1 71
29 100000 100000 1 71
105 100000 74 1 71
54 100000 38 1 71
188 100000 100000 1 72
334 100000 100000 3 70 73 76
22 100000 100000 2 74 77
115 230 100000 2 72 73
89 100000 62 2 40 74
163 100000 100000 4 35 72 73 74
208 100000 146 9 4 6 7 43 48 49 78 79 80
105 210 100000 7 8 16 28 35 50 51 81
101 202 71 1 82
206 412 144 1 83
165 100000 115 1 83
153 100000 100000 1 83
70 140 100000 1 83
196 392 137 1 83
199 100000 100000 1 84
161 100000 113 1 84
181 362 100000 1 84
128 256 100000 1 84
245 490 172 1 84
87 174 61 1 84
95 100000 100000 1 84
201 100000 100000 1 84
243 100000 100000 1 84
