# Converted from 100_411.csv
100
241 100000 169 0
109 218 100000 0
70 100000 100000 0
41 82 100000 0
168 100000 100000 0
67 134 100000 0
119 100000 83 3 1 2 5
83 100000 58 1 5
224 448 100000 1 5
55 100000 38 2 1 5
124 100000 100000 1 2
195 100000 100000 1 0
269 100000 188 1 6
131 100000 92 2 4 10
78 156 100000 1 9
33 100000 100000 2 4 6
102 100000 71 2 4 6
306 612 214 3 12 13 16
119 238 83 2 13 15
198 100000 139 1 13
92 184 100000 1 13
259 100000 100000 1 13
23 100000 100000 2 16 21
35 100000 24 1 18
156 312 109 2 5 21
199 100000 100000 2 9 20
313 626 100000 1 18
63 100000 100000 3 1 8 21
203 100000 100000 2 6 21
125 250 100000 2 5 21
265 100000 186 4 12 19 26 28
108 100000 100000 1 25
48 100000 100000 2 7 24
118 100000 83 3 1 20 29
184 368 100000 2 3 25
56 112 100000 3 1 19 24
183 100000 128 3 0 30 32
223 446 100000 1 33
220 100000 100000 4 8 16 34 35
63 100000 44 1 37
113 226 100000 3 20 27 36
114 228 80 2 23 37
65 100000 100000 3 15 17 38
208 100000 100000 2 22 38
135 270 100000 3 3 25 37
227 100000 159 3 31 36 38
169 100000 118 2 40 42
258 516 100000 1 42
200 400 100000 2 43 45
195 100000 136 3 34 39 40
118 100000 83 2 40 42
79 100000 100000 1 50
131 262 92 1 48
171 100000 120 2 33 50
174 100000 100000 3 27 33 48
157 314 100000 2 37 48
100 100000 70 1 50
99 100000 100000 2 54 56
123 246 100000 1 52
126 100000 88 1 52
86 100000 100000 2 44 51
243 486 100000 3 44 46 54
138 276 100000 2 49 60
69 100000 100000 1 61
142 284 99 1 61
67 100000 100000 1 60
66 132 46 2 33 58
270 100000 100000 3 47 61 66
140 100000 100000 2 46 65
62 100000 100000 2 23 63
55 100000 38 4 31 41 43 62
22 44 15 2 49 66
197 100000 138 1 63
270 540 189 1 70
25 50 18 1 72
91 182 100000 2 47 71
241 482 169 1 72
225 100000 158 3 11 23 71
145 100000 102 1 69
214 428 100000 1 70
186 372 100000 1 67
106 100000 100000 3 53 58 68
83 100000 58 3 51 58 74
26 100000 100000 1 78
151 302 100000 2 68 80
164 328 100000 1 78
148 296 100000 4 53 62 75 78
113 100000 100000 2 78 79
66 132 100000 2 56 87
151 100000 100000 3 84 86 87
224 100000 100000 2 76 83
215 100000 150 1 82
166 332 100000 4 41 69 76 84
264 100000 100000 2 84 86
71 142 100000 2 82 86
88 100000 62 1 89
87 100000 61 2 52 88
83 100000 58 1 88
51 102 100000 3 41 93 94
46 100000 100000 4 65 79 86 91
