# Converted from 100_61.csv
100
800 100000 100000 0
404 808 283 0
452 904 100000 0
320 640 100000 0
713 1426 100000 0
676 100000 100000 0
509 1018 356 0
503 100000 352 0
498 996 349 1 4
580 100000 100000 1 5
394 100000 276 1 4
375 100000 100000 1 5
692 100000 484 1 1
616 100000 431 1 0
441 882 309 1 2
584 100000 100000 1 5
413 826 289 1 4
587 1174 100000 1 6
254 100000 178 1 4
336 672 235 1 18
435 100000 100000 1 13
625 1250 100000 1 12
413 100000 100000 1 15
343 100000 240 1 14
486 100000 100000 1 18
639 100000 100000 2 5 18
607 100000 100000 2 6 15
309 100000 216 1 16
685 1370 479 2 16 18
661 1322 100000 1 24
451 100000 316 1 26
453 100000 100000 1 20
264 100000 100000 1 23
649 1298 454 1 21
551 100000 386 1 22
689 100000 100000 1 24
411 822 100000 1 25
467 934 100000 1 25
466 932 100000 1 24
557 100000 390 1 25
641 100000 100000 3 3 31 34
502 100000 100000 1 32
451 100000 316 1 35
330 100000 100000 1 36
563 100000 100000 1 33
470 940 100000 1 38
436 872 100000 1 38
612 100000 100000 1 38
489 978 100000 1 37
300 100000 100000 1 38
517 1034 362 2 41 43
417 834 292 1 42
501 1002 100000 1 45
569 1138 398 1 49
361 100000 100000 1 47
548 100000 100000 1 48
507 100000 100000 2 3 53
719 100000 100000 1 52
484 100000 339 1 55
550 100000 385 2 48 54
492 984 100000 1 54
542 1084 100000 2 16 54
484 100000 339 2 5 52
361 100000 100000 1 51
573 100000 100000 2 39 51
541 100000 100000 7 8 9 10 29 30 50 56
361 100000 253 6 11 19 40 57 58 59
603 100000 100000 1 61
279 100000 195 1 60
434 100000 304 1 61
500 100000 100000 2 49 63
561 100000 100000 1 63
565 1130 396 2 52 63
575 100000 402 1 62
325 650 100000 1 65
356 712 249 1 65
665 1330 465 1 65
254 100000 100000 1 65
616 100000 431 1 66
555 1110 100000 1 66
483 966 338 1 66
486 972 100000 1 66
483 966 338 1 66
640 100000 100000 1 67
552 100000 100000 3 48 51 67
467 934 100000 1 68
547 100000 383 1 83
588 100000 100000 1 75
522 100000 100000 1 76
764 100000 535 1 78
577 1154 100000 2 64 79
351 702 246 1 85
629 100000 100000 1 86
532 100000 100000 2 6 90
444 100000 311 2 82 91
429 858 100000 1 88
424 848 100000 1 92
444 100000 311 2 49 93
584 100000 100000 1 95
517 1034 100000 1 93
