# Converted from 100_102.csv
100
30 60 100000 0
92 100000 100000 0
156 100000 109 0
130 100000 91 0
111 222 100000 0
146 100000 100000 1 2
136 100000 100000 1 2
92 100000 100000 1 4
42 84 100000 1 4
118 100000 83 1 3
164 328 100000 1 2
196 392 137 1 4
100 100000 100000 1 3
59 118 41 5 1 6 7 8 11
45 90 100000 2 10 11
153 306 107 1 12
113 226 100000 1 11
122 100000 100000 1 12
161 100000 113 1 12
123 100000 100000 2 13 18
208 100000 100000 1 13
127 254 89 1 13
83 166 58 1 13
162 100000 100000 1 13
277 100000 100000 1 13
132 100000 92 4 9 14 15 16
110 220 100000 1 17
230 460 100000 1 13
156 100000 100000 1 25
204 408 143 1 25
88 100000 100000 1 25
224 100000 157 1 25
219 438 153 1 25
84 168 59 1 25
190 380 133 1 25
99 100000 100000 3 22 25 26
77 100000 100000 3 32 33 35
28 100000 100000 4 20 26 32 33
273 546 100000 2 31 32
65 130 46 1 37
301 100000 100000 2 36 37
226 100000 100000 1 38
163 326 114 2 31 37
64 100000 45 2 35 38
113 226 79 2 20 38
68 136 100000 3 20 35 38
194 100000 100000 2 24 36
154 308 100000 4 41 42 43 45
55 110 38 5 24 34 41 42 43
164 100000 115 2 41 46
183 100000 128 2 41 43
154 308 108 3 21 41 44
41 100000 100000 4 17 22 28 41
63 100000 100000 1 41
128 100000 100000 2 18 53
120 100000 100000 1 51
165 330 115 2 23 51
141 100000 99 2 20 52
100 200 100000 1 52
196 100000 100000 1 57
115 100000 100000 2 56 57
296 592 100000 2 23 57
138 276 100000 2 36 56
175 100000 122 1 60
160 100000 112 3 36 37 61
143 286 100000 5 30 46 51 58 61
162 100000 113 3 42 60 62
72 100000 100000 2 24 60
134 100000 100000 8 0 39 47 48 55 63 64 65
160 100000 100000 1 66
20 100000 100000 2 53 67
67 100000 100000 1 68
23 100000 100000 1 68
197 394 100000 1 68
108 216 76 1 68
53 100000 100000 1 70
59 100000 100000 1 68
84 100000 59 2 74 76
226 100000 100000 6 30 40 49 50 69 75
99 198 69 4 29 71 72 76
220 100000 154 2 71 74
67 100000 47 6 5 19 54 59 77 78
71 100000 100000 1 78
199 398 139 1 78
87 100000 100000 1 78
57 100000 100000 1 78
215 430 150 1 78
173 346 100000 1 78
43 100000 100000 2 67 79
65 100000 100000 1 81
144 100000 101 1 81
75 100000 100000 1 81
162 324 113 1 81
106 100000 74 2 78 88
99 198 69 2 74 87
47 94 100000 2 88 89
175 100000 100000 1 91
67 100000 100000 4 73 87 89 93
219 438 100000 3 73 84 90
114 100000 80 2 18 93
