# Converted from 100_29.csv
100
100 100000 100000 0
30 60 100000 0
167 100000 100000 0
28 100000 100000 0
96 192 67 0
255 510 100000 0
29 100000 100000 0
269 538 100000 0
63 100000 44 0
94 188 100000 0
128 100000 100000 0
98 100000 100000 1 10
246 100000 100000 1 7
114 100000 80 1 3
24 48 100000 1 5
241 482 169 1 6
74 100000 52 1 4
275 100000 100000 1 9
83 100000 58 1 5
67 100000 47 1 9
120 240 100000 1 5
249 498 100000 1 8
246 100000 172 4 0 1 2 11
194 100000 136 1 21
220 440 154 1 14
169 100000 100000 1 15
268 536 100000 1 17
53 100000 37 1 13
53 106 100000 1 16
102 100000 71 1 20
182 364 127 1 17
28 56 100000 1 19
72 100000 50 1 22
210 100000 100000 1 22
28 56 20 1 22
87 100000 61 1 22
71 100000 50 1 22
64 128 100000 1 22
210 100000 147 1 24
146 292 100000 1 26
214 100000 100000 2 10 25
33 100000 23 1 28
92 184 100000 1 28
117 100000 82 1 28
130 260 100000 1 30
244 488 100000 1 30
161 100000 100000 1 35
30 60 100000 1 34
85 100000 100000 1 38
145 290 100000 1 39
371 100000 260 2 5 37
160 100000 112 1 45
158 100000 100000 1 36
259 518 181 2 40 45
31 62 100000 4 12 23 46 47
131 100000 100000 1 48
72 100000 50 1 50
211 100000 100000 1 51
53 100000 100000 1 49
34 100000 100000 1 51
393 786 100000 1 50
45 100000 31 2 44 50
262 100000 100000 1 53
230 460 161 1 54
388 100000 100000 1 54
157 100000 100000 1 54
52 100000 100000 1 54
65 130 100000 1 54
156 100000 100000 1 54
120 100000 100000 1 54
25 100000 18 1 54
176 100000 123 1 54
29 100000 100000 1 54
200 100000 100000 1 55
135 270 100000 1 56
159 100000 111 1 57
106 100000 74 2 22 58
300 600 210 3 73 74 75
136 272 95 1 65
140 100000 100000 1 63
157 314 110 1 63
195 100000 100000 1 66
184 368 100000 2 67 76
34 100000 24 1 82
225 100000 100000 1 82
197 100000 138 1 79
128 256 100000 2 7 77
71 142 50 2 80 81
106 100000 74 1 81
213 426 100000 1 83
121 242 100000 1 87
197 100000 100000 2 59 84
74 148 100000 1 87
143 286 100 1 89
32 100000 22 3 45 67 90
41 100000 100000 2 90 91
149 298 100000 3 40 63 91
116 232 81 3 43 71 90
136 100000 100000 1 93
122 100000 100000 1 97
