# Converted from 100_498.csv
100
58 100000 100000 0
88 100000 100000 0
72 144 100000 0
240 100000 168 2 0 2
193 100000 100000 2 1 2
54 100000 100000 3 0 1 2
222 444 100000 2 1 2
208 100000 146 4 3 4 5 6
45 90 31 4 3 4 5 6
89 178 100000 4 3 4 5 6
140 100000 100000 3 7 8 9
76 100000 100000 3 7 8 9
206 100000 100000 2 10 11
54 108 38 2 10 11
89 100000 100000 2 10 11
55 110 100000 2 10 11
197 100000 138 4 12 13 14 15
297 100000 100000 3 12 13 15
113 226 79 4 12 13 14 15
153 100000 100000 4 12 13 14 15
266 100000 100000 4 16 17 18 19
78 100000 100000 3 16 17 18
113 226 100000 3 16 17 19
116 232 100000 2 16 19
188 376 100000 3 16 18 19
165 100000 115 4 20 21 23 24
76 100000 100000 4 20 21 22 24
97 194 68 4 20 21 23 24
58 116 41 5 20 21 22 23 24
59 118 100000 4 25 26 27 28
30 100000 100000 4 25 26 27 28
69 138 48 2 29 30
152 304 100000 1 31
61 100000 43 1 31
215 100000 150 1 31
126 252 100000 1 31
98 196 69 3 32 33 34
185 370 100000 4 32 33 34 35
154 100000 108 3 32 33 35
132 100000 92 3 32 33 34
84 168 59 3 32 33 35
36 100000 25 4 36 38 39 40
134 100000 100000 5 36 37 38 39 40
94 188 100000 3 37 38 39
161 322 113 3 38 39 40
134 268 94 2 41 44
148 296 100000 2 41 43
38 100000 100000 3 37 41 44
166 332 100000 2 45 46
51 102 36 2 37 45
249 100000 100000 2 37 45
56 100000 100000 2 48 50
156 100000 100000 2 48 50
247 100000 100000 2 46 49
136 100000 100000 2 48 50
117 100000 82 2 48 50
28 100000 100000 4 51 53 54 55
145 290 100000 3 51 54 55
46 92 32 2 54 55
239 100000 167 2 56 57
98 100000 69 2 56 57
21 100000 15 2 57 58
22 44 15 1 57
60 120 100000 1 57
190 100000 100000 1 57
102 204 71 3 59 60 61
288 576 100000 3 56 61 64
231 100000 100000 1 60
229 100000 160 3 59 61 62
71 100000 100000 2 53 64
282 564 197 2 66 69
111 100000 100000 2 67 70
46 100000 32 1 70
219 100000 153 1 72
134 100000 100000 3 42 63 72
231 100000 162 2 42 71
346 100000 100000 3 42 65 72
170 340 100000 3 65 73 75
150 100000 100000 2 47 77
104 208 100000 2 76 77
55 100000 38 2 62 77
165 100000 100000 1 78
48 100000 100000 4 63 76 78 80
181 100000 127 2 63 80
204 100000 100000 1 82
54 108 38 2 74 81
115 100000 80 2 78 83
142 100000 100000 2 47 83
84 168 100000 3 79 85 86
178 100000 125 1 84
257 100000 100000 1 87
219 438 100000 1 84
134 100000 94 1 89
34 100000 100000 3 68 84 88
179 100000 100000 1 93
87 174 100000 2 87 93
58 116 41 1 93
228 100000 100000 1 93
205 410 100000 1 92
140 100000 98 1 93
