# Converted from 100_137.csv
100
548 1096 384 0
431 100000 100000 0
573 100000 401 0
390 100000 100000 0
292 584 204 0
449 898 314 0
500 1000 100000 0
432 100000 100000 1 5
380 100000 100000 1 5
593 1186 100000 1 6
568 100000 100000 2 4 6
534 1068 100000 1 6
413 826 289 1 4
373 100000 100000 1 4
449 100000 314 2 12 13
268 100000 188 1 12
567 1134 397 2 12 13
537 100000 100000 1 13
315 100000 100000 2 6 13
451 902 100000 1 13
490 100000 100000 1 19
496 100000 100000 3 5 6 19
526 100000 100000 1 18
579 1158 405 1 18
458 916 321 7 0 7 8 14 15 20 21
477 100000 100000 1 23
450 900 100000 1 23
526 100000 368 1 23
401 100000 281 1 23
474 100000 100000 1 24
483 100000 100000 1 24
657 100000 100000 1 24
381 100000 100000 1 24
356 712 100000 2 23 24
698 100000 489 2 24 28
369 738 100000 2 29 30
293 100000 100000 4 29 30 32 34
605 100000 424 7 3 11 17 22 29 32 33
325 650 227 2 29 34
774 100000 542 3 28 29 30
512 1024 358 5 9 10 25 35 37
708 100000 100000 1 37
525 100000 368 1 37
405 100000 100000 1 37
618 100000 433 1 37
346 100000 100000 1 37
372 744 260 1 37
645 100000 100000 1 37
461 100000 100000 1 38
497 100000 100000 1 39
613 100000 100000 2 32 39
586 1172 100000 1 40
274 548 192 1 40
558 100000 100000 1 40
570 1140 399 1 40
295 100000 100000 1 40
333 100000 100000 5 40 41 43 44 45
632 100000 100000 2 30 48
542 100000 379 2 45 50
700 100000 100000 4 38 40 44 49
682 1364 477 1 52
484 100000 339 3 44 55 58
594 1188 100000 5 43 49 52 53 55
302 100000 100000 5 41 46 52 54 59
575 1150 402 4 31 55 58 59
579 100000 100000 3 50 54 59
421 100000 100000 3 61 64 65
617 1234 100000 1 65
467 100000 100000 4 27 48 59 61
572 1144 400 4 47 48 64 67
457 914 320 3 52 67 68
493 986 100000 1 68
336 672 235 2 51 68
350 100000 100000 1 67
575 100000 402 5 1 26 56 60 69
672 1344 100000 3 43 48 73
461 100000 323 3 42 64 72
649 1298 100000 2 64 72
345 690 241 1 74
487 100000 341 1 74
542 1084 379 1 74
484 100000 100000 1 74
435 870 100000 1 74
705 100000 493 1 74
411 822 100000 1 74
332 100000 100000 5 42 47 55 58 75
469 100000 100000 2 65 76
708 100000 100000 1 77
287 574 100000 8 2 16 36 42 66 70 71 78
600 100000 420 2 79 86
673 1346 100000 2 80 86
530 1060 371 4 63 75 76 80
487 974 341 1 88
341 100000 100000 1 88
530 1060 100000 1 88
518 100000 363 1 88
488 100000 100000 1 89
420 100000 100000 2 85 96
651 1302 456 3 80 93 96
478 100000 100000 4 72 80 92 94
