# Converted from 100_398.csv
100
176 100000 123 0
253 100000 177 0
135 270 100000 0
63 100000 100000 0
515 100000 100000 2 0 3
256 512 100000 1 3
338 676 237 2 0 3
493 986 100000 3 0 1 3
506 100000 354 1 0
413 100000 100000 2 1 2
373 746 261 1 3
61 100000 100000 1 2
441 100000 100000 4 4 7 10 11
158 100000 111 2 7 11
244 100000 100000 1 9
453 100000 317 1 4
194 100000 100000 1 10
43 86 100000 1 6
228 456 160 1 5
511 100000 358 1 6
153 100000 100000 4 13 14 15 18
295 100000 100000 5 10 13 14 15 19
98 100000 100000 4 13 14 16 19
609 1218 426 1 15
149 100000 100000 1 15
273 100000 191 1 12
248 496 174 1 16
572 100000 400 2 22 24
130 100000 100000 3 12 17 23
133 100000 100000 3 20 21 26
34 100000 100000 3 10 13 24
374 100000 100000 2 21 22
420 840 294 1 22
237 100000 166 3 29 30 31
84 168 59 1 31
394 100000 100000 3 18 21 27
286 100000 200 2 27 29
232 100000 100000 2 35 36
332 100000 100000 2 34 35
61 100000 100000 2 34 35
138 100000 97 1 33
409 818 100000 1 35
518 100000 100000 1 35
158 316 100000 1 35
202 404 100000 1 40
187 374 100000 3 36 38 43
89 178 100000 1 38
100 200 100000 3 12 20 42
156 312 100000 3 20 28 43
322 644 225 2 39 48
151 100000 100000 1 44
75 150 100000 2 23 47
520 1040 100000 3 20 23 46
202 404 100000 3 36 47 48
162 324 100000 2 12 45
38 76 27 3 12 20 46
130 100000 100000 2 44 49
170 100000 100000 2 53 54
156 312 100000 2 41 49
321 642 100000 3 26 42 49
137 100000 100000 2 28 50
59 100000 41 1 56
292 100000 204 1 58
517 1034 100000 2 29 59
32 64 100000 1 57
174 348 122 2 59 60
164 100000 115 1 56
26 100000 18 1 66
64 100000 100000 2 45 62
81 100000 57 2 41 64
284 100000 199 3 25 56 62
166 100000 100000 2 59 62
222 100000 155 2 38 70
265 530 100000 1 67
75 150 52 5 8 25 50 53 67
301 100000 100000 2 30 69
325 100000 100000 3 8 67 68
73 100000 100000 2 68 71
222 100000 155 2 41 73
173 346 121 3 52 57 76
105 100000 74 2 66 77
136 100000 95 1 76
305 100000 100000 1 75
358 716 100000 2 64 72
618 100000 100000 1 81
454 908 318 1 80
262 524 183 1 82
88 100000 100000 2 46 80
387 774 100000 2 52 84
59 118 100000 3 50 86 87
28 100000 20 4 37 56 58 86
56 100000 100000 2 63 84
145 100000 102 2 73 87
490 980 100000 1 91
55 110 100000 3 51 52 89
583 100000 408 5 61 81 85 89 92
200 400 100000 2 82 92
375 100000 262 1 89
167 100000 117 3 51 74 91
292 100000 100000 1 90
