# Converted from 100_153.csv
100
518 100000 100000 0
374 100000 100000 0
150 100000 100000 0
75 100000 52 0
104 208 73 1 1
534 1068 374 1 0
82 100000 100000 1 3
179 358 100000 1 3
150 300 100000 1 3
47 94 100000 1 1
131 262 92 1 2
79 100000 100000 2 2 3
186 100000 100000 1 2
385 100000 270 1 5
443 100000 310 1 4
84 100000 100000 1 6
359 718 100000 1 6
65 100000 46 1 7
351 100000 100000 1 6
127 100000 100000 1 8
186 372 100000 2 7 11
345 100000 100000 1 11
111 100000 100000 1 6
273 546 100000 1 13
187 100000 131 1 14
344 100000 100000 1 15
34 100000 100000 1 16
186 372 100000 1 17
218 436 153 1 18
464 100000 100000 1 19
34 100000 24 2 10 22
402 100000 281 1 21
271 100000 190 2 1 22
105 100000 100000 1 21
296 100000 100000 1 24
65 130 46 1 28
260 100000 100000 1 26
195 390 100000 3 23 27 31
51 100000 100000 1 25
150 100000 105 1 30
443 100000 310 1 29
55 100000 38 2 11 30
471 100000 330 1 34
163 100000 114 1 39
360 100000 252 1 36
220 100000 100000 1 35
496 100000 347 1 37
195 390 100000 2 39 41
52 100000 100000 2 40 41
100 100000 100000 1 37
26 100000 18 1 42
112 100000 78 1 43
27 100000 19 1 45
169 100000 100000 1 44
492 984 100000 1 47
28 100000 100000 2 2 45
20 40 100000 1 49
121 100000 85 1 48
128 256 90 3 30 37 45
174 348 100000 1 51
23 46 100000 1 50
36 72 100000 1 53
176 352 123 1 52
174 348 122 1 57
527 1054 369 1 56
75 100000 52 2 33 58
523 1046 100000 2 8 55
644 100000 100000 2 32 54
209 418 146 1 59
405 100000 284 1 61
163 326 100000 1 62
190 380 133 1 60
63 126 100000 2 39 64
232 464 162 1 66
28 56 20 1 63
333 666 100000 2 55 63
454 908 100000 1 68
128 100000 90 1 70
223 100000 100000 1 69
253 100000 100000 1 72
135 100000 100000 1 71
240 480 100000 1 73
164 328 115 2 32 72
171 100000 100000 3 33 39 74
491 100000 100000 1 75
351 100000 100000 1 72
156 312 100000 1 73
113 100000 100000 1 76
67 100000 100000 1 77
59 118 100000 1 79
65 130 100000 1 81
175 100000 100000 2 56 78
78 156 100000 3 12 47 80
140 100000 98 2 82 84
124 100000 87 1 84
103 100000 100000 2 1 84
35 100000 24 4 32 87 88 89
77 100000 100000 2 82 90
31 62 22 1 92
218 436 100000 1 93
