# Converted from 100_27.csv
100
99 198 100000 0
327 100000 100000 0
94 188 66 0
65 130 100000 0
173 100000 100000 0
51 100000 36 0
36 100000 25 0
129 100000 90 2 4 6
177 100000 124 1 4
130 100000 100000 1 1
180 360 126 1 2
35 100000 24 1 6
103 100000 72 1 4
25 100000 100000 1 4
164 328 115 1 3
278 100000 195 2 3 6
136 100000 95 1 9
108 100000 100000 1 15
190 100000 133 1 11
29 100000 100000 1 10
62 100000 43 1 14
318 100000 223 1 12
85 170 100000 1 12
65 100000 46 1 15
78 100000 55 1 14
152 100000 100000 5 0 7 8 16 17
27 54 100000 1 19
75 150 100000 1 20
133 266 93 1 21
85 170 100000 1 20
379 100000 100000 2 21 22
34 100000 100000 1 21
162 324 100000 1 22
262 524 183 1 23
231 100000 162 1 21
333 666 233 1 21
116 232 100000 1 21
157 100000 100000 1 25
23 100000 100000 1 25
155 100000 100000 1 25
91 182 100000 1 25
91 100000 100000 1 25
34 100000 24 1 33
191 100000 100000 1 26
51 100000 100000 1 29
72 100000 100000 1 27
66 100000 100000 1 28
400 100000 100000 1 32
96 192 67 1 36
147 294 103 1 25
98 196 100000 2 43 45
177 354 100000 1 47
219 100000 100000 1 38
235 470 100000 1 44
235 100000 100000 2 29 46
162 100000 100000 2 13 47
115 100000 100000 1 48
85 100000 59 2 30 48
90 100000 100000 1 51
142 100000 100000 1 52
257 100000 100000 1 53
212 424 148 1 57
215 430 100000 1 59
93 100000 100000 2 20 58
39 100000 100000 1 61
23 46 16 2 56 61
100 200 100000 1 62
167 100000 100000 1 64
141 282 100000 1 65
139 278 97 1 64
60 120 100000 1 64
66 132 100000 1 65
89 178 100000 1 64
114 228 100000 2 40 63
58 100000 41 2 15 63
88 176 100000 1 74
164 328 115 1 66
200 100000 100000 1 67
35 100000 100000 1 71
80 100000 100000 1 73
52 100000 100000 1 69
117 100000 100000 1 72
75 100000 52 5 18 37 42 50 75
183 100000 100000 1 76
216 100000 151 1 77
118 236 83 1 79
83 100000 100000 1 78
48 96 100000 1 78
84 100000 100000 3 64 71 79
22 44 15 1 80
29 58 20 1 82
49 100000 34 1 82
110 100000 100000 1 82
101 100000 71 1 82
109 218 100000 1 82
114 228 80 1 82
324 648 227 1 87
254 100000 178 1 84
59 118 41 2 74 83
184 100000 100000 1 86
