# Converted from 100_174.csv
100
425 100000 298 0
68 100000 100000 0
184 100000 129 0
232 464 100000 0
43 86 100000 1 0
43 100000 100000 1 0
549 1098 100000 1 0
84 100000 100000 1 0
218 100000 100000 1 2
294 100000 100000 1 4
220 100000 100000 1 5
31 62 100000 1 7
178 100000 100000 1 6
590 100000 413 1 8
51 100000 100000 1 7
158 100000 100000 1 7
128 100000 100000 1 8
427 854 100000 1 10
140 100000 98 1 9
169 338 118 1 11
97 100000 68 1 13
97 194 68 1 14
81 100000 100000 2 1 12
203 100000 142 1 16
369 738 100000 1 15
107 214 100000 1 17
147 100000 103 1 18
212 424 100000 1 22
45 90 31 1 19
235 100000 100000 3 20 21 23
502 100000 100000 1 23
309 100000 100000 1 24
174 100000 100000 1 25
325 650 100000 1 26
280 100000 100000 1 27
496 100000 100000 1 28
334 100000 100000 1 29
328 656 100000 3 1 3 29
268 100000 188 1 31
576 1152 403 1 29
34 100000 100000 1 30
161 100000 113 1 33
376 752 263 1 37
46 100000 100000 1 36
101 100000 100000 1 32
434 100000 304 1 34
288 576 100000 1 35
47 94 100000 1 40
135 100000 94 1 38
542 100000 100000 1 42
144 288 101 1 41
110 220 77 1 45
330 100000 231 1 47
496 100000 100000 2 47 48
567 100000 397 1 43
504 1008 353 1 47
323 100000 100000 1 46
125 100000 100000 1 44
216 432 151 1 48
203 406 100000 1 47
44 88 100000 2 29 44
242 100000 169 1 51
325 100000 100000 1 52
84 168 100000 1 53
169 100000 118 1 55
116 100000 81 1 50
188 376 132 2 39 60
542 100000 379 1 49
452 904 100000 2 53 54
404 808 100000 1 56
513 100000 100000 1 53
92 184 64 1 66
165 330 115 1 61
193 100000 100000 1 62
142 100000 100000 1 63
186 100000 100000 1 65
67 134 100000 1 68
130 260 91 1 64
28 100000 100000 1 66
281 100000 100000 2 31 67
42 100000 100000 1 69
70 140 49 1 66
233 100000 100000 1 71
128 100000 100000 1 72
99 100000 69 1 74
236 472 100000 1 75
214 100000 100000 1 76
27 100000 100000 1 77
36 72 25 2 60 73
196 100000 137 1 80
480 100000 336 1 78
32 64 100000 1 80
134 100000 94 1 82
38 100000 100000 3 7 83 85
190 380 133 2 66 84
51 102 36 1 86
378 756 100000 1 87
59 100000 41 2 89 90
114 228 100000 3 37 70 91
84 168 59 2 23 91
