# Converted from 100_378.csv
100
169 338 100000 0
210 100000 147 0
162 100000 100000 0
261 100000 100000 0
73 100000 100000 0
175 100000 122 2 0 4
164 100000 115 1 0
149 100000 100000 2 2 3
37 100000 26 1 0
245 100000 100000 1 2
305 610 214 1 0
327 654 100000 1 10
273 546 191 2 7 8
121 100000 100000 1 8
55 110 38 1 7
37 74 100000 1 7
219 100000 100000 3 1 5 10
187 374 100000 3 11 12 15
93 100000 65 1 16
163 100000 100000 1 11
515 1030 100000 3 5 13 14
457 100000 100000 2 11 16
405 100000 284 3 18 19 21
50 100000 35 3 18 19 20
179 358 125 2 5 17
170 340 100000 3 6 16 20
133 266 100000 2 13 18
28 100000 100000 2 22 23
452 100000 100000 2 23 24
89 178 100000 3 11 18 25
79 100000 55 1 22
46 92 32 2 28 30
619 100000 433 1 29
201 402 100000 2 14 30
253 506 100000 1 27
253 100000 100000 1 28
81 100000 57 2 9 29
241 100000 169 2 32 33
539 100000 100000 3 31 32 34
81 100000 57 1 36
176 100000 123 1 33
309 618 100000 2 30 34
181 100000 100000 3 9 31 34
184 100000 100000 1 34
131 262 100000 3 9 15 34
513 1026 100000 2 17 36
184 100000 100000 2 38 43
89 100000 100000 2 30 44
39 100000 100000 1 42
191 100000 134 1 42
390 100000 100000 2 22 45
56 100000 100000 2 29 43
486 100000 100000 1 42
376 100000 263 3 32 49 50
212 424 100000 1 51
287 100000 100000 2 26 48
148 100000 104 1 47
463 100000 100000 2 32 48
115 100000 100000 2 30 51
509 100000 356 1 56
229 458 100000 1 57
23 46 100000 2 29 55
265 100000 186 1 53
252 504 100000 2 12 54
28 100000 20 2 53 60
175 350 122 2 58 60
355 710 248 3 41 59 60
85 170 100000 5 38 41 47 53 63
137 100000 100000 4 32 39 45 61
572 1144 100000 2 29 59
176 100000 100000 3 6 24 59
541 1082 100000 1 61
56 112 100000 3 64 66 67
334 100000 100000 1 64
93 186 100000 1 65
117 234 82 3 64 66 69
31 62 100000 2 69 74
465 100000 326 3 36 49 74
227 100000 159 1 73
64 100000 100000 1 73
300 100000 210 3 61 73 75
352 704 100000 2 35 80
131 100000 100000 1 76
180 100000 126 3 64 66 76
102 204 71 3 59 61 79
101 100000 71 1 83
48 96 34 2 37 83
25 100000 100000 2 49 82
125 250 88 2 64 82
88 100000 62 3 72 80 82
526 100000 368 1 83
568 1136 398 1 84
109 218 76 3 81 83 84
190 100000 100000 2 55 86
488 976 100000 2 72 86
158 316 100000 2 91 92
27 100000 100000 3 67 78 92
248 496 174 3 38 79 85
143 100000 100000 1 89
91 100000 100000 3 72 73 88
