# Converted from 100_509.csv
100
407 100000 285 0
345 100000 241 0
439 878 100000 0
465 930 326 0
661 100000 100000 4 0 1 2 3
477 954 100000 4 0 1 2 3
218 100000 153 2 4 5
473 946 100000 2 4 5
553 100000 387 2 4 5
632 100000 100000 2 4 5
602 100000 421 2 4 5
667 100000 467 4 6 7 9 10
648 1296 100000 3 6 7 10
436 100000 100000 1 6
473 946 100000 2 12 13
507 100000 100000 3 9 12 13
289 100000 202 2 7 13
312 624 100000 2 12 13
698 1396 489 2 12 13
465 100000 326 5 14 15 16 17 18
425 100000 100000 5 14 15 16 17 18
317 100000 100000 5 14 15 16 17 18
538 1076 377 3 19 20 21
341 682 100000 3 19 20 21
589 1178 100000 3 19 20 21
736 100000 515 3 22 23 24
506 1012 354 3 22 23 24
538 1076 377 3 11 25 26
630 1260 100000 2 25 26
482 964 337 3 11 25 26
379 100000 100000 3 11 25 26
261 522 100000 3 11 25 26
429 858 100000 4 27 28 30 31
335 100000 100000 4 27 28 30 31
517 100000 362 4 27 28 30 31
508 100000 100000 3 32 33 34
580 1160 406 4 8 29 33 34
442 100000 100000 3 32 33 34
292 584 204 3 35 36 37
847 100000 100000 3 35 36 37
564 1128 100000 3 35 36 37
428 856 300 3 38 39 40
409 100000 286 3 38 39 40
372 744 100000 2 41 42
428 100000 300 2 41 42
409 100000 286 1 41
532 1064 100000 1 42
491 100000 100000 1 42
620 1240 100000 3 45 46 47
436 872 100000 2 45 46
625 1250 100000 3 45 46 47
800 100000 100000 3 43 45 46
536 1072 100000 3 44 45 47
567 100000 100000 4 49 50 51 52
444 100000 100000 3 49 51 52
550 1100 100000 2 48 49
459 100000 321 3 43 44 55
606 1212 424 2 54 55
635 100000 100000 3 51 52 55
625 100000 100000 3 56 57 58
418 100000 293 2 56 57
544 100000 100000 2 56 57
554 1108 100000 2 57 58
292 100000 204 2 56 62
612 100000 100000 2 60 62
681 100000 100000 1 59
578 100000 100000 2 61 65
427 100000 100000 2 50 63
524 100000 367 1 65
711 100000 498 2 53 65
515 1030 100000 3 66 67 68
343 100000 100000 3 66 67 68
589 1178 412 1 71
559 100000 100000 1 70
703 1406 100000 1 71
365 100000 255 1 70
414 100000 290 1 71
445 100000 100000 1 71
540 100000 100000 3 64 72 77
379 758 100000 3 69 73 76
460 100000 322 3 60 72 75
497 100000 100000 2 60 75
454 100000 100000 3 76 78 80
628 100000 100000 3 75 76 78
513 1026 359 1 82
515 100000 360 1 83
627 100000 100000 1 82
434 868 304 1 86
314 628 220 1 85
354 100000 248 1 84
470 100000 100000 1 87
515 100000 100000 1 88
637 1274 100000 1 88
459 100000 100000 2 79 89
599 100000 100000 3 74 91 92
566 100000 100000 1 92
554 100000 388 2 90 92
424 848 297 3 81 93 94
365 100000 100000 1 96
410 820 287 2 69 96
