# Converted from 100_275.csv
100
212 100000 100000 0
171 342 100000 0
47 100000 100000 0
162 100000 113 0
37 100000 100000 0
79 100000 100000 1 0
212 100000 100000 1 2
66 100000 100000 1 1
94 100000 66 1 3
177 100000 124 2 3 4
32 100000 100000 2 2 3
87 100000 100000 2 2 4
152 100000 106 1 6
128 256 90 4 5 7 8 9
79 100000 100000 3 8 9 10
210 100000 100000 3 8 9 12
215 100000 100000 1 14
137 100000 100000 1 14
162 324 100000 2 2 13
46 92 100000 1 15
317 634 100000 1 15
70 140 49 1 15
157 100000 100000 2 16 17
42 100000 29 3 15 16 17
289 578 202 2 17 18
32 100000 100000 1 19
224 100000 157 1 20
287 100000 201 1 21
50 100 35 3 22 23 24
89 100000 62 2 22 23
27 54 100000 4 11 15 18 22
84 100000 100000 1 25
171 100000 100000 1 26
232 100000 100000 1 27
50 100 100000 2 23 30
150 300 100000 1 30
54 100000 38 1 28
172 100000 100000 1 28
173 346 121 2 23 30
152 100000 100000 1 30
70 100000 49 1 34
87 100000 100000 1 32
43 86 30 1 33
128 100000 100000 1 35
107 100000 100000 1 34
28 100000 20 3 18 22 31
106 212 74 1 40
32 64 100000 1 42
42 100000 29 1 43
67 134 47 1 44
237 100000 100000 1 45
20 40 100000 3 35 41 45
39 100000 100000 2 38 45
65 100000 46 3 29 35 45
265 100000 186 3 28 39 45
142 284 100000 1 50
116 232 100000 1 46
228 456 160 1 48
21 100000 100000 1 47
39 100000 27 4 24 39 45 49
144 100000 100000 3 50 53 54
69 100000 48 1 55
95 100000 100000 1 56
56 112 39 1 58
165 330 100000 3 57 59 60
362 100000 100000 2 51 59
122 244 100000 1 60
203 100000 100000 1 64
141 100000 100000 1 65
70 140 49 5 61 63 64 65 66
32 100000 100000 1 64
112 100000 100000 3 37 60 62
260 520 100000 1 67
212 100000 148 1 70
212 100000 100000 1 68
127 254 100000 2 69 71
111 222 100000 2 70 71
265 530 186 1 75
231 462 100000 1 73
89 178 100000 2 51 76
318 100000 100000 2 71 72
115 100000 80 2 69 74
105 210 74 1 76
51 102 100000 1 78
81 162 57 1 79
93 186 65 1 77
66 132 100000 3 79 80 81
73 100000 51 2 70 80
143 100000 100000 1 83
28 100000 100000 1 84
51 102 100000 1 85
213 100000 149 1 86
77 154 54 1 86
208 416 146 1 88
121 100000 85 3 89 90 92
54 108 38 2 36 92
154 100000 100000 1 91
36 100000 100000 2 87 91
59 100000 100000 1 92
49 98 34 2 52 92
