# Converted from 100_344.csv
100
234 100000 100000 0
124 100000 100000 0
45 90 100000 0
84 100000 100000 0
55 100000 100000 0
28 100000 20 0
186 100000 100000 0
136 100000 100000 0
178 356 100000 0
99 198 69 0
150 300 100000 2 1 3
154 100000 108 1 0
211 100000 100000 2 6 9
75 150 52 1 0
103 206 100000 1 7
58 116 100000 1 6
78 100000 55 1 3
82 100000 57 1 4
293 100000 100000 1 7
200 400 100000 1 8
179 358 100000 1 1
285 100000 100000 1 0
133 100000 93 1 9
36 100000 25 2 1 18
191 382 100000 2 15 16
96 192 100000 1 14
198 100000 100000 1 12
20 40 100000 1 10
20 100000 100000 1 14
202 100000 141 1 10
104 208 100000 1 28
219 100000 100000 1 26
139 100000 97 1 27
219 100000 100000 1 26
30 100000 21 1 24
124 100000 100000 1 23
172 100000 100000 1 29
66 132 100000 2 22 25
72 100000 100000 2 20 34
190 100000 133 1 30
140 100000 100000 1 32
85 100000 100000 1 32
112 100000 100000 1 32
164 328 100000 1 41
64 128 100000 2 12 39
79 100000 55 1 41
104 100000 100000 2 38 42
200 400 100000 2 2 39
169 338 100000 1 41
29 100000 100000 1 39
50 100 35 1 42
37 74 26 1 40
66 132 100000 1 50
314 628 100000 2 46 47
187 374 131 2 8 45
290 100000 203 1 49
162 100000 113 1 51
253 506 100000 1 51
315 630 220 1 50
168 336 118 1 55
162 324 100000 2 7 56
67 134 47 1 58
226 452 100000 2 6 56
147 294 103 1 53
257 100000 180 1 54
41 100000 100000 1 53
86 172 60 1 56
245 490 100000 1 54
202 404 100000 1 57
30 100000 21 1 64
49 98 34 2 53 67
111 100000 78 2 22 62
115 100000 80 2 50 64
24 100000 17 1 60
50 100000 100000 3 52 55 65
215 100000 100000 1 60
64 100000 100000 2 6 60
222 100000 100000 1 71
140 280 100000 2 13 76
209 100000 146 1 70
83 100000 100000 2 46 69
122 244 85 3 48 59 73
155 100000 108 3 7 48 71
245 490 100000 2 51 74
122 100000 85 1 79
336 100000 235 1 78
162 324 113 2 62 81
132 100000 92 2 37 78
169 100000 100000 1 83
361 722 100000 1 82
202 404 141 1 80
90 100000 100000 3 26 44 88
105 100000 74 2 12 87
34 100000 100000 2 12 87
324 100000 100000 1 84
21 100000 15 1 84
189 100000 100000 1 89
48 100000 34 3 29 85 90
147 100000 100000 3 25 59 85
150 100000 100000 1 88
