# Converted from 100_166.csv
100
131 262 100000 0
458 916 321 0
38 100000 100000 0
232 464 100000 0
184 100000 129 0
214 100000 150 0
236 100000 100000 0
331 100000 100000 0
302 100000 100000 0
214 428 100000 1 1
128 256 90 1 2
351 100000 246 1 0
64 100000 45 1 3
147 100000 100000 1 8
111 222 100000 1 7
22 44 100000 2 3 7
249 100000 174 1 1
257 514 180 1 3
528 1056 100000 1 9
53 100000 100000 1 11
571 1142 100000 1 10
201 100000 100000 1 13
29 100000 100000 1 14
60 100000 100000 1 13
349 100000 100000 1 12
177 100000 100000 1 13
490 980 100000 1 13
159 318 100000 1 16
35 70 100000 1 17
39 100000 27 1 18
185 100000 100000 1 19
242 100000 100000 1 21
280 100000 196 1 20
554 1108 100000 1 26
285 570 100000 1 22
402 100000 100000 1 23
63 100000 100000 1 26
236 472 100000 1 25
37 100000 100000 2 24 28
172 100000 120 3 15 16 28
159 318 100000 1 31
374 100000 262 1 32
256 100000 179 1 33
172 100000 120 1 36
227 454 100000 1 29
146 100000 102 3 30 34 37
266 532 100000 1 35
92 100000 64 1 38
67 134 100000 1 38
76 152 53 2 14 39
289 100000 202 1 40
421 100000 295 1 41
314 100000 100000 1 43
42 84 100000 1 47
157 100000 100000 1 44
246 100000 172 1 42
408 100000 286 1 47
493 100000 345 1 46
30 60 100000 1 46
22 44 15 1 50
77 100000 54 1 52
251 502 176 1 53
473 100000 331 3 14 51 54
185 100000 100000 3 15 55 58
190 100000 133 2 48 58
383 766 100000 2 56 57
112 100000 100000 2 7 55
80 160 100000 1 59
477 100000 100000 3 56 60 62
205 100000 100000 2 45 61
544 100000 381 2 1 63
461 100000 323 2 5 65
464 928 100000 1 62
302 604 211 1 67
257 514 100000 1 68
80 100000 56 2 1 69
54 100000 100000 2 48 72
174 348 100000 4 1 14 15 71
435 100000 100000 1 70
171 342 100000 1 73
537 100000 376 1 75
448 896 100000 1 75
153 100000 100000 1 74
417 834 292 1 78
361 100000 100000 2 66 78
178 100000 125 2 13 76
85 100000 100000 2 64 76
109 100000 76 1 79
220 440 154 1 80
52 104 100000 1 81
346 100000 242 1 82
550 1100 385 1 84
266 100000 186 2 27 83
74 100000 52 2 2 84
216 100000 100000 1 87
113 226 100000 1 88
268 536 100000 4 65 72 83 89
74 148 100000 1 90
80 100000 100000 1 91
502 100000 100000 1 93
