# Converted from 100_287.csv
100
434 100000 304 0
451 902 100000 0
538 1076 100000 0
507 1014 355 0
234 468 164 0
513 1026 100000 1 2
496 100000 347 1 0
514 100000 100000 1 3
519 1038 100000 1 1
483 966 338 2 3 4
464 100000 325 3 2 3 4
509 1018 356 1 3
364 728 100000 1 9
552 1104 100000 1 10
443 886 310 1 5
540 100000 100000 1 6
524 1048 100000 1 7
348 100000 100000 4 8 9 10 11
526 100000 368 2 9 11
652 1304 100000 3 9 10 11
310 100000 217 3 9 10 11
359 718 100000 1 12
610 1220 100000 1 13
711 1422 100000 1 17
456 912 100000 5 14 17 18 19 20
509 100000 100000 4 15 17 18 20
468 100000 328 3 16 17 18
297 594 100000 1 22
405 810 100000 1 23
555 100000 388 1 21
445 100000 312 3 24 25 26
488 100000 100000 3 24 25 26
565 100000 100000 3 24 25 26
547 1094 100000 1 29
563 100000 100000 4 27 28 30 31
350 100000 245 2 30 31
475 950 332 2 30 31
648 100000 100000 2 30 31
520 100000 100000 3 30 31 32
397 100000 278 1 30
550 100000 100000 1 35
419 838 100000 1 33
426 100000 100000 3 35 37 39
610 100000 100000 2 32 35
368 736 258 2 32 35
642 100000 449 3 34 35 38
612 100000 428 1 41
584 100000 100000 1 40
294 588 100000 1 42
457 100000 320 2 34 43
448 896 100000 1 46
543 100000 380 1 47
438 100000 100000 1 48
524 100000 100000 1 49
541 1082 100000 2 37 49
578 100000 405 2 45 49
458 100000 100000 1 49
522 1044 100000 1 53
565 1130 100000 3 50 55 56
427 100000 299 2 51 55
424 100000 100000 4 34 38 43 52
564 100000 100000 2 44 55
385 100000 270 3 38 53 54
494 100000 346 1 57
454 100000 100000 1 58
693 100000 100000 2 36 62
474 100000 100000 3 36 58 62
600 100000 420 1 59
538 100000 100000 1 58
390 100000 100000 1 63
560 1120 392 1 64
535 100000 374 1 65
521 1042 100000 2 66 68
543 1086 380 1 65
384 100000 100000 2 67 68
427 100000 100000 1 69
559 100000 391 1 70
571 1142 400 1 72
397 100000 278 1 71
519 1038 100000 3 66 67 73
440 880 100000 1 75
572 100000 100000 1 79
449 100000 100000 1 77
413 826 289 1 78
442 100000 100000 4 44 72 74 76
250 100000 175 2 61 79
504 1008 353 1 81
831 100000 582 1 80
515 100000 100000 4 61 73 82 83
311 100000 100000 2 68 85
507 100000 100000 2 68 85
362 724 253 1 86
526 1052 100000 1 87
403 806 100000 1 89
505 100000 354 1 88
774 1548 100000 1 88
766 100000 100000 1 91
489 100000 342 1 92
566 100000 396 1 93
579 100000 100000 2 74 95
