# Converted from 100_110.csv
100
39 78 27 0
170 340 100000 0
226 100000 100000 0
134 268 94 0
36 72 100000 0
27 100000 100000 0
71 100000 100000 0
88 100000 100000 1 6
220 100000 100000 1 6
113 226 79 1 6
61 122 100000 1 9
61 122 100000 1 9
120 100000 100000 1 9
98 100000 69 1 9
88 100000 100000 1 9
92 100000 100000 1 9
114 228 100000 1 15
48 100000 100000 1 15
181 362 100000 1 15
81 162 57 1 15
209 100000 100000 1 19
273 100000 191 1 19
40 100000 100000 1 19
84 168 100000 1 19
165 100000 100000 1 19
116 100000 81 1 19
155 100000 108 1 25
34 100000 100000 1 25
110 220 100000 1 25
46 92 32 1 25
53 100000 37 1 25
222 444 100000 12 0 1 7 11 12 16 17 20 21 22 26 27
172 100000 120 1 30
225 100000 100000 1 30
55 100000 100000 1 30
146 100000 100000 1 30
59 100000 41 1 30
36 100000 25 1 31
66 132 100000 1 31
159 100000 100000 1 31
148 100000 100000 1 31
73 100000 51 1 31
91 182 100000 1 31
240 100000 168 1 31
25 100000 18 1 31
85 170 59 1 31
57 114 40 1 31
98 100000 69 7 4 8 24 28 33 34 36
248 100000 174 2 31 36
151 100000 100000 8 37 38 40 43 44 45 46 47
165 330 100000 8 37 40 42 43 44 45 46 48
124 248 87 1 47
84 100000 100000 1 47
183 366 128 1 47
49 98 100000 1 47
47 94 33 1 47
183 100000 128 1 47
99 100000 100000 1 47
237 474 100000 1 47
161 100000 100000 1 47
171 342 120 1 47
165 100000 100000 1 47
101 100000 100000 1 47
113 226 100000 1 47
208 100000 100000 5 36 40 43 44 46
181 100000 100000 17 2 3 13 18 23 32 39 50 51 56 57 59 60 61 62 63 64
94 100000 100000 7 39 42 54 59 61 63 64
24 48 100000 12 39 42 43 44 45 46 48 57 59 61 62 63
144 288 100000 8 42 45 46 53 58 59 60 63
68 100000 100000 1 65
382 100000 100000 1 65
155 310 108 1 65
53 106 37 1 65
45 100000 31 1 65
76 100000 53 8 5 14 29 35 65 66 67 68
90 180 100000 1 65
81 100000 57 1 74
59 100000 41 1 74
77 100000 54 1 74
61 122 100000 1 74
131 100000 92 1 74
265 530 186 3 69 74 75
82 100000 57 6 41 69 75 77 78 79
205 410 100000 7 41 69 70 72 75 76 79
240 100000 168 6 41 52 71 75 76 78
26 52 100000 5 52 75 76 79 80
96 100000 67 4 38 71 75 79
300 600 100000 5 10 49 82 83 84
216 100000 100000 3 38 70 85
270 540 100000 1 87
163 100000 114 1 87
147 100000 100000 1 87
60 120 42 1 87
25 50 100000 1 87
161 100000 113 1 87
137 100000 100000 1 87
133 100000 100000 1 87
198 396 100000 1 87
221 100000 100000 4 85 89 90 92
194 100000 100000 3 73 93 98
