# Converted from 100_2.csv
100
246 100000 172 0
117 234 82 0
133 266 100000 0
156 312 100000 0
130 100000 100000 0
138 100000 97 0
510 100000 357 0
193 100000 100000 0
80 100000 56 0
43 100000 100000 1 5
26 100000 18 1 1
540 1080 100000 1 2
202 404 100000 1 3
498 100000 100000 1 4
154 308 108 1 3
194 100000 100000 1 7
212 100000 100000 1 4
137 100000 100000 1 2
130 260 91 1 7
144 100000 101 1 4
40 100000 100000 1 8
504 100000 100000 1 10
73 100000 100000 1 15
132 100000 100000 1 19
253 100000 100000 1 12
197 100000 100000 1 11
270 100000 100000 1 15
88 100000 100000 1 17
126 252 100000 1 25
395 790 276 1 27
33 66 23 1 26
459 100000 100000 1 24
351 702 100000 1 27
284 100000 100000 1 27
235 100000 164 1 26
163 326 100000 1 26
102 204 100000 5 0 9 21 22 28
264 100000 100000 1 32
65 100000 46 1 31
134 268 100000 1 34
143 286 100 1 35
486 972 100000 1 32
23 46 16 1 32
56 100000 100000 1 35
537 1074 100000 1 35
556 100000 389 1 36
216 100000 100000 1 36
148 296 104 1 36
519 100000 363 1 36
286 572 200 1 37
230 100000 100000 1 39
187 374 131 1 38
128 100000 100000 1 40
537 100000 376 1 40
147 100000 103 1 36
118 100000 83 1 40
68 136 48 4 23 29 30 45
388 776 272 1 50
308 100000 216 1 52
57 114 40 1 49
82 100000 100000 2 40 51
112 100000 100000 1 55
349 100000 100000 1 48
109 218 100000 2 26 48
95 100000 100000 1 54
246 100000 100000 2 20 48
23 100000 16 1 56
38 100000 100000 1 56
444 100000 100000 1 56
168 100000 118 1 56
30 60 21 1 56
130 260 100000 1 56
69 100000 48 1 56
108 216 100000 1 60
96 192 100000 1 57
269 100000 100000 1 59
515 100000 100000 1 58
169 100000 118 1 73
83 166 100000 1 74
552 1104 100000 1 75
552 100000 100000 1 66
22 100000 15 1 66
229 458 100000 1 70
159 100000 100000 1 66
509 100000 100000 1 78
57 100000 40 1 77
71 142 50 1 79
53 100000 100000 1 80
191 100000 134 3 18 80 81
139 100000 100000 1 83
303 100000 100000 1 82
118 236 100000 1 84
35 70 24 1 89
181 362 100000 1 86
149 298 104 1 89
37 100000 100000 1 88
37 74 26 2 14 91
183 366 128 1 94
69 100000 100000 1 94
192 384 100000 1 93
