# Converted from 100_326.csv
100
81 162 100000 0
111 222 100000 0
74 100000 52 0
61 122 100000 0
140 100000 98 0
55 110 38 0
171 100000 100000 0
177 100000 124 0
23 100000 16 1 2
102 100000 100000 1 3
55 100000 38 1 6
63 100000 100000 1 0
107 100000 75 1 2
171 342 120 1 1
132 100000 100000 1 11
139 100000 100000 1 12
150 300 100000 1 10
61 100000 43 1 13
161 100000 100000 1 10
150 100000 100000 1 10
139 278 97 1 11
95 100000 66 1 12
115 230 100000 1 8
174 100000 122 1 9
65 100000 100000 1 17
211 422 148 1 16
241 482 100000 1 16
68 100000 100000 1 14
93 100000 100000 1 22
49 100000 100000 1 20
69 100000 48 1 17
170 100000 119 1 20
100 200 70 1 14
214 100000 100000 1 16
42 100000 100000 1 18
137 100000 100000 1 32
190 380 100000 1 33
47 100000 33 1 28
171 342 100000 1 29
226 100000 100000 1 26
127 254 100000 2 34 38
187 100000 131 1 39
142 284 99 1 36
99 100000 69 2 24 37
269 538 100000 2 24 35
254 100000 100000 2 7 36
71 142 100000 1 35
95 190 100000 1 39
229 100000 160 1 39
89 178 100000 2 29 44
48 96 34 1 42
133 266 93 1 40
89 178 100000 1 40
199 100000 100000 1 40
207 100000 145 1 47
156 100000 100000 1 47
107 214 100000 2 23 51
90 100000 100000 2 2 52
76 152 100000 1 55
122 100000 100000 1 53
34 100000 24 3 15 33 55
163 100000 100000 2 9 50
170 340 100000 1 49
141 282 99 2 43 60
35 100000 100000 1 61
152 100000 100000 2 12 58
108 100000 76 1 58
166 332 100000 1 59
222 100000 155 2 22 58
116 100000 100000 1 56
112 100000 100000 1 59
265 530 100000 2 43 60
79 158 100000 1 56
157 314 100000 2 18 64
162 324 113 1 70
141 282 99 1 71
134 100000 94 1 71
200 100000 100000 1 65
77 100000 54 1 72
114 228 100000 2 56 71
168 100000 100000 1 64
172 100000 120 1 70
31 100000 22 1 67
143 286 100000 1 75
205 410 100000 2 51 81
65 100000 100000 1 82
37 100000 100000 1 75
87 100000 100000 1 82
22 100000 15 1 73
103 100000 100000 4 5 60 61 77
67 100000 100000 2 15 77
70 100000 100000 1 75
86 172 60 2 56 89
142 100000 100000 2 62 87
91 100000 64 2 32 84
157 314 100000 2 86 91
29 58 20 2 87 89
156 312 109 2 29 86
307 100000 100000 3 38 48 89
191 382 134 2 78 86
