# Converted from 100_239.csv
100
52 104 36 0
373 100000 100000 0
89 178 62 0
36 100000 25 0
123 246 86 0
308 100000 100000 0
165 330 115 0
53 106 100000 1 0
506 100000 100000 1 1
41 100000 29 3 4 5 6
196 392 137 3 4 5 6
206 100000 144 4 2 4 5 6
43 100000 30 1 7
506 100000 354 1 8
28 100000 20 4 3 9 10 11
221 100000 100000 3 9 10 11
50 100000 100000 4 3 9 10 11
28 100000 100000 4 3 9 10 11
228 100000 160 4 3 9 10 11
94 100000 100000 4 3 9 10 11
462 100000 100000 1 12
234 100000 100000 1 13
501 1002 100000 4 14 15 16 17
132 100000 100000 4 14 15 16 19
188 100000 132 3 14 15 16
118 100000 83 3 14 15 18
46 100000 32 3 14 15 19
111 222 100000 1 21
310 100000 100000 4 20 23 25 26
91 100000 64 3 22 23 26
156 312 109 3 23 24 26
92 184 100000 2 22 25
74 100000 100000 2 22 23
215 100000 150 3 26 27 32
334 668 100000 1 31
62 124 100000 2 17 30
433 100000 303 1 33
257 514 100000 2 29 34
306 100000 100000 2 29 35
380 760 266 2 29 33
215 100000 100000 3 29 30 34
207 100000 100000 2 29 35
193 100000 100000 1 36
250 500 100000 1 37
286 572 100000 1 37
161 100000 100000 1 38
253 506 177 2 37 41
324 648 227 2 39 40
103 100000 100000 1 43
207 100000 100000 1 44
54 100000 100000 1 45
113 226 79 3 35 42 47
204 408 100000 2 46 47
319 100000 223 2 37 47
183 366 100000 2 40 46
241 482 100000 1 48
227 100000 159 1 49
163 100000 100000 2 50 52
264 528 185 1 55
22 100000 15 1 57
170 340 100000 1 56
335 670 100000 1 57
129 100000 90 1 58
46 92 32 1 60
73 146 51 1 59
136 100000 100000 2 28 61
353 706 100000 1 61
93 100000 100000 1 61
222 444 100000 1 62
83 166 100000 1 63
273 546 100000 1 64
123 246 100000 1 66
266 100000 100000 2 54 66
32 64 100000 1 70
45 100000 31 2 52 68
481 100000 337 2 69 71
468 936 328 2 53 71
162 100000 100000 3 51 65 72
282 100000 197 1 74
38 100000 100000 1 73
189 378 132 3 65 74 75
137 100000 100000 3 54 67 74
40 80 100000 2 53 75
64 100000 100000 3 65 75 76
365 100000 100000 1 80
258 100000 100000 1 79
96 100000 100000 1 80
364 100000 100000 1 80
93 100000 100000 1 78
150 300 100000 1 80
192 100000 100000 3 54 65 82
241 482 169 4 53 72 80 81
204 100000 143 1 84
30 60 21 1 85
543 100000 380 1 86
378 100000 265 1 87
474 100000 100000 1 89
128 100000 100000 3 65 66 88
436 872 100000 1 90
102 100000 100000 1 91
