# Converted from 100_84.csv
100
151 100000 106 0
180 360 100000 0
53 100000 100000 0
123 100000 86 0
180 360 100000 0
61 122 100000 0
197 100000 138 0
75 100000 100000 1 5
77 100000 100000 1 6
84 168 100000 2 4 5
111 100000 100000 1 6
503 1006 100000 1 4
39 100000 100000 1 5
461 922 323 1 6
225 450 100000 2 6 12
444 100000 100000 2 12 13
404 100000 283 2 4 13
232 100000 100000 1 12
207 414 100000 1 13
445 890 312 1 12
43 86 100000 1 19
287 100000 201 5 2 3 8 16 17
148 100000 100000 1 19
157 100000 100000 1 19
360 720 100000 1 19
102 100000 100000 1 19
221 100000 100000 2 4 24
585 100000 410 1 21
313 626 100000 1 21
296 100000 100000 1 21
234 100000 164 1 21
98 196 69 1 21
400 800 280 1 21
117 234 100000 6 9 10 11 18 22 23
271 100000 190 1 21
158 316 100000 2 27 31
358 100000 251 1 27
352 100000 246 1 33
46 100000 32 1 33
229 458 100000 1 33
151 302 100000 1 33
347 694 243 3 29 30 33
54 100000 38 8 0 14 15 20 32 35 36 39
53 100000 37 2 38 39
175 350 100000 2 34 39
48 96 34 1 42
276 552 193 1 42
92 184 64 1 42
521 100000 100000 1 42
67 100000 47 1 42
107 214 100000 1 42
246 100000 172 1 42
131 262 92 1 42
489 978 342 1 42
159 100000 111 1 42
230 100000 100000 1 42
258 100000 100000 1 42
94 188 100000 4 28 30 32 44
120 100000 100000 3 45 46 50
347 100000 100000 4 25 28 46 50
246 492 100000 3 50 51 55
443 886 100000 2 38 48
218 100000 153 5 26 30 43 58 59
421 100000 295 5 45 46 53 55 61
80 100000 100000 6 24 37 38 45 56 60
563 1126 394 1 62
288 100000 100000 1 62
366 100000 100000 1 62
170 100000 100000 1 62
553 100000 387 1 62
517 1034 100000 2 57 62
546 100000 382 3 40 64 67
199 398 100000 2 68 69
522 100000 365 4 47 56 61 72
193 100000 100000 2 61 72
117 100000 100000 2 53 72
203 100000 100000 2 65 72
23 100000 16 2 34 72
214 100000 100000 6 1 7 29 71 73 74
163 100000 114 2 56 77
305 100000 214 3 51 57 77
372 744 100000 2 66 75
551 100000 100000 1 78
500 100000 350 1 78
117 100000 100000 1 78
512 1024 100000 1 78
501 1002 351 1 78
345 100000 100000 1 78
376 752 100000 1 78
219 100000 100000 1 78
221 442 155 1 78
441 882 100000 1 78
88 100000 100000 1 78
395 100000 276 4 51 55 66 79
199 100000 100000 7 34 41 54 81 84 89 91
559 1118 100000 6 54 76 83 85 87 88
500 100000 100000 1 94
534 100000 374 2 75 95
175 100000 100000 3 57 63 94
21 42 100000 2 41 95
