# Converted from 100_395.csv
100
484 100000 100000 0
534 1068 100000 0
502 100000 100000 0
120 100000 100000 0
120 240 84 0
188 100000 100000 0
199 398 100000 0
97 100000 100000 4 0 3 4 6
65 100000 46 2 4 5
523 100000 100000 1 5
526 100000 100000 1 2
51 102 36 2 3 4
472 100000 330 1 9
99 100000 100000 1 7
158 100000 111 2 10 11
132 100000 92 1 10
487 974 100000 1 9
80 100000 100000 1 11
125 100000 88 1 9
57 100000 100000 4 1 13 17 18
92 100000 64 1 14
486 100000 100000 1 12
581 1162 407 2 13 16
286 572 100000 2 12 18
512 100000 100000 1 16
204 408 143 1 13
59 118 41 1 18
311 622 100000 5 10 19 24 25 26
123 100000 86 2 19 26
177 100000 124 3 13 24 26
158 316 111 2 10 19
425 100000 100000 3 13 20 23
76 100000 100000 2 12 20
76 100000 100000 3 27 28 30
463 100000 100000 2 27 31
200 400 100000 2 27 31
41 100000 100000 2 27 29
93 100000 65 2 20 29
45 100000 100000 1 32
257 100000 180 3 33 34 36
566 100000 100000 2 20 36
535 100000 100000 1 34
206 412 100000 2 31 38
142 284 99 1 34
283 566 198 2 34 36
145 100000 102 4 32 33 34 36
223 100000 156 3 21 42 44
58 116 100000 1 39
261 522 100000 1 45
366 732 100000 2 39 42
128 100000 100000 1 44
83 166 100000 1 46
144 288 101 3 41 46 49
263 100000 100000 2 35 47
511 100000 358 4 30 35 40 50
30 60 100000 2 15 48
54 108 38 3 15 40 47
175 100000 100000 1 55
226 452 100000 3 42 50 55
152 100000 106 1 53
181 100000 127 2 21 55
55 100000 100000 1 51
248 496 174 2 60 61
172 100000 120 2 38 57
209 100000 100000 3 15 35 61
141 100000 100000 1 58
476 100000 100000 1 65
233 100000 163 1 62
180 100000 100000 2 61 63
507 1014 100000 2 56 62
150 100000 100000 2 56 62
155 100000 108 1 65
53 106 37 2 54 67
506 1012 100000 1 71
434 100000 100000 2 62 71
216 100000 100000 2 68 69
97 194 100000 3 52 53 75
232 100000 100000 4 22 53 71 72
92 100000 100000 1 73
441 882 309 1 74
236 472 100000 2 22 74
149 298 100000 1 73
144 100000 100000 2 73 74
544 1088 100000 4 59 67 79 80
548 100000 384 3 35 61 78
213 426 100000 3 79 81 82
140 100000 100000 1 81
64 100000 100000 2 53 82
79 100000 100000 1 78
484 100000 100000 2 85 86
207 100000 145 1 83
86 172 60 1 87
360 720 252 1 88
169 338 118 3 54 75 87
184 368 129 3 64 80 91
126 100000 88 3 75 80 91
129 258 90 2 8 90
181 362 127 3 41 80 91
242 484 100000 1 93
111 100000 100000 2 8 90
