# Converted from 100_456.csv
100
29 58 100000 0
246 100000 100000 0
38 76 27 0
247 100000 173 0
245 490 100000 4 0 1 2 3
234 468 100000 4 0 1 2 3
141 100000 99 4 0 1 2 3
96 100000 100000 4 0 1 2 3
538 100000 100000 4 4 5 6 7
517 100000 362 4 4 5 6 7
136 272 95 4 4 5 6 7
322 644 225 4 4 5 6 7
148 100000 100000 4 4 5 6 7
52 104 100000 5 8 9 10 11 12
128 100000 100000 5 8 9 10 11 12
81 100000 100000 5 8 9 10 11 12
29 58 20 3 13 14 15
343 100000 100000 3 13 14 15
197 100000 138 3 13 14 15
114 228 100000 3 13 14 15
530 1060 100000 4 16 17 18 19
202 100000 100000 4 16 17 18 19
587 1174 100000 4 16 17 18 19
470 100000 329 4 16 17 18 19
233 466 163 4 20 21 22 23
508 100000 356 4 20 21 22 23
68 100000 48 4 20 21 22 23
505 100000 100000 3 24 25 26
142 100000 100000 3 24 25 26
291 100000 204 2 27 28
284 568 100000 2 27 28
79 158 55 2 27 28
86 100000 100000 2 27 28
234 100000 100000 2 27 28
187 374 100000 5 29 30 31 32 33
572 100000 400 5 29 30 31 32 33
169 100000 100000 5 29 30 31 32 33
201 402 100000 5 29 30 31 32 33
34 100000 24 4 34 35 36 37
298 596 209 4 34 35 36 37
182 364 100000 4 34 35 36 37
127 100000 89 4 34 35 36 37
185 370 130 4 38 39 40 41
408 100000 286 4 38 39 40 41
33 100000 23 4 38 39 40 41
50 100 100000 4 38 39 40 41
217 100000 152 4 42 43 44 45
518 100000 100000 4 42 43 44 45
438 100000 307 4 42 43 44 45
263 526 100000 3 46 47 48
85 170 100000 3 46 47 48
231 100000 162 1 50
533 100000 373 1 50
86 100000 60 1 52
32 100000 100000 1 51
544 100000 100000 2 49 52
485 100000 100000 1 53
219 438 153 2 53 54
148 100000 100000 2 53 54
511 100000 358 1 58
547 1094 100000 1 56
222 444 100000 1 57
465 100000 100000 1 58
214 100000 100000 1 58
157 100000 100000 2 60 62
219 100000 153 3 56 61 62
174 348 100000 4 59 60 61 62
86 100000 100000 1 60
456 912 100000 3 56 59 62
96 100000 100000 3 57 63 64
123 246 100000 2 66 68
274 548 192 1 64
42 100000 100000 2 69 71
423 846 100000 3 63 70 71
150 300 100000 2 55 71
159 318 111 3 63 68 74
417 834 100000 1 72
270 540 100000 2 70 72
457 914 320 2 70 72
372 744 260 1 75
103 100000 100000 1 78
131 100000 100000 2 68 76
458 100000 321 1 77
152 100000 100000 2 67 79
220 100000 100000 2 66 81
31 100000 100000 2 77 84
182 100000 127 1 84
47 100000 100000 3 74 85 86
285 570 100000 3 65 67 85
446 892 100000 3 67 73 85
113 100000 100000 3 49 85 86
252 504 100000 2 87 89
484 100000 100000 1 90
103 100000 100000 3 83 88 89
54 100000 38 3 75 78 88
43 100000 30 5 73 75 80 88 90
108 216 76 4 78 83 91 92
45 100000 31 1 96
521 100000 100000 1 96
525 100000 368 3 93 95 96
