# Converted from 100_375.csv
100
821 1642 100000 0
697 1394 100000 0
677 100000 100000 0
631 1262 100000 0
602 1204 100000 0
458 100000 100000 0
673 100000 100000 0
608 100000 100000 1 3
678 100000 475 1 2
386 100000 100000 1 0
416 100000 100000 1 2
550 100000 385 1 5
406 100000 284 1 6
608 1216 100000 1 3
479 958 100000 1 6
500 1000 100000 1 4
581 100000 407 1 6
637 1274 446 1 4
393 786 275 1 2
536 100000 100000 1 1
563 1126 394 1 8
252 100000 100000 1 9
217 434 100000 1 13
671 1342 100000 1 10
595 100000 100000 2 0 14
387 100000 100000 1 9
619 100000 100000 1 17
574 100000 100000 2 12 13
502 1004 351 1 8
430 100000 301 1 25
379 100000 265 1 26
530 100000 100000 2 12 23
530 100000 100000 2 18 24
415 830 290 1 26
391 100000 100000 2 14 28
528 100000 370 1 20
331 662 100000 2 15 34
419 838 293 1 29
592 100000 100000 1 29
386 100000 100000 1 31
524 100000 367 1 34
467 100000 327 1 31
639 1278 447 3 21 33 37
468 100000 328 1 40
435 100000 304 2 9 41
544 100000 100000 1 40
668 1336 100000 1 40
443 886 310 1 40
544 1088 100000 1 46
277 554 100000 3 4 43 46
172 100000 100000 1 44
586 100000 100000 1 44
528 100000 100000 1 43
666 1332 100000 1 42
541 100000 100000 1 47
288 100000 202 1 42
658 100000 100000 2 29 43
537 100000 100000 1 53
498 100000 100000 1 49
584 1168 409 1 49
402 100000 281 2 25 48
457 100000 100000 2 33 54
674 100000 100000 1 55
447 894 100000 1 52
352 704 246 2 13 52
496 100000 347 1 52
508 1016 356 1 56
616 100000 100000 1 54
692 100000 100000 3 3 5 51
623 100000 436 1 57
478 100000 100000 2 30 67
575 100000 402 1 61
635 100000 100000 1 61
396 100000 100000 1 67
384 768 100000 1 68
845 100000 592 1 65
494 988 346 1 60
609 1218 100000 1 59
541 1082 379 1 70
286 100000 100000 2 68 70
788 1576 552 2 24 76
657 1314 100000 2 24 72
685 1370 100000 1 75
393 100000 100000 2 10 72
548 1096 384 1 73
378 100000 265 1 70
368 100000 258 1 80
297 100000 100000 2 71 79
459 918 100000 2 71 79
418 100000 293 3 9 20 84
298 596 209 1 79
736 100000 100000 4 58 64 74 85
482 100000 337 2 61 78
539 1078 377 2 50 81
278 100000 100000 2 23 85
480 960 100000 3 1 68 93
493 986 100000 2 35 89
579 100000 100000 1 88
479 958 335 2 78 93
695 100000 486 1 90
