# Converted from 100_483.csv
100
32 64 100000 0
253 506 177 0
192 384 100000 0
144 100000 101 0
104 100000 73 4 0 1 2 3
137 274 100000 3 0 1 2
137 274 100000 3 0 1 2
99 100000 69 3 0 1 2
259 100000 100000 3 4 6 7
247 100000 100000 3 4 6 7
44 100000 100000 3 4 6 7
124 100000 100000 3 8 9 10
158 316 100000 3 8 9 10
82 100000 57 3 8 9 10
69 100000 100000 3 11 12 13
384 768 100000 3 11 12 13
155 100000 100000 2 14 15
60 120 42 2 14 15
151 100000 106 2 14 15
59 100000 41 3 16 17 18
35 100000 100000 3 16 17 18
134 268 100000 3 16 17 18
23 100000 16 3 19 20 21
222 100000 100000 3 19 20 21
139 100000 97 2 22 23
125 100000 100000 2 22 23
84 100000 59 2 22 23
182 364 100000 3 24 25 26
86 172 60 3 24 25 26
189 100000 132 3 24 25 26
320 640 224 3 24 25 26
140 100000 98 3 24 25 26
148 100000 100000 5 27 28 29 30 31
179 358 100000 5 27 28 29 30 31
89 100000 62 2 32 33
115 100000 100000 1 32
27 54 100000 1 32
129 100000 100000 1 32
44 88 100000 2 32 33
102 204 100000 3 34 35 37
87 174 100000 3 34 35 38
95 100000 100000 1 34
53 100000 100000 2 34 37
52 100000 100000 3 39 40 42
56 100000 39 2 39 41
116 100000 100000 2 43 44
121 100000 85 2 43 44
142 100000 99 1 43
78 100000 100000 1 43
96 100000 100000 1 43
96 100000 100000 5 5 45 46 47 48
188 376 132 4 5 46 47 48
56 100000 100000 2 50 51
23 100000 100000 1 50
41 100000 100000 2 50 51
97 100000 100000 1 51
225 100000 158 2 45 55
106 100000 100000 2 53 55
80 100000 100000 1 54
89 100000 62 3 49 51 53
162 100000 100000 2 49 54
98 196 69 4 56 57 58 59
114 228 100000 2 57 59
143 100000 100 3 55 59 60
208 100000 100000 1 62
110 220 77 1 61
162 324 100000 1 61
154 100000 100000 3 60 65 66
132 264 100000 4 60 64 65 66
171 100000 120 3 60 64 66
108 100000 76 5 36 52 60 64 66
275 550 100000 3 67 69 70
154 308 108 2 67 70
319 638 223 2 67 69
92 100000 100000 1 69
103 206 72 1 67
60 100000 100000 3 68 69 72
154 308 108 1 71
265 100000 100000 1 73
242 100000 100000 2 76 77
50 100 35 2 72 77
52 100000 100000 2 63 77
272 100000 100000 2 76 77
94 188 100000 2 63 78
65 100000 100000 3 75 79 81
81 100000 57 2 79 83
62 124 100000 2 79 82
137 274 96 2 81 83
301 602 100000 2 78 84
39 78 27 2 84 85
229 458 100000 2 82 89
151 302 106 2 74 89
46 100000 32 2 83 88
126 100000 100000 1 92
176 352 100000 1 90
171 100000 120 2 82 92
155 310 108 1 90
114 228 100000 1 94
39 100000 27 1 95
92 184 100000 3 91 94 96
