# Converted from 100_478.csv
100
218 100000 100000 0
248 496 174 0
24 100000 100000 0
208 416 146 0
87 100000 100000 0
196 392 137 5 0 1 2 3 4
80 160 100000 5 0 1 2 3 4
99 100000 69 5 0 1 2 3 4
144 288 101 5 0 1 2 3 4
266 532 100000 5 0 1 2 3 4
149 298 100000 5 5 6 7 8 9
69 138 48 5 5 6 7 8 9
38 100000 100000 5 5 6 7 8 9
210 100000 100000 3 10 11 12
134 100000 100000 3 10 11 12
78 156 100000 3 10 11 12
117 234 82 3 13 14 15
142 100000 100000 3 13 14 15
70 100000 100000 3 13 14 15
96 100000 67 3 16 17 18
182 100000 127 1 19
75 150 100000 1 19
114 228 80 1 19
210 100000 147 1 19
68 100000 48 4 20 21 22 23
36 72 100000 4 20 21 22 23
88 176 100000 4 20 21 22 23
196 100000 100000 4 20 21 22 23
38 100000 100000 4 20 21 22 23
145 100000 100000 5 24 25 26 27 28
216 100000 100000 5 24 25 26 27 28
102 204 100000 5 24 25 26 27 28
23 100000 16 5 24 25 26 27 28
80 160 56 4 29 30 31 32
78 156 55 4 29 30 31 32
94 100000 66 4 29 30 31 32
129 100000 90 4 29 30 31 32
165 330 100000 4 33 34 35 36
191 100000 100000 4 33 34 35 36
84 168 59 4 33 34 35 36
231 462 100000 3 37 38 39
179 358 125 3 37 38 39
112 100000 78 2 40 41
94 100000 100000 2 40 41
68 100000 100000 2 40 41
190 100000 100000 3 42 43 44
133 100000 93 3 42 43 44
223 100000 100000 3 42 43 44
99 100000 100000 3 42 43 44
122 100000 100000 4 45 46 47 48
204 100000 100000 4 45 46 47 48
211 100000 100000 4 45 46 47 48
66 100000 46 2 49 51
101 100000 100000 2 50 51
131 100000 100000 3 49 50 51
170 340 100000 2 53 54
272 100000 100000 1 53
34 100000 24 2 55 56
169 338 100000 2 52 56
64 128 45 3 52 55 56
184 368 129 1 56
71 100000 50 1 59
185 100000 100000 3 58 59 60
233 466 163 2 58 59
46 100000 32 3 57 61 63
29 100000 20 1 62
180 360 126 2 58 61
65 100000 100000 1 62
139 100000 97 1 62
250 100000 100000 2 60 66
169 100000 100000 2 66 68
193 386 100000 1 70
152 100000 106 2 63 69
64 128 100000 1 69
141 282 99 1 69
91 182 100000 2 67 69
182 364 100000 1 75
180 100000 126 2 62 74
241 100000 100000 1 73
69 100000 100000 3 63 67 74
79 100000 100000 4 72 73 76 79
69 138 100000 2 57 76
25 100000 100000 1 79
64 100000 100000 2 63 77
157 314 100000 1 83
145 100000 100000 2 71 84
50 100000 100000 3 64 71 84
53 100000 100000 3 72 78 84
227 100000 159 4 68 80 82 84
201 402 100000 2 82 84
116 232 100000 2 79 86
147 100000 100000 3 72 78 85
106 212 74 2 78 90
169 338 100000 1 90
221 442 155 4 65 80 82 91
158 100000 111 3 75 87 91
184 100000 100000 1 95
263 100000 184 1 95
98 196 100000 1 93
238 100000 167 2 87 93
