# Converted from 100_251.csv
100
309 100000 100000 0
200 100000 100000 0
68 136 48 0
142 100000 100000 0
133 100000 100000 1 2
39 78 27 1 0
202 404 100000 1 1
144 288 101 2 2 3
127 100000 100000 2 2 3
61 100000 43 2 2 3
356 712 100000 1 4
259 518 100000 1 6
114 100000 80 1 5
196 392 100000 3 7 8 9
189 378 100000 3 7 8 9
70 140 49 1 10
36 100000 100000 1 11
115 230 100000 1 12
72 144 100000 2 13 14
56 100000 100000 2 13 14
209 100000 146 2 13 14
242 484 100000 2 13 14
117 234 100000 2 13 14
186 100000 100000 1 17
64 128 45 1 15
143 100000 100000 1 16
209 100000 146 3 18 20 22
83 100000 100000 2 19 20
56 100000 100000 1 20
113 100000 79 1 24
183 100000 100000 1 26
60 100000 42 1 23
137 100000 96 1 25
136 100000 100000 1 27
69 100000 100000 2 26 28
79 100000 55 2 27 28
176 352 100000 1 28
124 100000 87 1 29
60 100000 100000 1 30
98 196 69 1 32
180 360 100000 1 31
228 100000 100000 1 33
210 420 100000 2 34 35
184 100000 100000 3 34 35 36
109 100000 100000 1 42
195 390 100000 1 37
58 100000 41 1 40
71 142 100000 1 41
48 100000 34 2 38 43
272 544 190 2 39 43
54 108 100000 1 42
20 100000 14 1 44
138 100000 97 5 45 46 47 48 49
154 100000 100000 2 42 48
103 206 100000 1 49
124 100000 87 2 36 50
25 50 18 2 49 50
85 100000 100000 2 49 50
129 100000 90 1 51
221 100000 100000 1 52
128 256 90 4 52 55 56 57
140 100000 98 2 56 57
30 100000 100000 1 58
83 100000 58 1 59
251 502 176 1 60
153 100000 107 3 54 60 61
297 100000 100000 1 60
163 326 100000 2 54 60
61 100000 100000 1 62
322 644 100000 3 63 65 66
128 256 100000 3 64 65 66
53 100000 100000 2 65 66
196 100000 100000 2 65 67
263 100000 100000 1 64
84 168 59 1 69
160 100000 100000 1 69
199 100000 100000 1 68
83 166 100000 2 70 71
266 100000 100000 1 73
216 432 100000 1 77
47 100000 33 1 74
68 100000 100000 1 75
341 100000 100000 3 76 77 78
87 174 61 1 77
87 100000 61 1 79
243 486 170 1 81
188 376 100000 1 80
137 100000 96 2 78 83
137 100000 100000 1 82
122 100000 85 1 82
220 100000 154 2 78 83
215 430 150 1 87
74 100000 100000 2 83 84
92 100000 64 2 73 85
70 100000 100000 3 86 89 90
27 54 19 2 87 89
322 644 100000 1 91
48 100000 34 2 67 94
179 358 100000 3 69 88 92
316 632 100000 3 21 53 94
