# Converted from 100_264.csv
100
176 352 123 0
158 316 111 0
176 100000 123 0
238 476 167 0
130 100000 100000 0
194 100000 100000 0
154 308 100000 0
69 100000 48 0
244 488 100000 0
175 100000 122 1 0
92 100000 64 1 1
176 100000 123 3 5 6 7
256 100000 100000 3 3 4 8
111 100000 78 1 10
191 100000 134 1 9
46 92 32 1 11
77 100000 54 2 11 12
135 100000 100000 1 12
97 100000 100000 2 11 12
40 100000 100000 1 13
210 420 147 1 15
136 272 100000 1 16
126 100000 100000 3 14 16 17
124 248 100000 1 16
231 100000 162 1 16
86 100000 100000 1 17
79 158 55 1 19
355 100000 100000 1 21
151 302 100000 1 20
30 100000 100000 2 24 25
176 100000 100000 1 22
56 100000 100000 1 22
152 100000 106 4 26 28 29 30
93 100000 100000 2 27 30
177 100000 124 2 18 30
93 100000 100000 1 29
104 208 100000 1 31
60 100000 42 1 34
30 60 100000 2 33 35
211 422 100000 1 34
117 234 82 2 30 35
122 244 100000 2 31 32
61 122 43 2 22 35
39 100000 100000 1 38
127 254 89 1 37
255 100000 178 1 38
287 100000 201 2 33 41
285 100000 200 1 41
78 156 100000 1 43
21 100000 100000 1 45
250 100000 100000 1 46
157 100000 100000 1 44
253 100000 100000 2 46 47
192 100000 100000 2 28 45
200 100000 100000 2 34 46
210 100000 100000 1 48
61 122 43 1 52
193 100000 100000 1 49
80 100000 100000 1 50
107 100000 75 1 51
245 100000 172 3 31 32 53
146 292 100000 3 23 40 52
242 484 100000 1 56
195 100000 136 5 42 55 57 58 59
28 56 100000 1 61
33 66 23 1 63
264 100000 185 1 63
206 412 144 2 18 62
80 100000 56 2 2 63
71 142 100000 1 63
142 100000 99 1 65
136 100000 100000 1 66
148 296 100000 1 68
113 100000 79 3 34 42 67
131 100000 100000 3 2 67 69
64 128 100000 1 71
433 100000 100000 1 73
31 100000 100000 1 72
104 100000 73 3 39 70 73
149 298 100000 2 53 74
40 80 100000 1 77
118 100000 100000 1 75
121 100000 100000 1 76
164 328 115 1 79
31 62 100000 2 68 79
96 192 100000 1 79
222 100000 155 1 79
152 100000 100000 1 79
224 100000 157 1 80
97 100000 100000 1 81
78 156 100000 1 82
171 342 100000 1 83
252 504 100000 1 86
118 100000 100000 2 23 87
43 100000 100000 1 86
231 100000 100000 2 84 86
239 478 167 1 87
110 220 100000 1 89
54 108 38 1 90
137 274 100000 5 36 87 88 91 92
