# Converted from 100_130.csv
100
322 644 100000 0
398 100000 100000 0
469 938 100000 0
247 494 100000 0
345 690 100000 0
482 100000 100000 0
427 100000 100000 0
330 660 100000 1 6
498 100000 100000 1 6
367 100000 100000 1 6
600 1200 420 1 6
353 706 100000 1 6
781 100000 547 1 6
468 100000 328 1 6
523 100000 100000 1 6
390 780 100000 1 13
339 678 237 9 1 2 3 4 5 7 8 9 10
446 892 312 1 13
453 906 317 1 13
516 100000 361 1 13
548 1096 384 2 16 19
429 100000 100000 1 16
731 100000 100000 1 16
309 618 216 1 16
394 100000 276 1 16
599 1198 100000 1 16
460 920 322 1 16
595 1190 416 1 16
535 100000 100000 1 16
362 100000 253 1 16
521 1042 365 1 16
609 100000 100000 1 16
723 100000 100000 1 19
554 1108 100000 1 17
529 100000 370 5 21 23 26 27 29
702 100000 491 1 25
803 100000 100000 1 22
428 856 100000 2 14 29
481 962 100000 3 18 22 30
563 100000 100000 7 0 15 20 28 34 35 36
407 100000 100000 3 27 33 38
481 962 337 3 28 29 38
527 100000 369 4 21 24 25 38
493 100000 345 3 21 25 38
540 1080 100000 1 38
366 732 256 1 39
574 100000 402 1 39
640 100000 448 1 39
420 100000 100000 1 39
330 660 100000 1 39
521 100000 100000 1 39
799 100000 100000 2 17 44
400 100000 100000 5 23 26 28 31 43
592 100000 100000 1 39
74 100000 100000 8 12 32 37 41 44 45 46 48
574 100000 402 2 48 53
411 100000 288 2 14 48
337 100000 236 3 24 46 48
516 100000 100000 4 14 18 47 48
475 950 100000 1 54
322 100000 100000 1 54
526 100000 100000 1 54
428 100000 300 1 54
756 100000 100000 1 54
642 100000 449 1 54
593 100000 415 5 17 24 54 56 58
430 860 301 1 58
672 1344 470 3 49 52 54
429 858 300 4 59 61 63 66
665 100000 100000 4 33 49 61 64
534 1068 100000 2 49 59
428 856 100000 2 56 69
468 100000 100000 2 68 69
565 100000 100000 1 69
404 100000 100000 1 73
449 898 314 3 43 53 73
496 100000 347 1 73
634 1268 100000 5 11 40 50 71 74
755 100000 100000 2 66 76
496 100000 100000 3 56 59 76
634 1268 100000 3 58 67 76
613 100000 429 1 77
572 100000 100000 1 77
493 100000 100000 1 77
560 100000 392 1 77
339 678 100000 6 42 50 55 57 75 78
902 100000 100000 3 24 58 77
552 1104 100000 4 24 58 60 79
424 848 100000 1 85
439 100000 307 1 85
431 862 100000 1 85
647 1294 100000 1 85
216 432 100000 1 85
548 100000 100000 3 24 58 81
443 100000 310 3 52 84 90
320 100000 100000 2 31 88
665 100000 465 2 67 93
606 100000 424 4 43 68 83 93
515 100000 100000 3 84 87 97
316 632 221 5 82 87 90 91 97
