# Converted from 100_464.csv
100
264 528 100000 0
172 100000 100000 1 0
360 720 100000 1 0
277 100000 194 2 1 2
145 100000 100000 2 1 2
152 100000 106 1 2
458 100000 100000 2 1 2
218 436 100000 4 3 4 5 6
27 100000 19 3 3 4 5
51 100000 100000 2 4 5
69 138 48 2 4 5
237 474 100000 2 4 5
188 100000 100000 5 7 8 9 10 11
556 1112 100000 4 8 9 10 11
126 252 88 2 12 13
153 306 107 2 12 13
33 100000 100000 2 12 13
522 100000 100000 2 15 16
68 136 48 1 14
45 100000 100000 3 14 15 16
513 100000 359 3 17 18 19
241 100000 100000 3 17 18 19
492 100000 100000 3 17 18 19
170 100000 100000 3 17 18 19
147 100000 100000 2 20 21
328 100000 100000 1 20
111 222 78 2 20 21
230 460 161 2 20 23
325 650 100000 2 22 23
271 542 100000 3 21 22 23
205 100000 144 6 24 25 26 27 28 29
235 470 100000 1 30
65 100000 46 1 30
343 686 240 1 30
120 100000 84 1 30
467 934 327 1 30
595 100000 416 3 31 32 35
408 100000 100000 3 31 32 33
141 100000 100000 2 31 32
39 78 27 2 33 35
319 100000 223 3 37 38 39
108 216 76 2 38 39
76 152 53 3 37 38 39
156 100000 100000 3 33 36 38
211 100000 148 4 36 37 38 39
237 100000 100000 5 40 41 42 43 44
52 100000 36 5 34 40 41 42 43
110 100000 100000 2 45 46
283 100000 100000 1 47
338 676 237 1 47
137 274 100000 1 47
178 100000 125 1 47
312 624 100000 3 48 49 50
532 100000 100000 3 48 49 50
156 312 100000 2 50 51
188 100000 100000 1 49
247 100000 100000 2 48 49
64 128 45 3 52 54 56
579 100000 100000 3 52 53 56
125 100000 100000 2 52 54
484 968 100000 3 57 58 59
179 100000 100000 2 57 58
154 100000 108 2 56 59
564 100000 100000 1 57
92 100000 64 2 54 58
303 100000 212 4 60 61 62 63
330 100000 100000 3 62 63 64
25 100000 100000 2 63 64
422 100000 100000 1 63
99 198 100000 1 63
95 190 100000 3 67 68 69
203 100000 100000 2 59 70
52 100000 36 1 70
39 100000 100000 3 61 66 70
350 700 245 2 66 70
185 370 100000 2 71 73
256 100000 100000 3 61 66 72
438 876 307 4 55 71 73 74
106 100000 100000 1 76
264 528 100000 1 76
392 100000 274 1 78
565 100000 100000 2 78 79
115 100000 80 1 79
319 638 100000 2 71 79
88 100000 62 2 55 81
159 318 111 2 81 83
33 100000 23 1 83
514 100000 100000 3 77 78 83
586 1172 100000 2 84 87
361 100000 253 3 60 84 85
34 68 100000 3 55 60 85
137 100000 100000 1 87
234 468 100000 1 90
63 126 100000 4 77 82 84 90
177 100000 124 2 80 90
208 100000 100000 3 80 88 91
85 100000 100000 2 89 94
512 1024 358 1 92
98 196 69 2 93 95
518 1036 100000 4 89 92 94 95
