# Converted from 100_466.csv
100
66 132 100000 0
73 100000 100000 0
103 206 72 0
565 100000 396 0
482 100000 100000 0
177 354 100000 3 2 3 4
53 100000 100000 3 2 3 4
118 236 83 4 0 2 3 4
468 100000 100000 3 2 3 4
75 100000 100000 4 5 6 7 8
216 432 151 1 9
572 100000 400 1 9
177 100000 124 2 10 11
334 668 100000 2 10 11
117 100000 82 2 10 11
224 448 100000 3 12 13 14
253 506 177 3 12 13 14
394 100000 276 3 12 13 14
185 370 100000 3 15 16 17
414 100000 290 3 15 16 17
179 100000 100000 3 15 16 17
180 100000 126 3 15 16 17
68 136 100000 3 15 16 17
181 100000 127 3 15 16 17
179 100000 100000 6 1 18 19 20 22 23
54 100000 100000 4 1 20 22 23
601 100000 100000 3 1 21 23
584 1168 100000 3 1 19 22
26 100000 100000 4 24 25 26 27
233 100000 100000 3 24 25 26
78 156 100000 2 24 26
69 138 100000 3 24 26 27
263 526 184 3 25 30 31
194 388 136 3 28 30 31
313 626 219 2 25 30
571 100000 100000 2 25 30
334 100000 100000 3 33 34 35
126 100000 100000 2 33 34
265 100000 100000 3 32 33 35
96 100000 67 2 32 34
34 100000 24 3 37 38 39
99 198 100000 3 37 38 39
153 306 100000 3 37 38 39
245 100000 100000 4 36 40 41 42
179 100000 125 4 36 40 41 42
564 100000 100000 4 36 40 41 42
289 100000 202 4 36 40 41 42
465 100000 100000 4 43 44 45 46
492 984 100000 3 43 44 45
59 100000 41 1 47
35 100000 100000 1 48
188 100000 100000 2 49 50
248 496 174 1 50
533 100000 373 1 49
90 180 100000 3 29 52 53
513 100000 359 2 29 53
278 100000 195 2 54 55
100 100000 70 2 54 55
55 110 100000 2 54 55
89 178 62 2 54 55
70 140 100000 1 55
149 100000 100000 2 57 59
136 272 100000 2 54 60
317 100000 222 1 59
352 100000 246 2 61 63
260 520 100000 2 61 63
316 632 100000 1 62
258 516 100000 1 66
362 100000 100000 1 65
483 100000 338 2 64 66
529 1058 100000 4 56 67 68 69
114 228 100000 4 56 57 63 67
72 100000 100000 2 67 69
393 100000 100000 2 67 68
244 100000 100000 2 68 71
44 100000 100000 2 56 72
102 204 100000 1 73
180 360 100000 1 74
184 100000 129 2 74 76
101 100000 71 1 75
181 362 100000 2 73 75
514 100000 100000 2 78 80
137 274 96 3 51 71 80
126 100000 88 3 51 77 79
411 100000 100000 3 51 77 80
477 954 100000 2 82 84
95 190 100000 1 83
456 100000 319 1 83
443 100000 100000 2 73 87
203 406 142 1 86
561 100000 393 1 86
314 100000 220 3 81 85 86
232 100000 100000 1 91
107 100000 100000 2 82 90
108 100000 76 3 82 88 90
121 100000 85 3 70 80 88
342 684 100000 1 94
77 154 100000 2 92 93
590 100000 100000 3 90 92 95
82 164 57 2 94 95
