# Converted from 100_74.csv
100
500 1000 100000 0
618 100000 433 0
649 100000 100000 0
529 1058 100000 0
615 100000 100000 0
589 100000 100000 1 4
371 742 260 1 4
530 1060 371 1 3
519 100000 363 1 4
401 802 281 1 4
487 974 100000 1 4
455 910 100000 1 4
507 100000 100000 1 4
731 100000 100000 1 12
337 674 100000 1 9
614 100000 430 1 8
623 1246 436 1 7
385 770 270 2 9 11
495 100000 100000 1 9
479 958 100000 1 15
549 100000 100000 2 8 18
440 100000 100000 1 16
521 1042 100000 1 19
321 100000 100000 1 20
390 780 273 1 20
475 100000 332 1 20
435 100000 100000 1 21
454 100000 318 1 20
558 100000 100000 1 20
324 648 100000 1 20
389 100000 100000 1 24
505 100000 354 1 24
429 858 100000 1 23
341 682 239 1 22
594 100000 100000 1 28
506 1012 100000 1 25
331 100000 100000 1 26
287 100000 100000 2 24 25
336 100000 235 2 16 28
544 100000 100000 4 1 2 14 30
599 100000 419 1 31
349 698 100000 1 32
651 1302 100000 1 38
527 1054 100000 1 34
406 100000 100000 1 35
565 100000 100000 1 34
358 716 251 2 25 33
551 1102 100000 1 37
538 100000 377 1 36
480 960 100000 1 39
511 100000 100000 1 39
357 100000 250 1 39
414 100000 290 1 39
424 848 297 1 39
381 762 100000 1 39
474 100000 100000 1 39
702 100000 491 1 39
432 100000 100000 1 39
701 1402 100000 1 39
438 100000 307 1 39
456 100000 100000 1 39
462 100000 323 1 42
666 100000 100000 2 40 41
464 100000 325 1 43
279 100000 100000 1 42
755 1510 528 1 51
357 100000 250 2 35 54
701 100000 491 1 61
584 100000 100000 1 62
623 100000 100000 1 49
304 100000 100000 1 56
507 1014 355 2 54 55
663 100000 100000 1 50
619 100000 433 1 51
596 1192 100000 6 0 5 6 13 65 66
571 100000 100000 1 67
586 100000 410 1 68
598 1196 100000 1 68
311 622 218 1 68
494 988 346 2 53 72
361 100000 253 2 16 72
611 1222 100000 1 71
405 100000 100000 1 74
719 1438 503 1 74
532 1064 100000 1 74
488 976 342 1 74
360 720 100000 1 74
601 1202 421 1 75
517 100000 362 1 76
483 100000 100000 1 78
583 100000 100000 1 78
348 100000 100000 1 77
258 100000 100000 1 80
696 1392 100000 1 89
403 100000 100000 1 90
443 100000 310 2 87 88
465 100000 100000 2 59 91
217 434 152 2 80 84
446 100000 312 1 86
331 100000 100000 2 85 92
