# Converted from 100_60.csv
100
284 100000 100000 0
452 100000 100000 0
606 1212 100000 0
586 100000 100000 0
573 100000 100000 0
562 100000 393 0
388 100000 272 0
342 100000 100000 0
539 1078 100000 1 6
448 896 100000 1 4
474 948 100000 1 3
503 100000 100000 1 5
579 100000 100000 1 4
461 100000 100000 1 4
673 1346 471 1 10
715 1430 100000 1 12
541 1082 100000 1 9
472 100000 330 1 13
647 100000 100000 1 11
392 784 100000 1 13
525 1050 368 1 13
694 1388 486 1 17
547 1094 100000 1 16
497 994 100000 1 18
622 100000 435 1 20
345 100000 241 1 17
494 100000 100000 2 13 18
696 1392 100000 2 17 18
517 100000 362 2 4 18
532 100000 100000 1 20
405 810 284 1 23
536 100000 100000 1 21
593 100000 100000 1 22
448 100000 314 1 26
498 100000 349 1 29
651 100000 100000 1 23
701 1402 100000 1 35
461 100000 100000 1 31
688 1376 482 1 32
489 978 342 1 32
517 100000 100000 1 34
722 1444 100000 1 34
443 886 100000 2 20 33
577 1154 404 1 33
506 1012 100000 1 32
436 100000 100000 1 41
549 100000 384 1 37
492 984 100000 1 38
477 100000 334 1 39
317 634 100000 1 42
515 100000 100000 1 39
479 100000 335 5 0 1 2 8 45
362 724 100000 1 46
727 100000 100000 1 48
135 270 100000 2 13 47
534 100000 374 1 49
476 952 100000 1 49
353 100000 247 1 50
525 1050 100000 1 50
540 1080 378 1 51
509 100000 356 1 51
461 100000 323 1 51
384 100000 100000 1 51
332 100000 232 1 51
458 100000 100000 1 52
217 100000 100000 1 53
438 100000 307 1 56
626 100000 100000 1 58
425 850 298 1 65
330 100000 100000 1 66
332 100000 100000 1 64
627 1254 100000 1 59
567 1134 100000 1 60
333 100000 100000 1 60
464 100000 100000 1 61
360 100000 100000 1 67
710 1420 100000 2 32 66
520 1040 100000 2 23 63
663 100000 464 6 13 14 15 30 36 68
488 976 342 1 69
598 1196 419 1 70
346 100000 242 1 72
531 1062 372 1 71
396 100000 277 1 77
453 100000 100000 3 73 75 76
522 100000 365 4 7 27 73 74
507 1014 100000 3 18 24 75
425 850 100000 1 78
638 100000 447 1 78
347 694 100000 1 78
487 100000 341 1 78
441 100000 100000 1 78
462 100000 323 1 78
562 100000 393 1 81
342 100000 100000 3 79 80 82
628 1256 440 2 55 86
761 100000 100000 2 55 84
630 100000 100000 2 40 78
482 100000 337 1 85
424 100000 297 1 84
