# Converted from 100_384.csv
100
37 100000 100000 0
375 750 100000 0
85 170 100000 0
39 78 100000 0
143 286 100000 0
304 100000 213 3 1 2 3
201 402 141 2 0 1
173 346 100000 2 0 2
161 100000 113 1 0
127 100000 89 2 1 4
148 100000 100000 1 0
614 1228 430 4 5 6 7 9
127 254 100000 3 7 8 9
519 1038 363 1 10
334 668 234 1 5
116 100000 100000 2 12 13
526 1052 100000 1 13
307 614 215 3 12 13 14
598 1196 100000 2 11 12
49 100000 100000 3 11 12 13
145 100000 102 2 17 19
305 100000 100000 2 17 19
91 100000 64 1 15
488 100000 100000 1 15
88 176 62 2 6 17
409 100000 100000 1 22
139 100000 100000 1 21
113 100000 100000 1 24
506 1012 100000 1 20
81 100000 57 1 22
509 100000 356 1 22
306 100000 100000 2 3 22
198 100000 100000 1 28
60 100000 100000 3 25 26 28
206 100000 144 2 14 30
410 820 100000 2 25 28
478 100000 100000 2 25 26
187 374 100000 2 16 28
211 100000 148 1 27
24 100000 17 3 16 21 32
195 100000 100000 2 32 38
198 100000 100000 2 25 32
162 100000 113 2 33 36
358 716 100000 1 37
92 100000 64 2 23 32
539 1078 100000 2 39 40
47 100000 33 2 34 44
75 150 100000 2 26 40
75 100000 100000 3 33 39 40
300 600 210 2 41 44
457 100000 100000 1 39
165 330 100000 1 44
71 100000 50 3 16 27 51
121 100000 100000 3 34 39 47
194 388 100000 3 35 37 51
309 100000 100000 2 21 46
413 826 100000 2 53 55
531 100000 372 2 18 52
72 100000 100000 1 54
65 130 100000 2 21 54
106 212 74 4 31 36 37 53
518 100000 100000 1 55
93 100000 100000 2 27 59
413 826 100000 2 37 57
204 408 143 3 30 54 57
123 100000 100000 1 59
463 100000 100000 3 29 48 58
23 100000 100000 4 30 47 57 59
86 172 60 2 38 62
132 100000 92 1 67
253 100000 177 2 64 67
164 100000 100000 3 36 56 66
33 66 100000 1 66
414 828 100000 1 72
161 100000 113 5 42 53 57 61 72
51 100000 36 1 69
327 654 100000 2 43 70
280 100000 100000 3 61 65 70
356 100000 100000 2 33 69
75 100000 52 2 48 68
55 100000 100000 3 29 42 77
312 100000 218 2 67 74
425 100000 298 1 75
82 164 57 1 78
120 100000 100000 2 42 77
409 818 100000 2 74 76
36 100000 100000 2 65 74
312 624 218 2 65 81
30 60 100000 1 86
499 100000 100000 3 31 63 80
168 100000 100000 3 63 72 80
22 100000 15 1 84
313 626 100000 2 68 88
534 1068 374 1 87
408 100000 100000 4 79 80 87 88
251 100000 176 3 81 88 89
583 100000 408 2 87 88
453 906 317 1 89
44 100000 100000 1 89
346 692 242 2 79 91
