# Converted from 100_113.csv
100
67 134 47 0
118 100000 100000 0
99 100000 100000 0
117 100000 100000 0
49 98 100000 0
110 220 77 0
78 100000 100000 0
124 248 100000 1 6
196 392 137 1 6
233 100000 100000 1 6
322 644 100000 1 6
221 100000 100000 1 10
198 100000 139 1 10
97 100000 100000 1 10
245 100000 100000 1 10
297 594 208 2 13 14
232 100000 162 1 14
117 100000 100000 2 13 14
112 100000 100000 2 13 14
275 100000 100000 2 17 18
38 100000 100000 2 17 18
201 402 100000 2 17 18
90 180 100000 7 4 5 8 9 12 16 18
66 132 100000 2 17 18
187 100000 100000 2 17 18
95 100000 100000 2 17 18
337 674 100000 3 22 23 24
102 204 71 1 22
132 100000 92 1 22
185 100000 100000 1 22
217 434 152 1 22
94 100000 100000 1 22
134 100000 100000 1 22
57 114 100000 3 22 23 24
234 100000 100000 4 23 24 28 29
35 70 100000 5 23 24 25 28 29
106 100000 100000 5 2 3 7 11 26
30 60 100000 3 23 24 30
142 284 99 3 25 36 37
99 198 100000 1 36
107 100000 75 1 36
23 100000 100000 1 36
54 108 100000 1 36
56 100000 100000 1 36
40 100000 28 2 31 36
111 222 100000 1 36
236 100000 100000 1 45
33 100000 23 4 29 32 39 41
53 106 100000 2 29 45
60 120 42 2 28 45
138 100000 100000 4 33 47 48 49
29 58 20 4 32 39 48 49
202 100000 141 6 25 27 43 47 48 49
98 196 69 7 25 27 31 39 40 41 48
49 98 100000 2 27 47
187 374 100000 3 31 51 52
181 362 100000 1 50
81 162 100000 3 31 42 52
237 474 100000 3 27 50 51
201 100000 100000 4 30 43 50 54
235 100000 100000 2 31 59
100 200 100000 3 31 51 59
168 100000 100000 2 42 59
36 100000 100000 2 40 59
273 546 191 3 44 52 59
180 100000 126 12 0 1 15 19 20 34 38 40 44 46 55 60
148 296 104 2 40 62
78 156 100000 2 62 64
140 100000 98 1 65
86 172 60 1 65
183 100000 128 1 65
165 100000 100000 1 65
224 100000 157 1 65
117 100000 82 2 31 66
95 190 100000 1 66
71 142 50 1 65
88 100000 62 1 67
129 258 100000 5 21 35 56 57 73
113 100000 79 3 68 70 75
108 216 100000 2 62 69
216 100000 100000 1 68
29 58 20 1 76
198 100000 139 1 71
77 100000 100000 1 77
149 100000 100000 1 77
103 100000 72 1 77
84 100000 100000 1 77
51 100000 36 1 77
162 100000 100000 1 77
157 100000 110 1 77
113 100000 100000 1 77
38 100000 27 1 77
81 162 100000 8 53 58 61 74 78 79 80 82
33 100000 23 2 67 82
91 100000 64 3 64 72 77
37 100000 26 1 92
164 100000 115 1 92
171 100000 100000 1 92
198 100000 139 1 92
59 100000 41 1 92
