# Converted from 100_260.csv
100
173 100000 121 0
133 100000 93 0
116 232 100000 0
129 100000 100000 0
33 100000 100000 0
32 64 22 1 1
164 100000 115 1 1
150 300 105 1 0
79 158 55 2 2 4
318 100000 223 1 2
108 100000 76 2 2 3
248 496 100000 1 3
114 100000 100000 1 5
146 100000 102 1 6
214 100000 150 1 8
72 144 100000 1 7
212 424 148 2 9 10
178 356 100000 2 8 9
104 208 73 2 9 11
102 100000 71 1 14
219 100000 153 1 15
242 484 100000 1 12
184 368 100000 3 13 16 17
22 100000 100000 2 4 16
92 100000 100000 2 16 17
41 100000 100000 1 19
124 100000 100000 1 21
212 100000 100000 2 20 22
224 100000 157 2 11 24
41 82 100000 2 11 22
77 100000 100000 1 27
236 100000 100000 1 25
190 380 133 1 27
236 472 165 1 26
77 154 100000 2 11 27
155 310 100000 1 29
148 100000 100000 1 29
147 294 103 1 29
102 204 100000 2 11 27
95 100000 100000 1 30
43 100000 100000 1 34
152 304 100000 1 31
25 50 100000 1 35
140 100000 100000 1 32
77 154 100000 6 18 33 34 35 37 38
171 100000 100000 1 40
155 100000 108 1 39
144 100000 100000 1 42
81 162 57 2 38 41
57 100000 100000 2 43 44
150 100000 105 1 44
24 48 100000 1 44
37 74 26 1 45
115 230 100000 1 46
255 100000 178 1 47
90 100000 100000 2 35 48
166 332 116 2 36 51
67 100000 100000 1 52
295 100000 100000 1 54
147 100000 103 3 18 48 53
81 100000 57 1 54
166 100000 100000 2 36 54
93 186 100000 1 57
74 148 100000 1 58
48 100000 34 4 23 56 59 61
146 292 100000 4 50 51 59 60
192 100000 100000 4 55 56 59 60
92 184 100000 1 63
160 320 112 1 64
174 100000 100000 3 28 62 64
191 382 100000 1 64
320 640 100000 2 64 65
70 100000 49 1 68
212 100000 148 3 60 64 67
110 100000 100000 4 66 69 70 71
125 100000 100000 2 28 71
140 280 100000 3 24 70 71
54 100000 38 3 69 70 71
296 100000 100000 3 55 69 71
63 126 44 1 72
239 100000 100000 1 73
60 100000 100000 1 73
47 100000 33 3 73 74 76
159 100000 100000 1 82
111 100000 78 1 79
213 100000 149 1 82
270 100000 189 1 80
116 100000 100000 1 81
332 100000 100000 2 77 82
72 144 100000 3 49 78 82
157 314 100000 1 83
75 100000 100000 1 85
200 100000 140 1 86
173 100000 100000 3 74 84 87
167 334 100000 1 88
328 100000 100000 1 90
207 414 145 1 91
185 100000 130 3 88 92 93
104 100000 73 1 94
23 46 100000 2 49 93
