# Converted from 100_288.csv
100
573 1146 401 0
559 100000 391 0
638 100000 447 0
434 868 304 0
571 1142 100000 0
490 100000 343 0
363 100000 254 1 1
415 830 100000 1 0
385 770 100000 3 2 3 4
638 1276 100000 3 2 3 4
591 100000 100000 3 2 3 4
442 884 309 3 2 3 4
438 876 307 1 7
585 100000 410 1 6
495 100000 100000 1 8
644 1288 451 5 1 8 9 10 11
404 808 100000 3 8 10 11
491 100000 100000 4 8 9 10 11
435 100000 304 3 8 10 11
478 956 100000 1 12
390 100000 100000 1 14
305 100000 100000 5 13 15 16 17 18
460 100000 100000 3 15 16 18
430 100000 100000 3 16 17 18
338 100000 100000 1 19
484 968 339 1 22
455 910 100000 4 20 21 22 23
622 100000 100000 2 21 23
619 1238 433 2 21 23
458 100000 100000 2 17 22
173 100000 121 1 24
427 854 100000 1 26
402 100000 100000 1 25
596 100000 100000 1 26
528 1056 370 2 26 29
458 100000 321 3 26 27 29
366 732 100000 1 30
489 978 100000 1 31
390 100000 273 1 32
576 1152 403 1 34
479 100000 335 1 33
598 1196 100000 3 28 34 35
820 100000 100000 2 34 35
228 456 100000 2 5 34
546 100000 100000 1 38
587 100000 100000 1 39
485 970 340 1 40
459 100000 100000 5 36 37 41 42 43
564 1128 395 3 41 42 43
822 100000 575 2 5 41
449 898 314 1 44
791 100000 100000 1 45
312 100000 100000 3 5 34 46
430 860 301 1 47
430 100000 100000 2 48 49
516 100000 361 1 50
711 1422 100000 1 52
586 100000 100000 1 52
506 100000 100000 1 51
805 100000 100000 1 53
577 100000 100000 2 43 52
404 808 283 1 58
585 1170 410 1 55
615 100000 100000 1 59
556 100000 389 1 56
524 1048 100000 1 57
374 748 262 2 59 60
395 100000 100000 1 59
641 100000 100000 1 61
437 100000 100000 1 62
591 100000 414 1 63
639 100000 100000 1 65
324 100000 100000 3 64 66 67
359 718 251 1 69
290 100000 100000 3 68 70 72
482 964 337 3 60 67 71
447 100000 100000 1 72
526 100000 368 1 72
601 1202 100000 2 54 72
453 100000 100000 1 72
476 100000 100000 2 54 72
447 100000 100000 1 74
500 100000 100000 4 73 76 78 79
426 100000 100000 3 78 79 80
520 1040 364 2 78 80
592 1184 100000 1 81
591 100000 100000 1 83
587 100000 100000 1 82
570 100000 399 2 75 84
609 100000 100000 3 77 83 84
383 766 100000 2 83 84
517 1034 100000 1 86
534 100000 374 1 87
407 100000 285 4 75 82 85 90
499 100000 349 2 76 89
554 1108 100000 3 77 91 92
471 942 330 1 93
494 100000 100000 3 82 90 94
541 100000 379 2 77 93
391 782 100000 2 89 93
