# Converted from 100_400.csv
100
145 100000 100000 0
458 916 100000 0
88 100000 100000 0
195 390 136 0
376 100000 100000 0
335 100000 234 1 4
151 100000 100000 1 4
135 100000 94 2 0 4
111 100000 78 2 0 4
455 100000 100000 2 3 4
538 100000 100000 1 6
145 290 100000 1 5
155 310 100000 1 6
203 100000 142 1 9
49 98 34 2 1 5
151 302 100000 1 7
246 100000 172 2 10 12
54 100000 100000 3 2 10 12
159 100000 111 1 13
188 376 100000 3 0 9 10
479 100000 100000 2 1 12
518 1036 100000 4 7 17 19 20
64 128 45 4 5 17 18 19
195 100000 100000 2 14 18
34 68 100000 1 19
202 404 100000 1 18
183 100000 128 2 13 20
153 306 107 2 13 17
141 100000 100000 2 21 22
197 394 100000 1 22
280 100000 100000 2 22 27
522 100000 100000 2 7 23
200 400 140 2 0 25
40 100000 100000 2 1 29
292 100000 204 3 6 31 32
56 100000 39 2 16 29
187 374 100000 1 29
650 100000 455 1 30
206 100000 144 5 33 34 35 36 37
442 884 309 3 31 35 37
554 100000 388 1 34
140 280 98 2 19 34
403 806 282 1 36
100 200 70 2 23 42
641 100000 449 4 38 40 41 42
171 100000 120 3 27 29 40
255 100000 100000 1 38
470 940 329 3 7 14 42
279 100000 195 1 38
413 826 100000 1 38
73 100000 100000 1 38
169 338 100000 2 44 45
250 500 100000 1 50
231 462 100000 1 48
95 100000 66 1 46
200 100000 100000 2 11 49
197 394 100000 2 21 46
75 150 100000 2 25 43
315 630 100000 1 48
260 100000 100000 4 15 51 53 56
99 198 69 1 52
595 100000 100000 3 40 53 55
76 100000 53 2 46 53
250 100000 100000 1 59
246 492 100000 2 20 61
218 100000 153 1 61
112 224 100000 2 39 62
61 100000 100000 2 60 62
95 190 66 2 47 59
246 100000 172 1 65
106 100000 100000 2 39 64
230 100000 161 1 68
389 100000 100000 2 60 68
60 100000 100000 1 72
444 100000 100000 2 46 69
74 100000 100000 3 41 62 69
509 1018 100000 5 44 46 47 57 70
129 100000 90 2 66 72
458 100000 321 2 63 71
64 128 100000 1 72
197 394 100000 2 65 73
130 100000 100000 4 54 61 73 79
283 100000 100000 2 65 73
22 100000 100000 4 8 66 72 75
419 100000 293 3 15 60 76
536 1072 100000 4 8 26 55 78
62 124 100000 5 47 63 64 74 75
274 100000 192 3 11 63 77
316 632 221 2 65 85
216 100000 151 3 54 77 86
37 74 26 1 80
141 100000 100000 4 26 67 78 80
73 100000 100000 3 56 62 84
101 100000 100000 2 66 81
265 100000 100000 2 73 87
125 100000 100000 2 65 87
206 100000 100000 4 39 58 80 81
537 1074 376 3 70 82 89
27 100000 100000 2 54 91
304 608 100000 5 58 86 88 91 92
