# Converted from 100_272.csv
100
127 100000 100000 0
83 166 100000 0
120 100000 84 0
318 636 100000 0
207 100000 100000 0
27 100000 100000 0
177 100000 124 1 0
142 284 100000 1 1
169 338 100000 1 1
330 100000 231 2 1 3
147 294 100000 3 1 2 3
39 100000 100000 3 1 2 5
258 100000 181 1 7
113 100000 100000 1 6
105 100000 100000 1 9
83 100000 100000 1 8
197 100000 138 3 9 10 11
47 100000 33 3 9 10 11
128 100000 90 3 9 10 11
192 100000 100000 3 9 10 11
86 172 100000 1 16
130 260 100000 1 12
151 100000 100000 1 13
97 194 100000 1 14
161 322 100000 1 17
127 100000 100000 1 15
168 100000 100000 4 16 17 18 19
73 100000 100000 4 16 17 18 19
190 100000 100000 4 16 17 18 19
76 152 53 1 20
33 100000 100000 1 21
123 100000 86 1 23
41 100000 100000 1 24
207 414 145 5 22 25 26 27 28
175 100000 100000 3 26 27 28
110 100000 77 3 26 27 28
195 390 136 1 31
264 100000 185 1 32
25 100000 100000 4 29 33 34 35
238 100000 167 4 30 33 34 35
179 358 100000 3 33 34 35
92 184 100000 4 4 33 34 35
21 100000 100000 1 36
212 424 100000 4 37 38 40 41
29 58 20 2 38 40
141 282 100000 3 4 39 40
219 100000 100000 1 42
31 62 100000 1 43
168 100000 100000 1 43
148 100000 100000 1 47
118 100000 83 1 47
131 262 92 1 46
208 416 100000 3 44 47 48
260 100000 100000 1 48
269 100000 188 1 49
81 162 57 1 52
63 100000 100000 1 50
79 100000 100000 1 51
101 100000 71 2 45 53
150 100000 100000 1 52
64 100000 45 1 54
64 100000 45 1 56
104 208 100000 1 55
32 64 22 1 58
57 100000 100000 1 58
162 324 113 2 57 58
152 100000 100000 2 44 58
220 100000 154 1 59
204 408 100000 1 58
233 100000 100000 1 60
202 404 100000 1 61
219 438 100000 1 64
207 414 100000 1 63
121 242 100000 4 62 64 65 68
74 100000 100000 2 44 64
96 100000 67 2 39 67
87 100000 61 1 71
137 100000 96 1 69
22 44 100000 3 59 70 72
46 100000 100000 3 73 74 75
82 100000 57 2 45 75
136 100000 100000 1 76
100 200 70 1 77
134 100000 94 3 68 78 80
73 100000 51 2 78 79
217 100000 152 4 64 67 68 78
98 196 69 1 81
200 100000 140 3 67 74 82
71 100000 50 2 83 84
244 100000 100000 2 83 85
50 100 100000 1 87
177 354 100000 1 86
21 42 100000 3 66 87 89
110 100000 77 2 78 87
155 310 100000 2 65 87
90 100000 63 1 90
162 324 113 3 84 85 91
219 438 153 3 83 85 94
140 280 100000 3 84 89 93
190 380 100000 3 68 80 93
