# Converted from 100_221.csv
100
502 1004 100000 0
618 1236 100000 0
400 800 100000 0
524 1048 100000 0
308 100000 100000 0
412 824 288 0
524 100000 100000 0
494 988 100000 0
372 100000 260 1 0
544 100000 100000 1 1
501 1002 100000 1 2
713 1426 100000 1 3
288 576 100000 1 4
627 1254 100000 1 6
142 100000 99 1 6
467 934 327 1 6
551 100000 386 1 6
409 818 100000 1 8
638 100000 100000 3 9 10 11
444 100000 311 1 12
619 100000 433 1 16
565 100000 100000 1 14
281 562 197 1 15
549 1098 384 1 17
497 100000 100000 2 16 22
562 100000 393 2 20 21
359 100000 251 2 18 21
448 100000 314 1 22
457 100000 100000 1 20
531 100000 372 1 21
720 100000 504 1 19
585 100000 100000 1 24
656 1312 459 1 23
370 740 100000 2 13 25
448 100000 100000 1 27
427 100000 100000 1 29
493 100000 100000 1 31
403 100000 282 1 32
429 100000 300 1 34
487 100000 100000 1 34
282 564 100000 1 34
483 966 338 1 34
533 100000 373 1 37
618 1236 433 1 38
583 100000 408 1 36
677 1354 100000 1 39
458 100000 100000 1 40
593 100000 100000 1 38
202 100000 100000 1 38
639 100000 100000 1 41
328 656 230 1 39
600 100000 100000 1 40
644 1288 100000 3 7 39 40
380 760 100000 4 18 33 35 38
598 100000 419 1 44
552 100000 386 1 42
518 1036 100000 1 49
556 1112 100000 1 43
540 100000 378 1 49
518 100000 363 1 45
638 100000 100000 1 46
565 1130 396 1 47
389 778 100000 1 48
442 100000 100000 1 52
441 882 309 1 53
466 932 100000 1 51
534 100000 374 1 63
581 100000 100000 1 54
295 100000 100000 1 56
528 1056 100000 1 58
415 100000 290 5 18 35 55 57 61
471 100000 100000 2 18 63
639 1278 100000 2 53 59
604 100000 100000 2 5 60
377 754 100000 1 62
360 720 252 2 63 64
617 1234 100000 1 65
391 100000 100000 1 66
571 100000 100000 1 68
605 100000 424 1 67
613 100000 100000 1 71
425 100000 100000 1 73
513 1026 359 3 5 69 75
452 100000 100000 1 74
657 100000 460 1 73
890 1780 100000 1 81
273 546 191 1 77
926 100000 648 1 78
602 100000 421 1 80
553 100000 100000 2 65 79
571 100000 400 1 82
430 100000 100000 1 82
678 100000 475 1 85
752 100000 100000 3 86 87 88
478 956 100000 1 90
337 674 100000 1 90
609 100000 100000 3 24 65 91
428 100000 100000 2 26 89
625 100000 438 1 90
508 1016 100000 1 91
