# Converted from 100_76.csv
100
560 100000 392 0
33 100000 100000 0
243 486 170 0
520 1040 100000 0
51 100000 100000 0
31 62 22 0
480 960 100000 0
249 498 100000 5 0 1 2 3 4
549 100000 384 1 5
231 462 162 1 5
565 1130 100000 1 5
138 100000 100000 1 7
127 254 100000 1 7
236 100000 100000 1 7
187 374 131 1 7
318 636 100000 1 7
45 100000 100000 1 7
163 100000 114 1 7
179 100000 125 1 7
238 476 100000 1 7
71 100000 100000 1 7
113 226 79 1 7
268 100000 188 3 6 7 10
82 100000 100000 2 15 22
67 134 47 2 10 17
65 100000 46 2 11 22
250 100000 100000 2 14 17
331 100000 232 1 19
291 582 100000 2 11 17
125 100000 88 3 6 11 17
88 100000 100000 6 8 24 25 26 27 29
329 100000 100000 1 28
250 500 175 2 10 28
504 100000 100000 2 22 28
96 192 100000 1 30
117 100000 100000 1 30
533 100000 100000 1 30
46 100000 100000 1 30
191 100000 134 1 30
313 626 100000 1 30
494 988 346 1 30
486 972 340 2 30 33
207 414 100000 1 30
21 100000 15 3 12 20 36
248 496 174 3 33 36 38
194 388 136 2 38 40
106 100000 100000 2 32 42
138 100000 100000 2 15 46
38 100000 100000 3 15 36 46
217 434 100000 1 45
221 100000 155 1 49
339 100000 100000 3 15 37 49
79 100000 55 1 49
74 100000 100000 2 32 49
131 262 100000 2 21 49
81 162 100000 2 21 53
161 100000 100000 1 54
29 100000 20 2 20 54
344 100000 241 2 37 53
60 100000 42 9 9 35 41 43 44 51 52 55 56
314 100000 100000 2 33 57
107 214 100000 1 59
149 100000 104 2 39 59
165 330 100000 1 59
23 46 100000 1 59
312 100000 218 1 59
122 244 100000 1 59
61 122 100000 1 59
65 100000 46 1 59
122 244 100000 1 59
25 50 100000 1 60
497 994 100000 1 70
269 538 188 2 16 66
269 538 100000 6 31 47 48 50 60 63
483 100000 100000 2 68 70
498 100000 349 2 64 65
219 100000 100000 6 23 34 61 62 71 72
87 174 61 1 73
138 100000 97 1 73
72 100000 50 1 73
145 290 102 1 73
539 100000 100000 1 73
424 100000 100000 1 73
388 100000 100000 1 73
522 100000 100000 1 73
251 100000 100000 1 75
562 100000 100000 1 74
57 114 100000 1 76
146 100000 100000 1 76
276 100000 193 1 76
184 100000 100000 1 76
175 100000 100000 1 76
103 206 72 1 76
40 100000 28 1 76
345 100000 100000 1 76
93 100000 65 1 87
75 150 100000 2 83 87
383 100000 100000 2 88 95
461 100000 100000 2 81 96
129 100000 90 2 82 96
