# Converted from 100_444.csv
100
333 666 100000 0
542 1084 100000 0
500 100000 100000 0
364 100000 255 0
376 752 100000 0
343 686 240 0
657 100000 460 0
706 100000 494 3 0 1 6
301 100000 100000 1 5
423 846 296 2 0 4
452 904 100000 2 1 4
581 1162 100000 1 6
389 778 100000 2 0 5
382 764 100000 2 0 1
609 100000 100000 4 7 8 9 12
430 100000 100000 3 8 9 12
546 100000 100000 2 8 9
509 1018 356 3 8 9 13
380 760 100000 3 13 14 15
529 100000 100000 2 6 15
804 100000 563 1 15
517 1034 100000 1 14
710 100000 497 1 14
411 822 100000 2 14 15
436 100000 100000 1 16
635 100000 100000 3 7 12 17
555 1110 388 3 14 16 17
554 100000 388 3 11 22 24
559 100000 391 2 14 20
697 1394 488 3 13 21 24
387 774 271 2 11 26
632 1264 442 3 19 27 30
289 100000 202 3 13 23 27
472 100000 100000 2 25 29
466 100000 326 2 31 33
754 1508 100000 3 18 26 32
197 100000 138 1 31
528 1056 100000 1 33
450 100000 100000 2 18 33
411 100000 288 1 36
632 100000 100000 2 36 37
617 1234 100000 1 35
621 1242 100000 3 26 27 37
222 444 100000 1 35
506 100000 100000 1 34
316 632 221 2 28 36
450 100000 100000 3 42 43 44
427 100000 100000 1 42
554 100000 100000 3 39 40 43
408 816 100000 3 38 39 41
513 100000 100000 2 18 39
666 100000 100000 2 41 43
299 100000 100000 2 15 47
838 100000 100000 2 47 51
477 100000 334 2 47 49
569 100000 398 2 34 51
365 100000 255 2 21 50
243 486 170 2 41 46
614 100000 100000 1 54
539 100000 377 2 49 52
511 100000 358 1 57
626 100000 438 1 52
366 732 100000 1 52
435 100000 100000 3 40 41 61
549 1098 100000 1 59
287 574 201 1 60
631 1262 100000 4 19 28 41 61
469 100000 100000 2 60 62
483 100000 338 1 60
561 100000 100000 1 60
478 100000 100000 1 60
544 100000 100000 2 38 70
358 716 100000 2 38 65
570 100000 100000 2 58 67
530 100000 100000 2 57 63
474 948 100000 5 10 39 65 67 69
321 100000 100000 3 38 74 75
460 920 100000 1 72
477 100000 334 1 75
526 100000 368 1 75
498 100000 100000 1 73
464 100000 325 2 69 71
444 100000 100000 2 3 78
378 756 265 3 2 50 80
516 100000 100000 1 80
524 100000 100000 1 81
427 100000 299 3 56 61 79
443 886 310 3 72 76 81
457 914 320 2 76 84
368 736 100000 4 55 66 68 87
380 100000 100000 1 87
675 1350 472 2 84 86
504 1008 353 5 51 61 75 77 85
488 100000 100000 1 85
509 100000 356 3 77 80 90
667 100000 100000 1 89
416 100000 291 3 59 80 92
407 100000 100000 2 88 89
648 1296 100000 1 90
582 1164 407 1 89
