# Converted from 100_361.csv
100
513 100000 100000 0
272 544 190 0
440 100000 308 0
455 100000 318 1 2
484 100000 100000 1 0
470 100000 100000 1 1
514 100000 360 1 0
544 100000 100000 1 2
434 100000 100000 1 1
428 856 100000 1 1
365 100000 100000 1 1
166 332 100000 1 0
543 100000 380 1 0
446 100000 100000 1 8
446 100000 312 1 10
606 1212 100000 1 11
649 1298 100000 2 7 12
455 910 100000 1 3
765 1530 536 1 9
641 100000 100000 1 5
637 1274 100000 1 12
606 100000 100000 1 11
654 100000 100000 1 16
454 100000 318 3 8 17 21
582 100000 407 1 19
589 100000 412 2 14 19
509 100000 100000 2 13 15
270 540 189 1 16
553 100000 100000 1 20
238 100000 100000 2 18 21
402 804 281 1 19
422 844 100000 2 12 14
403 806 100000 1 24
547 1094 100000 1 24
409 100000 100000 1 26
417 100000 100000 1 24
596 100000 100000 1 28
486 972 100000 1 24
513 100000 100000 1 22
672 100000 470 1 34
441 100000 100000 1 32
393 100000 100000 1 35
370 740 259 3 10 18 37
576 100000 100000 1 33
221 442 155 1 35
136 100000 95 2 8 38
685 1370 479 2 5 38
625 1250 438 1 38
530 100000 371 1 32
575 1150 402 1 36
627 100000 439 3 14 40 43
459 918 321 2 17 44
366 100000 100000 1 40
350 100000 245 2 13 49
654 100000 100000 1 43
487 974 100000 1 48
233 466 100000 2 45 53
471 100000 100000 1 54
582 100000 100000 1 50
356 100000 100000 1 54
433 100000 303 2 37 51
574 1148 402 1 53
498 996 349 1 51
345 690 100000 2 9 53
571 100000 100000 2 47 51
421 100000 295 2 6 55
542 1084 379 1 63
536 1072 100000 2 58 59
476 100000 100000 1 65
695 1390 486 1 65
630 1260 441 3 14 57 65
359 100000 100000 2 0 58
514 100000 100000 3 60 61 63
395 100000 276 1 70
369 738 100000 2 67 68
336 100000 100000 2 28 69
637 1274 100000 2 40 66
417 834 100000 1 67
436 872 305 1 70
392 100000 100000 4 7 12 30 77
653 100000 100000 1 73
437 100000 306 1 73
531 1062 372 2 27 75
405 100000 284 3 45 66 75
483 966 100000 2 33 75
273 100000 191 1 75
474 100000 100000 3 34 42 77
490 100000 100000 2 73 78
636 100000 100000 2 35 77
511 100000 100000 1 81
503 1006 352 1 83
499 100000 100000 1 85
360 100000 100000 2 38 82
673 1346 471 3 21 34 79
469 100000 100000 1 87
609 100000 100000 1 84
543 100000 100000 1 80
757 1514 100000 1 79
431 862 302 1 82
479 958 335 1 84
