# Converted from 100_192.csv
100
134 100000 94 0
149 100000 104 0
108 100000 100000 0
113 100000 100000 0
196 100000 100000 0
130 100000 100000 0
129 100000 90 0
39 100000 27 1 2
156 312 100000 1 2
24 48 100000 1 0
96 192 67 1 3
142 100000 99 1 2
102 100000 100000 1 4
187 100000 131 1 1
40 100000 28 1 5
267 100000 187 1 7
85 170 100000 1 8
61 100000 43 1 9
61 122 100000 1 10
125 250 100000 1 11
240 100000 168 1 12
175 100000 100000 1 13
153 100000 100000 1 14
284 568 199 1 14
44 88 100000 1 14
76 152 100000 1 14
51 102 36 1 14
32 64 100000 1 14
26 52 18 1 16
44 100000 31 1 18
270 100000 189 1 21
151 100000 106 1 22
280 100000 196 3 15 17 19
105 210 74 1 20
393 100000 100000 1 24
26 100000 100000 1 26
80 160 56 1 28
77 100000 100000 1 30
100 200 100000 2 4 29
157 314 100000 1 32
261 100000 100000 1 31
198 100000 139 1 32
140 280 100000 2 3 34
62 100000 43 1 36
182 100000 127 1 39
101 100000 100000 1 37
109 100000 100000 1 42
262 524 100000 2 35 41
175 100000 100000 2 2 42
116 232 81 2 14 41
225 450 100000 1 39
31 62 22 1 44
66 132 100000 1 43
140 280 100000 2 2 45
207 414 145 1 46
95 100000 100000 2 3 47
152 100000 100000 1 47
37 74 100000 1 50
62 100000 100000 1 51
177 354 100000 1 52
165 100000 100000 2 3 53
53 106 37 1 55
31 62 22 1 57
84 100000 59 2 35 57
209 418 146 1 53
129 258 100000 1 57
124 100000 100000 2 14 53
88 176 100000 2 54 55
133 100000 100000 1 55
124 100000 100000 3 41 46 53
174 348 100000 1 54
28 56 100000 1 60
42 84 29 1 58
33 100000 23 1 61
117 100000 100000 2 46 59
166 332 100000 1 69
123 100000 100000 2 64 67
251 502 100000 1 68
61 100000 100000 1 71
113 226 100000 1 74
73 100000 51 1 74
75 100000 100000 1 72
173 100000 121 1 73
114 100000 100000 2 49 75
182 100000 100000 1 76
168 100000 100000 1 74
118 100000 100000 1 77
298 100000 209 1 79
220 100000 100000 1 78
34 100000 24 1 80
146 292 102 1 81
114 100000 80 2 48 82
73 146 100000 2 62 86
261 100000 100000 2 49 86
110 100000 77 1 88
145 100000 100000 1 90
251 100000 100000 1 87
59 118 41 2 64 89
82 100000 100000 2 25 91
88 100000 100000 1 91
