# Converted from 100_340.csv
100
110 100000 100000 0
181 100000 100000 0
98 196 69 0
154 100000 108 0
68 100000 100000 0
126 252 100000 0
173 100000 100000 0
119 100000 83 0
71 100000 100000 0
145 290 102 1 8
43 100000 100000 2 1 5
83 100000 58 1 5
137 100000 100000 1 4
76 152 53 1 6
187 100000 100000 1 3
188 376 100000 1 9
137 100000 100000 1 11
236 472 100000 1 10
199 100000 139 1 12
37 100000 26 1 10
181 100000 100000 1 13
235 100000 100000 1 12
187 100000 131 2 11 12
199 398 100000 1 10
114 228 100000 1 10
61 122 43 1 13
247 100000 173 1 15
22 100000 100000 1 25
193 386 135 1 24
171 100000 120 1 18
238 100000 167 2 11 23
69 100000 100000 1 19
93 186 65 2 16 23
151 302 100000 1 22
155 100000 108 1 33
279 100000 195 1 33
95 100000 100000 1 30
153 306 100000 1 28
211 100000 148 1 26
91 100000 64 1 32
82 100000 57 1 28
244 100000 100000 2 8 31
78 156 100000 1 29
142 100000 100000 1 28
32 64 22 1 37
136 272 95 1 35
124 100000 100000 2 26 34
66 100000 100000 1 43
207 414 100000 2 20 42
305 610 100000 2 9 41
79 158 100000 1 49
100 200 70 1 49
47 100000 100000 1 44
67 100000 100000 1 45
55 100000 38 1 46
22 100000 100000 1 44
232 100000 100000 1 44
191 100000 100000 2 2 49
327 100000 229 1 47
97 194 100000 1 57
159 100000 100000 1 51
163 326 100000 2 8 56
92 100000 64 1 51
228 100000 160 2 36 56
147 100000 100000 1 56
184 100000 129 2 53 55
84 168 59 2 15 58
82 164 57 1 63
21 100000 100000 1 65
111 222 100000 2 44 60
149 298 100000 1 66
107 214 75 2 25 63
83 100000 100000 2 20 66
159 318 100000 1 62
146 292 100000 1 62
61 100000 100000 1 62
105 210 100000 3 34 36 72
57 114 40 2 46 75
75 100000 52 1 72
69 100000 100000 2 15 75
70 100000 100000 1 75
233 466 163 1 72
81 100000 100000 3 6 39 68
104 100000 73 1 78
167 334 100000 3 20 22 80
180 360 100000 2 17 81
66 100000 100000 3 52 55 80
228 100000 100000 2 50 78
220 100000 100000 2 45 77
118 236 100000 1 82
93 186 65 2 61 80
203 100000 100000 1 77
293 100000 205 2 26 83
130 260 100000 2 37 88
27 54 100000 2 44 84
48 96 34 1 84
31 100000 100000 2 58 88
98 196 100000 2 23 91
158 100000 111 4 40 67 85 86
166 100000 116 1 91
