# Converted from 100_385.csv
100
89 100000 100000 0
518 100000 363 0
194 100000 100000 0
152 304 100000 0
231 462 100000 0
124 100000 87 0
345 690 241 0
83 100000 100000 2 2 3
76 100000 100000 1 5
458 916 321 1 0
218 100000 100000 1 4
195 390 100000 1 6
528 100000 100000 4 7 9 10 11
44 100000 100000 3 8 9 10
151 100000 100000 2 10 11
202 100000 100000 1 11
116 100000 81 1 8
553 100000 100000 2 14 16
207 100000 145 1 12
163 326 100000 1 13
36 72 25 3 0 4 16
49 100000 34 3 17 18 19
154 308 100000 2 17 18
62 124 43 2 18 19
74 100000 100000 1 20
126 100000 100000 1 18
145 290 102 2 19 20
298 100000 100000 1 18
206 412 144 5 21 23 24 25 27
244 488 100000 1 23
76 100000 100000 1 21
499 100000 100000 1 23
248 100000 174 2 3 26
412 100000 100000 4 22 29 30 31
62 100000 100000 4 27 30 31 32
49 98 34 2 11 32
156 312 109 1 28
132 264 92 1 30
235 100000 164 2 35 36
522 100000 100000 1 37
543 100000 100000 1 35
276 552 100000 2 12 35
539 100000 377 1 33
420 840 294 2 40 41
299 598 100000 1 39
201 100000 141 1 38
32 64 22 2 33 38
254 100000 100000 1 41
29 58 100000 2 20 42
455 910 318 2 38 40
82 164 100000 2 25 39
136 100000 100000 2 26 48
208 100000 146 3 39 45 47
170 100000 100000 2 17 43
532 100000 372 2 42 47
209 418 146 1 49
176 352 123 2 35 50
143 100000 100 1 54
148 296 100000 2 34 52
59 100000 100000 2 45 56
105 100000 100000 1 54
186 100000 130 1 52
102 100000 100000 1 52
130 260 91 1 57
24 100000 100000 5 1 40 42 50 58
97 100000 100000 3 29 58 59
198 396 100000 2 59 61
212 100000 100000 2 47 59
497 100000 100000 1 67
28 100000 20 1 67
265 100000 100000 1 65
191 382 100000 2 64 67
152 100000 100000 2 15 63
145 290 100000 1 63
114 100000 100000 2 69 72
273 100000 100000 3 55 63 69
84 168 59 3 33 66 68
318 636 223 1 70
79 100000 100000 1 76
146 292 100000 1 76
229 100000 100000 3 53 55 77
50 100000 35 1 76
100 100000 70 3 49 70 74
242 100000 169 1 77
48 96 100000 1 81
136 100000 95 4 15 57 58 79
149 100000 100000 1 82
404 100000 100000 2 80 82
288 100000 100000 1 83
280 560 196 2 55 78
480 960 100000 4 48 73 75 80
37 74 26 1 82
237 474 100000 5 48 49 81 83 85
532 1064 372 1 90
87 100000 100000 2 86 87
109 218 100000 1 89
294 100000 206 2 60 88
153 306 107 1 84
235 100000 100000 2 86 90
541 100000 100000 2 40 85
