# Converted from 100_119.csv
100
77 100000 54 0
141 282 100000 0
122 100000 100000 0
187 100000 131 0
113 100000 100000 0
41 82 29 0
251 100000 100000 0
62 100000 100000 0
305 100000 214 0
175 100000 100000 1 7
68 136 100000 1 8
187 374 100000 1 7
141 282 100000 1 8
107 214 100000 1 7
207 100000 145 1 8
248 100000 100000 2 7 8
238 476 167 1 8
96 100000 100000 1 7
221 442 100000 5 1 9 10 11 12
43 86 30 1 16
169 338 118 1 17
131 100000 100000 2 16 17
44 100000 100000 1 15
252 100000 176 2 21 22
201 100000 141 1 18
25 100000 18 1 18
123 100000 100000 1 18
95 190 66 1 18
48 100000 100000 1 18
93 186 65 1 18
81 100000 57 2 21 22
94 100000 66 1 22
197 100000 138 2 17 28
235 100000 164 1 31
151 100000 100000 2 28 31
342 100000 100000 2 16 28
91 182 100000 1 28
35 100000 24 10 2 3 13 24 25 26 30 33 34 35
171 342 100000 2 22 36
194 388 136 1 36
118 100000 83 2 31 36
36 100000 25 2 22 36
56 112 39 1 37
40 100000 28 1 37
48 96 100000 1 37
300 100000 100000 1 37
89 178 62 1 37
120 240 100000 2 37 40
201 402 100000 2 15 39
241 482 100000 1 41
32 100000 22 3 45 46 48
133 100000 100000 3 40 46 49
84 168 100000 7 6 19 20 27 38 42 47
90 180 100000 3 40 44 49
149 100000 100000 2 44 48
114 228 100000 2 48 52
174 100000 122 3 29 39 52
180 360 100000 1 52
244 100000 100000 1 52
69 138 48 1 52
56 112 39 1 52
158 100000 100000 1 52
47 94 100000 3 46 48 53
133 100000 93 3 48 49 61
242 484 100000 1 62
317 100000 222 3 29 43 62
131 262 100000 6 0 23 32 50 51 63
402 100000 281 3 29 57 64
37 100000 100000 3 29 57 64
148 100000 100000 2 57 65
49 100000 34 1 65
250 100000 175 1 65
123 246 100000 1 66
120 100000 100000 1 66
58 100000 100000 1 66
281 562 100000 1 66
161 100000 100000 1 66
61 100000 100000 1 66
76 100000 100000 1 66
99 198 100000 2 68 69
80 100000 56 2 60 77
38 100000 27 2 57 73
143 100000 100 4 59 62 76 78
43 86 100000 7 4 5 14 55 56 71 80
88 100000 62 2 71 81
152 100000 100000 4 60 65 75 81
153 100000 100000 1 83
275 550 100000 1 83
52 100000 100000 1 83
52 100000 100000 1 83
50 100 35 1 83
159 100000 111 1 83
108 216 100000 1 84
237 100000 166 4 75 81 82 90
197 394 100000 4 70 81 86 88
47 94 100000 3 74 76 90
28 100000 100000 2 68 92
97 194 100000 5 67 68 69 94 95
43 100000 100000 2 85 95
180 100000 100000 3 54 74 93
