# Converted from 100_116.csv
100
36 72 100000 0
131 262 92 0
179 100000 125 0
226 452 158 0
162 324 113 0
199 398 139 1 4
195 390 100000 1 4
186 100000 100000 1 4
248 496 100000 1 4
112 224 100000 1 4
153 100000 107 1 4
249 498 174 1 10
132 100000 100000 1 9
160 320 100000 1 10
262 100000 100000 1 10
185 370 100000 2 9 14
175 350 122 1 14
177 354 100000 1 14
29 58 20 1 14
199 100000 100000 1 14
146 292 100000 2 13 14
122 100000 100000 2 9 14
176 100000 100000 2 19 20
72 100000 100000 3 13 19 21
132 100000 100000 2 19 21
110 100000 100000 2 20 21
148 100000 100000 6 1 2 3 12 18 21
176 352 123 2 19 21
79 100000 55 1 21
142 100000 100000 1 26
115 230 100000 1 26
50 100000 100000 1 26
205 410 100000 1 26
205 100000 144 1 26
71 142 100000 1 26
137 274 96 1 26
107 214 100000 1 26
116 100000 81 2 27 28
249 100000 100000 4 28 29 31 36
209 100000 146 3 28 29 31
80 100000 100000 3 30 31 36
56 112 100000 4 13 19 30 36
66 100000 46 6 5 6 11 17 23 39
179 100000 125 3 29 40 41
188 376 132 3 20 27 40
255 510 178 4 20 28 40 41
266 100000 100000 3 27 40 41
295 100000 100000 3 29 40 41
165 100000 100000 3 20 40 41
99 100000 100000 4 42 44 45 46
70 100000 49 1 42
268 536 188 1 42
109 218 76 1 42
94 100000 100000 1 42
167 334 100000 1 42
176 100000 123 1 42
421 100000 295 1 42
203 100000 100000 1 42
140 100000 98 4 35 44 45 46
185 100000 100000 5 32 35 44 45 46
103 100000 100000 10 0 15 16 22 38 49 51 52 55 59
205 100000 100000 3 52 55 59
198 100000 139 5 51 55 56 57 59
111 222 100000 3 54 55 59
97 100000 68 3 55 57 59
34 100000 100000 1 60
127 254 100000 1 60
100 100000 100000 1 60
160 100000 100000 1 60
117 234 82 1 60
104 208 100000 1 60
140 280 98 2 60 64
75 100000 52 2 33 62
170 100000 119 6 54 58 62 67 68 70
156 100000 100000 5 33 34 54 64 67
243 486 170 3 62 63 68
155 310 108 3 48 63 74
307 100000 100000 2 58 75
98 100000 100000 3 37 74 75
118 236 83 7 7 8 25 37 47 66 73
384 100000 100000 4 34 37 53 75
229 100000 100000 6 24 43 65 76 77 78
144 100000 100000 1 79
235 100000 100000 1 79
103 100000 100000 1 79
67 134 100000 1 79
185 100000 130 3 48 74 79
235 100000 164 4 48 61 79 80
143 100000 100 1 81
93 100000 100000 1 81
112 100000 100000 1 81
28 100000 100000 1 81
53 100000 37 5 33 34 61 71 82
288 100000 100000 3 63 82 83
52 100000 36 3 84 91 92
106 212 100000 3 50 90 92
72 144 100000 4 53 86 93 94
250 500 100000 2 85 94
269 538 100000 2 94 95
114 100000 80 4 69 89 93 95
