# Converted from 100_310.csv
100
635 100000 100000 0
297 100000 100000 0
473 100000 331 0
123 246 86 0
77 154 100000 0
295 100000 206 0
226 452 100000 0
530 1060 371 1 3
158 316 100000 1 3
230 100000 161 1 3
316 100000 100000 1 1
550 100000 100000 1 2
66 132 46 1 1
127 100000 89 1 3
152 304 106 1 6
256 100000 179 1 13
204 408 100000 1 12
22 44 100000 1 8
139 278 100000 1 14
484 100000 100000 1 11
188 100000 132 1 10
62 100000 43 1 11
61 100000 100000 1 8
198 100000 100000 1 11
68 100000 100000 1 9
446 100000 100000 2 18 21
63 126 100000 1 20
259 518 100000 1 21
212 100000 148 1 24
128 256 100000 1 18
48 96 100000 1 24
29 58 100000 1 15
464 928 325 1 20
481 100000 100000 1 19
97 194 68 1 24
142 284 100000 1 32
180 100000 100000 1 26
58 116 100000 1 33
28 56 100000 1 27
269 100000 100000 1 34
138 100000 100000 1 32
124 100000 100000 1 25
71 100000 50 1 28
21 100000 100000 1 38
142 100000 99 1 42
475 100000 100000 2 23 36
242 100000 169 2 15 41
51 100000 36 1 36
329 658 100000 1 39
481 962 100000 1 35
249 498 174 2 21 39
60 100000 42 1 43
160 100000 100000 2 31 43
399 100000 100000 2 15 49
191 100000 134 2 43 50
244 488 100000 1 46
512 100000 100000 2 8 43
401 100000 281 1 50
130 260 91 4 2 4 13 49
159 100000 111 1 45
34 68 24 1 49
116 100000 100000 2 33 44
104 208 100000 3 30 44 58
60 100000 100000 1 52
206 412 144 1 59
29 100000 100000 1 61
161 100000 113 3 6 56 58
85 100000 59 2 0 56
448 100000 314 1 59
360 100000 252 1 67
499 998 100000 1 64
186 372 100000 2 5 63
135 100000 100000 2 16 68
150 100000 100000 1 62
93 100000 100000 3 10 46 65
84 168 100000 1 63
436 100000 305 1 72
88 100000 62 2 50 70
338 100000 100000 1 72
226 100000 158 1 74
181 100000 100000 3 24 69 72
225 450 100000 2 63 69
163 100000 100000 1 71
122 244 100000 1 71
82 100000 100000 1 80
494 100000 100000 1 81
117 100000 100000 2 31 78
158 100000 100000 1 79
108 216 76 1 79
485 970 340 1 83
505 1010 354 6 37 53 61 67 78 83
156 312 100000 2 47 88
177 100000 100000 1 85
535 100000 374 1 86
398 796 279 2 74 86
429 858 100000 3 77 88 90
162 100000 100000 1 86
136 100000 95 1 89
287 100000 201 1 85
328 656 100000 1 87
