# Converted from 100_502.csv
100
576 100000 403 0
613 1226 429 0
490 980 100000 0
551 100000 386 0
612 100000 428 4 0 1 2 3
464 100000 325 4 0 1 2 3
277 100000 100000 4 0 1 2 3
579 100000 100000 4 0 1 2 3
299 100000 100000 4 4 5 6 7
450 100000 315 4 4 5 6 7
658 1316 461 4 4 5 6 7
399 100000 100000 4 4 5 6 7
554 100000 100000 4 8 9 10 11
492 984 344 4 8 9 10 11
302 100000 211 2 12 13
473 100000 100000 2 12 13
584 1168 100000 2 12 13
775 100000 542 2 12 13
322 100000 100000 2 12 13
497 100000 100000 5 14 15 16 17 18
347 100000 243 1 19
545 1090 100000 1 19
701 100000 100000 1 19
517 1034 362 1 19
352 704 246 4 20 21 22 23
627 1254 100000 4 20 21 22 23
570 1140 100000 4 20 21 22 23
579 100000 100000 4 20 21 22 23
306 100000 214 4 20 21 22 23
451 902 316 5 24 25 26 27 28
576 1152 100000 5 24 25 26 27 28
649 100000 100000 4 24 25 26 27
645 1290 451 2 30 31
480 960 336 2 30 31
503 1006 100000 2 30 31
605 1210 100000 3 32 33 34
641 100000 100000 3 32 33 34
644 1288 100000 3 32 33 34
625 100000 100000 3 35 36 37
754 1508 528 3 35 36 37
600 100000 420 3 35 36 37
486 100000 100000 3 35 36 37
560 1120 392 1 36
482 964 337 2 38 42
560 1120 100000 3 38 39 40
527 100000 100000 1 41
387 100000 100000 2 43 45
645 100000 100000 1 45
580 100000 100000 2 44 45
624 100000 100000 3 43 47 48
508 100000 356 2 46 48
472 100000 100000 2 44 46
539 100000 100000 2 50 51
352 704 100000 2 50 51
415 100000 100000 1 50
361 100000 100000 1 54
463 926 100000 1 53
560 1120 392 3 29 55 56
407 814 100000 3 52 55 56
511 100000 100000 3 52 55 56
763 100000 100000 4 49 57 58 59
223 100000 156 4 49 57 58 59
395 790 276 2 58 59
601 1202 421 1 61
578 100000 100000 2 60 61
460 920 100000 1 61
403 806 282 2 64 65
658 100000 461 1 63
564 1128 100000 2 60 67
490 100000 100000 1 66
489 100000 342 1 66
650 1300 100000 1 70
422 100000 100000 1 68
430 100000 100000 3 62 67 69
455 100000 318 1 68
618 100000 100000 1 70
492 984 100000 3 72 73 75
508 100000 356 2 67 75
683 100000 100000 2 72 75
422 100000 100000 2 72 74
564 100000 100000 2 66 79
527 100000 369 1 79
555 100000 100000 1 80
559 1118 391 2 69 80
578 100000 100000 4 62 71 80 81
396 792 100000 1 80
553 1106 100000 2 83 85
667 100000 100000 2 82 84
584 100000 409 3 69 84 85
528 100000 100000 1 82
403 100000 100000 1 88
435 100000 100000 2 73 88
534 1068 100000 2 71 86
550 100000 385 1 88
442 884 309 1 87
508 1016 356 2 71 89
339 100000 100000 4 73 83 87 95
532 1064 372 3 82 90 92
464 100000 325 2 81 92
512 1024 358 3 86 89 93
