# Converted from 100_455.csv
100
393 786 100000 0
137 274 96 0
219 100000 100000 0
37 100000 100000 0
176 100000 100000 0
250 100000 100000 5 0 1 2 3 4
327 100000 229 5 0 1 2 3 4
450 100000 315 5 0 1 2 3 4
227 454 159 3 5 6 7
29 100000 20 3 5 6 7
310 620 217 3 5 6 7
43 100000 100000 3 5 6 7
243 100000 170 4 8 9 10 11
231 100000 162 4 8 9 10 11
208 416 100000 4 8 9 10 11
279 558 100000 3 12 13 14
389 778 100000 3 12 13 14
489 100000 100000 3 12 13 14
303 100000 212 3 15 16 17
404 100000 100000 3 15 16 17
87 174 61 3 15 16 17
212 100000 100000 3 15 16 17
189 100000 132 4 18 19 20 21
222 100000 100000 4 18 19 20 21
50 100 100000 4 18 19 20 21
455 100000 318 4 18 19 20 21
322 100000 100000 4 18 19 20 21
148 100000 100000 5 22 23 24 25 26
175 350 100000 5 22 23 24 25 26
47 100000 33 4 22 23 24 25
103 100000 72 4 22 23 24 25
82 100000 57 2 28 30
70 100000 49 2 29 30
122 100000 100000 1 31
43 100000 30 1 32
55 100000 100000 1 31
25 50 100000 2 31 32
121 242 100000 2 28 32
22 100000 100000 5 33 34 35 36 37
339 678 100000 5 33 34 35 36 37
174 348 100000 2 33 37
490 100000 100000 3 33 34 37
243 100000 100000 2 33 37
174 100000 100000 5 27 38 39 40 42
504 1008 100000 3 38 39 40
24 100000 100000 3 38 39 40
32 100000 100000 4 38 39 40 42
72 100000 50 4 43 44 45 46
138 100000 97 3 43 44 46
529 100000 100000 3 43 44 46
160 320 112 4 43 44 45 46
483 100000 100000 1 48
460 100000 100000 1 49
318 636 223 2 48 50
156 100000 109 1 50
139 100000 100000 2 51 54
39 78 100000 3 49 51 54
156 100000 109 4 41 49 51 54
242 484 169 3 55 56 57
452 100000 316 1 58
585 100000 100000 1 59
438 100000 100000 1 59
146 292 102 1 59
154 100000 108 3 60 61 62
246 492 172 2 60 61
45 100000 100000 1 64
372 100000 260 2 53 64
350 100000 100000 3 47 63 64
450 100000 100000 3 53 63 65
27 54 100000 2 65 67
160 100000 100000 1 65
278 100000 195 2 52 65
132 264 100000 3 53 65 67
95 190 100000 1 68
150 100000 100000 1 70
72 100000 50 2 53 71
456 912 100000 2 67 75
340 680 238 2 69 73
163 100000 114 2 67 73
123 246 100000 5 47 63 66 74 75
169 100000 118 2 76 77
73 146 100000 1 76
469 938 100000 3 73 76 79
96 192 100000 4 52 69 72 78
249 498 100000 2 76 78
131 100000 100000 1 84
112 224 78 3 78 79 80
279 558 100000 1 83
504 1008 353 1 85
157 100000 100000 1 86
164 328 100000 1 88
131 100000 100000 2 70 88
194 388 136 1 89
70 100000 100000 3 72 85 92
494 988 100000 3 72 90 92
163 100000 114 1 92
496 992 347 3 74 77 90
270 540 100000 3 82 91 96
27 100000 19 1 94
139 278 100000 3 72 91 95
