# Converted from 100_270.csv
100
135 100000 94 0
153 100000 100000 0
208 100000 100000 0
144 288 101 0
183 100000 128 1 0
119 100000 100000 1 1
69 100000 48 1 2
146 292 100000 1 2
77 100000 100000 1 1
146 100000 102 1 3
35 100000 24 1 3
185 370 100000 1 4
178 356 100000 1 7
49 98 100000 1 5
199 100000 100000 1 6
164 100000 100000 1 8
137 100000 100000 3 7 9 10
82 164 100000 3 2 9 10
79 100000 55 3 7 9 10
207 414 145 3 7 9 10
185 370 130 1 16
186 100000 100000 1 11
311 100000 100000 1 12
46 92 100000 1 15
66 100000 100000 4 13 14 16 17
333 666 233 1 20
222 100000 100000 4 19 21 23 24
122 244 100000 3 19 22 24
183 100000 100000 2 8 24
34 68 24 1 24
88 176 100000 2 8 24
173 100000 100000 2 19 24
34 68 100000 1 25
122 244 100000 1 26
78 100000 55 1 28
142 100000 100000 6 26 27 28 29 30 31
146 100000 102 6 26 27 28 29 30 31
52 100000 100000 4 28 29 30 31
84 100000 59 1 33
35 100000 24 1 32
140 280 100000 1 34
393 100000 100000 2 35 36
34 100000 100000 2 35 36
35 100000 100000 1 39
302 100000 100000 1 40
48 96 100000 3 35 36 38
195 100000 136 3 18 37 42
300 100000 100000 1 42
103 100000 100000 3 41 43 44
42 84 29 2 41 46
312 100000 100000 1 46
110 100000 77 1 46
172 344 120 1 50
196 392 100000 1 50
77 154 54 2 49 51
38 76 27 2 47 51
38 76 100000 1 52
137 100000 100000 1 53
118 100000 100000 1 52
105 100000 100000 2 52 54
179 100000 100000 1 52
58 100000 41 1 55
184 368 129 2 54 55
121 100000 85 2 49 55
144 288 100000 1 52
29 100000 100000 1 56
93 186 100000 1 57
131 262 100000 1 58
157 314 100000 2 53 60
50 100000 35 3 48 60 61
69 100000 48 1 65
47 94 33 1 66
289 100000 100000 4 45 55 59 67
151 100000 100000 5 41 47 51 64 68
53 100000 37 1 70
61 100000 43 1 71
78 100000 55 2 48 73
109 218 76 2 48 72
71 142 100000 1 74
291 582 204 1 75
134 268 94 1 76
67 134 100000 1 77
84 100000 59 2 49 76
77 100000 54 3 61 63 77
160 100000 100000 2 60 77
69 138 48 1 81
73 146 100000 1 81
100 200 100000 1 78
149 298 100000 1 79
43 100000 30 1 82
119 238 100000 1 80
172 100000 100000 1 82
71 100000 100000 3 62 69 84
248 100000 174 1 85
154 308 108 1 86
40 100000 28 1 87
91 100000 100000 1 89
56 100000 100000 1 90
106 100000 100000 3 63 76 88
35 100000 100000 2 83 91
