# Converted from 100_140.csv
100
434 868 100000 0
474 948 100000 0
558 100000 100000 0
466 100000 326 0
279 558 195 0
577 100000 404 0
608 1216 100000 0
425 850 298 0
728 100000 510 0
383 100000 268 1 8
570 100000 399 1 8
517 1034 100000 1 8
398 796 279 1 8
519 100000 100000 1 8
485 970 100000 1 8
621 1242 100000 1 8
580 100000 100000 1 8
547 100000 100000 1 8
455 910 100000 8 1 2 3 4 10 11 12 13
727 100000 100000 1 17
450 100000 100000 1 17
489 978 100000 1 17
798 100000 559 1 18
435 870 100000 1 18
473 946 331 1 18
323 100000 100000 1 18
515 100000 100000 1 18
648 1296 454 1 18
554 1108 100000 1 18
622 1244 100000 1 20
613 100000 429 1 18
368 100000 258 1 30
390 100000 273 6 5 6 14 15 19 29
429 858 100000 2 23 30
347 694 100000 2 25 30
572 100000 100000 1 23
484 968 339 1 32
594 100000 100000 1 32
618 1236 433 1 32
523 100000 100000 1 32
458 100000 100000 1 32
683 100000 100000 1 32
504 100000 100000 1 32
393 786 100000 2 25 32
332 100000 232 1 35
508 100000 356 2 41 43
351 100000 246 3 26 27 40
524 1048 367 4 35 39 41 43
656 1312 459 4 35 41 42 43
614 100000 430 1 48
466 100000 100000 3 27 30 48
524 1048 100000 1 48
382 100000 100000 1 48
486 100000 100000 2 30 52
270 100000 100000 2 44 52
690 100000 100000 1 52
322 644 225 2 44 52
403 806 100000 1 52
729 100000 100000 1 57
577 1154 100000 14 7 16 22 33 34 36 37 45 46 50 51 53 54 55
445 890 100000 2 40 57
620 100000 434 1 56
553 100000 387 2 44 60
387 100000 271 1 59
431 100000 100000 1 59
294 100000 100000 1 59
708 100000 496 1 59
454 100000 100000 1 59
409 100000 100000 1 59
292 584 100000 1 59
581 100000 407 2 47 59
627 100000 100000 3 26 34 61
472 100000 330 4 63 68 69 70
344 688 100000 1 63
254 100000 100000 3 38 47 71
576 100000 403 2 67 68
652 100000 100000 2 24 69
414 100000 290 1 65
546 100000 100000 5 49 58 62 73 74
480 100000 336 1 75
658 100000 100000 2 57 77
499 100000 100000 1 76
463 926 100000 1 78
509 1018 100000 1 78
490 980 100000 1 78
654 1308 100000 1 78
625 100000 438 1 78
497 100000 100000 3 28 67 81
417 100000 292 4 63 79 80 87
401 802 100000 4 24 28 66 85
450 100000 315 3 75 81 86
507 100000 355 7 0 9 31 72 88 89 90
558 1116 100000 4 79 80 87 89
461 100000 323 1 90
511 1022 358 2 87 90
730 100000 100000 3 83 87 90
415 100000 100000 1 91
659 1318 100000 1 91
502 1004 351 1 91
420 840 294 1 91
