# Converted from 100_185.csv
100
157 100000 110 0
291 100000 204 0
54 108 38 0
166 332 116 0
147 100000 100000 0
77 100000 54 0
50 100000 100000 0
52 100000 36 1 0
85 170 100000 1 0
33 100000 100000 1 1
136 100000 100000 1 0
101 100000 100000 1 6
207 100000 145 1 0
63 100000 44 1 5
78 100000 100000 1 7
209 100000 100000 1 10
130 100000 100000 1 8
240 100000 168 1 9
253 100000 100000 1 10
140 280 100000 1 11
98 100000 69 3 3 10 11
54 108 100000 1 11
79 100000 100000 2 11 13
203 100000 100000 1 15
325 100000 100000 1 16
84 100000 100000 1 17
116 232 100000 1 19
143 286 100 1 18
65 100000 100000 4 2 3 13 19
200 400 140 1 14
32 64 22 2 3 22
112 100000 100000 1 22
54 100000 100000 1 28
80 100000 100000 1 23
84 168 59 1 28
236 100000 165 1 28
153 100000 100000 1 24
47 100000 100000 1 25
106 100000 100000 1 26
86 100000 60 1 27
71 142 50 1 28
238 476 100000 1 29
139 100000 100000 2 12 29
23 46 16 1 32
155 100000 100000 1 33
104 208 73 1 34
169 338 100000 1 35
227 454 159 1 36
196 100000 100000 1 38
83 166 58 2 37 39
228 100000 160 2 2 42
43 100000 100000 1 40
194 100000 136 1 40
176 100000 123 1 40
147 294 103 1 43
83 166 58 1 44
203 406 100000 1 48
80 100000 100000 2 45 46
130 260 100000 1 47
42 100000 29 2 13 49
263 526 100000 2 0 51
52 104 100000 1 50
306 612 214 1 55
78 156 100000 1 56
117 234 100000 2 10 54
212 100000 100000 2 0 57
316 632 100000 1 59
89 100000 62 2 50 57
102 204 71 1 65
195 100000 100000 1 63
273 100000 191 1 62
193 100000 100000 2 3 66
47 100000 33 2 50 64
150 100000 100000 1 67
43 86 100000 1 66
60 120 42 1 66
329 658 230 1 68
91 182 64 1 71
267 100000 100000 1 72
200 100000 100000 1 72
184 100000 129 2 0 69
74 100000 100000 2 58 75
296 592 100000 1 70
76 152 100000 1 76
200 100000 140 1 79
124 100000 100000 1 77
37 100000 26 1 78
114 100000 100000 1 79
90 180 100000 1 79
233 466 100000 2 74 79
213 426 100000 1 81
127 254 100000 1 83
76 152 100000 1 84
112 100000 100000 1 85
139 100000 97 1 86
194 100000 100000 3 67 89 90
176 100000 100000 1 87
61 100000 43 1 90
83 100000 100000 1 89
268 536 100000 1 88
