# Converted from 100_58.csv
100
426 852 298 0
637 1274 100000 0
464 928 325 0
342 100000 100000 0
395 100000 100000 0
517 1034 100000 0
632 100000 442 0
432 100000 302 0
287 100000 201 5 0 1 2 3 6
445 890 100000 1 4
497 994 348 1 5
462 100000 100000 1 5
371 100000 260 1 5
393 100000 100000 1 7
428 856 300 1 5
569 100000 100000 1 6
564 100000 395 1 8
416 100000 291 1 8
365 100000 100000 1 8
474 948 100000 1 8
550 100000 100000 1 8
512 100000 358 1 8
496 992 100000 1 11
518 1036 100000 1 10
384 768 100000 1 9
439 100000 100000 1 12
701 100000 100000 1 22
392 100000 100000 1 21
545 100000 100000 1 23
657 100000 100000 1 24
571 1142 100000 1 21
469 100000 100000 1 18
435 100000 304 1 19
496 100000 100000 1 21
714 100000 500 1 27
482 100000 337 1 26
539 100000 100000 1 33
397 100000 100000 2 15 29
589 1178 412 1 29
794 1588 100000 1 34
494 100000 346 1 35
839 1678 100000 1 38
522 100000 100000 1 37
670 1340 100000 1 37
367 100000 100000 1 37
950 100000 665 1 38
571 1142 400 1 37
598 100000 100000 3 5 19 38
499 100000 100000 3 36 39 44
603 100000 100000 1 45
411 822 288 1 41
858 100000 601 1 40
484 968 100000 1 45
439 100000 307 3 32 43 45
689 1378 100000 1 44
588 100000 412 1 41
353 100000 100000 1 44
579 100000 405 1 44
538 100000 100000 2 36 54
697 100000 488 1 50
689 1378 100000 1 51
562 100000 100000 1 52
497 994 348 1 53
465 100000 326 1 55
431 862 100000 1 53
547 1094 100000 1 56
346 692 100000 1 52
671 1342 470 1 54
611 100000 100000 1 54
245 490 172 1 54
336 100000 100000 5 16 17 48 49 58
331 662 100000 1 60
447 894 100000 1 61
719 1438 100000 1 62
719 1438 100000 1 59
449 100000 100000 3 46 57 67
399 100000 100000 1 67
570 1140 399 2 32 65
550 100000 100000 1 70
504 100000 353 1 70
650 100000 100000 1 70
585 100000 100000 1 70
440 100000 100000 1 70
640 100000 448 1 70
352 100000 100000 1 70
306 612 214 1 72
672 100000 100000 2 20 71
671 100000 470 1 73
348 696 244 1 76
497 100000 348 2 42 76
470 100000 329 1 85
549 100000 384 1 89
748 1496 524 1 86
579 1158 405 2 87 89
489 978 100000 1 88
365 730 100000 1 86
517 100000 362 1 90
480 100000 100000 1 93
436 872 100000 1 93
390 780 100000 2 43 92
