# Converted from 100_205.csv
100
456 100000 319 0
628 1256 100000 0
425 100000 298 0
546 1092 100000 0
510 100000 100000 0
493 100000 100000 0
466 100000 326 1 0
567 100000 100000 1 0
575 1150 402 1 2
545 1090 382 1 0
585 1170 100000 1 2
605 100000 100000 1 6
289 578 100000 1 8
395 100000 100000 1 8
639 100000 447 1 7
614 1228 430 1 10
626 100000 100000 1 9
417 100000 292 1 10
419 100000 100000 1 9
355 100000 100000 2 5 8
523 100000 366 1 8
473 946 331 2 8 10
480 100000 336 1 11
422 100000 295 1 12
377 754 100000 1 13
480 960 100000 1 14
520 100000 100000 1 20
663 100000 100000 1 16
438 876 100000 1 22
469 938 100000 1 23
604 100000 100000 1 26
551 1102 100000 1 27
458 916 321 2 24 25
546 100000 100000 2 8 27
565 1130 100000 2 9 26
699 100000 100000 1 27
528 1056 100000 1 29
403 100000 282 1 30
461 100000 100000 1 31
574 100000 100000 1 28
477 100000 334 1 32
437 100000 100000 1 35
624 100000 437 1 33
412 824 100000 1 33
654 1308 100000 1 33
743 100000 520 1 36
581 100000 100000 1 39
582 1164 100000 1 38
355 710 100000 1 44
283 100000 100000 2 17 44
448 100000 314 3 1 16 37
562 100000 100000 2 40 42
443 100000 100000 2 40 44
550 100000 385 1 40
673 1346 471 1 42
395 790 276 1 41
484 968 339 1 48
570 100000 100000 1 49
523 1046 100000 1 51
597 1194 100000 1 48
524 100000 100000 1 45
597 100000 418 1 46
536 100000 100000 1 48
575 1150 100000 1 47
629 100000 440 1 52
440 100000 308 1 48
263 526 100000 2 52 53
645 100000 100000 2 1 52
514 100000 100000 2 21 48
497 994 100000 2 42 48
414 100000 290 1 56
439 878 100000 1 57
497 994 348 1 58
536 100000 100000 1 59
366 100000 256 1 66
607 100000 425 1 62
415 100000 100000 1 63
507 100000 100000 1 64
582 1164 100000 1 65
397 794 100000 2 60 61
540 100000 378 1 69
556 100000 100000 1 70
562 1124 393 1 71
506 100000 100000 1 72
569 100000 398 1 74
385 100000 270 1 78
321 642 225 1 73
563 1126 100000 2 67 75
508 100000 356 3 49 53 76
264 100000 100000 2 68 77
659 1318 461 3 26 51 79
471 100000 100000 1 83
442 100000 309 4 26 81 82 84
548 100000 100000 3 79 85 88
562 1124 393 2 53 90
389 778 100000 5 18 43 55 79 89
557 1114 390 1 86
417 100000 100000 2 18 87
500 1000 350 1 91
352 100000 100000 1 92
