# Converted from 100_9.csv
100
266 532 100000 0
20 40 14 0
226 100000 100000 0
184 368 129 0
162 100000 100000 0
68 100000 100000 0
499 998 349 1 4
492 100000 100000 1 1
50 100 100000 1 2
432 100000 100000 1 3
330 100000 231 1 1
238 100000 167 1 1
68 100000 100000 1 1
212 100000 100000 1 5
221 442 155 1 1
209 100000 100000 1 5
242 484 100000 1 5
525 1050 368 1 10
26 100000 18 1 11
53 106 100000 1 12
192 100000 100000 1 13
234 100000 164 1 13
96 100000 100000 1 16
154 100000 100000 1 16
529 100000 370 1 16
551 1102 100000 1 13
291 582 204 2 18 19
86 172 60 1 20
117 234 100000 1 17
170 100000 100000 1 21
338 100000 100000 1 22
616 100000 100000 1 22
409 818 286 1 25
87 100000 61 1 23
69 138 100000 1 25
149 100000 104 1 33
513 100000 359 1 30
520 1040 100000 1 30
293 100000 100000 1 27
51 100000 100000 1 34
322 100000 100000 1 30
140 100000 98 1 32
241 100000 169 1 30
121 100000 100000 1 31
407 100000 100000 1 39
56 100000 100000 1 42
64 100000 100000 1 40
82 100000 57 5 7 8 9 26 37
216 432 151 1 38
127 254 100000 1 42
151 302 100000 1 43
34 68 24 1 42
65 130 46 1 42
79 100000 55 1 40
335 670 100000 1 53
61 100000 43 1 47
54 108 100000 1 47
105 210 100000 1 47
190 100000 100000 1 47
156 100000 100000 1 47
356 712 100000 1 48
535 100000 100000 1 47
236 472 100000 1 50
106 100000 74 8 0 6 35 36 44 45 46 54
175 350 100000 1 60
435 100000 304 1 55
500 1000 350 1 61
456 100000 100000 1 62
206 412 100000 1 57
300 600 210 1 59
511 100000 100000 1 58
298 100000 209 1 56
120 100000 84 1 56
500 100000 100000 1 63
113 100000 100000 1 63
61 100000 43 1 63
38 100000 27 1 63
257 100000 180 1 67
458 100000 100000 1 68
341 100000 100000 1 65
112 224 100000 1 66
25 100000 18 1 64
37 100000 26 1 77
175 100000 100000 1 78
148 100000 100000 1 79
86 172 100000 1 80
27 54 100000 1 76
80 160 100000 1 76
389 778 272 1 76
497 100000 348 1 82
254 100000 100000 1 83
59 100000 41 1 84
107 214 75 1 85
138 276 100000 1 85
526 1052 100000 1 85
195 100000 136 1 86
270 540 100000 1 87
209 100000 100000 1 93
21 100000 100000 1 95
477 954 100000 1 95
