# Converted from 100_282.csv
100
605 1210 100000 0
608 100000 426 0
336 100000 100000 0
324 100000 100000 0
479 100000 100000 0
586 100000 100000 0
349 100000 100000 1 1
401 802 100000 1 0
695 100000 100000 4 1 2 4 5
685 100000 100000 4 1 2 4 5
394 100000 100000 3 1 2 4
559 1118 100000 2 1 4
612 100000 428 1 8
710 100000 497 1 6
808 100000 100000 1 9
640 1280 448 1 7
431 100000 100000 1 10
433 866 100000 2 10 11
382 764 267 2 9 10
434 100000 304 1 13
628 100000 440 1 12
544 1088 381 1 14
489 978 100000 1 15
439 878 100000 2 16 18
516 100000 100000 3 9 16 17
508 1016 100000 2 17 18
461 100000 323 1 19
479 100000 335 1 20
621 100000 435 1 21
481 100000 100000 2 18 22
344 688 241 2 8 23
380 100000 266 1 23
305 610 214 2 18 24
617 1234 100000 1 29
473 100000 100000 1 27
478 956 335 1 28
430 100000 100000 3 8 26 32
649 100000 100000 2 30 31
670 1340 100000 2 8 31
627 1254 100000 1 33
436 872 305 1 34
583 1166 100000 1 35
612 100000 100000 1 37
457 914 100000 1 38
632 100000 442 2 37 38
534 100000 100000 1 42
650 1300 455 1 43
465 930 326 5 32 39 40 41 44
529 100000 100000 2 36 44
511 1022 100000 1 44
555 100000 100000 2 24 44
268 536 100000 1 45
319 100000 100000 3 46 47 49
358 100000 100000 3 25 47 48
469 938 100000 1 47
410 100000 287 1 51
393 786 100000 3 25 48 52
467 100000 100000 1 53
534 100000 100000 1 56
564 100000 395 1 55
380 760 266 2 54 57
378 756 265 1 57
396 792 100000 1 57
753 100000 527 1 58
602 1204 421 1 60
700 100000 100000 3 52 59 60
572 1144 100000 1 62
529 100000 100000 2 56 61
464 928 100000 1 63
557 100000 390 1 64
526 100000 100000 1 65
216 100000 100000 1 67
709 100000 496 2 65 66
459 918 100000 1 65
566 1132 100000 1 66
324 100000 100000 1 67
507 100000 100000 2 50 67
453 100000 317 1 69
560 1120 392 1 68
621 1242 435 1 71
316 100000 100000 1 70
556 100000 100000 1 73
566 1132 100000 1 77
576 100000 403 1 79
655 100000 100000 1 78
473 100000 100000 3 56 66 81
726 1452 508 2 75 80
869 100000 608 1 81
579 100000 405 2 61 81
440 880 308 1 82
537 100000 376 1 85
617 1234 100000 1 84
406 100000 284 2 83 87
629 100000 100000 1 85
584 100000 100000 2 85 86
511 100000 358 1 88
429 100000 100000 1 90
589 100000 412 3 3 72 89
502 1004 100000 3 3 53 91
458 100000 321 1 94
