# Converted from 100_372.csv
100
405 100000 284 0
430 100000 301 0
334 100000 100000 0
452 904 316 0
371 100000 100000 0
574 100000 100000 0
442 884 100000 0
366 100000 256 0
196 100000 100000 0
390 100000 273 0
529 100000 100000 1 4
372 744 100000 1 8
698 100000 100000 1 5
564 100000 395 1 2
489 100000 342 1 6
330 100000 100000 1 7
373 100000 100000 1 12
581 1162 407 2 5 10
404 100000 283 1 11
711 100000 100000 1 13
512 100000 100000 1 10
543 1086 380 1 11
650 1300 100000 1 17
689 1378 482 1 17
417 100000 292 1 17
298 100000 100000 1 16
562 100000 100000 1 21
624 1248 100000 2 10 16
311 622 100000 2 13 16
636 100000 100000 1 17
220 440 100000 1 23
421 100000 100000 1 25
385 100000 100000 1 22
411 100000 100000 1 28
345 100000 241 1 29
427 854 100000 1 22
331 100000 100000 1 22
447 894 100000 1 32
445 890 312 1 36
189 100000 132 1 34
535 1070 100000 1 31
198 100000 100000 1 35
581 100000 407 1 32
416 832 100000 1 33
349 100000 100000 1 42
515 100000 100000 1 43
196 392 137 1 40
631 100000 100000 1 43
518 1036 100000 1 41
515 1030 100000 1 39
477 954 100000 1 43
389 100000 100000 2 18 43
663 100000 100000 1 41
438 100000 100000 1 49
591 100000 100000 1 47
363 100000 100000 1 46
528 1056 100000 1 47
499 100000 349 1 49
507 100000 355 1 51
473 100000 331 1 44
521 100000 100000 2 41 45
597 1194 418 1 49
510 100000 357 2 42 51
443 886 100000 1 52
267 100000 100000 2 28 44
301 100000 100000 1 50
380 760 266 2 55 56
317 100000 100000 1 65
437 100000 100000 1 56
382 764 100000 2 53 58
654 1308 458 2 58 63
250 100000 100000 1 58
684 100000 479 1 59
387 774 100000 1 60
593 100000 100000 1 60
398 100000 100000 1 60
567 1134 397 1 71
840 100000 100000 1 73
672 1344 100000 2 63 74
363 726 254 1 74
568 1136 100000 1 71
506 1012 354 1 71
361 722 253 1 75
311 100000 218 2 48 67
214 428 100000 1 75
505 100000 354 2 4 66
215 430 150 2 51 78
452 100000 316 3 57 80 84
620 100000 434 2 37 82
542 1084 379 2 0 78
736 100000 515 1 85
398 100000 279 2 66 82
487 974 100000 1 80
532 1064 372 2 91 92
662 100000 463 1 90
421 842 100000 1 89
413 100000 100000 2 42 89
499 998 100000 1 91
652 1304 456 1 91
558 100000 100000 1 90
