# Converted from 100_28.csv
100
157 314 100000 0
55 100000 100000 0
94 100000 100000 0
151 100000 100000 0
32 100000 100000 0
138 100000 100000 0
88 176 62 0
35 70 24 1 6
35 100000 100000 1 6
86 100000 60 1 6
151 100000 100000 1 3
116 100000 81 1 4
109 218 76 1 5
85 170 59 1 5
114 228 100000 1 6
90 180 100000 6 0 1 2 7 8 9
195 100000 100000 1 11
84 168 100000 1 10
176 100000 100000 1 14
124 100000 100000 1 11
231 462 100000 1 12
200 100000 140 1 14
316 100000 221 1 12
154 100000 100000 1 15
66 100000 100000 1 15
221 100000 155 1 15
215 100000 100000 1 15
138 100000 97 1 15
123 100000 100000 1 15
248 100000 100000 1 15
150 100000 100000 1 15
260 100000 182 1 15
221 442 100000 1 15
244 100000 100000 1 17
21 100000 100000 1 16
89 178 100000 1 18
167 334 100000 1 18
134 100000 100000 1 22
35 100000 100000 1 20
55 100000 38 1 34
185 370 130 1 26
59 100000 100000 1 33
168 336 100000 1 35
87 100000 100000 1 32
56 100000 100000 1 25
95 190 66 1 23
330 100000 231 1 41
68 100000 100000 1 42
53 100000 37 1 43
136 100000 100000 1 45
134 100000 94 1 43
25 50 100000 1 44
93 186 65 1 44
158 316 111 1 43
114 100000 100000 1 45
46 100000 32 1 45
72 100000 100000 1 46
95 190 66 1 47
134 100000 100000 1 48
78 100000 55 1 55
199 398 100000 1 49
96 192 100000 1 51
81 162 57 1 54
127 100000 89 1 55
164 100000 115 2 57 58
305 100000 100000 1 56
255 510 178 1 59
116 232 100000 1 60
75 100000 100000 1 62
117 100000 100000 1 62
159 100000 100000 1 69
226 100000 158 1 67
111 100000 100000 1 65
340 680 238 1 66
148 296 100000 1 67
51 100000 100000 1 67
185 370 130 1 67
314 100000 220 5 39 40 64 70 71
126 252 88 1 73
191 382 100000 1 72
191 382 134 1 75
189 100000 100000 1 76
99 100000 100000 1 75
109 218 100000 1 77
140 100000 100000 1 77
155 310 108 1 77
242 484 100000 1 77
87 100000 61 1 77
119 100000 83 1 79
47 94 33 1 78
51 100000 36 1 79
201 402 141 1 82
190 100000 100000 1 80
124 248 100000 1 81
41 82 100000 1 88
63 100000 100000 1 90
245 490 172 1 89
172 100000 100000 1 91
221 442 155 1 86
220 440 100000 1 91
