# Converted from 100_213.csv
100
489 978 100000 0
397 100000 278 0
418 100000 293 0
443 886 310 0
515 100000 360 0
539 100000 100000 0
776 100000 100000 0
500 1000 100000 1 0
607 100000 425 1 1
476 952 100000 1 2
560 100000 100000 1 3
576 1152 100000 1 4
230 100000 100000 1 4
520 100000 100000 1 6
377 754 264 1 5
440 100000 308 1 4
291 100000 100000 1 6
582 1164 407 1 11
483 100000 100000 1 12
202 404 100000 4 7 8 9 10
420 840 294 1 15
339 678 100000 1 13
489 978 100000 1 14
479 100000 335 1 17
616 100000 100000 1 18
448 100000 314 1 19
652 100000 100000 1 19
703 100000 100000 1 21
357 714 250 1 22
604 1208 100000 1 19
729 1458 510 1 19
524 100000 100000 1 20
180 360 100000 1 19
407 100000 100000 1 21
283 100000 100000 1 23
297 594 208 1 24
311 622 100000 1 25
737 100000 516 1 25
523 100000 100000 1 33
308 100000 100000 1 30
545 100000 382 1 35
314 628 100000 1 34
414 828 290 1 37
298 100000 100000 1 36
447 100000 313 1 37
573 100000 401 1 37
338 100000 237 2 14 37
447 100000 313 1 39
468 100000 328 1 37
434 868 304 1 40
570 100000 100000 1 42
586 1172 100000 1 41
567 1134 397 1 44
573 100000 100000 1 43
516 100000 100000 2 13 45
741 1482 100000 1 44
287 574 201 1 44
419 100000 293 1 49
276 100000 100000 1 51
847 1694 100000 1 50
543 1086 100000 1 52
658 100000 100000 1 53
453 100000 100000 1 56
635 100000 444 1 56
630 1260 100000 1 54
563 100000 100000 1 57
305 100000 214 1 59
747 100000 100000 1 58
601 100000 421 1 61
716 1432 100000 1 60
380 760 266 1 63
369 738 258 1 67
490 980 100000 1 68
516 100000 100000 2 65 66
606 100000 100000 1 70
543 100000 100000 1 70
513 1026 100000 1 69
259 100000 100000 1 69
751 100000 526 1 69
473 946 100000 1 71
531 1062 100000 1 74
323 100000 100000 1 75
525 1050 100000 2 22 72
458 100000 321 1 76
417 834 100000 2 28 78
664 100000 465 1 73
444 888 311 1 74
705 1410 100000 2 38 75
716 100000 100000 1 76
331 662 232 1 74
497 100000 100000 2 5 77
587 100000 411 1 79
627 100000 100000 1 80
444 888 311 1 81
516 100000 100000 1 82
615 100000 100000 1 84
623 100000 100000 1 89
281 100000 100000 2 77 88
358 100000 251 3 31 55 83
392 100000 274 1 90
