# Converted from 100_508.csv
100
499 100000 100000 0
459 100000 321 0
607 100000 425 0
418 100000 100000 3 0 1 2
516 100000 100000 3 0 1 2
337 674 236 3 0 1 2
626 1252 100000 3 0 1 2
570 100000 100000 4 3 4 5 6
624 100000 100000 4 3 4 5 6
761 100000 533 4 3 4 5 6
481 100000 337 3 7 8 9
332 100000 100000 3 7 8 9
775 100000 100000 3 7 8 9
691 1382 100000 3 7 8 9
505 100000 354 4 10 11 12 13
309 618 100000 4 10 11 12 13
536 100000 375 4 10 11 12 13
533 1066 100000 3 14 15 16
437 100000 306 3 14 15 16
604 100000 100000 3 14 15 16
355 100000 100000 3 14 15 16
607 100000 100000 3 14 15 16
419 100000 100000 5 17 18 19 20 21
249 100000 100000 1 22
509 100000 356 1 22
601 100000 421 1 22
561 100000 393 1 22
463 100000 324 4 23 24 25 26
563 100000 100000 4 23 24 25 26
593 1186 415 4 23 24 25 26
649 100000 100000 3 27 28 29
501 1002 351 3 27 28 29
316 632 100000 3 27 28 29
477 100000 100000 3 27 28 29
426 852 100000 4 30 31 32 33
470 940 100000 4 30 31 32 33
560 100000 392 4 30 31 32 33
299 100000 100000 4 30 31 32 33
576 100000 100000 4 30 31 32 33
522 1044 100000 4 34 35 36 38
434 100000 100000 4 34 35 36 37
554 100000 388 3 34 35 36
461 922 100000 3 34 35 36
406 812 100000 3 39 41 42
606 100000 100000 3 39 41 42
409 818 100000 1 42
572 100000 100000 2 43 44
419 100000 293 2 40 44
524 1048 367 1 43
537 100000 100000 3 46 47 48
641 100000 449 2 37 48
423 846 100000 2 47 48
387 774 100000 3 49 50 51
548 100000 100000 3 49 50 51
709 1418 100000 3 49 50 51
532 1064 372 3 49 50 51
475 950 332 3 49 50 51
442 884 309 3 53 54 56
432 864 100000 4 53 54 55 56
498 100000 349 2 57 58
460 100000 100000 3 45 57 58
659 100000 100000 1 57
520 100000 100000 1 59
523 1046 100000 1 60
585 1170 100000 2 60 62
221 442 100000 1 63
626 100000 100000 1 62
447 894 313 1 62
514 100000 360 3 64 65 66
366 100000 256 2 60 67
329 658 100000 1 65
472 100000 100000 2 64 69
808 1616 566 2 52 71
325 650 227 2 68 71
507 1014 355 2 52 71
335 100000 100000 2 66 71
682 100000 100000 1 71
501 100000 100000 4 70 72 74 76
418 836 293 1 76
414 100000 100000 2 70 73
425 850 298 3 65 66 72
521 100000 100000 2 70 74
511 1022 358 3 61 70 80
604 1208 100000 1 79
444 100000 311 2 52 78
452 904 100000 2 73 77
466 100000 100000 1 81
286 100000 200 1 82
739 100000 100000 2 52 83
589 100000 412 2 85 86
550 100000 100000 4 74 78 87 88
619 1238 100000 2 79 87
464 928 325 2 87 88
528 100000 100000 3 68 78 87
390 780 273 2 85 92
325 100000 227 1 93
336 100000 100000 2 73 93
201 402 141 2 73 93
520 1040 100000 1 94
478 100000 335 1 96
