# Converted from 100_196.csv
100
129 258 90 0
66 132 46 0
190 100000 133 0
162 324 100000 0
31 62 100000 0
171 342 100000 0
221 100000 100000 1 0
54 100000 100000 1 1
181 100000 127 1 1
161 100000 100000 1 4
128 100000 100000 1 4
87 174 100000 1 4
80 100000 56 1 2
72 144 100000 1 7
109 218 100000 1 8
362 100000 100000 1 9
201 100000 100000 1 8
267 534 100000 1 6
74 148 100000 1 12
199 398 100000 1 12
208 100000 146 2 8 10
38 100000 100000 2 10 12
232 100000 100000 1 11
101 100000 100000 2 1 11
139 278 100000 2 9 10
174 100000 122 1 16
197 394 100000 1 14
102 100000 71 1 15
234 100000 164 1 18
104 208 100000 3 1 21 24
126 100000 100000 1 13
223 100000 100000 2 9 17
92 100000 64 1 16
236 100000 100000 2 22 24
404 100000 100000 2 16 22
46 100000 100000 1 29
277 554 100000 1 25
246 100000 172 1 26
25 100000 100000 1 28
100 100000 100000 1 29
290 100000 100000 1 32
168 336 100000 1 27
72 100000 50 1 35
245 100000 100000 1 37
63 100000 44 1 40
137 100000 100000 1 39
36 72 25 4 23 36 38 41
185 100000 100000 1 40
42 100000 29 1 41
148 296 100000 1 41
168 100000 118 1 41
145 290 102 3 10 30 40
76 152 100000 1 43
40 80 28 1 44
40 80 28 3 19 23 49
100 100000 100000 1 42
153 306 107 1 51
102 204 100000 1 45
133 266 93 1 54
143 100000 100000 1 52
172 100000 100000 1 53
191 100000 134 1 56
92 100000 100000 2 9 56
152 304 100000 2 33 57
149 100000 104 1 55
49 98 100000 1 57
90 100000 100000 2 56 57
277 554 100000 2 56 57
122 100000 85 1 58
209 100000 100000 1 59
248 100000 174 1 60
379 758 100000 1 62
115 230 100000 1 61
182 100000 127 1 62
38 76 100000 1 65
270 540 100000 2 41 66
105 100000 100000 2 62 65
64 100000 45 3 19 20 66
219 100000 100000 1 67
109 100000 76 3 33 54 62
191 100000 100000 1 69
64 100000 45 1 73
200 100000 140 1 74
75 150 52 1 71
156 100000 109 1 72
116 232 81 1 68
124 248 100000 1 70
135 100000 94 3 23 50 76
22 100000 100000 1 80
22 44 100000 1 81
262 100000 100000 1 82
123 100000 86 1 83
270 100000 100000 1 84
30 100000 21 1 87
93 100000 100000 1 91
60 120 42 3 88 89 90
104 208 100000 2 23 92
47 94 33 1 93
191 382 134 2 18 93
177 100000 124 1 93
