# Converted from 100_145.csv
100
623 1246 436 0
515 100000 100000 0
179 358 100000 0
473 100000 100000 0
479 100000 335 0
456 100000 100000 0
332 100000 232 1 5
299 598 100000 1 5
409 818 100000 1 5
364 728 255 1 4
482 100000 100000 2 4 5
496 100000 347 2 4 5
370 100000 259 1 4
486 972 100000 2 10 12
650 1300 100000 2 10 11
664 100000 465 2 10 11
486 100000 100000 2 11 12
396 100000 100000 3 10 11 12
557 1114 390 1 11
442 884 100000 7 2 3 7 8 13 14 18
688 100000 482 2 17 18
434 100000 304 2 12 18
587 100000 411 1 18
555 100000 388 2 19 22
725 1450 507 1 19
620 100000 100000 1 19
492 984 100000 1 19
478 956 100000 1 19
533 100000 100000 2 19 22
341 100000 239 3 20 25 28
442 100000 100000 1 28
574 1148 402 2 17 25
559 1118 391 2 17 27
554 1108 100000 1 26
603 1206 100000 1 31
504 1008 100000 1 33
525 100000 368 1 31
535 100000 100000 6 0 23 27 29 34 35
597 1194 418 2 22 36
623 1246 100000 3 21 33 36
532 100000 100000 2 20 36
509 1018 356 5 20 22 27 33 36
731 100000 512 3 20 27 36
546 100000 382 2 20 36
597 1194 100000 2 20 36
487 100000 100000 1 37
274 100000 100000 1 37
560 1120 392 1 37
470 100000 100000 1 37
632 100000 442 1 37
381 762 267 1 37
303 100000 100000 1 37
623 100000 436 1 37
597 1194 418 1 37
334 100000 100000 1 37
480 100000 100000 1 37
378 756 100000 2 41 43
462 924 100000 4 21 36 51 52
452 100000 316 4 21 44 46 53
468 100000 100000 3 47 50 58
456 912 100000 1 58
446 100000 100000 2 32 58
408 816 100000 7 9 15 38 42 48 59 61
489 100000 342 3 48 51 60
394 788 276 1 60
515 100000 100000 2 32 60
463 100000 100000 3 45 55 61
395 790 100000 3 43 62 66
524 100000 100000 1 62
630 1260 100000 1 62
639 100000 100000 1 62
637 100000 100000 1 62
362 100000 253 1 62
458 100000 100000 1 62
417 834 100000 1 62
527 1054 369 1 62
501 100000 100000 3 40 41 62
678 100000 100000 2 43 71
436 100000 100000 7 16 24 30 39 45 56 68
547 1094 100000 6 56 57 64 72 74 76
431 862 302 2 57 76
625 100000 438 4 40 55 69 70
522 1044 365 2 66 80
579 100000 100000 1 78
562 100000 100000 1 78
543 1086 380 1 78
499 100000 100000 1 78
656 100000 100000 1 78
688 100000 100000 1 78
457 100000 100000 3 65 75 81
437 100000 306 6 1 6 67 77 82 86
388 776 272 2 79 87
517 100000 100000 4 40 52 66 83
318 100000 100000 2 84 86
434 100000 100000 1 90
545 100000 382 1 90
513 1026 359 1 90
459 100000 100000 1 90
548 1096 100000 1 90
502 100000 351 1 90
