# Converted from 100_263.csv
100
92 184 64 0
241 100000 169 0
67 100000 100000 1 0
38 76 27 2 0 1
104 100000 73 2 0 1
60 100000 100000 2 0 1
85 170 59 1 3
129 258 90 1 3
164 100000 100000 1 2
123 100000 100000 3 3 4 5
311 100000 100000 2 4 5
289 100000 100000 1 3
164 328 100000 1 6
103 100000 100000 1 7
115 100000 80 1 9
104 208 100000 2 8 11
155 100000 108 1 10
266 100000 100000 1 14
167 100000 100000 3 10 12 13
77 100000 100000 2 5 15
290 100000 203 2 5 15
36 100000 100000 2 3 16
277 100000 100000 1 16
98 100000 100000 1 15
75 100000 52 3 9 15 16
53 106 100000 1 19
109 218 100000 1 20
258 100000 100000 1 17
299 598 100000 7 18 19 20 21 22 23 24
182 364 100000 7 18 19 20 21 22 23 24
62 124 100000 1 28
60 100000 42 1 25
24 100000 100000 1 26
226 100000 158 1 27
109 218 100000 2 28 29
139 278 97 2 28 29
299 598 209 2 28 29
21 42 100000 1 30
77 154 100000 1 31
220 100000 100000 1 32
63 126 44 1 33
134 268 100000 3 34 35 36
59 100000 100000 3 34 35 36
110 100000 77 1 38
82 100000 100000 1 39
69 138 100000 1 40
28 100000 100000 3 37 41 42
56 100000 39 1 42
88 100000 100000 2 41 42
255 510 178 1 44
116 100000 100000 1 45
96 100000 100000 1 47
61 100000 100000 3 43 46 47
205 410 100000 1 46
192 100000 134 1 46
145 290 100000 2 46 47
49 98 100000 2 47 48
56 100000 100000 2 47 48
237 100000 166 1 53
59 118 41 1 54
227 100000 159 1 51
43 100000 100000 2 52 55
118 100000 83 2 42 49
114 228 80 2 42 50
143 100000 100000 1 54
139 278 100000 1 61
57 100000 100000 1 58
27 100000 19 1 59
86 172 100000 1 60
151 302 100000 2 61 62
209 418 146 4 47 48 54 62
207 414 100000 1 65
60 120 42 1 66
117 100000 100000 4 53 67 68 70
202 100000 100000 1 69
206 100000 144 2 56 69
114 100000 80 2 56 70
135 100000 100000 1 69
112 224 78 2 57 70
78 100000 55 1 72
38 100000 27 4 54 63 71 74
42 84 29 3 74 75 78
51 102 100000 2 57 76
115 230 100000 2 74 78
122 100000 100000 1 80
291 582 100000 4 64 79 80 81
257 100000 180 2 53 82
250 500 175 5 57 64 75 76 80
135 270 100000 1 85
96 100000 67 1 86
84 100000 59 1 87
179 100000 125 1 84
71 100000 50 2 69 86
33 100000 100000 3 73 86 87
177 354 100000 1 88
47 100000 100000 1 89
171 100000 100000 1 90
36 72 100000 2 91 93
193 100000 100000 3 63 74 92
222 100000 155 2 85 92
