# Converted from 100_105.csv
100
119 100000 83 0
138 100000 100000 0
79 158 100000 0
74 100000 100000 0
113 100000 100000 0
215 100000 100000 0
187 374 100000 2 4 5
179 100000 125 1 5
259 518 100000 1 5
268 100000 188 1 5
293 586 205 1 9
61 100000 100000 1 9
63 126 100000 1 9
36 100000 25 2 4 9
108 100000 76 1 9
73 146 51 2 4 9
216 432 100000 3 13 14 15
223 446 100000 3 13 14 15
206 100000 100000 2 13 14
223 446 100000 2 13 15
204 100000 100000 2 14 15
72 144 100000 1 20
200 100000 140 2 13 20
113 100000 79 2 13 20
191 100000 100000 2 13 20
36 72 100000 2 13 20
72 144 100000 2 13 20
53 106 37 4 23 24 25 26
120 100000 100000 4 23 24 25 26
156 100000 100000 4 23 24 25 26
117 100000 82 4 23 24 25 26
131 262 100000 4 23 24 25 26
59 100000 41 4 23 24 25 26
225 100000 100000 3 30 31 32
97 100000 100000 3 30 31 32
32 64 22 3 30 31 32
34 100000 100000 2 34 35
89 100000 100000 2 34 35
129 100000 90 2 34 35
36 100000 100000 2 34 35
102 204 100000 1 39
24 48 100000 8 1 6 11 21 28 29 37 39
129 100000 90 1 39
137 274 96 1 39
129 258 100000 1 39
192 384 100000 1 41
32 100000 22 1 41
102 100000 100000 1 41
186 372 130 1 41
254 100000 100000 1 41
106 100000 100000 1 41
32 64 22 1 41
37 100000 100000 1 41
40 80 28 2 41 44
225 100000 100000 9 45 46 47 48 49 50 51 52 53
31 100000 100000 9 45 46 47 48 49 50 51 52 53
223 100000 100000 9 45 46 47 48 49 50 51 52 53
61 100000 100000 9 45 46 47 48 49 50 51 52 53
175 350 122 2 56 57
106 212 100000 6 2 18 22 54 56 57
42 84 100000 2 56 57
50 100 100000 2 56 57
215 430 150 2 56 57
80 100000 56 2 59 61
155 100000 108 3 59 61 62
82 100000 100000 1 59
201 402 141 1 59
172 344 100000 1 59
184 368 100000 1 59
27 54 100000 1 59
97 100000 100000 3 59 61 62
75 150 100000 12 0 10 16 17 27 36 40 58 63 64 69 70
160 100000 112 2 66 70
48 96 34 2 61 66
140 100000 98 3 68 69 70
103 100000 72 3 61 66 68
27 100000 19 1 70
169 100000 118 2 66 67
84 100000 59 4 61 62 68 69
223 100000 100000 1 71
42 100000 100000 1 71
119 238 100000 1 71
93 100000 100000 1 71
307 100000 100000 9 3 33 38 42 55 60 72 73 74
115 100000 80 9 7 8 12 19 43 65 71 75 76
134 268 100000 3 71 77 78
121 242 85 1 83
118 100000 100000 1 83
110 100000 100000 1 83
100 200 100000 1 83
109 100000 100000 1 83
21 42 15 1 83
47 100000 33 1 83
75 100000 52 1 84
213 100000 100000 1 84
101 100000 71 1 84
136 100000 95 1 84
87 100000 100000 4 77 81 82 92
178 100000 100000 6 77 78 82 86 89 92
201 402 141 4 85 88 89 93
