# Converted from 100_65.csv
100
630 100000 441 0
455 100000 318 0
296 100000 100000 0
340 680 100000 0
517 1034 362 0
575 1150 402 0
490 980 100000 0
807 100000 100000 0
344 100000 100000 1 7
345 100000 100000 1 3
541 1082 100000 1 2
518 100000 363 1 6
486 972 340 1 2
521 1042 100000 1 6
458 916 321 1 2
586 100000 100000 1 6
508 100000 100000 1 7
595 100000 100000 2 5 14
624 100000 100000 2 11 14
395 790 276 1 11
606 100000 424 1 12
416 100000 100000 1 13
226 100000 158 3 3 12 13
500 100000 100000 1 14
296 592 100000 1 11
693 100000 100000 1 11
533 1066 100000 1 12
578 1156 100000 2 23 26
565 100000 100000 1 22
611 100000 428 1 19
646 1292 100000 1 22
328 656 100000 1 20
464 928 100000 1 21
584 100000 100000 1 22
570 100000 100000 1 24
470 940 100000 1 24
712 1424 100000 1 24
386 100000 270 1 22
467 100000 100000 1 23
671 1342 100000 1 30
778 100000 545 1 31
333 100000 100000 1 33
452 100000 316 1 34
588 100000 100000 1 29
526 100000 368 1 32
584 100000 409 2 36 37
739 100000 100000 1 33
437 100000 100000 1 36
494 100000 346 1 43
365 730 100000 1 43
465 930 100000 1 40
471 100000 330 1 41
497 994 100000 1 42
584 1168 409 2 26 39
538 1076 100000 2 33 43
676 100000 100000 1 44
512 100000 100000 6 0 8 13 17 27 48
529 100000 370 6 1 9 10 18 28 49
544 100000 100000 1 50
583 100000 100000 1 51
418 100000 100000 1 52
545 1090 382 2 38 55
445 890 312 1 55
642 100000 100000 1 53
638 1276 100000 2 46 54
533 1066 100000 1 56
433 100000 100000 1 56
537 1074 376 1 56
404 808 283 1 56
499 100000 100000 1 57
553 100000 387 1 57
462 924 323 1 57
651 100000 100000 1 57
496 100000 100000 1 57
673 100000 100000 1 58
441 882 309 1 59
594 1188 416 2 35 63
771 100000 100000 1 60
585 100000 410 1 75
329 100000 100000 4 15 57 64 74
498 996 349 1 69
596 100000 100000 1 77
379 100000 100000 2 14 77
594 1188 416 1 66
817 100000 572 1 78
515 100000 100000 1 79
508 100000 356 1 81
593 1186 415 4 37 61 67 83
422 844 100000 1 81
475 950 100000 1 85
531 100000 372 2 53 84
457 914 100000 2 77 87
602 1204 100000 2 46 88
518 100000 363 1 86
522 100000 365 3 26 35 88
482 100000 100000 1 89
476 952 333 3 44 80 92
502 100000 100000 3 66 82 92
664 100000 465 2 71 93
569 100000 398 3 4 70 91
