# Converted from 100_454.csv
100
250 500 175 0
104 100000 73 0
403 806 100000 2 0 1
341 100000 100000 2 0 1
439 878 307 2 0 1
509 1018 100000 3 2 3 4
510 1020 100000 3 2 3 4
178 100000 125 3 2 3 4
89 100000 62 3 5 6 7
206 100000 100000 3 5 6 7
274 100000 192 3 5 6 7
457 914 100000 3 5 6 7
110 100000 100000 3 5 6 7
39 100000 100000 5 8 9 10 11 12
69 100000 100000 5 8 9 10 11 12
190 100000 100000 5 8 9 10 11 12
122 100000 100000 5 8 9 10 11 12
274 548 192 4 13 14 15 16
464 100000 100000 4 13 14 15 16
116 100000 81 4 13 14 15 16
154 100000 108 3 17 18 19
178 100000 125 3 17 18 19
123 246 100000 3 17 18 19
51 100000 100000 3 17 18 19
93 186 100000 4 20 21 22 23
138 276 100000 4 20 21 22 23
213 100000 149 3 20 21 22
29 100000 20 3 20 21 22
87 174 100000 4 20 21 22 23
184 100000 100000 5 24 25 26 27 28
109 218 100000 1 29
22 44 15 1 29
40 100000 100000 1 29
76 152 100000 2 31 32
311 100000 100000 2 31 32
57 114 100000 2 31 32
477 954 100000 1 35
334 100000 234 1 35
63 100000 44 2 34 35
292 100000 100000 1 34
200 400 100000 2 36 39
101 100000 100000 2 30 36
120 100000 84 2 38 39
568 1136 100000 1 36
100 100000 70 1 36
541 100000 100000 2 37 39
89 100000 62 5 33 40 43 44 45
101 202 100000 1 41
36 100000 100000 2 42 45
262 100000 100000 4 30 43 44 45
268 100000 188 3 30 43 45
107 214 100000 4 46 47 48 50
48 96 100000 4 46 47 48 50
93 186 100000 4 46 47 49 50
71 100000 100000 3 46 47 50
71 142 100000 2 51 54
29 100000 20 3 51 52 53
506 1012 100000 3 48 49 54
475 100000 332 2 56 57
313 626 100000 1 58
540 1080 100000 2 55 58
102 100000 100000 1 58
140 100000 100000 1 58
71 142 50 3 59 61 62
37 74 100000 2 61 62
185 100000 130 3 59 61 62
511 100000 358 1 65
122 244 85 2 63 65
492 984 100000 1 65
44 100000 100000 1 63
113 100000 79 2 64 68
425 850 298 1 68
98 196 69 1 71
557 100000 100000 2 69 70
115 100000 80 2 70 71
124 100000 100000 1 70
142 100000 100000 2 66 75
110 100000 100000 3 55 71 75
207 100000 100000 2 55 72
277 100000 194 3 60 74 75
336 672 235 2 77 78
328 100000 230 3 60 77 78
275 100000 100000 1 79
454 908 318 1 79
78 100000 55 1 82
143 286 100 3 60 74 80
473 946 100000 3 76 81 85
178 100000 100000 3 63 66 84
295 590 206 1 87
353 100000 100000 2 79 86
250 100000 100000 4 69 81 85 87
131 100000 100000 2 83 87
289 100000 100000 2 86 90
482 964 100000 3 76 81 91
140 100000 100000 3 69 77 91
220 100000 154 1 92
110 220 77 1 92
28 100000 20 3 80 93 94
88 176 100000 1 93
79 100000 55 1 93
