# Converted from 100_362.csv
100
474 948 100000 0
330 100000 100000 0
572 1144 400 0
467 100000 327 0
622 1244 100000 0
518 100000 100000 0
673 100000 100000 0
629 100000 440 0
324 100000 100000 1 5
530 100000 371 1 4
877 100000 614 1 3
452 904 100000 1 1
561 100000 100000 1 5
492 100000 344 1 2
530 1060 100000 1 6
472 944 100000 1 3
318 636 100000 1 10
415 100000 290 1 9
465 930 326 1 11
570 1140 100000 1 17
615 1230 100000 1 16
272 100000 100000 1 17
509 1018 356 1 18
465 100000 100000 2 9 16
526 100000 100000 1 18
575 100000 100000 1 16
441 100000 309 1 18
395 790 276 1 16
610 1220 100000 1 16
487 974 341 1 25
366 732 100000 1 28
486 100000 340 1 26
580 100000 100000 1 23
458 916 321 1 22
524 100000 100000 1 21
534 1068 100000 1 26
329 658 100000 1 21
523 100000 100000 1 20
416 100000 100000 2 12 32
647 1294 453 2 26 32
586 100000 100000 1 29
708 1416 100000 1 29
550 100000 100000 1 29
584 100000 100000 1 37
499 100000 349 3 0 14 43
426 100000 100000 1 40
399 798 100000 1 41
691 100000 100000 2 19 38
491 100000 100000 2 36 41
257 100000 180 1 39
611 100000 428 1 43
530 100000 100000 2 24 40
563 1126 100000 1 38
506 1012 354 1 38
478 100000 100000 1 40
325 100000 100000 2 14 51
509 100000 356 1 54
556 1112 100000 1 47
470 100000 100000 1 46
485 100000 100000 1 54
380 760 266 2 11 50
573 100000 100000 1 47
500 100000 100000 2 18 47
286 572 100000 1 45
551 1102 386 1 50
667 100000 467 4 12 22 40 58
520 100000 100000 1 55
515 100000 100000 1 61
449 100000 314 1 62
634 100000 100000 2 54 60
562 100000 100000 1 61
607 1214 425 2 46 59
523 1046 100000 2 33 59
541 100000 379 2 30 64
281 562 100000 1 59
498 100000 349 2 55 57
332 100000 232 1 75
721 1442 505 1 74
549 1098 384 3 45 52 69
490 980 100000 2 65 73
289 100000 202 3 19 34 65
505 100000 100000 1 72
400 100000 100000 3 14 63 72
512 100000 358 2 49 73
560 1120 100000 1 72
624 1248 100000 2 17 82
208 100000 146 1 84
501 1002 100000 1 84
752 100000 526 1 81
616 100000 431 1 84
536 100000 100000 1 83
500 100000 100000 1 83
421 100000 100000 2 23 86
675 100000 472 2 51 90
456 100000 100000 2 78 89
411 822 288 2 14 90
546 1092 382 1 87
483 100000 338 2 5 91
581 1162 100000 2 68 85
488 976 342 2 20 86
