# Converted from 100_381.csv
100
150 100000 105 0
50 100000 100000 0
137 274 100000 0
205 410 100000 0
419 100000 100000 0
86 100000 60 0
191 100000 100000 0
220 100000 100000 6 1 2 3 4 5 6
533 1066 373 4 1 3 4 6
47 94 100000 2 7 8
155 310 100000 1 8
55 100000 100000 1 7
35 70 24 1 8
311 100000 218 2 9 11
194 100000 136 3 9 10 11
277 100000 194 1 9
61 122 43 1 11
365 730 255 2 9 12
146 100000 102 2 12 16
135 270 94 1 14
46 92 32 1 17
247 494 173 1 16
118 100000 100000 1 14
59 100000 41 3 10 18 21
314 100000 100000 2 18 21
172 100000 100000 3 0 13 18
493 100000 345 1 18
498 100000 349 3 0 12 21
136 272 95 2 23 24
144 288 101 2 17 26
51 102 36 2 9 24
132 100000 100000 3 14 23 27
338 676 237 2 29 31
178 356 100000 2 29 31
479 100000 100000 1 31
220 100000 154 1 28
68 100000 48 2 0 28
371 742 100000 3 20 27 28
459 918 321 3 22 26 30
122 244 100000 2 26 37
272 544 190 2 35 36
154 100000 100000 1 33
139 100000 100000 1 33
134 100000 100000 2 28 33
69 100000 48 2 37 38
178 100000 100000 3 13 33 34
510 1020 357 1 41
53 100000 100000 1 39
49 98 100000 2 39 42
285 100000 100000 2 24 42
44 88 100000 1 40
156 100000 100000 1 45
483 100000 338 2 40 42
434 100000 100000 3 17 26 40
504 100000 100000 1 49
478 956 100000 1 52
119 100000 83 4 28 32 41 51
419 100000 100000 3 22 46 49
194 100000 136 2 47 51
247 100000 100000 2 43 50
259 518 181 1 46
307 100000 215 3 54 55 57
268 536 188 4 25 47 52 56
38 76 100000 1 58
139 100000 100000 2 55 60
178 356 100000 1 57
523 1046 100000 2 50 58
37 100000 26 3 15 65 66
369 738 100000 2 52 66
126 100000 100000 2 35 65
85 100000 100000 1 63
152 304 100000 1 62
483 100000 100000 3 57 62 64
410 100000 100000 1 63
63 126 100000 1 62
355 100000 100000 2 59 71
207 100000 145 2 69 74
328 100000 100000 2 43 67
254 508 178 2 62 69
288 576 100000 2 62 70
518 100000 100000 1 70
200 100000 140 3 32 60 77
110 100000 100000 1 76
271 100000 100000 2 77 80
158 100000 100000 1 78
103 206 100000 2 76 77
527 100000 100000 1 75
113 100000 100000 2 78 79
536 1072 100000 2 82 85
204 100000 143 2 60 83
118 236 100000 3 60 83 86
178 100000 100000 3 64 75 83
152 304 106 2 38 84
526 1052 100000 2 82 86
147 100000 103 2 63 88
161 100000 100000 2 52 89
78 100000 55 5 61 84 86 88 89
85 100000 100000 1 93
352 100000 100000 3 74 79 90
523 1046 100000 1 93
