# Converted from 100_155.csv
100
159 100000 100000 0
319 638 100000 0
121 242 85 0
221 100000 155 1 0
39 100000 100000 1 0
330 100000 100000 1 2
94 100000 66 1 2
191 382 134 1 3
526 100000 100000 1 5
115 100000 100000 1 4
58 116 100000 1 6
168 100000 100000 1 6
487 974 341 1 6
288 100000 100000 1 6
119 238 100000 1 7
502 1004 100000 1 9
98 196 100000 1 8
83 100000 58 1 10
199 100000 139 1 11
20 40 100000 1 12
52 104 36 1 11
184 100000 100000 1 13
56 100000 100000 1 13
543 100000 100000 1 10
194 100000 100000 1 15
167 100000 100000 1 16
566 100000 100000 1 17
169 100000 118 1 18
292 100000 204 2 14 19
154 308 108 1 22
446 100000 100000 1 20
196 392 137 1 21
438 876 307 1 21
245 490 172 1 26
136 272 100000 1 29
101 202 100000 2 24 27
185 100000 130 1 25
38 76 27 1 32
488 976 100000 1 28
230 460 161 1 28
428 100000 100000 1 33
229 100000 100000 1 35
118 100000 100000 1 34
86 100000 100000 1 39
73 100000 100000 1 36
198 100000 100000 2 13 39
210 100000 100000 1 37
136 100000 100000 1 35
118 100000 83 1 38
280 560 100000 1 39
55 100000 100000 1 40
164 100000 115 1 41
204 408 100000 1 43
82 164 100000 1 43
53 106 37 1 42
256 512 100000 1 48
167 100000 117 1 45
170 100000 100000 1 48
185 100000 100000 1 47
187 374 131 1 51
483 966 100000 1 50
60 120 42 1 53
236 100000 100000 1 55
258 516 100000 1 52
429 858 300 2 1 57
47 94 33 3 20 23 55
185 370 100000 1 58
600 100000 420 1 55
138 276 97 1 57
204 100000 143 1 60
322 644 100000 1 63
405 100000 100000 1 59
475 950 332 1 64
111 100000 100000 1 61
40 100000 100000 1 62
160 100000 100000 1 64
556 100000 389 1 65
264 100000 100000 2 47 64
53 100000 37 2 5 65
136 100000 95 2 57 66
97 194 68 1 75
33 100000 100000 1 69
338 100000 100000 1 76
47 100000 100000 1 70
295 100000 206 1 72
182 100000 100000 1 73
183 100000 128 1 77
117 100000 82 2 53 71
386 772 270 2 1 74
183 100000 100000 1 79
26 52 100000 1 78
50 100000 100000 1 80
235 100000 164 1 81
506 100000 100000 1 82
155 310 100000 1 83
169 100000 100000 1 86
249 498 174 2 84 85
37 74 26 2 79 88
170 100000 100000 2 1 90
319 100000 100000 1 88
