# Converted from 100_179.csv
100
155 310 100000 0
170 100000 119 0
95 100000 100000 0
178 356 125 0
317 100000 100000 0
29 58 20 0
116 232 100000 0
57 114 100000 1 0
115 100000 80 1 1
101 100000 71 1 0
171 342 100000 1 3
117 234 82 1 4
86 100000 100000 1 2
141 100000 99 2 1 2
73 100000 100000 1 4
223 100000 156 1 7
174 100000 122 1 8
257 514 100000 1 9
168 100000 100000 2 6 11
248 100000 100000 1 11
101 202 71 1 11
255 510 100000 1 12
44 100000 31 2 1 11
146 100000 100000 1 10
84 100000 59 1 18
83 100000 58 1 16
146 100000 100000 1 17
24 100000 100000 1 19
198 100000 100000 1 20
37 74 26 1 21
72 100000 50 2 15 20
285 570 100000 1 21
281 562 197 1 20
143 100000 100000 1 24
66 132 46 1 25
83 166 100000 1 26
75 150 100000 1 27
256 512 100000 1 28
59 100000 41 1 29
330 100000 100000 1 31
191 100000 134 2 31 32
175 350 100000 1 30
87 100000 61 1 32
88 176 100000 2 2 32
75 100000 100000 1 30
137 100000 100000 1 35
146 100000 102 1 34
260 100000 100000 1 39
22 100000 100000 3 33 37 38
198 100000 139 3 2 18 36
167 334 100000 1 42
29 100000 20 2 5 40
77 100000 100000 2 18 41
62 100000 100000 3 5 12 41
240 100000 168 1 46
68 136 100000 1 45
161 322 100000 1 47
81 162 100000 1 48
112 224 100000 4 10 22 40 48
59 100000 100000 1 50
308 100000 216 1 52
288 100000 100000 1 54
188 376 100000 1 55
112 224 100000 4 1 31 32 57
162 324 100000 1 57
112 224 100000 2 59 60
76 100000 100000 1 62
114 100000 80 1 61
146 292 102 1 63
117 100000 82 1 65
119 100000 83 1 63
177 354 100000 1 64
59 100000 100000 3 2 44 65
170 100000 100000 2 58 64
86 172 100000 1 64
210 100000 147 1 69
281 100000 197 1 69
150 100000 105 1 69
328 656 100000 1 66
141 100000 99 1 67
113 100000 79 1 68
207 100000 100000 2 1 71
245 100000 100000 1 71
199 398 100000 2 31 69
86 172 100000 1 75
187 100000 131 1 76
246 100000 100000 1 77
331 662 100000 1 79
205 100000 144 1 81
73 100000 100000 1 78
28 100000 20 3 69 74 80
89 178 100000 2 52 82
107 100000 75 2 65 81
102 100000 100000 1 87
124 100000 100000 1 88
161 322 100000 2 84 85
129 258 100000 3 1 31 86
126 100000 88 2 41 89
21 42 100000 1 90
118 236 83 2 69 91
