# Converted from 100_469.csv
100
98 196 100000 0
191 100000 134 0
364 100000 100000 0
67 100000 100000 0
96 100000 100000 4 0 1 2 3
91 182 100000 4 0 1 2 3
68 136 100000 4 0 1 2 3
33 100000 23 4 0 1 2 3
260 520 100000 4 0 1 2 3
297 100000 208 5 4 5 6 7 8
25 50 100000 5 4 5 6 7 8
113 100000 79 2 9 10
573 1146 401 2 9 10
115 100000 80 2 9 10
188 376 100000 3 11 12 13
126 100000 100000 3 11 12 13
281 562 100000 3 11 12 13
44 100000 31 3 11 12 13
177 100000 100000 4 14 15 16 17
24 48 17 4 14 15 16 17
86 172 100000 4 14 15 16 17
122 100000 100000 4 14 15 16 17
291 100000 204 4 18 19 20 21
46 100000 100000 4 18 19 20 21
83 166 58 4 18 19 20 21
130 100000 91 4 18 19 20 21
225 450 100000 4 22 23 24 25
349 100000 100000 4 22 23 24 25
113 100000 100000 2 26 27
142 100000 100000 2 26 27
117 234 100000 2 26 27
155 100000 108 2 26 27
105 210 100000 4 28 29 30 31
62 100000 43 4 28 29 30 31
516 100000 361 2 32 33
38 100000 100000 2 32 33
307 614 100000 2 32 33
196 100000 137 2 32 33
306 100000 214 2 32 33
99 100000 100000 5 34 35 36 37 38
28 100000 100000 5 34 35 36 37 38
481 100000 100000 5 34 35 36 37 38
171 100000 120 5 34 35 36 37 38
241 100000 169 3 39 40 41
60 120 42 3 39 40 41
283 100000 100000 3 39 40 41
481 962 337 2 39 42
56 100000 39 1 41
568 1136 398 5 43 44 45 46 47
56 112 39 5 43 44 45 46 47
283 100000 100000 4 43 44 45 46
279 100000 100000 3 48 49 50
586 1172 410 1 48
198 396 100000 2 51 52
199 100000 100000 1 52
499 998 349 1 51
147 100000 100000 2 50 52
454 100000 318 2 50 52
250 100000 100000 4 54 55 56 57
44 88 100000 3 53 55 57
212 100000 148 3 55 56 57
156 100000 100000 2 58 60
74 100000 52 2 53 60
545 100000 100000 1 58
209 100000 146 1 61
558 1116 100000 1 61
69 138 100000 2 62 63
99 100000 100000 1 64
269 100000 100000 1 67
49 100000 34 1 67
308 616 100000 1 67
154 308 100000 1 67
576 1152 100000 1 69
428 856 300 4 53 65 70 71
191 100000 100000 2 66 71
229 458 160 1 73
123 100000 100000 3 68 70 72
63 100000 100000 2 63 73
553 1106 100000 3 63 73 76
382 764 100000 2 73 76
116 100000 100000 1 77
160 100000 112 2 73 76
66 100000 46 2 75 77
114 100000 100000 3 62 80 81
118 236 100000 3 75 79 81
194 100000 100000 2 75 81
37 100000 26 1 85
634 100000 100000 1 85
42 84 29 1 84
97 100000 68 1 87
34 68 100000 1 86
27 54 100000 2 59 87
314 628 220 2 63 86
37 100000 100000 2 59 90
62 124 100000 3 74 82 89
50 100000 35 3 78 89 90
226 100000 100000 1 95
39 78 100000 1 94
590 100000 413 1 94
102 204 100000 3 79 93 94
