# Converted from 100_171.csv
100
191 100000 134 0
118 100000 100000 0
377 100000 100000 0
123 100000 86 0
78 100000 55 0
196 392 137 0
71 142 100000 0
523 100000 100000 0
302 604 100000 0
44 100000 100000 1 0
113 100000 79 1 1
205 100000 144 1 2
577 1154 100000 1 2
87 100000 100000 1 3
395 790 100000 1 5
234 100000 100000 1 4
416 832 100000 1 8
420 100000 100000 1 2
186 372 130 3 2 3 5
181 100000 100000 1 6
437 874 306 1 4
124 100000 100000 2 3 8
151 100000 106 1 9
577 1154 404 1 10
80 160 56 1 11
192 100000 100000 1 12
109 218 76 1 13
26 52 18 3 2 14 19
537 1074 100000 1 14
94 188 66 1 17
184 100000 100000 1 22
212 424 100000 1 23
100 200 70 2 24 26
126 100000 100000 1 25
178 100000 125 2 28 29
21 100000 15 1 27
423 846 296 1 29
37 100000 26 1 30
147 100000 100000 1 34
29 100000 100000 1 35
172 100000 120 1 31
30 100000 21 1 36
65 130 100000 1 33
43 100000 100000 1 38
465 930 100000 1 39
349 100000 100000 3 16 37 40
134 268 100000 1 41
444 100000 100000 1 42
496 100000 100000 1 41
186 100000 100000 2 7 41
127 100000 89 1 42
114 100000 100000 2 19 42
29 100000 100000 1 46
179 100000 125 1 43
151 100000 100000 1 47
351 702 100000 1 44
163 326 100000 2 33 46
47 94 100000 2 47 49
88 100000 100000 2 27 45
132 100000 100000 1 52
536 1072 100000 1 53
93 100000 100000 1 54
522 100000 100000 1 56
534 100000 100000 1 58
159 318 100000 1 56
92 100000 100000 1 56
490 100000 100000 1 63
494 100000 100000 1 63
27 100000 100000 1 59
119 238 83 1 60
152 100000 100000 1 63
478 100000 335 1 61
122 244 100000 1 62
178 100000 100000 1 64
203 100000 100000 1 63
188 100000 100000 1 64
302 100000 211 1 68
87 100000 61 1 66
185 370 100000 1 67
75 150 52 1 70
53 100000 100000 1 72
99 198 69 1 71
128 256 100000 1 73
616 1232 431 4 4 18 56 74
271 100000 190 2 16 69
568 100000 100000 1 75
489 978 342 2 32 75
506 1012 354 1 76
525 1050 368 1 83
280 560 100000 1 78
513 100000 100000 1 81
204 100000 100000 5 51 77 79 80 82
213 426 149 2 8 86
257 514 180 1 84
146 100000 102 1 88
128 256 90 3 7 86 87
572 100000 100000 4 3 42 56 89
344 100000 241 3 3 85 90
354 100000 100000 3 28 83 91
168 336 118 3 19 92 93
