# Converted from 100_149.csv
100
551 100000 100000 0
405 100000 100000 0
454 908 318 0
407 100000 285 0
525 1050 100000 0
646 100000 452 0
413 826 100000 0
520 100000 100000 1 6
474 948 100000 1 6
589 1178 412 1 6
761 1522 533 1 6
569 100000 100000 1 6
670 100000 100000 1 6
644 1288 100000 1 12
270 100000 100000 4 3 9 10 11
401 100000 100000 1 12
587 100000 100000 1 12
480 960 100000 1 14
729 1458 100000 1 14
565 100000 100000 1 14
393 100000 100000 1 14
894 100000 626 1 14
401 802 281 1 14
484 968 339 1 14
741 100000 519 1 16
665 100000 100000 4 20 21 22 24
544 1088 100000 3 20 21 22
407 814 100000 2 21 23
753 1506 100000 1 23
581 1162 407 3 12 19 23
456 912 319 2 20 29
500 100000 350 3 16 20 29
509 100000 100000 1 29
475 100000 100000 1 29
470 100000 100000 2 22 29
647 1294 453 1 29
609 1218 100000 2 24 35
520 1040 100000 1 32
430 100000 100000 1 32
366 100000 256 2 22 33
586 1172 410 2 20 33
281 100000 100000 3 20 21 33
689 100000 100000 2 20 35
449 100000 100000 13 0 1 2 7 8 13 17 25 26 30 36 37 40
449 898 100000 2 21 40
426 100000 298 2 41 42
306 100000 214 4 16 21 40 42
437 874 306 1 43
629 100000 440 1 43
547 100000 100000 1 43
344 100000 100000 1 43
630 1260 100000 1 43
493 100000 100000 1 43
499 100000 100000 3 43 45 46
408 100000 286 1 43
241 482 100000 2 46 49
407 100000 100000 1 54
458 100000 100000 1 48
255 100000 178 4 34 44 48 54
568 1136 398 3 39 44 49
301 100000 100000 2 41 57
507 100000 355 3 42 44 57
498 996 100000 2 45 56
367 734 100000 1 57
670 100000 100000 3 39 45 61
606 100000 424 2 44 62
530 100000 371 1 62
649 100000 100000 1 61
431 862 100000 1 63
473 100000 100000 3 42 49 63
464 100000 325 2 49 63
533 100000 373 11 4 15 27 28 31 50 52 55 64 67 69
397 100000 100000 5 41 50 61 68 69
649 1298 454 4 41 42 59 70
602 100000 100000 1 71
384 100000 100000 1 71
550 1100 385 1 71
283 566 100000 1 71
627 1254 100000 1 71
702 1404 100000 2 68 71
475 950 332 3 58 71 73
682 100000 477 5 18 53 65 66 74
449 100000 314 3 77 79 80
341 100000 239 3 56 77 79
386 100000 100000 1 81
725 100000 507 1 81
372 744 260 1 81
585 100000 410 1 81
709 1418 100000 1 81
758 1516 100000 1 81
510 100000 357 1 81
348 100000 100000 1 81
292 100000 204 6 5 38 47 60 72 82
625 100000 100000 1 83
367 100000 257 1 92
434 868 100000 1 92
399 100000 100000 1 92
480 100000 336 1 92
503 1006 100000 1 92
607 1214 100000 3 86 87 93
