# Converted from 100_151.csv
100
477 100000 100000 0
143 100000 100000 0
42 100000 29 0
223 100000 156 0
138 100000 97 0
20 40 14 0
501 100000 351 0
462 100000 100000 0
104 208 100000 0
416 832 291 1 3
91 182 100000 1 0
150 100000 105 1 1
37 100000 26 1 2
185 100000 130 1 8
362 724 100000 1 7
119 238 100000 2 4 8
271 100000 190 1 5
107 214 100000 1 9
256 512 100000 1 10
464 100000 100000 3 11 12 15
101 202 71 1 16
63 100000 100000 1 15
142 284 100000 1 19
73 100000 100000 1 18
50 100000 100000 1 17
36 72 100000 1 21
82 100000 57 1 21
238 476 167 2 14 20
130 100000 100000 2 3 20
51 102 100000 1 21
220 440 154 1 21
543 100000 380 1 22
117 100000 82 1 25
290 580 203 1 23
208 100000 100000 2 20 29
87 100000 100000 1 29
256 100000 100000 2 25 27
608 1216 100000 1 27
247 100000 173 1 28
411 822 288 1 27
453 906 100000 1 31
101 100000 100000 1 32
177 100000 124 1 33
64 100000 100000 1 34
213 100000 100000 1 36
358 716 100000 2 15 38
478 100000 100000 1 43
218 100000 153 1 41
29 100000 100000 2 40 42
49 100000 100000 1 45
43 100000 100000 1 45
65 100000 46 1 45
306 100000 100000 1 45
118 236 83 1 44
34 100000 100000 2 44 45
167 100000 117 1 46
310 620 100000 1 49
90 100000 100000 1 50
511 100000 100000 1 51
426 852 100000 1 47
73 146 100000 1 50
143 100000 100000 1 48
489 978 100000 2 24 49
204 408 143 1 51
52 104 36 1 48
359 100000 251 2 48 54
525 1050 100000 1 55
491 982 100000 1 56
130 100000 91 1 57
35 70 100000 1 59
444 888 100000 1 60
123 100000 100000 1 58
198 396 139 1 60
250 100000 100000 1 60
436 100000 305 1 63
135 100000 100000 1 66
133 100000 100000 1 67
107 214 75 1 69
110 100000 100000 1 70
577 100000 100000 1 72
107 214 100000 3 62 68 71
266 532 100000 2 14 74
23 46 100000 2 27 74
216 100000 151 1 73
337 674 100000 1 75
105 100000 100000 1 76
165 330 100000 1 77
220 100000 154 1 78
24 100000 17 1 79
66 132 100000 1 82
158 100000 111 2 19 82
123 100000 100000 1 81
131 100000 92 3 34 82 83
99 100000 100000 1 85
480 960 336 1 87
209 100000 146 3 84 86 88
145 100000 102 1 92
121 100000 100000 1 92
158 316 100000 2 48 92
99 100000 69 2 13 91
