# Converted from 100_460.csv
100
27 54 19 0
79 100000 100000 0
132 100000 100000 0
103 100000 72 0
46 92 100000 3 1 2 3
122 100000 100000 3 1 2 3
256 100000 100000 3 1 2 3
257 514 100000 4 0 1 2 3
82 100000 100000 4 4 5 6 7
286 572 100000 4 4 5 6 7
33 100000 100000 2 8 9
194 388 100000 2 8 9
142 100000 100000 2 8 9
176 100000 123 2 8 9
132 100000 100000 2 8 9
82 100000 57 5 10 11 12 13 14
333 666 100000 5 10 11 12 13 14
224 100000 157 5 10 11 12 13 14
327 100000 100000 3 15 16 17
162 100000 100000 1 18
493 100000 100000 1 18
204 100000 100000 1 18
179 358 125 3 19 20 21
201 402 141 3 19 20 21
120 100000 84 3 19 20 21
435 100000 100000 3 19 20 21
102 100000 100000 4 22 23 24 25
93 186 100000 4 22 23 24 25
73 100000 100000 2 22 24
558 1116 100000 2 27 28
73 100000 51 2 27 28
70 140 100000 2 29 30
204 100000 100000 2 29 30
127 254 89 1 29
99 198 100000 1 29
231 462 162 3 32 33 34
245 490 172 1 32
149 100000 100000 3 32 33 34
447 894 313 2 32 34
38 76 100000 1 37
105 100000 74 1 38
76 152 53 1 37
75 100000 100000 1 35
113 100000 100000 2 33 38
290 580 203 3 39 42 43
214 100000 100000 4 39 41 42 43
53 106 100000 4 31 39 42 43
285 100000 200 2 44 46
149 100000 100000 3 41 44 46
220 440 100000 3 44 45 46
554 100000 100000 2 45 46
83 100000 100000 2 48 50
31 100000 100000 3 36 47 50
165 100000 100000 2 36 49
265 530 186 4 36 40 47 50
504 100000 100000 1 54
440 880 308 3 52 53 54
470 100000 329 1 54
432 864 100000 3 53 55 57
286 572 200 3 49 55 57
243 100000 100000 2 55 56
479 958 335 3 58 59 60
287 100000 100000 3 58 59 60
209 100000 146 1 61
81 100000 100000 1 62
447 100000 100000 1 62
65 100000 100000 2 48 62
527 1054 100000 1 63
409 100000 100000 2 26 63
160 100000 112 1 66
171 100000 120 2 26 63
277 100000 100000 3 68 69 70
240 100000 100000 3 68 69 70
445 890 312 2 26 67
168 100000 100000 2 48 68
165 330 115 1 72
150 100000 100000 1 72
222 444 155 3 72 73 74
186 372 130 2 64 71
42 100000 29 2 74 75
483 966 338 2 73 78
170 100000 119 2 64 77
274 100000 100000 2 65 81
193 386 135 4 64 65 73 79
168 336 100000 2 78 81
332 664 100000 2 82 83
181 100000 100000 2 83 84
534 100000 374 3 75 80 84
181 100000 100000 2 85 87
140 280 98 2 71 85
132 100000 92 2 76 86
163 100000 114 1 86
44 100000 100000 1 85
131 100000 92 2 82 90
36 72 100000 1 89
151 302 106 1 92
484 100000 339 2 87 94
210 420 100000 2 92 94
188 100000 100000 1 95
422 844 100000 3 51 88 95
