# Converted from 100_524.csv
100
580 100000 100000 0
267 100000 187 0
441 100000 100000 0
573 1146 401 0
298 100000 100000 4 0 1 2 3
397 100000 278 4 0 1 2 3
522 1044 365 4 0 1 2 3
435 870 100000 3 4 5 6
153 100000 100000 3 4 5 6
545 1090 382 3 4 5 6
362 100000 253 3 7 8 9
664 100000 100000 3 7 8 9
518 100000 100000 3 7 8 9
725 100000 100000 3 10 11 12
416 100000 291 3 10 11 12
509 1018 356 3 10 11 12
375 100000 262 3 10 11 12
667 1334 467 3 10 11 12
780 1560 100000 5 13 14 15 16 17
508 1016 100000 5 13 14 15 16 17
602 100000 421 5 13 14 15 16 17
571 1142 400 5 13 14 15 16 17
480 100000 336 4 18 19 20 21
599 1198 100000 4 18 19 20 21
545 100000 100000 4 18 19 20 21
786 100000 100000 4 18 19 20 21
453 906 100000 4 22 23 24 25
664 100000 465 4 22 23 24 25
661 100000 100000 4 22 23 24 25
216 432 151 3 26 27 28
580 100000 100000 3 26 27 28
518 100000 363 3 26 27 28
470 940 329 3 26 27 28
364 728 100000 3 26 27 28
453 906 100000 4 29 30 31 32
400 100000 100000 3 29 32 33
449 100000 100000 3 29 30 32
481 962 100000 4 29 31 32 33
576 1152 100000 2 29 32
533 100000 373 3 35 36 37
602 1204 100000 2 35 36
409 818 100000 2 34 39
402 100000 100000 2 39 40
304 100000 100000 2 31 40
539 100000 100000 2 41 42
605 1210 100000 1 41
282 564 100000 3 34 42 43
391 100000 100000 2 44 45
213 100000 100000 2 42 45
476 952 333 1 45
592 1184 100000 3 38 47 49
489 978 342 2 48 49
817 1634 572 1 49
446 100000 100000 2 47 49
275 100000 192 3 51 52 53
732 1464 512 3 42 43 52
370 740 100000 3 38 48 53
447 894 313 2 48 50
479 958 100000 2 50 51
330 660 100000 2 54 57
506 100000 354 2 54 57
683 100000 100000 2 59 60
400 100000 280 2 59 60
555 100000 100000 1 61
626 100000 438 1 61
498 100000 349 2 58 61
133 100000 100000 2 46 63
432 100000 100000 1 64
315 100000 100000 1 63
599 100000 419 1 68
535 1070 100000 1 66
575 1150 100000 3 55 56 67
572 1144 400 2 64 68
396 792 277 1 67
343 686 100000 5 62 69 71 72 73
668 100000 100000 2 71 72
489 978 100000 4 65 70 71 73
255 100000 178 2 46 74
425 100000 100000 1 74
351 100000 100000 3 58 70 74
572 100000 400 1 79
518 100000 100000 2 78 79
563 100000 100000 1 80
504 100000 100000 1 81
638 100000 447 2 76 81
621 100000 435 2 78 80
516 1032 100000 1 83
490 100000 100000 3 77 82 83
518 100000 100000 2 65 86
612 100000 428 1 87
492 984 100000 2 65 86
682 1364 100000 1 88
516 100000 100000 1 88
441 882 309 1 88
372 100000 100000 3 76 80 90
684 100000 100000 2 80 88
480 100000 336 2 85 88
522 100000 365 2 91 94
231 100000 162 4 75 85 93 95
590 100000 100000 2 91 93
