# Converted from 100_188.csv
100
50 100000 100000 0
366 100000 100000 0
132 264 100000 0
122 100000 100000 0
332 664 100000 0
165 100000 100000 0
162 324 113 1 0
50 100 35 1 1
45 90 100000 1 2
225 100000 100000 1 2
87 174 100000 1 4
83 166 100000 1 3
85 100000 100000 1 4
77 154 54 1 6
203 100000 142 1 9
146 100000 100000 1 7
281 100000 100000 1 9
194 100000 136 1 10
161 100000 100000 1 8
217 100000 100000 1 12
191 382 100000 1 9
93 100000 100000 1 11
118 100000 100000 1 9
89 178 100000 1 9
215 100000 100000 1 11
239 478 167 1 13
47 100000 33 1 14
108 100000 100000 1 15
265 530 100000 1 16
136 272 100000 1 17
259 518 181 2 19 23
236 472 100000 1 18
117 100000 82 3 10 22 23
99 100000 100000 1 25
22 100000 15 1 30
135 100000 100000 1 27
88 176 100000 1 26
89 178 100000 2 28 31
24 48 17 1 29
80 100000 56 2 10 30
161 100000 113 1 32
203 100000 100000 1 32
246 100000 172 1 33
132 100000 92 1 34
112 100000 78 1 35
125 100000 88 1 36
131 262 92 1 38
247 494 173 2 37 40
163 100000 114 1 41
82 164 100000 1 41
130 100000 100000 1 44
207 100000 100000 1 45
195 100000 136 1 42
189 378 132 2 39 43
82 100000 100000 1 49
169 338 100000 3 20 47 49
141 100000 100000 1 49
204 100000 100000 1 49
253 100000 177 1 54
22 100000 15 1 50
264 528 100000 1 52
239 478 100000 1 51
281 100000 100000 2 3 53
64 100000 45 1 57
105 210 74 2 24 55
170 100000 100000 1 57
62 100000 100000 2 56 57
55 110 100000 2 12 55
174 100000 122 1 58
272 100000 100000 1 62
130 100000 100000 1 59
88 100000 62 1 60
224 100000 100000 1 61
50 100000 100000 1 65
368 100000 100000 1 64
75 150 100000 1 66
36 100000 100000 3 21 53 66
151 302 100000 1 63
134 268 94 2 46 66
265 100000 186 1 68
69 100000 100000 1 69
194 388 136 1 73
281 100000 197 5 10 22 70 71 72
163 100000 100000 1 78
186 100000 130 2 38 76
118 100000 83 2 65 74
184 368 100000 1 78
190 100000 100000 1 73
68 100000 48 1 74
222 444 155 1 79
223 446 156 1 80
56 112 100000 1 81
275 100000 100000 2 82 84
312 100000 100000 1 82
115 230 80 1 87
28 56 20 1 89
26 52 100000 1 90
258 516 181 1 91
100 100000 100000 1 92
120 240 100000 2 3 93
