# Converted from 100_276.csv
100
480 960 100000 0
583 100000 100000 0
615 1230 100000 0
649 100000 454 0
576 100000 100000 0
515 1030 100000 0
452 904 100000 1 2
449 898 100000 1 0
259 100000 100000 1 1
530 100000 371 1 2
405 100000 100000 2 4 5
537 100000 376 3 2 4 5
707 1414 495 1 2
547 100000 100000 1 3
600 1200 420 1 6
585 1170 100000 1 7
477 954 334 1 8
495 100000 346 1 9
538 1076 100000 3 11 12 13
562 100000 100000 2 11 12
554 100000 388 2 11 12
555 1110 100000 1 18
583 100000 408 1 15
462 100000 323 1 17
517 1034 362 1 16
502 100000 100000 1 18
499 998 349 3 14 18 20
409 818 100000 1 21
557 100000 100000 1 22
597 1194 100000 1 23
322 100000 100000 1 24
313 100000 100000 1 25
650 100000 455 2 19 26
497 100000 348 2 19 26
590 100000 413 2 19 26
339 100000 100000 3 10 19 26
518 100000 363 3 10 19 26
441 100000 100000 1 32
539 100000 377 1 27
697 1394 488 8 28 30 31 32 33 34 35 36
473 100000 331 6 29 32 33 34 35 36
542 1084 379 5 32 33 34 35 36
574 1148 100000 1 37
386 100000 100000 1 38
729 1458 510 3 39 40 41
458 916 100000 3 39 40 41
633 100000 100000 1 42
537 100000 100000 1 43
521 100000 365 1 44
661 1322 463 2 44 45
486 100000 340 2 44 45
521 100000 100000 2 44 45
564 100000 100000 1 44
472 944 100000 1 46
376 752 100000 1 48
623 1246 100000 2 47 50
665 100000 465 1 53
435 100000 304 1 55
411 100000 100000 1 54
560 1120 100000 3 49 51 55
458 100000 321 2 51 55
728 100000 100000 1 56
300 100000 210 1 57
596 1192 417 1 58
472 944 330 2 59 60
445 890 312 2 49 60
567 1134 100000 2 49 60
531 1062 100000 1 61
566 100000 396 1 62
437 100000 100000 1 63
448 100000 100000 2 64 65
481 100000 100000 2 52 65
337 674 100000 1 67
586 100000 100000 1 68
454 100000 100000 3 64 65 69
433 100000 100000 2 70 71
571 1142 100000 1 70
501 100000 100000 2 64 71
408 816 286 2 59 71
366 100000 100000 1 70
460 100000 322 1 72
562 100000 100000 1 73
532 1064 100000 1 79
573 100000 100000 2 74 75
360 720 100000 1 75
461 100000 100000 1 82
481 962 337 3 52 65 80
543 100000 380 3 70 78 81
530 100000 371 2 78 84
617 1234 100000 2 75 82
613 100000 100000 2 76 83
436 100000 305 1 86
439 100000 100000 1 85
491 982 100000 1 88
599 1198 100000 2 87 89
631 100000 100000 1 91
288 100000 202 1 92
615 1230 430 1 93
301 100000 100000 1 94
422 100000 100000 1 94
