# Converted from 100_248.csv
100
24 100000 100000 0
173 346 100000 0
411 100000 288 0
113 226 79 0
492 984 344 0
348 100000 100000 1 1
68 100000 100000 1 0
174 348 122 1 2
307 100000 215 1 3
56 100000 100000 1 2
288 100000 100000 1 2
157 100000 110 2 2 4
74 148 52 1 3
192 100000 134 1 3
89 100000 62 2 1 4
49 98 100000 1 5
158 316 100000 1 9
530 1060 100000 1 7
127 100000 100000 1 8
206 100000 100000 5 6 10 11 12 14
262 100000 100000 1 15
25 50 100000 1 16
57 114 100000 1 18
187 374 100000 1 17
20 100000 14 1 19
220 100000 100000 1 19
332 664 232 1 22
66 100000 46 1 20
148 296 104 3 23 24 25
283 566 198 3 21 24 25
193 100000 135 3 9 24 25
42 100000 29 4 9 13 24 25
472 100000 330 1 28
204 408 100000 1 30
78 100000 100000 1 26
37 74 100000 1 27
34 100000 100000 4 28 29 30 31
32 100000 22 3 29 30 31
99 100000 100000 3 13 29 30
362 100000 100000 1 32
89 100000 100000 1 33
145 290 102 1 35
85 100000 59 3 34 37 38
55 110 38 2 36 38
308 100000 100000 1 39
217 434 100000 1 41
202 100000 100000 3 37 40 43
492 100000 100000 2 42 43
26 100000 18 1 43
308 100000 100000 2 42 43
527 100000 100000 2 42 43
490 100000 343 1 44
110 100000 77 1 45
107 100000 75 1 47
216 100000 151 3 46 47 49
21 100000 15 4 46 48 49 50
57 114 100000 3 46 47 50
123 100000 86 1 53
49 100000 100000 4 42 46 51 52
294 100000 100000 1 55
239 100000 100000 3 48 54 56
373 746 261 1 59
72 144 50 1 57
31 100000 22 3 48 49 58
35 70 100000 1 59
479 958 100000 1 60
325 650 227 1 61
333 100000 100000 1 63
152 304 100000 1 62
274 100000 192 1 63
167 334 100000 2 50 63
181 362 100000 1 64
423 846 100000 1 65
42 100000 29 1 69
105 100000 100000 1 67
401 100000 100000 1 68
137 100000 100000 2 58 66
67 134 100000 3 69 71 72
187 100000 100000 2 58 72
234 100000 100000 2 63 72
114 100000 80 2 69 72
208 100000 100000 1 73
250 500 175 1 76
61 122 100000 1 77
200 100000 100000 3 48 56 75
24 48 17 3 47 50 74
307 100000 100000 1 82
408 100000 100000 1 83
168 100000 100000 1 84
44 88 100000 1 84
31 100000 100000 3 47 55 81
102 100000 100000 2 80 85
506 1012 100000 2 71 85
120 240 84 1 88
187 374 100000 1 89
94 188 100000 5 70 79 86 87 91
36 100000 25 2 84 92
320 640 100000 2 60 93
32 64 22 2 76 94
287 100000 100000 1 96
