# Converted from 100_476.csv
100
82 164 57 0
292 100000 100000 0
133 266 100000 0
98 196 69 0
113 226 100000 3 1 2 3
75 150 52 3 1 2 3
22 44 15 4 0 1 2 3
103 100000 72 4 0 1 2 3
124 100000 100000 4 4 5 6 7
259 100000 181 4 4 5 6 7
395 100000 276 4 4 5 6 7
197 100000 100000 3 8 9 10
146 292 102 3 8 9 10
160 320 112 2 11 12
165 100000 100000 2 11 12
152 100000 100000 2 11 12
107 100000 100000 2 11 12
173 346 121 2 11 12
199 100000 100000 3 13 15 17
282 100000 100000 1 15
25 50 18 2 15 16
131 100000 92 3 15 16 17
120 240 100000 4 18 19 20 21
100 200 100000 4 18 19 20 21
141 100000 100000 2 22 23
123 246 100000 2 22 23
176 100000 100000 1 23
37 74 100000 2 22 26
35 100000 100000 2 25 26
115 230 100000 1 24
297 594 100000 2 22 26
80 100000 100000 3 28 29 30
159 318 100000 3 14 29 30
65 130 46 4 14 28 29 30
90 100000 100000 4 14 28 29 30
58 116 100000 3 31 33 34
221 442 155 3 31 33 34
177 354 124 1 35
73 100000 100000 2 35 36
117 234 82 2 37 38
187 374 100000 3 32 37 38
180 100000 126 2 39 40
92 100000 100000 2 32 39
29 58 100000 2 39 40
282 564 197 2 39 40
66 100000 46 2 39 40
113 226 100000 5 41 42 43 44 45
195 100000 136 3 41 42 43
163 100000 100000 1 43
124 100000 100000 2 43 44
181 100000 100000 2 41 44
128 100000 90 1 43
85 100000 100000 3 47 50 51
111 100000 100000 3 47 49 50
189 378 100000 2 49 52
123 246 100000 1 52
86 172 100000 2 52 53
185 100000 130 1 52
104 208 100000 4 54 55 56 57
43 100000 30 4 54 55 56 57
119 100000 100000 3 54 55 57
25 100000 100000 2 49 55
73 100000 51 3 54 56 57
50 100 35 5 46 48 58 60 62
344 100000 100000 3 58 60 62
55 110 38 3 45 58 60
225 100000 158 2 58 59
92 184 100000 2 63 66
51 100000 100000 2 62 65
28 100000 100000 2 63 66
68 100000 48 1 66
128 100000 90 2 65 69
201 100000 100000 2 65 69
87 100000 100000 2 65 67
324 100000 227 4 68 71 72 73
105 100000 100000 3 71 72 73
160 100000 112 1 72
154 100000 100000 2 72 73
105 100000 74 3 61 74 75
34 68 24 3 70 74 77
245 490 100000 2 74 77
28 100000 100000 1 74
92 100000 64 2 79 81
65 100000 100000 2 78 82
132 264 100000 3 76 78 82
156 100000 109 2 76 83
52 100000 100000 2 64 83
67 100000 47 1 83
46 100000 100000 2 84 85
161 100000 100000 1 85
209 100000 100000 2 84 86
72 100000 50 1 90
166 332 100000 1 90
80 100000 100000 1 89
285 570 100000 1 88
189 100000 132 1 90
113 226 79 1 91
84 100000 100000 1 94
119 238 100000 1 92
122 100000 85 1 92
