# Converted from 100_104.csv
100
177 354 100000 0
198 396 139 0
167 100000 100000 0
160 100000 100000 0
132 100000 100000 1 3
161 100000 113 1 3
40 100000 28 1 3
138 100000 100000 1 3
135 270 100000 1 3
62 100000 43 1 3
252 504 100000 1 9
128 256 90 1 9
35 100000 100000 1 9
80 100000 56 1 9
235 470 100000 1 9
133 266 93 1 9
263 526 184 1 9
227 454 100000 1 16
39 100000 100000 1 16
109 100000 100000 5 2 6 7 8 14
40 100000 28 1 16
142 284 100000 1 16
121 100000 85 1 16
136 272 100000 2 19 20
304 100000 100000 1 19
43 100000 100000 1 19
346 692 100000 1 19
70 100000 49 1 19
204 100000 100000 1 19
164 100000 115 1 19
204 100000 143 1 19
36 100000 100000 1 19
62 124 100000 1 20
154 100000 100000 9 0 1 17 18 23 26 27 30 31
143 286 100 4 16 26 27 31
68 100000 48 3 20 30 31
313 626 219 1 33
69 138 100000 1 33
114 100000 80 1 33
67 134 100000 1 33
50 100 35 1 33
64 100000 100000 1 33
89 178 100000 3 25 33 35
81 162 57 2 27 35
37 100000 100000 1 33
106 212 74 3 32 36 37
98 100000 100000 1 41
252 100000 100000 3 38 43 44
39 100000 100000 3 32 41 43
32 64 100000 2 44 48
237 100000 100000 6 15 24 34 45 46 47
93 100000 65 2 29 48
175 100000 122 2 50 51
77 154 100000 1 50
70 140 49 1 50
133 266 100000 1 50
139 100000 97 1 50
77 154 54 1 50
272 100000 100000 1 50
20 40 14 4 29 40 48 50
154 308 100000 3 28 55 59
135 100000 100000 2 58 59
252 100000 176 2 53 59
255 100000 100000 1 55
76 152 100000 8 12 13 42 52 54 55 58 62
208 100000 146 3 51 58 63
33 100000 23 2 53 63
88 100000 100000 2 48 63
28 100000 100000 4 29 48 58 63
125 100000 100000 3 25 65 67
21 100000 15 1 64
42 100000 29 1 64
211 422 100000 1 64
127 254 89 1 64
77 100000 100000 1 64
29 100000 20 1 64
86 172 100000 1 64
159 100000 111 1 64
123 246 100000 1 64
56 100000 100000 1 64
93 100000 100000 1 64
166 100000 100000 1 64
125 250 88 6 25 54 57 58 66 67
187 100000 100000 4 21 67 76 80
267 100000 187 3 28 67 70
449 898 314 2 70 83
42 100000 29 2 83 84
158 100000 100000 3 68 81 83
115 100000 100000 3 72 73 84
156 100000 100000 10 4 5 10 11 49 60 61 69 81 85
123 246 100000 1 86
112 224 78 2 22 88
229 100000 100000 1 89
131 262 100000 1 89
203 100000 100000 1 89
259 100000 100000 1 89
160 320 100000 1 89
190 100000 100000 1 89
91 100000 100000 1 89
101 202 71 1 89
