# Converted from 100_314.csv
100
104 100000 100000 0
95 190 100000 0
26 100000 100000 0
87 100000 61 0
53 100000 100000 0
76 100000 53 0
188 100000 132 0
20 40 100000 0
147 100000 100000 0
236 100000 100000 0
148 296 100000 1 0
289 100000 100000 1 7
78 156 100000 1 6
136 100000 95 1 6
143 100000 100 1 4
497 100000 100000 1 9
21 100000 15 1 6
179 100000 125 1 3
86 172 100000 1 2
126 100000 88 1 1
106 100000 100000 1 19
183 100000 128 1 16
496 100000 347 1 15
155 100000 100000 1 12
133 100000 100000 1 13
407 814 285 1 12
137 274 96 1 21
126 252 100000 2 19 23
239 100000 100000 1 21
185 100000 100000 1 25
229 458 160 1 21
131 262 100000 1 23
282 100000 100000 1 25
221 442 155 1 29
213 100000 100000 1 32
66 132 100000 1 32
162 324 113 1 28
276 552 100000 1 29
106 100000 74 1 26
152 304 106 1 26
459 100000 100000 1 32
118 236 100000 3 27 34 37
76 100000 53 3 10 38 39
121 100000 100000 1 40
32 64 22 1 40
198 100000 100000 1 38
505 100000 100000 1 37
168 100000 100000 1 39
503 100000 352 3 10 11 33
55 110 100000 1 39
160 100000 112 1 48
348 100000 100000 1 49
144 288 100000 2 47 49
135 100000 94 1 44
67 134 100000 1 43
405 810 284 2 27 48
494 988 346 1 54
73 100000 100000 2 32 50
168 100000 100000 3 40 48 51
25 50 100000 1 55
158 100000 100000 2 7 51
268 100000 188 1 58
28 56 100000 1 60
282 564 197 1 56
65 100000 100000 1 58
265 100000 100000 1 60
134 268 94 1 59
275 550 192 1 57
177 354 100000 2 2 57
307 100000 100000 1 63
120 100000 100000 2 38 67
401 802 281 1 67
24 48 100000 1 62
387 774 100000 1 66
432 864 302 1 66
87 174 61 2 62 67
142 100000 99 1 66
373 100000 261 1 69
325 650 100000 2 9 75
111 100000 100000 1 70
198 100000 100000 2 13 75
290 580 203 1 75
261 100000 100000 2 64 70
424 100000 100000 2 40 73
263 100000 100000 2 24 74
124 100000 100000 1 72
25 50 18 2 14 75
152 100000 100000 1 70
24 48 100000 2 37 82
123 100000 100000 3 41 83 84
183 100000 128 1 83
123 100000 100000 3 77 83 84
168 336 118 1 77
88 100000 100000 2 40 78
273 546 191 2 45 82
40 100000 28 1 82
51 100000 100000 1 86
148 100000 104 4 24 27 31 86
207 414 100000 2 50 77
48 100000 100000 1 78
