# Converted from 100_217.csv
100
514 100000 100000 0
434 868 304 0
485 970 100000 0
482 100000 100000 0
471 942 100000 0
341 100000 100000 0
469 100000 100000 0
508 100000 100000 0
712 100000 100000 0
430 100000 100000 1 3
429 100000 300 1 0
579 100000 100000 1 1
615 1230 100000 1 4
528 100000 100000 1 2
573 100000 401 1 5
336 672 235 1 5
367 734 257 1 5
518 100000 363 2 3 4
378 756 265 1 9
521 100000 100000 1 14
533 100000 373 1 15
608 100000 100000 1 12
43 100000 30 2 11 13
385 770 100000 1 10
360 100000 100000 1 16
393 786 275 1 17
354 100000 100000 1 22
705 1410 100000 1 19
625 1250 100000 1 20
539 100000 100000 1 18
596 100000 417 2 3 21
540 1080 100000 1 24
603 1206 100000 1 22
552 100000 100000 1 23
419 838 100000 1 26
593 100000 415 1 27
551 100000 100000 1 28
618 100000 100000 2 30 31
692 100000 100000 2 25 33
722 1444 100000 1 32
420 840 100000 1 33
470 940 100000 2 29 31
406 100000 100000 1 34
633 100000 443 1 37
471 100000 100000 1 36
482 100000 337 1 35
730 1460 100000 1 36
405 810 284 2 22 41
259 100000 181 1 38
485 970 340 1 43
599 1198 100000 1 42
514 100000 100000 1 46
614 1228 100000 1 44
584 100000 409 2 7 47
757 100000 100000 1 47
384 100000 269 1 48
330 100000 100000 2 37 45
623 100000 436 1 47
237 100000 166 2 32 47
408 816 100000 1 53
438 876 307 1 49
595 100000 100000 1 54
473 946 100000 1 55
442 100000 100000 1 50
480 960 100000 1 51
410 100000 287 1 56
278 100000 100000 1 58
256 100000 179 1 52
320 100000 100000 2 4 57
601 1202 421 1 53
628 1256 100000 2 32 56
556 100000 100000 1 64
628 1256 440 1 59
290 580 100000 1 60
803 100000 100000 1 61
510 100000 357 1 62
509 100000 100000 1 63
666 1332 466 1 65
463 100000 324 1 66
369 100000 100000 2 14 66
400 100000 100000 1 66
375 750 262 1 66
327 100000 100000 1 71
558 100000 391 1 75
600 100000 420 1 78
664 1328 100000 3 72 74 77
463 100000 324 2 38 73
546 1092 382 1 76
289 578 100000 1 79
482 100000 100000 1 80
464 928 325 2 30 79
516 100000 100000 1 80
623 1246 100000 1 83
502 100000 100000 1 88
431 100000 302 3 33 82 84
581 100000 407 1 87
554 1108 388 1 88
336 100000 235 1 92
374 748 262 1 93
237 474 100000 1 94
