# Converted from 100_68.csv
100
530 1060 100000 0
616 100000 431 0
538 1076 100000 0
496 100000 100000 0
418 100000 293 0
364 100000 255 0
326 100000 100000 0
501 1002 100000 1 4
543 1086 380 1 4
583 100000 100000 1 6
383 100000 268 1 3
516 100000 100000 1 3
514 1028 100000 1 4
319 638 223 1 4
520 1040 364 1 5
602 100000 100000 1 6
397 794 278 6 0 1 7 8 9 10
576 100000 100000 1 13
354 708 100000 1 12
626 1252 100000 1 13
506 1012 100000 1 15
628 1256 440 1 11
399 100000 100000 1 15
641 100000 449 1 13
411 822 100000 1 13
454 100000 100000 1 12
586 100000 100000 1 12
656 100000 459 1 16
716 1432 100000 1 16
547 100000 100000 1 16
528 100000 100000 1 16
197 394 138 1 16
520 100000 100000 1 16
387 100000 271 1 16
463 926 100000 1 16
509 1018 356 1 16
370 100000 259 1 16
522 100000 365 1 16
510 100000 100000 1 16
529 100000 370 5 2 17 18 19 20
632 1264 442 1 21
505 1010 100000 1 22
521 100000 100000 1 26
409 818 286 1 22
197 100000 100000 1 24
642 1284 100000 1 39
289 100000 202 1 39
612 100000 428 1 39
459 918 321 1 39
516 1032 100000 1 39
535 100000 100000 1 39
619 1238 433 1 39
411 822 288 1 39
639 100000 100000 1 27
535 100000 100000 1 40
666 100000 466 1 41
234 468 100000 1 53
444 888 311 1 45
418 100000 100000 1 55
317 100000 222 1 54
842 100000 100000 1 48
573 100000 100000 1 45
620 1240 434 1 58
646 1292 100000 1 57
524 100000 367 1 56
513 1026 100000 2 49 61
490 980 343 1 60
508 100000 100000 1 60
645 100000 100000 1 62
394 100000 276 1 64
302 100000 100000 2 14 63
324 100000 100000 2 36 64
503 1006 352 1 65
417 100000 100000 1 64
401 100000 100000 1 67
546 100000 100000 1 68
504 100000 100000 1 71
460 100000 100000 1 69
536 100000 100000 3 47 66 74
392 784 100000 1 71
484 100000 339 2 12 73
630 100000 100000 1 74
364 728 100000 1 70
438 876 100000 1 74
269 100000 188 1 78
378 100000 100000 1 76
374 100000 262 1 77
545 100000 100000 2 29 75
671 1342 470 1 79
517 100000 100000 1 82
688 100000 100000 2 44 78
646 1292 452 1 84
311 100000 218 1 85
405 100000 100000 1 87
369 100000 100000 1 86
523 1046 366 3 14 83 87
513 1026 100000 2 31 87
340 100000 238 1 93
509 1018 100000 4 90 91 92 94
427 100000 100000 2 73 96
