# Converted from 100_194.csv
100
130 100000 100000 0
91 182 100000 0
61 100000 100000 0
52 104 100000 0
53 100000 100000 0
31 100000 100000 0
39 78 27 0
49 100000 34 0
117 100000 82 1 0
82 164 100000 1 2
108 100000 100000 1 1
255 100000 100000 1 7
66 100000 46 1 2
28 56 20 1 7
138 100000 100000 1 5
72 100000 100000 1 9
176 100000 123 2 4 8
132 100000 100000 1 14
280 100000 100000 1 10
55 100000 38 1 11
125 250 100000 1 12
90 100000 100000 1 12
111 222 100000 1 15
195 390 100000 1 17
151 302 100000 1 16
127 254 89 1 16
191 382 100000 1 21
152 100000 100000 1 17
98 196 100000 1 23
123 246 100000 1 25
152 100000 100000 1 24
23 46 16 1 26
29 100000 20 1 22
183 100000 100000 2 19 26
22 100000 100000 2 11 27
297 594 100000 1 33
27 100000 19 1 29
86 100000 100000 1 28
210 420 100000 1 31
244 100000 171 1 30
110 100000 100000 1 33
195 390 100000 2 16 34
98 100000 69 2 16 33
270 540 189 2 33 34
123 100000 100000 1 36
177 100000 100000 1 35
170 100000 100000 1 38
119 100000 83 1 37
164 100000 100000 1 40
150 300 100000 1 39
206 412 144 1 39
206 100000 144 1 40
24 100000 100000 1 44
159 318 111 1 46
189 378 132 1 45
193 100000 100000 1 47
165 100000 100000 1 51
163 100000 114 1 48
65 100000 46 1 49
88 176 100000 1 50
149 100000 100000 2 34 51
327 654 100000 1 51
42 84 29 1 51
86 100000 100000 1 51
215 430 150 1 53
69 138 100000 1 54
220 100000 100000 1 56
331 662 100000 4 52 55 57 59
304 100000 100000 2 19 58
163 326 100000 1 62
147 100000 100000 1 62
340 100000 238 2 62 63
174 100000 122 3 25 60 63
270 100000 100000 1 64
120 240 84 1 65
127 100000 100000 1 67
78 156 100000 2 16 66
82 164 100000 1 70
114 228 80 1 67
351 100000 100000 2 60 69
88 100000 62 1 70
193 386 135 1 72
187 100000 100000 2 60 68
73 146 100000 1 74
195 100000 136 1 73
92 100000 64 1 77
44 100000 31 1 75
163 326 114 1 79
254 100000 178 2 32 79
124 100000 100000 1 77
62 124 43 2 41 77
210 100000 147 1 82
204 100000 100000 1 83
41 82 100000 1 85
52 100000 100000 2 4 84
159 100000 111 2 86 88
229 458 160 1 87
249 100000 174 2 32 87
259 518 181 1 87
287 100000 100000 2 18 89
