# Converted from 100_90.csv
100
63 100000 100000 0
119 100000 83 0
62 100000 100000 0
367 734 100000 0
105 210 100000 0
40 80 28 1 4
82 100000 57 1 4
160 320 100000 1 4
263 100000 100000 1 4
509 100000 356 1 4
588 100000 100000 1 4
139 278 100000 1 9
262 524 100000 1 10
311 622 100000 1 8
205 410 100000 1 10
247 100000 173 1 9
167 100000 100000 1 9
454 100000 100000 1 10
501 1002 351 1 16
212 100000 148 1 16
167 100000 100000 1 16
222 444 155 1 17
392 100000 100000 1 17
565 1130 100000 1 17
128 100000 100000 3 20 21 22
102 100000 71 1 21
150 300 105 1 20
64 128 100000 1 22
82 100000 57 1 26
107 100000 100000 1 27
78 100000 100000 2 17 26
52 104 36 2 16 27
274 548 192 2 20 27
72 144 50 2 23 26
329 658 100000 1 26
544 1088 381 2 26 27
223 446 100000 2 26 27
87 100000 100000 1 36
146 100000 100000 8 5 12 13 19 24 29 30 31
448 100000 314 1 35
126 252 100000 2 35 36
213 100000 149 2 22 34
68 136 100000 1 35
416 832 100000 1 38
109 218 76 1 38
140 280 98 1 38
190 100000 100000 1 38
161 322 113 1 38
301 100000 100000 7 1 6 32 38 39 40 41
351 100000 100000 2 38 41
28 100000 100000 3 35 38 41
382 764 100000 1 48
34 100000 24 1 48
237 100000 166 1 48
331 100000 232 1 48
182 364 100000 1 48
292 584 100000 1 48
51 100000 100000 7 3 7 15 25 33 43 48
420 840 294 3 35 36 49
272 100000 100000 2 52 56
161 100000 113 1 57
302 100000 211 1 57
57 100000 100000 1 57
260 100000 100000 1 57
29 58 20 1 57
37 74 26 1 57
204 100000 100000 4 23 45 55 56
189 100000 100000 7 0 11 18 28 37 57 59
254 100000 178 3 56 64 65
70 100000 100000 2 56 61
116 100000 81 3 45 53 65
32 64 22 4 44 47 65 66
174 348 100000 1 67
218 436 153 1 67
27 100000 100000 1 67
142 284 100000 1 67
242 100000 169 1 67
186 100000 100000 1 67
200 400 140 4 51 58 67 71
134 100000 100000 2 49 71
128 100000 100000 3 51 58 71
51 100000 100000 7 44 47 58 66 73 75 77
229 458 100000 5 50 69 72 76 78
178 100000 100000 3 51 62 81
423 846 100000 4 54 64 81 82
57 100000 40 2 63 84
176 100000 123 2 74 84
93 100000 100000 3 62 74 84
232 100000 162 5 2 14 68 83 85
118 100000 100000 1 86
114 100000 100000 4 62 63 80 86
49 100000 100000 1 86
218 100000 100000 1 88
249 498 100000 1 88
248 100000 174 1 88
115 100000 100000 1 88
98 196 69 1 88
239 100000 167 1 88
424 100000 100000 2 86 88
89 100000 100000 1 90
