# Converted from 100_386.csv
100
58 116 100000 0
338 100000 100000 0
354 100000 248 0
114 100000 80 0
119 100000 100000 0
59 118 100000 3 1 2 4
147 294 100000 1 2
226 100000 158 1 0
144 288 100000 1 3
173 100000 100000 2 2 4
83 166 100000 2 6 7
454 908 100000 3 6 7 9
158 316 100000 2 5 7
502 1004 100000 1 7
40 100000 100000 1 6
350 700 100000 2 6 7
390 780 100000 1 6
411 100000 288 4 5 10 11 16
569 100000 100000 1 13
205 100000 100000 1 14
197 100000 138 2 0 16
454 100000 100000 3 3 7 16
150 100000 100000 2 1 11
62 124 100000 2 2 13
97 194 100000 1 15
208 100000 100000 2 10 15
240 100000 100000 3 20 21 22
554 100000 388 2 22 23
415 830 290 2 3 22
200 400 100000 4 8 10 21 22
102 204 71 3 17 18 24
589 100000 100000 4 1 14 23 25
390 100000 100000 1 21
186 100000 130 1 24
241 482 100000 2 20 22
453 906 100000 5 5 28 29 33 34
178 356 100000 4 28 29 33 34
112 224 78 2 28 29
169 100000 100000 3 3 4 31
46 100000 100000 3 22 25 30
169 338 118 4 3 12 15 27
75 100000 52 3 37 38 39
128 100000 100000 1 35
201 402 141 3 3 34 39
253 506 177 3 19 27 38
477 100000 334 2 34 39
77 100000 100000 1 36
78 156 55 2 30 46
92 184 100000 2 33 43
543 100000 100000 2 44 46
210 420 100000 2 38 43
512 100000 100000 3 33 37 43
36 100000 100000 2 46 48
67 100000 47 2 47 49
22 44 15 1 47
422 100000 100000 3 12 42 47
162 100000 100000 2 12 48
106 212 74 2 25 54
220 100000 100000 3 14 25 54
262 100000 183 4 32 40 49 52
59 100000 100000 1 59
219 438 153 4 14 32 39 57
99 198 100000 2 51 59
125 100000 100000 5 19 32 40 48 57
445 100000 312 1 59
422 844 295 2 42 60
507 100000 100000 1 60
258 100000 181 2 54 64
310 620 100000 1 66
127 100000 100000 2 65 66
486 100000 340 1 65
359 100000 251 1 65
304 100000 213 1 69
113 100000 79 3 54 55 69
171 100000 120 3 37 55 71
342 684 239 2 65 68
198 100000 100000 2 58 68
143 286 100000 3 53 55 69
208 100000 146 2 67 71
87 174 100000 2 65 68
562 100000 393 1 69
157 100000 110 3 64 65 68
207 414 100000 3 57 74 80
112 224 100000 1 72
142 100000 100000 2 73 78
329 100000 230 4 51 72 79 81
81 162 57 1 80
426 100000 100000 3 66 74 78
74 100000 100000 1 86
188 376 132 3 57 72 84
485 100000 100000 3 72 82 86
51 100000 36 1 87
125 100000 100000 3 37 53 84
144 100000 100000 2 83 85
75 150 52 3 56 78 88
120 100000 84 2 45 91
39 78 100000 2 78 93
148 100000 100000 1 90
84 100000 100000 1 93
248 100000 174 2 63 89
