# Converted from 100_426.csv
100
424 848 100000 0
682 100000 100000 0
515 100000 360 0
460 920 322 1 2
666 1332 100000 2 0 2
436 100000 305 1 1
439 100000 100000 1 1
719 100000 100000 1 0
389 778 100000 1 0
636 100000 445 1 2
501 100000 100000 1 1
563 1126 394 2 6 9
503 1006 100000 1 10
437 100000 100000 1 9
597 1194 100000 1 7
641 100000 449 2 0 5
330 100000 100000 3 12 14 15
382 764 100000 3 12 13 14
340 680 238 2 12 14
633 100000 100000 2 13 14
327 100000 229 2 11 14
443 100000 100000 2 0 13
600 100000 100000 1 14
410 820 100000 2 2 12
502 1004 100000 6 8 16 17 19 20 21
505 1010 354 3 8 20 23
571 100000 400 3 1 19 21
773 100000 541 4 3 4 5 20
706 100000 100000 3 16 17 21
562 1124 100000 2 8 28
419 838 100000 1 24
701 100000 491 2 16 25
454 908 100000 2 27 28
616 100000 100000 2 29 31
510 1020 100000 1 30
575 100000 100000 3 3 13 31
624 100000 100000 1 30
605 100000 100000 3 18 29 31
529 100000 370 2 33 37
358 716 251 3 25 28 36
415 100000 100000 2 21 35
566 1132 100000 3 25 29 34
590 100000 413 1 39
422 844 295 2 33 40
487 974 100000 1 38
340 680 238 1 39
387 100000 100000 2 3 38
586 1172 410 2 35 45
301 602 211 1 43
601 100000 100000 1 43
456 100000 100000 2 43 44
579 100000 405 2 34 44
540 100000 378 3 33 34 45
554 1108 388 1 46
571 100000 100000 1 43
620 100000 434 1 44
697 1394 100000 2 47 53
279 100000 100000 2 46 47
452 904 100000 2 37 49
382 764 267 1 54
616 100000 100000 1 55
690 100000 100000 3 38 39 49
706 100000 100000 4 27 46 49 51
711 1422 498 1 52
471 100000 100000 3 32 47 62
455 100000 100000 2 27 61
847 100000 100000 1 60
424 100000 100000 2 54 62
667 100000 100000 3 32 58 63
647 100000 100000 4 24 32 38 58
645 1290 100000 4 4 42 46 58
779 1558 100000 2 66 68
272 100000 190 2 66 70
473 946 331 4 26 55 67 68
535 1070 100000 2 56 70
590 1180 413 3 61 64 68
614 100000 100000 3 53 57 64
636 100000 100000 3 39 44 69
629 100000 440 2 52 66
580 100000 100000 3 50 53 70
314 100000 100000 3 32 46 65
541 100000 379 1 77
503 100000 352 1 75
486 972 340 3 56 75 79
683 1366 100000 2 71 73
494 988 346 3 26 34 81
418 100000 100000 2 74 82
392 784 100000 3 65 75 81
707 100000 495 2 69 83
513 100000 359 1 84
517 100000 362 2 80 82
363 100000 254 1 85
592 1184 414 1 89
338 100000 100000 1 88
437 874 100000 2 72 91
441 100000 100000 2 88 92
409 818 286 1 92
458 100000 321 1 93
496 100000 100000 1 91
317 100000 100000 6 26 67 76 80 81 93
