# Converted from 100_322.csv
100
414 100000 290 0
98 100000 100000 0
136 100000 100000 0
80 100000 100000 0
472 944 100000 0
32 64 100000 0
190 100000 133 0
569 100000 100000 0
498 996 100000 0
516 100000 100000 1 1
172 100000 120 1 8
134 100000 94 1 4
53 100000 37 1 1
156 312 109 1 2
462 100000 100000 1 6
67 134 100000 1 5
116 100000 100000 1 10
228 100000 100000 1 9
86 172 100000 1 13
316 632 221 1 15
206 412 100000 1 12
115 100000 100000 1 10
328 656 100000 1 18
295 100000 100000 1 17
205 410 144 1 18
228 456 100000 1 20
341 100000 239 1 17
476 952 100000 1 21
91 100000 64 1 17
44 100000 100000 1 18
251 100000 100000 1 17
435 870 100000 1 28
136 100000 95 1 26
316 100000 221 1 27
102 100000 71 1 24
209 418 100000 1 27
235 100000 100000 1 30
140 100000 98 1 22
214 100000 100000 1 37
64 128 45 2 35 37
334 100000 100000 1 35
121 242 100000 1 35
228 456 160 1 32
24 100000 100000 1 31
454 908 318 1 35
257 100000 100000 1 43
454 908 100000 2 38 40
312 624 100000 1 38
355 100000 248 1 39
209 418 100000 1 41
148 296 100000 1 39
148 100000 100000 2 30 41
197 100000 100000 2 12 44
47 100000 33 1 47
111 222 100000 2 46 50
509 100000 100000 1 49
460 920 322 1 50
99 100000 100000 1 49
506 100000 354 1 51
429 100000 300 2 1 47
282 100000 197 1 51
71 142 50 1 52
178 100000 100000 1 59
441 100000 100000 2 11 54
599 100000 100000 2 7 58
209 100000 100000 1 61
230 460 161 2 53 54
319 638 223 3 24 46 56
36 72 100000 1 59
163 100000 114 1 61
145 100000 100000 1 54
128 100000 100000 1 64
185 100000 100000 1 66
231 100000 100000 1 67
53 100000 100000 2 58 63
570 1140 399 1 64
244 100000 100000 1 64
486 972 100000 2 62 67
223 100000 156 2 43 62
269 100000 188 2 69 73
197 394 100000 2 15 73
74 100000 52 1 73
143 100000 100000 2 5 76
114 228 100000 1 72
93 186 65 1 74
403 806 282 1 74
130 100000 100000 2 32 72
54 100000 38 1 73
204 408 143 1 77
292 584 204 1 76
464 928 100000 2 63 71
170 100000 119 2 72 79
47 100000 33 1 79
121 100000 100000 1 89
69 138 100000 2 32 87
104 208 73 1 83
178 100000 100000 2 0 89
145 290 102 1 90
26 100000 100000 1 79
154 100000 100000 1 82
