# Converted from 100_461.csv
100
134 268 100000 0
318 100000 223 0
37 74 26 0
164 100000 100000 0
484 968 100000 0
587 100000 100000 5 0 1 2 3 4
126 252 88 5 0 1 2 3 4
289 100000 100000 2 5 6
217 100000 100000 2 5 6
450 100000 100000 2 7 8
560 100000 392 2 7 8
522 100000 365 2 7 8
289 100000 100000 2 7 8
156 100000 100000 4 9 10 11 12
64 128 100000 4 9 10 11 12
317 100000 100000 4 9 10 11 12
199 398 139 4 9 10 11 12
37 74 26 4 13 14 15 16
305 100000 214 4 13 14 15 16
158 100000 100000 4 13 14 15 16
134 100000 94 3 17 18 19
436 872 305 3 17 18 19
285 570 100000 3 17 18 19
108 216 100000 3 20 21 22
179 100000 100000 3 20 21 22
132 100000 92 3 20 21 22
352 100000 100000 3 20 21 22
253 100000 177 4 23 24 25 26
530 100000 100000 4 23 24 25 26
90 100000 100000 4 23 24 25 26
175 350 100000 4 23 24 25 26
215 100000 150 3 27 28 29
323 646 226 2 27 28
111 100000 78 3 27 28 29
288 100000 100000 2 27 28
46 100000 32 2 31 32
86 172 100000 1 33
138 100000 100000 1 33
114 100000 100000 4 34 35 36 37
522 100000 100000 1 37
103 100000 72 1 36
195 390 100000 2 38 40
284 100000 199 1 38
179 100000 100000 2 36 39
498 996 349 1 39
264 528 100000 2 32 43
142 100000 99 2 42 44
189 100000 100000 2 35 43
193 100000 100000 2 42 43
195 100000 100000 3 45 46 47
73 100000 51 3 30 46 47
257 100000 100000 3 48 49 50
228 100000 100000 2 49 50
273 100000 100000 2 49 50
119 238 100000 2 41 52
156 100000 100000 1 52
348 100000 100000 1 51
59 100000 100000 1 53
109 100000 100000 4 54 55 56 57
132 100000 92 2 48 57
55 110 100000 1 54
213 100000 149 1 59
493 100000 345 2 55 59
56 100000 39 1 60
100 200 100000 2 53 63
263 526 184 2 55 63
120 240 100000 2 62 63
192 100000 100000 1 62
50 100000 100000 2 64 66
417 100000 100000 2 65 66
161 322 100000 2 48 64
49 98 34 4 56 65 68 70
92 184 64 3 56 67 68
450 900 100000 4 58 67 68 70
125 250 88 3 71 72 73
301 100000 211 1 71
112 224 100000 2 67 75
154 308 100000 2 73 75
407 100000 100000 1 74
110 100000 77 2 74 75
88 176 62 1 79
31 100000 22 1 77
174 348 100000 1 77
576 100000 100000 3 61 77 79
498 996 349 2 61 78
63 126 100000 4 61 80 81 82
266 532 186 3 76 78 83
149 298 100000 3 74 76 82
300 100000 210 1 81
140 100000 98 2 86 87
182 364 100000 2 86 87
104 100000 73 3 74 82 88
179 358 100000 2 86 87
186 372 100000 1 89
77 154 100000 3 76 83 91
56 100000 39 3 85 86 91
284 100000 100000 1 95
438 876 100000 1 93
149 100000 100000 1 95
428 856 300 3 93 94 95
