# Converted from 100_222.csv
100
635 1270 100000 0
537 1074 376 0
375 100000 100000 0
545 1090 100000 0
594 1188 100000 0
516 100000 100000 1 1
465 930 326 1 2
393 100000 100000 1 0
607 1214 100000 1 1
509 1018 100000 1 3
457 914 100000 1 3
517 1034 362 1 1
588 100000 100000 1 5
697 100000 100000 1 6
416 100000 100000 1 8
447 100000 313 2 7 9
340 680 100000 1 9
646 100000 100000 1 8
538 100000 377 1 13
551 100000 386 1 15
421 100000 100000 1 16
496 100000 347 1 15
399 100000 100000 1 14
586 1172 100000 1 12
453 100000 100000 2 15 17
469 938 328 1 17
392 784 274 1 16
567 1134 397 1 17
664 100000 100000 1 15
386 100000 270 1 18
565 100000 396 1 19
459 100000 321 1 20
425 850 100000 1 21
363 726 100000 1 22
632 100000 442 1 27
534 100000 374 1 27
509 100000 100000 1 25
311 100000 218 1 25
636 1272 100000 1 26
423 100000 100000 1 29
643 100000 450 1 31
268 536 188 1 32
342 684 100000 1 34
571 100000 100000 1 35
357 100000 250 1 33
363 726 100000 2 30 36
445 100000 312 1 34
476 100000 333 1 38
579 100000 405 1 40
367 734 257 1 41
639 1278 100000 1 42
647 100000 100000 1 43
525 1050 368 1 44
463 100000 100000 1 45
567 100000 397 1 45
417 100000 100000 3 27 37 39
647 1294 100000 2 37 46
582 1164 407 1 46
384 100000 269 2 23 47
415 100000 100000 1 48
638 1276 447 1 51
356 712 100000 1 52
513 100000 359 1 53
696 1392 487 1 49
447 100000 313 1 54
545 1090 100000 1 50
469 100000 100000 1 58
443 100000 310 1 57
512 1024 358 1 56
455 100000 100000 1 55
340 100000 100000 1 63
403 100000 100000 3 59 61 62
442 100000 100000 3 34 55 60
532 1064 372 3 56 64 67
561 100000 100000 1 65
461 922 100000 1 68
559 1118 100000 2 46 69
223 100000 156 1 67
367 100000 100000 1 70
558 1116 100000 1 71
623 100000 100000 2 66 75
270 100000 100000 1 75
618 100000 100000 1 76
481 100000 100000 2 71 76
811 100000 568 1 76
498 100000 349 2 25 77
565 100000 100000 1 77
387 774 100000 1 73
579 100000 100000 1 78
499 100000 100000 1 80
388 100000 100000 1 79
579 100000 100000 3 58 76 85
398 796 279 1 82
524 1048 100000 2 16 84
282 100000 100000 1 89
554 1108 388 3 37 88 90
664 100000 100000 1 91
728 1456 510 1 91
444 888 100000 2 10 92
429 100000 100000 1 92
