# Converted from 100_405.csv
100
160 320 112 0
82 164 57 0
28 100000 100000 0
89 100000 100000 0
26 100000 100000 2 1 2
63 100000 44 3 0 1 2
175 100000 100000 2 2 3
147 100000 100000 1 2
112 224 100000 1 1
87 100000 100000 1 1
111 100000 100000 1 1
33 66 23 4 4 7 8 9
23 46 100000 2 4 10
189 100000 100000 4 3 4 5 8
135 100000 100000 2 4 7
130 260 100000 1 7
23 46 100000 2 1 6
230 100000 100000 2 1 6
148 100000 104 6 9 12 13 14 16 17
188 376 100000 3 13 14 17
57 114 100000 1 13
76 152 53 2 11 17
203 406 142 2 11 16
21 100000 100000 3 4 8 16
21 42 15 1 13
35 100000 24 3 19 23 24
171 100000 120 1 19
218 436 100000 2 15 24
140 100000 98 1 19
63 100000 100000 2 25 26
34 100000 24 4 15 21 24 28
53 100000 100000 1 25
240 100000 168 1 26
48 100000 100000 3 9 25 26
158 100000 111 2 17 27
122 244 100000 2 16 27
85 100000 59 1 25
26 100000 18 2 22 26
144 100000 101 2 29 37
70 100000 49 2 29 34
89 100000 100000 1 33
106 100000 100000 1 32
164 100000 100000 1 30
278 100000 195 2 16 30
112 100000 100000 2 26 36
105 100000 100000 1 29
108 100000 100000 2 44 45
195 390 100000 2 38 42
70 140 49 2 31 38
101 100000 100000 1 40
126 100000 100000 3 18 30 39
44 100000 31 1 50
124 100000 100000 2 38 49
240 100000 168 1 48
22 44 15 1 49
99 198 100000 5 12 36 39 48 49
114 228 80 3 32 44 47
144 288 100000 1 54
133 100000 100000 3 20 35 56
100 200 100000 2 36 51
220 100000 100000 2 27 54
82 164 100000 3 10 35 56
184 368 129 3 30 41 55
150 300 105 3 12 60 61
187 374 131 1 59
41 82 29 2 31 59
101 100000 100000 2 39 61
163 326 100000 1 62
238 476 100000 4 18 37 57 60
142 100000 99 2 62 64
160 100000 100000 1 64
313 100000 100000 2 62 68
150 300 105 3 61 64 65
125 250 100000 2 69 71
152 100000 100000 2 59 71
187 374 100000 1 71
81 162 57 2 64 71
80 160 56 1 72
340 100000 100000 2 42 75
251 100000 100000 2 53 73
129 100000 100000 2 20 73
25 50 18 2 42 75
241 100000 100000 1 77
163 100000 100000 1 77
154 100000 100000 3 66 69 76
103 100000 72 1 77
81 100000 100000 3 45 60 82
173 346 100000 1 84
232 464 100000 2 45 79
133 100000 93 3 73 82 85
179 100000 125 2 45 84
192 384 134 1 88
142 100000 100000 2 75 88
74 148 52 2 58 89
54 100000 100000 2 20 87
24 100000 17 2 53 86
75 150 100000 2 43 91
146 100000 100000 2 70 91
249 100000 174 3 53 70 93
205 410 100000 1 92
