# Converted from 100_255.csv
100
252 100000 176 0
38 100000 100000 0
131 262 92 0
149 298 100000 0
24 48 100000 0
140 100000 98 0
108 100000 76 0
50 100 100000 1 0
87 174 61 1 3
88 176 62 1 4
51 100000 100000 1 3
66 100000 46 1 1
109 218 76 1 2
188 376 100000 1 3
276 552 100000 1 4
54 100000 38 1 3
176 100000 100000 1 8
140 280 100000 1 9
161 322 113 1 10
102 100000 100000 1 13
166 100000 100000 3 6 7 15
23 100000 100000 3 11 14 15
193 386 135 1 12
65 100000 100000 1 16
179 358 100000 1 18
188 100000 132 3 19 20 21
159 318 111 2 17 21
123 100000 86 1 22
73 100000 100000 1 22
31 100000 22 1 22
46 92 100000 4 5 14 20 22
268 100000 188 1 24
195 390 100000 1 23
31 100000 22 1 25
133 100000 93 2 25 27
93 186 65 1 25
26 52 18 1 31
149 100000 100000 1 33
122 100000 85 1 32
72 100000 50 3 5 26 35
114 100000 100000 2 26 35
137 100000 100000 1 37
164 328 100000 1 38
53 106 100000 4 27 36 39 40
59 118 100000 1 40
272 100000 190 1 41
204 100000 100000 2 42 43
50 100000 100000 2 28 43
235 100000 164 2 27 44
301 602 100000 1 44
28 100000 100000 1 46
23 100000 100000 1 46
190 100000 100000 1 46
133 266 93 1 45
93 186 100000 1 46
77 100000 54 1 50
179 100000 100000 1 51
154 100000 100000 1 52
27 100000 100000 2 40 53
225 450 100000 1 54
160 320 100000 2 44 54
238 476 167 3 29 49 54
91 182 100000 1 54
167 100000 100000 2 44 54
81 100000 100000 1 56
145 100000 100000 1 55
152 100000 100000 4 34 57 59 63
158 316 111 2 60 62
128 100000 100000 2 61 62
22 100000 100000 1 65
149 100000 104 2 64 68
233 100000 163 2 34 67
239 478 100000 2 63 67
57 100000 40 2 63 70
176 352 123 3 30 61 71
235 470 100000 3 59 62 69
73 100000 100000 2 30 71
29 58 100000 4 58 66 70 71
124 248 100000 1 73
154 100000 108 1 74
73 146 100000 1 73
91 182 100000 3 47 48 77
201 402 141 3 58 68 75
25 100000 18 2 74 77
124 248 100000 2 68 74
76 100000 53 1 78
76 100000 100000 1 79
200 400 140 1 81
139 100000 100000 1 80
169 100000 100000 3 30 81 82
97 100000 100000 2 74 82
195 100000 100000 2 47 83
60 100000 100000 1 87
98 100000 100000 3 47 85 86
124 100000 100000 3 71 82 88
221 100000 100000 1 91
194 100000 136 4 48 76 82 91
184 100000 100000 3 30 92 94
99 100000 69 2 81 93
303 606 212 2 72 96
