# Converted from 100_220.csv
100
455 100000 100000 0
732 100000 100000 0
370 100000 259 0
559 100000 100000 0
544 100000 100000 0
728 100000 100000 0
515 1030 360 1 0
622 100000 100000 1 1
653 1306 457 1 3
567 100000 100000 1 2
503 1006 352 1 4
660 100000 462 1 4
533 100000 100000 1 5
612 100000 100000 1 6
356 100000 249 1 8
282 100000 100000 1 7
468 936 100000 1 9
519 100000 363 1 11
467 100000 100000 1 12
570 1140 399 1 10
461 100000 100000 1 14
288 100000 100000 1 16
372 744 260 1 15
373 100000 100000 2 16 17
262 100000 100000 1 13
345 100000 241 1 17
536 100000 100000 1 23
233 466 163 1 23
678 1356 100000 1 20
557 100000 390 1 21
708 1416 100000 1 22
531 1062 100000 1 23
493 100000 100000 1 24
224 100000 100000 2 24 25
492 100000 100000 1 25
421 100000 295 1 26
474 100000 100000 1 27
372 744 260 1 28
525 100000 100000 1 29
605 1210 100000 1 31
378 756 100000 1 30
473 946 100000 1 33
539 100000 377 1 34
463 926 100000 1 33
687 100000 100000 1 33
585 100000 410 1 35
561 100000 100000 1 37
443 100000 100000 1 38
579 100000 405 1 39
472 100000 100000 1 40
709 1418 100000 1 40
426 100000 298 1 36
482 964 100000 1 42
504 1008 100000 1 40
397 100000 278 1 41
497 994 100000 1 41
329 658 230 1 44
452 904 100000 1 43
553 100000 387 1 52
411 100000 288 1 46
374 748 100000 1 53
630 100000 441 1 47
628 1256 440 1 48
362 100000 253 1 49
436 872 305 1 50
657 1314 100000 1 45
363 726 100000 2 12 56
295 590 100000 1 57
765 100000 100000 1 56
584 100000 409 1 58
386 100000 100000 1 60
422 100000 295 1 66
483 966 100000 4 32 59 63 64
363 726 254 1 61
294 100000 100000 1 62
414 828 100000 1 65
641 100000 449 1 65
370 100000 100000 1 66
634 100000 100000 1 71
543 1086 380 2 23 69
569 100000 398 1 70
562 1124 100000 3 34 72 75
826 1652 100000 2 72 74
505 1010 354 1 77
576 1152 100000 1 75
434 100000 100000 1 78
413 100000 100000 1 81
774 1548 542 1 83
566 100000 100000 1 81
584 100000 409 1 84
370 740 259 1 84
352 100000 246 2 43 80
389 778 100000 1 82
503 100000 352 1 85
545 1090 382 1 86
444 100000 100000 2 55 90
503 1006 100000 2 81 89
743 100000 100000 1 90
424 100000 100000 1 90
536 100000 375 1 87
