# Converted from 100_54.csv
100
362 724 253 0
467 100000 327 0
577 100000 100000 0
331 662 100000 0
442 884 100000 0
530 100000 371 0
551 100000 100000 1 1
293 586 205 1 2
468 100000 100000 1 1
415 830 100000 1 1
400 800 280 1 5
396 792 100000 1 5
519 1038 100000 1 1
466 100000 100000 1 5
223 100000 156 1 4
698 100000 100000 1 3
466 932 100000 2 3 5
252 100000 176 1 13
468 100000 100000 1 6
481 100000 100000 1 7
748 100000 100000 1 8
704 100000 100000 1 9
213 100000 149 1 14
299 100000 100000 1 10
575 1150 100000 1 14
262 100000 100000 1 18
496 992 100000 1 19
504 100000 100000 1 20
420 840 294 1 21
478 956 335 1 22
414 828 290 1 24
527 100000 100000 1 23
661 1322 100000 1 22
517 100000 362 1 27
383 100000 268 1 25
476 952 333 1 28
465 100000 100000 1 30
607 100000 100000 1 29
710 1420 497 1 32
682 100000 477 1 35
555 100000 100000 1 34
552 1104 386 1 37
442 884 309 1 35
547 1094 383 1 35
666 1332 100000 1 35
624 100000 100000 1 35
341 100000 100000 2 2 36
441 100000 100000 2 23 40
472 944 100000 2 11 41
452 904 316 1 45
308 616 100000 1 44
443 100000 310 1 42
478 956 100000 1 41
512 100000 358 1 39
443 100000 100000 1 41
284 100000 199 4 10 11 43 46
560 100000 100000 1 43
362 724 253 2 12 45
479 958 335 4 17 47 48 49
573 100000 401 5 0 33 38 50 51
494 100000 346 1 52
407 100000 100000 1 53
359 718 100000 1 56
489 978 342 1 54
357 714 100000 2 36 56
646 100000 100000 3 11 54 56
414 100000 100000 1 58
441 100000 100000 1 58
512 100000 100000 1 58
431 862 100000 1 58
647 100000 453 1 59
540 100000 378 1 59
759 100000 531 1 59
359 718 100000 1 59
606 100000 100000 1 60
580 100000 406 1 62
587 1174 100000 1 61
560 1120 100000 1 65
542 100000 100000 1 63
528 100000 100000 1 75
511 100000 358 1 74
601 1202 421 2 23 76
620 1240 100000 2 56 66
407 100000 285 1 73
466 100000 100000 1 79
802 100000 561 1 80
510 100000 100000 1 83
381 100000 267 2 62 81
372 100000 100000 1 82
447 894 100000 2 59 81
582 100000 100000 1 83
479 100000 100000 2 37 81
430 100000 100000 5 31 32 36 81 82
549 1098 100000 1 81
408 100000 100000 1 83
468 100000 328 3 67 84 85
437 874 306 1 93
498 996 349 1 86
609 100000 100000 1 90
371 100000 100000 2 43 91
