# Converted from 100_434.csv
100
296 592 207 0
630 100000 100000 0
556 100000 100000 0
723 1446 506 0
462 100000 100000 0
482 964 100000 0
592 100000 100000 0
510 100000 357 4 2 4 5 6
304 100000 213 1 0
553 1106 387 2 1 5
404 100000 283 1 6
372 744 100000 1 4
484 100000 100000 3 0 10 11
261 522 100000 1 8
637 100000 446 2 12 13
565 100000 100000 1 13
482 964 100000 1 13
460 920 100000 1 13
346 100000 242 2 1 13
667 100000 467 1 13
605 100000 424 2 4 13
438 100000 307 2 1 12
744 100000 100000 1 13
350 100000 100000 4 16 17 18 20
432 100000 302 2 15 17
620 1240 434 2 9 15
494 100000 100000 3 2 18 19
240 480 100000 2 14 19
601 1202 421 1 19
438 100000 100000 2 11 16
196 100000 100000 5 1 6 11 24 28
378 100000 100000 4 6 24 28 29
481 100000 337 4 17 20 27 28
575 100000 402 3 21 23 26
433 866 303 6 6 9 11 20 22 24
452 100000 100000 3 21 31 32
456 100000 100000 2 32 33
400 100000 280 2 31 34
350 100000 100000 4 9 30 31 33
504 1008 353 3 9 24 32
684 100000 100000 1 32
385 100000 270 3 9 22 33
435 100000 100000 2 23 32
439 100000 100000 2 35 36
435 100000 100000 2 35 37
437 100000 100000 2 9 42
569 100000 100000 1 37
585 100000 410 2 22 42
446 100000 100000 1 47
389 778 272 2 43 45
523 1046 100000 2 12 46
555 1110 388 2 36 44
676 1352 473 1 46
498 100000 100000 2 31 45
671 100000 470 2 21 46
417 100000 100000 2 38 51
528 1056 370 2 45 50
712 100000 100000 1 54
433 100000 303 1 50
447 100000 313 2 23 54
585 100000 100000 3 30 35 52
575 1150 402 2 41 54
756 1512 100000 2 45 52
730 100000 511 2 37 49
759 1518 100000 3 46 53 63
364 728 100000 4 23 27 50 57
472 944 100000 3 52 55 56
505 1010 100000 1 62
437 874 100000 2 56 67
813 100000 569 2 58 66
470 940 100000 2 60 64
580 1160 100000 3 36 45 65
556 100000 100000 2 66 67
488 976 342 2 3 66
441 100000 309 1 68
573 1146 100000 2 69 71
647 100000 100000 3 55 61 68
646 1292 100000 1 72
466 100000 326 2 25 69
520 1040 100000 4 38 50 51 70
586 1172 410 2 73 75
414 100000 290 2 48 79
572 100000 100000 3 75 76 79
427 100000 299 2 68 78
469 938 100000 2 78 80
421 842 100000 1 82
134 268 94 2 53 83
324 100000 100000 3 62 70 80
537 100000 100000 2 67 81
368 736 100000 1 82
623 1246 100000 3 64 75 83
733 1466 100000 2 72 80
559 100000 100000 4 3 39 77 89
631 1262 100000 2 74 85
424 100000 100000 3 85 86 90
619 100000 433 2 59 92
494 100000 100000 1 92
418 100000 100000 2 92 93
688 100000 482 1 92
527 1054 100000 1 94
