# Converted from 100_351.csv
100
521 1042 100000 0
543 100000 100000 0
609 100000 426 0
500 100000 100000 0
546 1092 100000 1 1
649 100000 100000 1 1
478 100000 100000 1 0
626 1252 438 1 2
280 100000 100000 1 1
451 902 100000 1 2
409 818 100000 1 4
426 852 100000 1 8
477 954 334 1 9
506 1012 100000 1 8
546 1092 100000 1 8
562 1124 393 2 8 9
642 1284 100000 1 12
334 668 100000 2 9 13
398 796 100000 2 2 13
612 100000 100000 1 12
585 1170 410 1 19
367 100000 257 2 16 17
657 100000 460 1 19
522 100000 365 1 19
513 1026 359 1 19
616 100000 100000 1 16
555 100000 388 1 17
442 100000 100000 2 4 16
695 100000 486 1 17
650 1300 100000 1 28
379 100000 265 2 18 24
473 100000 331 2 10 21
624 1248 437 1 28
559 100000 391 1 27
527 100000 100000 1 25
564 100000 100000 1 21
426 100000 298 1 28
598 100000 419 1 21
531 1062 100000 1 23
746 1492 522 1 20
598 100000 100000 1 35
796 100000 100000 1 29
459 918 100000 1 39
485 970 340 1 36
561 100000 100000 1 34
329 100000 100000 1 35
485 100000 100000 1 34
214 100000 150 1 33
419 100000 293 1 41
604 1208 423 1 45
383 100000 268 2 7 42
375 750 100000 1 44
531 1062 100000 2 25 41
562 100000 393 2 19 40
544 100000 100000 1 46
587 1174 100000 1 54
595 100000 100000 2 6 54
450 100000 100000 1 52
516 100000 361 1 52
645 100000 451 2 29 50
644 100000 100000 1 48
361 100000 100000 2 30 50
537 1074 376 1 48
250 500 100000 3 20 40 49
408 100000 286 1 50
340 680 100000 1 52
587 1174 100000 1 51
581 100000 100000 1 65
748 100000 100000 1 61
476 100000 100000 2 10 57
578 100000 405 3 32 53 58
704 100000 100000 1 59
502 100000 100000 1 66
356 712 100000 1 64
719 100000 503 2 26 62
423 846 296 1 66
597 1194 418 3 5 44 69
760 100000 532 1 73
626 1252 100000 2 40 73
541 100000 100000 1 67
326 100000 228 2 69 75
628 100000 100000 2 3 75
468 100000 100000 1 70
406 100000 284 1 71
468 936 100000 1 69
560 100000 100000 2 15 72
512 1024 358 2 46 74
493 100000 100000 3 22 68 71
427 100000 100000 1 67
683 100000 478 1 81
540 1080 378 1 84
551 100000 100000 1 84
375 100000 100000 2 51 88
359 100000 100000 1 81
538 1076 100000 1 83
243 486 170 1 79
423 100000 100000 1 82
417 100000 292 3 51 78 79
490 980 100000 1 81
485 970 100000 3 14 63 84
