# Converted from 100_123.csv
100
75 100000 100000 0
192 100000 134 0
198 396 100000 0
62 100000 43 0
43 100000 100000 0
156 100000 100000 0
97 100000 100000 0
75 100000 100000 1 4
194 100000 100000 1 6
334 668 234 1 4
61 122 100000 3 5 7 9
110 220 77 1 9
197 394 100000 1 8
230 460 100000 1 8
161 100000 113 1 7
134 100000 100000 1 8
41 100000 29 1 9
55 100000 100000 6 10 11 12 13 15 16
27 100000 100000 1 15
192 100000 100000 1 15
205 100000 100000 1 16
168 336 100000 1 17
84 168 59 1 17
118 100000 83 1 17
210 420 147 1 17
264 528 185 1 17
119 238 83 1 17
50 100000 100000 1 17
214 428 150 1 20
88 176 100000 4 21 22 24 25
172 100000 100000 2 21 25
109 218 100000 3 24 25 28
70 140 49 2 23 25
147 294 100000 2 31 32
71 100000 100000 2 31 32
272 100000 100000 2 27 31
285 100000 100000 1 31
131 100000 100000 3 22 24 32
244 100000 171 1 32
72 144 50 2 23 31
66 100000 100000 1 32
76 100000 100000 1 39
35 100000 100000 6 3 14 19 29 30 38
94 188 100000 3 20 22 40
108 216 76 1 40
250 100000 100000 2 27 39
125 250 88 2 21 39
129 258 100000 3 19 43 44
243 486 100000 1 42
202 100000 100000 1 42
118 236 100000 1 42
216 100000 151 1 42
126 252 100000 1 42
135 100000 100000 2 42 45
110 100000 77 1 52
180 100000 126 2 20 52
140 100000 100000 3 45 50 51
298 100000 100000 3 20 27 50
109 100000 100000 1 57
42 100000 100000 2 40 57
34 68 24 2 49 57
127 100000 100000 4 43 44 48 57
240 100000 168 1 61
234 468 164 7 2 36 37 41 54 58 59
43 100000 100000 2 46 61
118 100000 100000 2 31 60
64 100000 45 1 63
125 250 100000 1 63
150 100000 100000 1 63
45 100000 31 1 63
223 446 156 1 63
155 310 108 1 63
219 438 153 1 63
195 390 100000 4 18 55 56 64
217 434 152 2 48 65
166 100000 116 3 48 51 66
98 100000 69 1 73
79 158 55 1 73
180 100000 100000 1 73
276 100000 100000 1 73
77 154 100000 1 73
92 100000 100000 1 73
58 100000 100000 5 43 44 48 70 71
287 574 100000 2 67 77
139 278 97 2 80 82
94 100000 100000 4 65 70 78 79
200 100000 100000 4 53 76 78 82
208 100000 100000 11 0 1 26 33 34 35 47 62 75 82 83
45 100000 31 2 74 85
152 100000 100000 1 86
31 62 22 1 87
154 100000 100000 1 87
234 100000 164 1 87
67 134 100000 1 87
181 100000 127 1 87
242 100000 169 1 87
205 410 100000 1 87
23 46 100000 1 87
129 100000 90 1 87
60 100000 42 1 87
