# Converted from 100_88.csv
100
86 172 60 0
90 100000 63 0
211 422 100000 0
212 100000 148 0
149 100000 104 0
175 350 100000 0
194 100000 136 1 4
108 216 100000 1 4
228 100000 160 1 5
62 100000 100000 1 5
137 274 96 1 4
90 100000 63 1 10
59 100000 100000 1 10
338 676 237 1 10
142 284 100000 1 10
218 436 100000 1 10
181 100000 100000 1 10
590 100000 100000 1 10
291 582 100000 1 10
182 100000 127 1 10
174 100000 100000 1 19
110 220 100000 6 0 1 2 12 13 14
502 100000 351 1 19
231 100000 100000 1 19
204 100000 100000 1 19
163 100000 100000 1 19
555 100000 100000 3 21 24 25
369 100000 100000 1 21
561 100000 100000 1 21
390 100000 100000 1 21
153 306 107 1 21
68 100000 100000 3 5 21 25
192 100000 100000 2 21 24
503 1006 100000 1 24
376 752 100000 3 28 30 33
286 100000 100000 2 30 33
174 348 122 3 28 29 33
125 100000 88 3 24 27 30
185 100000 100000 2 27 32
454 100000 100000 10 7 8 15 16 17 23 31 34 35 38
455 100000 100000 1 38
152 100000 106 1 37
52 100000 100000 1 37
129 100000 100000 1 42
131 100000 92 1 39
506 100000 100000 1 39
70 140 49 1 39
421 842 295 1 39
64 100000 45 1 39
62 100000 100000 1 39
367 100000 100000 1 39
60 120 100000 1 39
63 100000 44 2 38 42
227 100000 100000 4 33 38 41 42
420 100000 294 6 44 45 46 48 51 52
288 100000 100000 1 48
213 426 149 3 44 46 52
192 100000 134 2 44 45
47 100000 100000 2 47 57
101 202 100000 4 37 47 50 57
189 378 132 3 47 51 57
102 204 100000 7 9 18 36 40 55 56 57
291 582 100000 2 29 57
444 100000 311 4 29 41 47 57
271 100000 100000 8 11 20 26 29 52 58 59 60
313 626 100000 1 61
248 496 100000 1 61
133 100000 100000 1 61
414 100000 100000 1 61
46 92 100000 1 61
232 100000 162 3 52 53 63
204 408 143 3 46 53 63
99 100000 100000 1 64
178 356 125 1 64
470 100000 329 1 64
205 100000 144 1 64
221 100000 155 1 64
354 708 248 1 64
162 324 100000 3 51 70 71
158 100000 111 5 46 53 72 73 74
161 322 100000 4 46 53 73 77
83 100000 100000 5 67 68 69 74 80
134 268 94 2 72 80
477 100000 100000 2 72 80
145 100000 102 4 69 71 82 83
68 100000 48 2 78 83
305 610 100000 5 62 67 76 78 83
227 454 100000 5 49 62 69 75 82
299 100000 100000 2 62 83
241 100000 169 9 3 6 22 43 54 70 79 81 84
139 278 97 3 74 85 88
414 828 100000 5 65 68 69 85 88
286 572 100000 1 89
143 286 100 1 89
514 1028 100000 1 89
173 100000 100000 1 89
153 306 107 3 48 76 90
360 720 100000 3 66 76 90
46 100000 100000 2 68 90
223 100000 100000 1 90
