# Converted from 100_152.csv
100
66 100000 46 0
57 114 40 0
183 366 128 0
278 556 100000 0
181 100000 100000 0
328 656 230 0
524 100000 367 0
323 100000 100000 0
53 106 37 0
116 232 100000 0
65 100000 46 1 2
471 942 100000 1 3
65 100000 100000 1 4
33 66 23 1 0
104 100000 73 1 2
151 100000 106 1 1
286 572 200 2 6 8
281 562 197 2 3 8
99 100000 69 1 8
192 384 100000 1 9
91 100000 100000 1 5
509 100000 100000 1 7
127 100000 100000 1 10
47 94 100000 1 11
60 120 42 1 12
459 100000 321 1 14
137 274 100000 1 13
243 486 100000 1 15
232 100000 100000 2 18 19
30 100000 21 3 17 18 21
110 100000 77 2 9 17
58 100000 41 1 21
194 388 100000 1 22
453 906 100000 1 24
372 100000 100000 1 26
55 110 100000 1 27
132 264 100000 4 23 25 28 29
92 100000 64 1 28
220 440 154 1 31
138 276 97 2 2 28
65 100000 100000 1 29
200 100000 100000 1 31
520 100000 364 1 32
27 100000 19 1 37
66 100000 100000 1 35
162 100000 113 2 33 38
472 944 330 2 6 41
111 100000 100000 2 34 37
229 100000 100000 2 28 40
219 100000 100000 1 37
20 100000 14 2 5 41
285 100000 100000 1 36
346 100000 242 1 44
147 100000 100000 1 44
463 926 324 1 42
143 100000 100000 1 46
259 100000 100000 1 43
194 388 100000 1 49
625 100000 438 1 46
379 100000 265 1 46
462 924 323 1 52
267 534 100000 1 53
156 100000 100000 1 55
316 632 100000 1 54
75 100000 100000 1 56
223 100000 100000 1 58
141 282 100000 1 63
381 100000 100000 1 60
230 460 100000 3 31 37 61
293 586 205 2 29 62
259 518 100000 3 59 64 65
286 100000 100000 1 68
244 488 100000 1 68
282 564 197 1 66
184 100000 100000 1 68
160 100000 100000 1 67
106 100000 100000 2 65 69
90 100000 100000 2 45 70
465 100000 100000 1 68
359 718 100000 1 76
85 100000 59 1 77
57 114 100000 1 71
419 100000 100000 1 72
77 100000 100000 1 74
261 100000 100000 3 47 73 75
47 100000 100000 4 5 46 51 78
100 200 100000 1 78
165 330 100000 3 16 64 76
161 100000 100000 1 79
212 100000 148 1 80
290 580 203 1 82
258 100000 100000 1 81
38 76 100000 3 2 65 83
463 100000 324 1 86
227 100000 159 2 45 86
22 100000 100000 2 16 85
499 998 349 3 88 89 90
37 100000 100000 2 20 92
511 100000 358 3 30 40 92
47 100000 100000 2 92 94
