# Converted from 100_369.csv
100
291 582 204 0
344 100000 100000 0
434 868 304 0
454 908 318 0
377 754 100000 0
422 100000 295 0
355 710 248 0
429 100000 100000 0
301 100000 211 1 4
565 1130 100000 1 0
420 100000 100000 1 4
438 100000 307 1 3
510 100000 357 1 1
494 100000 346 1 4
414 100000 100000 1 7
351 100000 246 1 0
700 100000 490 1 10
517 100000 362 1 15
436 872 305 1 13
299 100000 209 1 13
646 1292 100000 1 10
358 100000 251 2 6 14
574 1148 402 1 17
621 100000 100000 1 16
362 100000 100000 1 21
652 1304 100000 1 18
569 100000 398 1 17
614 100000 100000 3 1 22 25
413 100000 289 1 22
413 826 289 1 22
466 100000 100000 1 25
276 100000 100000 1 22
525 1050 100000 1 26
526 1052 100000 1 23
401 100000 281 1 26
558 100000 391 2 12 24
565 100000 396 1 22
539 100000 100000 1 29
494 100000 346 1 28
566 1132 100000 1 35
409 100000 286 1 30
517 1034 100000 1 35
457 100000 100000 1 33
273 100000 100000 1 29
457 100000 100000 1 34
617 1234 432 1 37
510 1020 357 1 41
348 696 100000 2 23 39
362 724 100000 4 1 10 34 40
643 1286 100000 1 44
505 1010 100000 3 19 42 44
542 1084 100000 1 38
826 100000 578 2 24 38
475 100000 100000 2 19 52
793 100000 100000 2 16 49
487 974 100000 1 46
524 1048 100000 1 48
404 808 283 1 49
549 100000 100000 1 47
401 802 100000 2 45 52
507 100000 100000 3 5 35 48
459 100000 100000 3 2 35 49
455 910 318 1 51
519 1038 363 1 46
543 100000 100000 1 55
533 100000 373 1 58
537 100000 100000 2 5 59
547 1094 100000 1 59
487 100000 100000 2 43 63
498 100000 100000 1 57
462 924 100000 1 54
245 100000 100000 1 55
555 100000 388 1 68
787 100000 100000 2 61 69
390 780 100000 2 54 68
364 100000 255 1 66
489 100000 100000 1 64
517 100000 100000 2 30 71
544 100000 100000 2 4 67
516 100000 361 2 34 67
383 766 268 1 70
613 1226 100000 1 69
539 1078 377 1 70
351 100000 100000 1 70
403 806 282 1 82
250 500 100000 2 31 78
530 100000 100000 2 28 82
392 100000 274 1 77
557 100000 100000 1 75
369 100000 100000 2 0 76
616 100000 100000 2 30 75
449 100000 100000 2 43 81
414 100000 100000 1 90
444 888 100000 2 74 91
648 1296 100000 2 27 84
606 100000 100000 1 88
558 1116 100000 2 64 90
529 100000 370 2 33 88
429 100000 300 1 89
507 1014 100000 1 88
