# Converted from 100_252.csv
100
88 176 100000 0
31 100000 100000 0
203 406 142 0
39 100000 100000 0
25 100000 100000 0
196 100000 137 0
112 100000 100000 1 0
166 100000 100000 1 1
58 116 41 2 3 4
125 100000 100000 2 3 4
100 200 100000 1 6
189 378 100000 1 8
27 100000 19 1 9
135 100000 100000 2 3 7
172 100000 120 2 8 9
193 100000 135 1 9
93 186 100000 1 9
84 100000 100000 1 12
98 100000 69 1 11
30 100000 21 1 12
198 396 100000 1 14
206 412 100000 3 10 14 16
101 100000 100000 2 12 16
256 512 100000 2 12 15
135 100000 100000 1 17
157 100000 100000 1 22
75 100000 52 1 19
121 100000 85 1 23
185 100000 100000 1 20
71 142 100000 3 14 18 22
154 308 108 3 5 13 23
181 100000 127 1 22
84 168 59 2 21 23
294 100000 100000 1 25
199 398 100000 1 26
88 176 62 1 27
104 208 100000 1 29
75 100000 52 1 28
106 212 100000 5 2 24 29 30 32
183 366 100000 1 33
173 100000 100000 1 34
140 280 98 1 35
144 100000 100000 1 36
172 100000 100000 2 37 38
53 100000 37 1 38
309 100000 100000 1 43
92 184 100000 1 39
65 100000 100000 4 40 42 43 44
188 376 100000 2 41 43
128 256 100000 1 44
22 100000 15 1 45
48 100000 34 1 46
70 100000 100000 1 47
148 100000 104 3 47 48 49
344 688 241 2 48 49
123 100000 100000 1 50
305 610 100000 1 51
68 100000 48 1 52
210 420 147 1 54
151 100000 100000 2 53 54
42 100000 29 2 53 54
291 100000 204 2 31 53
32 100000 100000 1 54
151 302 106 1 57
208 416 146 5 31 47 54 55 56
181 362 100000 2 31 62
260 100000 100000 2 31 62
29 58 20 1 65
203 406 100000 1 63
63 126 44 3 53 62 64
39 100000 100000 4 59 60 64 66
45 100000 31 2 53 65
211 100000 100000 1 68
156 100000 109 1 67
200 400 140 1 69
53 100000 100000 1 69
193 100000 100000 1 72
200 400 100000 1 74
221 442 100000 1 73
162 100000 100000 4 58 65 70 74
268 100000 100000 2 59 74
187 100000 131 1 76
54 108 38 1 77
216 100000 151 1 78
97 100000 68 2 79 80
62 124 43 3 75 78 80
36 100000 100000 1 81
203 406 100000 1 84
119 100000 100000 1 82
224 100000 100000 1 83
95 190 100000 2 60 85
97 100000 68 2 78 84
166 100000 100000 3 60 71 85
176 352 123 1 86
191 100000 100000 1 87
134 100000 100000 1 89
130 260 100000 2 65 88
151 302 100000 1 92
56 100000 39 1 92
28 100000 100000 2 71 90
