# Converted from 100_442.csv
100
485 970 100000 0
398 796 100000 0
457 100000 100000 0
154 100000 100000 0
409 818 286 0
400 100000 100000 0
625 100000 438 0
565 100000 396 0
452 100000 316 3 4 6 7
447 894 100000 2 1 7
548 1096 384 2 1 7
293 100000 100000 2 8 10
391 100000 100000 1 8
467 934 100000 3 2 8 10
437 874 100000 1 8
681 100000 477 1 8
554 100000 388 2 0 13
372 744 100000 1 14
389 100000 272 1 13
538 1076 377 2 14 15
555 100000 100000 1 15
571 1142 100000 1 14
499 100000 100000 3 0 13 14
490 980 343 1 22
410 100000 287 1 18
313 626 100000 2 15 17
575 100000 100000 3 19 20 21
344 100000 241 3 15 21 22
436 100000 100000 1 21
469 100000 328 1 18
545 1090 382 1 16
555 100000 388 2 26 30
562 100000 393 1 25
670 1340 100000 2 25 30
303 100000 100000 1 24
414 100000 290 2 0 32
375 100000 100000 2 25 31
504 100000 353 3 9 28 34
251 100000 100000 1 31
346 692 100000 2 23 33
408 816 286 1 33
153 100000 100000 1 32
594 1188 416 2 37 39
393 100000 100000 1 38
379 758 100000 2 35 40
429 100000 100000 3 33 35 41
463 926 324 2 28 38
438 876 100000 2 44 46
860 1720 100000 5 11 22 34 40 46
495 990 100000 2 31 44
421 100000 100000 2 43 46
573 1146 401 2 38 49
490 100000 100000 2 27 50
448 896 314 3 9 36 47
342 100000 100000 2 47 49
401 100000 100000 1 48
480 960 336 4 3 42 52 55
604 1208 423 2 52 55
577 100000 100000 3 18 52 54
391 782 274 3 22 45 51
536 100000 100000 1 56
574 100000 100000 2 36 58
447 894 313 2 12 56
574 1148 100000 2 53 57
365 100000 255 2 41 56
624 100000 100000 1 58
418 100000 293 2 52 59
398 100000 279 3 3 58 59
545 100000 382 2 51 62
630 100000 100000 2 29 67
316 100000 100000 3 36 47 64
566 1132 100000 3 53 57 60
537 1074 100000 2 63 67
552 100000 386 2 3 61
483 100000 100000 1 68
509 100000 100000 3 24 65 69
539 100000 377 2 62 72
633 100000 100000 2 57 69
570 1140 100000 1 72
604 100000 100000 2 24 69
472 944 100000 1 71
489 100000 100000 1 74
393 100000 275 2 55 75
432 864 302 2 70 78
651 1302 100000 1 77
396 100000 100000 2 34 75
520 1040 100000 2 54 80
314 628 100000 3 66 73 78
495 990 100000 2 73 74
459 100000 100000 2 80 87
539 100000 100000 2 39 84
559 100000 391 2 84 88
561 100000 100000 2 66 81
301 100000 211 2 86 92
462 924 100000 1 89
477 100000 334 2 36 92
580 100000 406 2 89 91
550 1100 100000 1 91
478 100000 335 1 90
574 100000 100000 1 90
