# Converted from 100_325.csv
100
543 100000 380 0
127 100000 100000 0
326 100000 228 0
234 100000 100000 0
496 992 347 0
528 1056 100000 0
465 930 326 1 2
126 100000 100000 2 1 2
246 100000 172 1 3
489 100000 342 1 0
212 100000 100000 1 0
66 132 100000 1 6
221 442 100000 1 9
328 100000 230 1 7
67 100000 47 1 7
52 100000 100000 1 7
101 202 100000 1 10
214 100000 150 1 7
202 404 100000 1 10
86 172 60 1 6
334 100000 100000 1 6
293 586 205 1 8
498 100000 100000 1 10
195 100000 100000 1 10
291 100000 100000 1 17
141 282 99 1 19
137 100000 100000 1 16
66 100000 100000 1 17
325 100000 227 1 17
51 102 100000 1 20
324 648 227 2 6 14
162 324 100000 1 24
493 986 100000 1 30
188 376 132 1 26
162 324 113 1 28
146 100000 100000 1 30
31 62 100000 1 24
307 100000 100000 2 17 33
50 100000 100000 1 36
91 182 64 1 36
442 884 100000 1 34
119 100000 100000 1 31
218 436 153 2 23 36
537 100000 100000 1 36
206 412 100000 1 32
170 100000 119 1 33
153 306 107 2 23 31
550 100000 385 1 34
243 486 100000 2 11 38
289 578 100000 3 6 41 45
366 100000 100000 1 44
100 100000 70 1 43
282 100000 100000 1 37
360 100000 252 1 40
331 100000 100000 1 45
551 100000 100000 3 19 43 45
166 100000 116 1 38
196 392 100000 1 46
141 100000 100000 3 9 31 52
81 100000 100000 2 5 51
209 418 146 2 41 53
523 100000 100000 1 49
37 100000 26 1 51
366 100000 100000 1 56
141 282 99 1 55
472 100000 330 1 48
165 100000 100000 1 57
62 100000 43 2 20 63
492 984 100000 1 62
188 100000 100000 1 60
171 100000 100000 1 64
82 100000 57 2 40 63
474 100000 100000 1 62
24 100000 100000 1 60
364 100000 255 1 58
482 100000 100000 2 38 58
520 100000 100000 1 70
183 100000 128 2 47 70
89 178 62 2 8 73
163 326 100000 2 0 68
232 100000 100000 1 71
68 136 48 3 54 61 67
469 100000 100000 2 68 72
170 340 119 2 51 70
78 156 100000 2 44 68
150 300 100000 1 81
172 344 120 1 82
431 100000 100000 3 27 78 81
169 338 100000 2 19 81
98 196 69 2 19 78
97 100000 100000 2 3 76
198 396 100000 1 78
63 100000 44 1 81
537 1074 376 1 79
150 100000 100000 1 89
437 100000 100000 1 85
36 100000 100000 1 92
468 936 328 1 87
115 100000 100000 3 64 84 87
535 100000 100000 2 64 85
