# Converted from 100_229.csv
100
281 100000 197 0
209 100000 100000 0
448 896 100000 1 0
242 484 100000 1 1
41 100000 29 1 1
226 452 100000 1 1
201 100000 100000 1 1
88 176 100000 1 1
255 100000 178 1 1
164 100000 100000 1 5
390 780 100000 1 2
110 100000 77 1 6
139 100000 100000 1 3
268 100000 188 1 5
288 100000 100000 1 4
209 100000 146 3 5 6 8
130 100000 100000 2 5 8
518 1036 100000 3 5 6 8
519 1038 363 1 9
157 100000 100000 1 10
619 1238 100000 1 11
273 100000 191 1 15
192 384 100000 1 12
99 198 100000 1 13
230 100000 100000 1 15
154 100000 108 1 14
176 100000 123 3 15 16 17
84 168 100000 1 26
85 100000 100000 1 20
281 562 100000 1 21
300 600 100000 1 23
35 100000 100000 1 24
128 100000 100000 4 18 22 25 26
51 100000 36 2 19 26
388 100000 100000 1 26
365 730 255 1 26
264 100000 100000 1 28
273 546 100000 1 27
358 716 251 1 29
102 100000 100000 1 34
337 100000 236 5 30 32 33 34 35
33 100000 100000 5 31 32 33 34 35
263 526 184 4 32 33 34 35
65 100000 46 1 36
45 90 100000 1 38
541 1082 100000 1 39
408 816 286 1 40
296 592 100000 1 40
459 100000 100000 3 37 40 42
49 98 100000 2 40 42
131 100000 92 4 7 40 41 42
240 480 100000 1 43
382 100000 100000 1 46
266 100000 100000 1 47
248 100000 100000 2 44 48
286 100000 200 3 41 45 48
127 254 89 2 41 49
467 934 100000 1 50
128 100000 90 1 51
117 100000 100000 1 53
514 100000 100000 4 7 52 54 55
203 100000 142 3 54 55 57
101 100000 100000 3 50 54 55
30 100000 21 3 54 55 57
90 100000 63 1 58
135 100000 100000 2 59 63
238 476 100000 1 60
305 100000 100000 1 60
185 100000 100000 1 61
324 100000 100000 1 64
164 100000 115 2 62 65
226 100000 100000 3 62 65 68
39 100000 27 2 62 66
523 100000 100000 4 62 65 66 68
556 100000 389 1 70
327 100000 229 1 69
324 648 227 3 70 71 73
221 442 100000 2 68 72
135 270 100000 3 70 71 72
224 100000 157 4 49 70 71 72
491 100000 100000 2 70 73
221 100000 155 1 74
95 190 66 2 71 75
266 532 186 2 73 78
144 288 100000 1 81
269 538 188 1 83
70 140 49 2 73 82
110 220 100000 2 56 83
176 100000 100000 2 80 82
249 100000 100000 1 82
75 150 100000 1 83
289 100000 202 4 56 67 70 82
22 100000 100000 1 84
580 100000 100000 1 85
67 100000 47 3 83 89 91
248 496 174 4 49 72 80 86
121 242 85 4 67 87 92 93
134 268 100000 3 79 90 94
62 100000 100000 3 77 87 97
331 662 232 1 97
