# Converted from 100_406.csv
100
285 570 200 0
149 100000 100000 0
114 228 100000 0
27 100000 100000 0
109 100000 100000 0
59 100000 100000 0
86 100000 60 0
35 100000 24 0
36 100000 25 3 3 4 6
218 436 100000 2 3 6
151 100000 100000 2 2 3
60 100000 100000 2 0 3
205 100000 144 2 1 7
204 100000 100000 1 2
111 222 100000 1 7
151 100000 100000 2 11 13
133 266 93 3 5 8 9
120 240 100000 1 11
62 124 43 1 10
53 106 37 3 6 11 13
145 290 102 3 5 8 10
93 100000 100000 2 1 11
208 416 146 1 21
183 100000 100000 2 2 21
54 100000 100000 1 18
71 142 50 2 17 19
228 456 100000 1 21
117 234 100000 2 20 21
93 186 100000 2 13 21
30 100000 21 3 24 25 26
174 100000 122 3 22 24 25
91 100000 100000 1 26
111 100000 78 1 22
144 288 101 1 22
92 100000 100000 2 21 24
95 100000 66 3 9 29 31
91 182 64 2 9 32
207 100000 100000 1 33
250 100000 100000 1 33
111 100000 100000 3 29 30 32
134 100000 94 3 36 38 39
194 388 100000 1 35
174 100000 100000 1 36
252 100000 100000 1 38
71 142 100000 2 8 38
108 100000 100000 2 34 35
127 254 100000 3 25 36 38
54 108 38 2 24 37
100 100000 100000 4 2 14 37 38
247 494 100000 3 20 42 48
28 100000 100000 2 15 40
70 100000 100000 5 9 13 20 24 43
115 100000 100000 3 24 37 46
271 542 100000 3 32 45 48
273 100000 191 3 30 31 42
127 100000 100000 6 15 23 30 51 52 53
137 100000 96 5 23 28 43 45 50
42 100000 100000 3 29 30 52
61 122 100000 3 8 12 50
93 100000 100000 2 56 58
97 194 100000 2 5 58
97 194 68 2 5 56
158 316 111 1 55
83 100000 100000 3 44 61 62
169 338 118 5 23 28 34 57 60
213 100000 100000 2 20 59
188 100000 100000 2 27 59
39 100000 100000 2 59 62
167 334 117 2 46 61
154 100000 100000 2 16 59
175 100000 100000 3 62 64 65
317 100000 222 1 65
135 270 94 2 44 68
164 100000 115 1 67
183 366 100000 2 70 73
103 100000 100000 3 54 66 71
152 100000 100000 2 62 72
143 286 100000 2 63 72
193 386 135 4 71 73 76 77
62 100000 100000 2 72 75
167 100000 117 3 12 41 76
207 414 145 2 58 77
110 220 77 1 74
126 100000 100000 1 78
115 100000 100000 3 41 48 79
142 100000 100000 3 57 66 78
87 100000 100000 2 59 80
172 344 120 3 64 65 81
101 100000 71 2 84 85
215 430 150 3 27 70 86
99 198 100000 2 73 86
89 178 100000 2 41 85
159 100000 100000 2 77 86
161 100000 113 4 16 47 78 86
105 210 74 3 16 64 88
113 100000 100000 3 47 81 88
68 100000 48 1 88
139 278 97 2 42 91
138 100000 100000 3 54 90 92
50 100000 35 4 49 60 81 88
