# Converted from 100_52.csv
100
604 1208 100000 0
387 100000 271 0
478 100000 335 0
342 100000 100000 0
428 100000 300 0
698 1396 100000 0
681 1362 477 0
429 100000 100000 0
705 1410 493 0
680 100000 476 0
486 100000 340 1 7
374 100000 100000 1 5
500 1000 350 1 6
636 1272 445 1 9
514 100000 360 1 3
405 100000 284 1 6
556 100000 389 1 12
444 100000 100000 1 14
367 734 100000 1 11
551 1102 100000 1 11
590 1180 100000 1 15
611 100000 100000 2 12 15
637 100000 100000 1 11
668 1336 100000 1 12
711 1422 498 1 12
483 100000 338 1 13
507 100000 100000 4 0 10 16 17
604 100000 100000 1 20
494 988 100000 1 19
432 100000 302 1 23
480 960 100000 1 24
539 100000 100000 1 22
278 100000 195 1 25
456 100000 100000 1 21
210 100000 147 1 26
567 100000 100000 1 26
668 1336 100000 1 26
324 100000 100000 1 26
541 1082 379 1 26
371 100000 100000 1 26
332 100000 100000 1 27
496 100000 347 1 28
300 100000 210 2 29 31
695 100000 486 2 15 29
435 100000 100000 1 33
501 100000 100000 1 29
767 100000 100000 1 33
252 504 176 1 45
552 1104 100000 1 42
596 1192 417 1 40
668 1336 100000 1 41
357 100000 250 1 39
504 100000 100000 1 46
641 1282 100000 3 11 35 39
137 274 96 4 1 2 18 47
544 1088 100000 1 48
372 100000 100000 1 52
455 100000 318 2 8 51
681 100000 100000 4 24 43 51 53
625 1250 438 2 31 51
460 100000 100000 1 50
564 1128 100000 3 7 31 52
386 100000 270 2 13 52
454 908 100000 1 54
437 874 100000 1 54
351 100000 100000 1 54
431 862 100000 1 54
394 788 100000 1 54
453 100000 100000 1 55
523 1046 100000 1 56
570 100000 100000 2 42 61
457 914 100000 2 49 61
311 100000 218 3 20 23 57
517 100000 100000 1 68
492 984 100000 1 63
544 100000 381 1 63
448 100000 100000 1 69
398 796 279 1 65
593 1186 415 1 67
590 100000 413 1 64
513 100000 100000 1 74
735 1470 100000 1 75
298 100000 100000 1 73
721 1442 505 4 24 38 76 79
456 100000 319 3 21 35 77
370 100000 100000 2 35 79
349 100000 244 1 80
515 100000 100000 1 84
434 868 100000 1 82
504 1008 100000 1 81
541 100000 100000 2 25 84
519 100000 100000 2 49 85
461 100000 323 1 85
459 918 100000 1 86
448 100000 100000 1 87
621 100000 435 1 88
363 100000 254 4 20 21 77 89
161 322 113 1 90
653 1306 100000 2 21 92
473 100000 100000 1 90
