# Converted from 100_428.csv
100
622 1244 435 0
617 100000 432 0
714 100000 100000 0
544 100000 100000 0
591 100000 100000 0
761 100000 533 0
637 100000 100000 2 1 5
385 100000 100000 1 1
607 1214 100000 2 1 5
500 1000 350 1 0
486 100000 100000 1 4
782 1564 100000 3 7 8 10
524 100000 367 1 10
464 100000 100000 2 2 8
487 100000 100000 1 7
304 100000 213 3 5 7 10
486 100000 100000 1 7
545 100000 382 2 6 7
430 100000 100000 2 14 15
454 908 318 2 1 12
586 100000 100000 1 17
410 820 287 1 15
604 100000 100000 3 11 12 17
606 1212 100000 1 17
358 716 100000 2 14 16
656 1312 459 1 12
358 716 251 2 19 21
703 100000 100000 4 9 14 19 23
482 964 100000 2 20 25
307 614 100000 1 18
589 100000 100000 1 19
697 1394 100000 1 23
518 100000 100000 2 15 23
650 1300 100000 3 10 20 23
427 100000 100000 3 28 30 32
531 100000 100000 2 30 33
542 1084 379 2 27 28
422 100000 295 3 34 35 36
542 1084 100000 3 34 35 36
371 742 260 2 34 35
490 980 100000 1 34
473 100000 331 3 2 11 34
547 100000 100000 2 37 40
482 100000 100000 2 37 39
521 100000 100000 2 29 39
557 100000 390 1 38
414 100000 100000 4 42 43 44 45
625 100000 100000 2 43 44
503 100000 100000 3 2 24 43
282 564 197 1 42
384 768 100000 2 29 42
580 1160 100000 2 39 42
442 884 309 2 27 44
483 966 338 3 3 49 52
524 100000 367 1 46
432 864 100000 1 46
355 100000 100000 4 11 16 29 51
612 100000 428 1 55
541 100000 379 2 41 53
533 1066 100000 2 54 55
707 100000 100000 2 55 56
534 1068 374 1 57
669 1338 100000 1 58
151 100000 100000 2 3 59
550 100000 100000 5 3 26 57 59 60
553 1106 100000 1 57
394 100000 100000 2 52 57
384 100000 100000 1 60
365 100000 100000 1 63
481 100000 337 4 13 56 63 66
444 100000 311 3 3 41 67
449 100000 314 1 64
412 100000 288 1 67
542 100000 100000 5 11 21 31 47 65
367 734 257 4 11 21 31 65
533 1066 373 1 67
221 442 100000 2 21 70
538 100000 377 1 72
436 872 305 3 13 62 71
519 1038 100000 2 58 73
552 1104 100000 3 72 76 79
314 100000 100000 2 74 79
343 100000 240 2 58 76
443 886 100000 2 60 79
318 100000 223 2 70 79
377 100000 264 1 78
554 100000 100000 3 13 77 79
419 838 293 4 24 53 57 76
666 100000 466 3 72 85 87
575 100000 100000 1 84
545 1090 100000 4 61 68 74 84
340 100000 100000 3 69 86 87
305 100000 214 3 22 77 87
691 100000 484 1 81
645 100000 451 3 48 90 91
350 100000 100000 1 90
457 914 100000 3 13 26 90
323 646 100000 1 88
509 100000 100000 1 89
752 1504 526 2 82 92
