# Converted from 100_402.csv
100
169 100000 100000 0
177 354 100000 0
36 100000 25 0
277 100000 194 0
245 100000 100000 0
64 128 100000 0
97 194 68 3 1 4 5
89 100000 62 2 1 5
85 100000 59 3 1 4 5
161 100000 100000 1 2
162 324 100000 2 0 2
24 100000 100000 1 4
43 86 30 1 4
75 100000 100000 1 3
120 100000 84 3 7 9 11
51 100000 100000 2 9 11
278 100000 100000 2 10 11
113 226 79 2 4 13
81 100000 57 1 11
203 100000 100000 2 4 9
68 100000 100000 2 9 10
217 100000 100000 3 1 16 20
98 100000 69 1 15
271 100000 190 1 14
156 100000 100000 1 15
165 330 100000 2 7 15
46 100000 32 1 21
61 122 100000 1 24
45 100000 31 2 23 24
101 100000 71 1 21
108 100000 100000 2 17 23
168 100000 100000 3 21 23 24
123 100000 100000 2 15 23
270 100000 100000 6 8 25 29 30 31 32
142 284 100000 3 8 26 28
190 100000 100000 2 29 34
213 426 100000 2 6 33
109 218 76 2 27 33
26 52 18 1 33
154 100000 100000 4 22 28 37 38
146 100000 100000 1 38
269 100000 188 2 32 35
124 100000 87 1 37
132 100000 100000 2 27 38
198 396 100000 1 36
101 202 71 2 37 38
207 414 100000 2 12 36
101 100000 100000 1 44
120 100000 84 3 13 31 41
130 100000 91 2 41 46
69 138 48 1 44
344 100000 100000 2 22 46
179 100000 100000 1 39
143 100000 100 2 41 46
147 100000 103 1 43
188 376 100000 1 45
129 100000 100000 1 39
144 100000 100000 1 52
165 100000 115 2 47 54
109 218 100000 2 53 54
104 208 100000 2 42 53
195 390 100000 3 18 48 56
252 504 100000 1 58
107 214 75 1 58
222 444 100000 1 57
118 236 100000 2 6 57
103 100000 72 1 59
30 60 21 2 50 65
206 100000 144 2 6 64
169 100000 118 3 42 54 67
165 330 100000 2 61 67
49 100000 100000 3 45 58 67
188 376 100000 2 41 67
228 100000 160 1 71
198 100000 100000 3 51 56 69
142 100000 99 3 59 68 71
153 306 100000 2 40 70
105 100000 74 3 42 51 70
220 440 154 1 70
160 320 100000 3 62 69 70
73 100000 100000 2 69 71
247 100000 173 2 54 77
32 64 22 1 76
118 236 83 3 61 69 75
48 100000 100000 2 78 80
230 460 100000 1 80
97 100000 68 3 64 81 82
134 268 100000 3 40 49 84
36 72 100000 1 85
178 356 100000 2 69 82
145 100000 100000 2 34 85
112 224 100000 3 12 56 85
166 332 100000 1 85
110 220 77 2 58 86
350 100000 100000 2 63 87
145 100000 100000 4 53 72 79 87
272 100000 100000 2 79 87
164 100000 100000 2 34 91
253 100000 177 2 45 89
196 392 100000 2 49 88
