# Converted from 100_289.csv
100
272 544 190 0
622 100000 435 0
533 1066 373 0
463 100000 324 0
560 1120 100000 1 0
538 100000 100000 3 1 2 3
615 100000 100000 3 1 2 3
481 962 100000 3 1 2 3
333 100000 100000 3 1 2 3
661 100000 100000 1 4
395 100000 276 1 5
424 100000 100000 4 5 6 7 8
545 1090 382 4 5 6 7 8
671 1342 100000 4 5 6 7 8
494 988 346 1 11
625 100000 100000 1 10
444 100000 100000 4 9 11 12 13
460 920 100000 3 11 12 13
707 100000 495 4 0 11 12 13
522 100000 100000 1 14
550 1100 385 1 16
459 918 321 4 15 16 17 18
336 100000 100000 3 16 17 18
438 100000 100000 3 16 17 18
606 100000 424 1 20
747 100000 523 3 21 22 23
323 100000 100000 2 19 23
614 1228 100000 2 21 22
532 1064 100000 1 23
280 560 100000 1 25
675 100000 100000 1 24
241 100000 100000 1 27
630 1260 441 3 25 27 28
571 100000 100000 3 21 22 28
259 100000 100000 1 25
293 100000 205 1 29
436 872 305 1 32
564 1128 100000 1 32
512 100000 100000 1 31
677 100000 100000 4 27 30 33 34
494 100000 100000 1 32
543 100000 100000 2 32 34
439 100000 100000 2 32 34
471 100000 100000 1 35
345 690 241 1 36
576 100000 403 1 38
315 630 100000 1 39
461 922 100000 1 40
463 926 100000 1 37
631 1262 442 3 39 40 42
603 100000 422 4 39 40 41 42
479 958 335 1 43
668 100000 100000 1 45
596 100000 417 1 46
553 100000 387 1 47
371 100000 260 1 44
395 100000 100000 1 48
575 100000 100000 1 49
530 100000 100000 2 49 50
624 100000 437 2 49 50
558 100000 391 1 51
657 100000 100000 1 53
188 376 132 1 54
134 100000 94 1 55
484 968 100000 1 57
636 1272 445 4 26 52 56 58
590 1180 100000 3 26 58 59
358 100000 100000 1 60
398 100000 279 1 61
547 100000 100000 1 63
605 100000 100000 3 62 64 66
400 100000 280 1 66
479 958 100000 1 67
688 1376 100000 1 69
527 100000 369 1 68
554 1108 100000 1 71
666 1332 100000 1 70
531 100000 372 1 70
360 100000 100000 1 73
408 816 100000 1 72
557 1114 390 1 75
526 1052 368 1 76
305 610 214 2 70 74
283 566 198 2 71 76
518 1036 363 1 81
643 100000 100000 1 79
472 944 100000 4 65 70 71 78
544 100000 100000 2 65 80
795 100000 100000 3 65 77 82
620 100000 100000 3 65 77 83
521 100000 100000 1 84
588 1176 100000 1 85
586 100000 100000 3 87 88 89
695 100000 486 2 87 89
530 100000 100000 3 81 82 89
623 1246 436 3 87 88 89
573 100000 100000 2 90 95
628 100000 440 2 91 95
603 100000 100000 1 92
362 724 100000 1 95
