# Converted from 100_224.csv
100
528 100000 100000 0
556 1112 100000 0
462 100000 323 0
551 100000 100000 0
576 1152 100000 0
567 100000 100000 0
313 626 100000 0
408 816 100000 0
671 100000 470 0
470 100000 329 1 3
644 100000 451 1 4
669 1338 100000 1 0
413 826 100000 1 1
564 1128 100000 1 2
443 100000 100000 1 3
620 100000 100000 2 7 8
529 1058 370 1 7
630 100000 441 1 3
264 100000 100000 1 9
404 100000 283 1 10
633 100000 443 1 11
387 100000 100000 1 14
476 100000 333 2 12 13
362 724 100000 1 16
390 780 100000 1 16
418 100000 100000 1 18
574 100000 100000 1 20
221 442 100000 1 21
663 100000 464 1 19
623 100000 100000 1 22
262 524 100000 1 23
533 1066 373 2 6 22
522 100000 100000 1 23
441 100000 100000 1 23
510 100000 357 1 25
458 100000 321 1 26
741 100000 519 1 27
574 1148 100000 1 30
614 1228 100000 1 28
396 100000 100000 1 28
656 100000 100000 1 33
415 830 290 2 15 28
648 1296 454 2 8 29
553 100000 387 1 37
317 100000 100000 1 38
553 100000 387 1 34
263 526 184 1 35
388 100000 272 2 5 36
510 100000 100000 1 38
638 1276 100000 2 28 42
504 1008 100000 2 28 40
632 100000 100000 3 32 37 41
454 908 318 1 43
551 100000 386 1 44
494 100000 100000 1 45
450 100000 315 2 5 46
414 828 100000 2 38 47
381 100000 100000 3 30 47 50
690 1380 100000 2 47 51
655 100000 100000 1 51
398 796 279 1 52
386 772 270 1 54
431 100000 100000 2 6 55
600 100000 420 1 57
497 100000 100000 2 23 53
615 1230 100000 1 57
197 394 100000 1 57
398 100000 279 1 55
322 644 225 1 56
547 100000 383 2 41 57
666 1332 100000 1 60
759 100000 531 1 62
578 100000 100000 1 63
783 100000 100000 1 61
400 800 100000 1 62
729 1458 510 1 64
302 604 100000 2 51 67
426 852 298 1 68
445 100000 100000 2 37 66
556 100000 389 2 40 68
338 100000 100000 1 71
402 100000 100000 1 72
619 1238 100000 1 70
495 990 346 1 74
599 1198 100000 1 73
343 100000 100000 1 79
549 100000 384 3 42 51 75
612 100000 100000 3 24 51 78
508 100000 100000 2 42 77
386 772 270 1 80
409 100000 100000 1 82
523 100000 100000 2 81 83
564 100000 100000 2 29 87
646 100000 100000 2 49 85
309 100000 216 2 63 84
669 1338 468 1 89
544 1088 381 1 90
441 100000 309 1 94
466 100000 100000 2 88 91
572 1144 100000 2 69 91
