# Converted from 100_69.csv
100
495 100000 346 0
522 1044 100000 0
587 1174 411 0
534 100000 374 0
501 1002 351 0
418 100000 100000 0
425 100000 100000 0
513 100000 100000 0
550 100000 100000 0
610 1220 427 0
484 968 339 1 2
410 100000 287 1 1
580 100000 100000 1 1
385 100000 270 1 2
425 850 298 1 8
538 100000 377 1 2
742 100000 519 1 2
382 764 100000 2 1 7
600 1200 420 1 11
509 1018 356 1 12
352 704 100000 1 13
584 100000 100000 1 14
381 100000 100000 1 17
713 100000 100000 1 15
624 1248 100000 1 16
461 100000 100000 1 15
403 100000 100000 1 15
420 100000 294 1 23
624 100000 100000 1 24
585 100000 100000 1 21
716 1432 100000 1 18
505 1010 354 1 19
552 1104 100000 1 20
575 1150 402 1 25
699 100000 100000 1 25
483 100000 100000 1 26
538 1076 100000 1 35
283 100000 100000 1 29
480 960 336 2 9 32
430 100000 100000 1 32
803 100000 562 1 32
483 966 100000 1 34
355 100000 100000 1 40
455 100000 100000 1 37
486 100000 100000 1 38
514 100000 100000 1 38
425 850 100000 1 40
348 100000 100000 1 38
553 1106 387 1 40
484 100000 339 1 40
611 1222 100000 1 43
520 100000 100000 1 44
532 100000 372 1 45
466 932 100000 1 47
375 100000 100000 1 49
218 100000 100000 1 45
416 100000 100000 1 45
458 100000 100000 2 31 51
412 100000 288 1 50
670 1340 100000 1 52
451 902 100000 2 46 54
458 100000 100000 1 54
384 100000 269 1 55
673 100000 100000 1 54
559 100000 391 2 23 53
420 100000 100000 3 23 58 59
460 100000 100000 1 64
741 100000 519 1 64
344 688 241 1 63
417 834 100000 1 68
449 898 100000 5 0 10 36 65 66
315 630 100000 1 67
639 100000 447 1 67
886 100000 620 1 68
669 1338 100000 1 67
608 100000 426 1 68
491 100000 100000 1 68
497 100000 348 5 27 28 42 57 69
495 990 100000 1 70
384 100000 100000 1 70
568 100000 398 1 70
634 100000 100000 1 70
281 562 197 1 70
362 724 100000 1 70
513 1026 100000 1 70
453 100000 100000 1 71
375 750 262 1 72
385 100000 270 1 73
576 100000 403 1 77
549 1098 384 1 77
574 1148 100000 1 77
722 100000 505 1 77
580 1160 406 1 77
371 100000 260 1 77
397 100000 100000 1 77
380 760 100000 1 77
298 100000 209 1 86
575 1150 100000 2 34 85
425 850 100000 2 22 84
589 100000 100000 1 83
