# Converted from 100_496.csv
100
29 58 20 0
34 100000 100000 0
24 48 100000 2 0 1
191 100000 134 2 0 1
142 100000 100000 1 1
71 142 100000 2 0 1
111 222 100000 4 2 3 4 5
302 100000 211 4 2 3 4 5
100 100000 100000 4 2 3 4 5
118 100000 83 4 2 3 4 5
56 112 39 4 6 7 8 9
137 100000 100000 4 6 7 8 9
294 100000 100000 4 6 7 8 9
79 158 100000 2 8 9
213 100000 100000 3 11 12 13
80 100000 100000 3 11 12 13
284 568 199 3 10 12 13
226 452 158 4 10 11 12 13
30 60 100000 4 14 15 16 17
119 100000 83 4 14 15 16 17
262 100000 183 4 14 15 16 17
149 298 100000 3 18 19 20
94 100000 100000 3 18 19 20
103 100000 100000 3 18 19 20
83 166 100000 3 21 22 23
100 200 100000 3 21 22 23
115 100000 80 2 21 23
98 100000 69 3 24 25 26
286 100000 100000 3 24 25 26
223 100000 156 3 24 25 26
88 176 62 3 27 28 29
185 370 130 2 27 29
133 100000 93 2 27 29
181 100000 127 2 27 29
201 402 141 2 27 29
237 100000 100000 5 30 31 32 33 34
58 100000 100000 4 31 32 33 34
166 100000 116 3 32 33 34
25 50 18 5 30 31 32 33 34
201 402 141 3 36 37 38
102 100000 100000 3 36 37 38
184 100000 129 3 36 37 38
254 508 100000 3 28 36 37
50 100 35 2 40 42
71 100000 50 2 40 41
200 100000 100000 2 43 44
224 448 157 2 43 44
155 100000 100000 1 43
118 100000 100000 1 43
217 100000 100000 3 41 47 48
216 432 151 2 47 48
111 100000 100000 2 49 50
234 100000 164 2 49 50
315 100000 100000 2 49 50
125 100000 88 3 51 52 53
225 100000 100000 3 51 52 53
212 100000 100000 3 51 52 53
124 248 100000 3 54 55 56
52 100000 36 2 54 55
247 494 100000 2 54 55
225 100000 100000 1 57
74 148 52 1 58
64 100000 100000 1 57
44 88 100000 2 58 59
71 100000 100000 3 39 62 63
114 100000 100000 2 61 63
68 136 100000 4 39 60 61 62
30 60 21 3 64 65 66
274 100000 100000 3 64 65 66
54 100000 100000 2 67 68
30 100000 100000 2 67 68
127 254 89 3 46 67 68
112 100000 100000 2 67 68
66 132 100000 2 69 70
85 100000 100000 2 69 70
109 100000 100000 1 73
122 100000 100000 2 44 74
208 100000 100000 2 44 74
75 150 100000 4 44 72 73 74
131 100000 100000 3 71 75 77
150 300 100000 3 45 74 75
80 160 100000 2 72 77
60 120 100000 2 46 76
150 300 105 1 76
51 102 100000 2 75 76
91 182 64 3 78 81 82
109 100000 76 3 46 77 80
244 488 171 2 79 84
164 328 100000 3 76 79 86
30 100000 21 1 87
243 100000 170 1 87
158 316 100000 2 89 90
94 100000 100000 1 89
125 100000 88 3 35 85 89
96 192 67 3 83 85 89
86 100000 100000 3 80 82 91
59 100000 100000 4 35 45 90 94
203 100000 100000 1 94
89 100000 100000 1 94
102 100000 71 1 94
