# Converted from 100_19.csv
100
452 100000 316 0
274 100000 100000 0
170 100000 100000 0
378 100000 265 0
113 100000 100000 0
119 100000 100000 0
304 608 100000 0
344 100000 100000 0
88 176 100000 0
497 100000 100000 0
368 100000 100000 1 6
210 420 100000 1 3
185 370 100000 1 6
359 100000 100000 1 4
150 100000 100000 1 5
441 100000 100000 1 8
410 100000 100000 1 9
272 100000 100000 2 13 14
27 100000 100000 1 15
122 100000 85 1 11
172 100000 120 1 12
95 100000 100000 1 16
219 100000 100000 1 16
140 100000 100000 1 15
166 100000 100000 2 7 16
116 232 100000 1 15
35 70 100000 1 15
502 100000 351 1 16
150 300 100000 1 27
204 100000 143 1 25
548 100000 384 1 24
219 100000 153 1 21
250 500 175 1 24
130 100000 100000 1 19
290 580 100000 1 26
259 518 100000 1 20
85 100000 100000 1 24
289 100000 202 1 24
107 214 75 7 0 10 17 18 28 29 30
135 270 100000 4 1 2 31 32
447 100000 313 1 34
329 658 100000 1 34
74 148 100000 1 33
37 100000 100000 1 34
267 100000 100000 2 8 37
104 208 73 1 37
260 520 182 1 35
281 562 100000 1 38
47 94 100000 1 38
205 100000 100000 1 38
503 1006 352 1 38
389 100000 100000 1 38
117 234 82 1 39
124 248 87 1 39
142 284 99 1 39
258 100000 181 1 39
204 100000 100000 1 39
166 100000 100000 1 39
125 100000 88 1 40
466 100000 100000 1 41
183 100000 128 2 58 59
484 100000 100000 1 56
95 100000 100000 1 49
402 804 281 1 60
303 100000 100000 1 60
196 392 137 2 60 61
483 100000 338 1 62
156 100000 109 1 62
52 104 100000 1 61
36 72 25 1 61
53 100000 37 1 62
443 100000 310 1 62
122 100000 100000 1 63
39 100000 100000 1 64
187 374 100000 1 64
220 100000 154 1 68
162 324 113 1 70
255 510 100000 1 68
32 100000 100000 2 65 67
40 100000 100000 1 72
272 100000 190 1 73
172 100000 100000 1 74
271 542 190 1 78
495 990 346 1 74
20 40 14 1 75
129 258 90 1 77
366 732 256 1 76
194 388 100000 1 80
59 118 100000 1 81
217 434 152 1 79
163 100000 100000 1 85
480 100000 100000 1 84
360 720 100000 1 82
56 100000 39 1 83
407 814 285 2 87 88
35 100000 100000 1 89
111 100000 100000 1 90
124 100000 100000 1 93
155 310 100000 1 90
405 100000 284 1 92
