# Converted from 100_18.csv
100
263 526 100000 0
133 266 93 0
89 178 62 0
125 100000 100000 0
124 248 100000 0
73 146 51 0
86 172 100000 0
154 100000 100000 0
133 266 100000 1 5
156 100000 100000 1 4
123 246 100000 1 4
140 100000 100000 1 5
90 100000 100000 1 6
283 566 100000 1 7
182 100000 100000 1 12
538 1076 377 1 13
336 100000 100000 1 11
31 100000 22 1 11
136 272 100000 1 11
376 752 263 1 11
84 100000 59 1 12
64 100000 45 1 10
43 100000 30 1 13
78 156 55 1 11
84 100000 59 1 12
83 166 58 1 12
151 100000 106 1 11
96 100000 100000 2 25 26
362 100000 100000 1 25
81 162 57 1 25
84 100000 59 1 17
129 100000 100000 1 18
61 100000 100000 1 19
505 1010 354 1 20
482 964 100000 1 22
444 888 100000 1 21
449 898 314 1 24
149 100000 100000 1 22
151 100000 100000 9 1 2 3 8 9 15 16 28 29
541 100000 100000 1 30
322 100000 100000 1 31
226 100000 100000 1 34
80 100000 100000 1 33
394 788 100000 1 37
129 258 90 1 32
104 100000 100000 1 36
115 100000 80 1 35
99 100000 100000 1 35
130 260 100000 1 37
133 100000 93 1 39
117 234 100000 1 38
166 100000 116 1 38
191 100000 134 1 38
318 100000 100000 1 38
254 100000 178 1 38
104 100000 100000 1 38
133 100000 100000 1 43
54 108 38 1 40
93 100000 100000 1 41
267 534 100000 1 42
435 100000 304 1 46
55 100000 100000 1 43
103 206 100000 4 0 14 27 49
268 536 188 1 56
288 576 100000 3 57 58 59
357 100000 100000 1 52
472 944 100000 1 55
154 100000 100000 1 52
163 100000 100000 1 50
167 100000 100000 1 62
273 100000 100000 1 62
60 120 42 1 62
173 100000 100000 1 62
108 100000 76 1 62
148 100000 104 1 62
50 100 100000 1 62
508 1016 356 1 62
110 220 77 1 62
61 122 43 1 63
98 100000 100000 1 68
403 100000 100000 1 67
190 380 133 1 69
136 100000 95 1 79
126 100000 100000 1 81
25 100000 18 1 82
129 100000 100000 1 81
246 100000 100000 1 82
136 100000 100000 1 82
88 100000 100000 1 82
274 548 100000 1 83
274 548 100000 2 47 85
96 192 100000 1 88
133 100000 100000 1 84
31 100000 100000 1 87
26 52 18 2 43 85
49 100000 100000 1 89
371 100000 260 2 87 94
313 100000 219 1 90
557 100000 390 1 93
213 426 149 2 80 94
