# Converted from 100_238.csv
100
214 428 100000 0
115 230 100000 0
277 554 100000 0
523 1046 100000 0
284 100000 199 1 1
497 994 100000 1 0
36 72 100000 1 1
266 100000 100000 1 2
123 100000 86 2 1 2
134 100000 100000 1 7
186 372 100000 1 4
234 468 100000 1 5
390 100000 100000 1 6
67 100000 100000 1 7
275 550 192 1 7
251 100000 176 1 8
129 100000 100000 1 9
170 100000 119 2 12 15
79 100000 100000 2 13 15
72 144 50 1 10
496 992 100000 2 1 11
418 100000 293 2 14 15
159 318 111 2 14 15
107 100000 75 1 13
220 440 100000 1 17
500 1000 100000 1 18
123 100000 86 6 16 17 18 20 22 23
195 390 100000 4 18 20 22 23
174 348 100000 2 18 22
101 100000 71 1 21
481 100000 100000 1 24
369 100000 258 1 25
529 100000 370 2 19 27
62 100000 100000 2 26 27
191 100000 100000 1 30
423 846 100000 1 32
152 100000 106 3 21 27 31
197 394 138 1 33
183 100000 100000 3 3 28 32
159 100000 100000 1 36
366 732 100000 1 34
202 404 141 1 35
72 100000 50 2 36 38
335 670 100000 2 36 38
558 100000 100000 2 37 38
220 100000 100000 1 42
198 100000 100000 1 39
191 100000 100000 1 43
531 100000 100000 5 18 19 20 22 40
180 100000 126 4 21 28 33 41
50 100 100000 2 17 42
148 100000 100000 1 46
290 100000 100000 1 45
42 84 100000 1 47
555 100000 100000 3 21 38 48
425 100000 100000 2 44 50
177 354 124 2 44 50
98 100000 69 1 51
180 360 126 2 52 55
129 100000 90 2 53 55
300 600 100000 1 56
93 186 100000 2 29 56
531 100000 372 1 56
311 100000 218 1 60
43 100000 100000 5 29 48 49 56 57
220 100000 154 3 43 48 60
192 100000 134 1 64
187 374 131 1 64
150 300 105 1 65
310 100000 100000 1 63
65 130 100000 1 64
567 1134 100000 2 54 65
218 100000 100000 3 54 60 64
61 100000 100000 1 66
188 376 132 1 67
32 100000 100000 1 68
72 100000 50 1 70
161 100000 100000 2 54 69
87 100000 61 1 72
409 100000 286 1 73
78 100000 100000 1 77
540 100000 100000 1 74
56 112 100000 1 75
65 130 46 4 54 59 65 76
198 100000 100000 2 59 78
38 100000 27 1 78
177 354 100000 1 80
153 306 107 1 81
41 100000 29 1 79
53 100000 100000 1 82
171 100000 120 1 84
106 100000 74 1 85
147 100000 100000 1 87
72 144 100000 1 88
436 872 100000 2 86 90
57 100000 40 2 85 89
444 100000 100000 6 58 61 62 71 90 91
184 100000 100000 2 43 91
422 844 100000 1 90
323 646 226 1 90
