# Converted from 100_265.csv
100
212 100000 100000 0
142 100000 100000 0
30 100000 100000 0
146 100000 100000 0
254 100000 100000 0
125 250 88 0
257 514 100000 0
50 100000 35 1 0
206 412 144 1 3
124 100000 100000 1 1
192 100000 134 1 2
357 100000 250 1 4
49 98 100000 4 3 4 5 6
92 100000 100000 4 3 4 5 6
92 100000 100000 1 8
137 100000 96 1 11
20 100000 100000 4 7 10 12 13
87 100000 61 3 9 12 13
112 224 100000 2 12 13
26 52 18 3 12 13 15
173 100000 100000 3 12 13 14
222 100000 100000 1 16
121 242 100000 1 16
254 100000 100000 3 16 17 18
100 100000 70 1 19
44 88 100000 1 21
90 180 63 1 22
153 306 100000 3 20 21 22
246 492 172 3 19 20 22
263 100000 100000 4 19 20 21 22
79 100000 100000 1 24
127 100000 100000 1 25
159 100000 100000 1 26
168 336 100000 3 17 27 29
253 100000 100000 2 27 29
53 106 37 2 17 27
209 100000 146 1 30
131 100000 100000 2 31 33
84 100000 59 3 28 32 33
214 100000 150 2 28 33
123 100000 86 1 37
141 100000 100000 1 36
82 164 100000 1 37
97 100000 100000 1 38
104 100000 73 3 18 28 37
237 100000 100000 1 40
203 406 100000 1 41
44 88 31 4 18 34 42 43
102 204 71 2 42 43
111 100000 78 2 39 43
146 100000 100000 1 45
132 264 100000 1 46
24 48 100000 1 47
186 100000 130 2 48 49
196 392 137 2 37 49
117 100000 82 2 34 48
57 100000 40 3 23 39 47
47 94 100000 1 53
97 100000 100000 1 50
52 104 100000 1 51
87 174 100000 1 52
108 100000 76 4 35 54 55 56
161 100000 100000 3 53 54 56
116 100000 100000 2 47 54
74 100000 100000 1 57
65 130 46 2 35 60
204 100000 100000 4 23 42 43 58
61 122 100000 3 44 59 62
241 482 169 2 48 63
47 100000 100000 2 62 63
136 100000 100000 2 44 62
101 202 100000 1 65
101 202 71 1 64
192 384 100000 1 65
130 260 91 3 61 69 70
85 100000 59 2 69 70
62 100000 100000 1 71
29 58 100000 1 74
70 100000 49 1 72
60 120 42 1 74
125 100000 100000 1 73
36 100000 100000 4 66 68 74 75
54 100000 38 1 74
140 280 100000 2 74 75
238 100000 167 1 77
166 100000 100000 1 78
394 788 100000 1 79
132 100000 100000 1 76
198 396 100000 2 80 83
194 100000 136 2 82 83
158 316 111 1 85
86 100000 60 1 87
76 152 100000 4 65 83 84 86
128 100000 90 2 81 89
29 58 100000 1 88
230 100000 161 2 68 88
54 108 100000 1 88
149 100000 104 1 89
63 100000 100000 3 81 83 90
109 218 100000 3 81 91 96
