# Converted from 100_349.csv
100
86 100000 60 0
119 100000 83 0
317 634 100000 0
105 100000 74 0
78 156 55 0
102 204 71 0
90 180 100000 0
87 100000 100000 0
186 100000 100000 0
33 100000 23 1 7
243 486 100000 1 4
123 100000 100000 1 0
172 344 120 1 3
166 100000 100000 1 4
57 100000 100000 1 2
347 100000 100000 1 2
130 100000 100000 1 8
28 100000 100000 1 13
24 100000 17 1 10
96 100000 67 3 1 2 16
224 448 100000 1 14
216 100000 100000 1 14
116 232 100000 2 9 15
80 100000 100000 1 9
135 100000 94 1 12
52 104 36 1 9
166 332 100000 1 19
175 100000 100000 2 17 25
202 100000 100000 1 21
100 100000 100000 1 19
103 100000 72 1 23
45 100000 100000 1 21
180 100000 100000 1 18
97 194 68 1 19
211 100000 100000 1 22
200 400 100000 1 17
156 312 100000 1 17
218 436 100000 1 27
41 82 100000 1 32
131 262 100000 1 36
59 118 100000 1 30
71 142 50 1 30
54 108 38 1 33
67 100000 100000 1 26
109 100000 100000 1 29
208 416 100000 1 28
190 100000 133 1 41
34 68 100000 1 41
191 100000 134 1 44
86 100000 100000 1 38
33 100000 23 1 40
76 152 53 1 37
33 66 100000 1 49
53 100000 100000 3 17 32 48
174 100000 100000 1 49
261 100000 100000 1 47
65 100000 46 2 4 46
61 122 100000 1 51
201 100000 100000 1 51
41 100000 100000 1 51
79 100000 100000 2 14 51
230 100000 161 1 58
205 100000 100000 1 60
31 62 22 1 53
152 100000 106 2 38 55
220 100000 154 1 56
36 100000 100000 1 54
106 100000 74 2 11 60
38 100000 100000 2 43 58
80 160 56 1 58
164 328 100000 1 58
99 198 100000 2 50 66
98 196 69 4 25 29 45 66
95 100000 66 1 67
75 150 52 1 61
51 102 100000 1 61
100 200 70 2 20 67
268 536 188 1 70
41 100000 29 1 63
241 100000 169 1 68
172 344 100000 3 40 44 79
25 100000 100000 1 72
178 356 125 1 72
115 100000 100000 1 72
68 100000 100000 1 83
96 100000 100000 1 82
173 346 100000 1 81
136 100000 95 3 67 75 83
141 282 99 1 81
64 100000 100000 1 80
150 100000 100000 1 81
52 100000 100000 1 83
166 100000 100000 2 55 83
131 100000 100000 1 88
205 410 144 2 6 92
305 610 100000 1 88
72 144 50 2 85 92
49 100000 34 1 90
76 100000 53 2 37 86
219 100000 100000 2 69 85
