# Converted from 100_7.csv
100
252 100000 176 0
140 100000 100000 0
161 100000 113 0
222 444 100000 0
347 100000 100000 0
140 280 100000 0
258 100000 100000 0
514 100000 100000 0
571 100000 400 0
94 188 100000 0
29 100000 100000 0
370 740 100000 0
361 722 100000 1 9
276 552 100000 1 10
306 100000 100000 1 10
22 100000 15 1 11
555 1110 100000 1 9
390 780 273 8 0 1 2 3 4 5 6 7
122 100000 85 1 8
159 100000 100000 1 8
105 210 74 1 9
539 100000 377 1 9
272 100000 100000 1 11
194 100000 136 5 12 13 14 15 16
455 100000 100000 1 17
487 974 100000 1 17
52 104 36 1 17
134 268 100000 1 17
170 340 119 1 17
115 100000 100000 1 18
642 100000 100000 1 19
407 100000 285 1 19
136 100000 100000 1 19
45 90 31 1 23
468 100000 100000 1 23
132 264 92 1 23
74 100000 52 1 23
103 206 72 1 30
123 100000 100000 1 31
567 100000 397 1 29
160 100000 112 1 28
229 100000 100000 1 33
471 100000 100000 2 37 38
102 204 100000 1 35
535 100000 374 1 36
54 108 100000 1 39
445 100000 312 1 34
468 100000 328 1 39
194 388 100000 1 36
389 778 272 1 41
104 208 73 1 42
540 100000 100000 1 42
526 1052 368 2 24 45
139 100000 100000 1 48
48 96 34 2 22 47
189 100000 100000 1 50
215 100000 150 2 8 49
45 100000 100000 1 53
233 100000 100000 1 53
23 100000 100000 1 54
540 100000 378 1 52
469 938 328 1 54
563 1126 394 2 44 53
452 904 100000 1 55
309 618 100000 1 57
480 100000 336 1 56
143 100000 100000 1 62
231 462 162 2 24 62
505 1010 100000 2 40 62
151 100000 100000 1 59
426 852 100000 1 60
120 100000 100000 1 63
291 582 100000 1 64
120 100000 100000 1 66
32 100000 100000 1 68
39 100000 100000 2 56 67
36 72 100000 1 69
255 100000 100000 2 8 66
87 174 61 2 51 69
163 326 100000 3 27 56 66
175 350 122 1 71
133 100000 100000 1 72
76 100000 100000 1 73
53 100000 100000 1 76
467 934 327 1 78
63 100000 100000 1 80
23 100000 16 1 81
222 100000 100000 1 82
427 100000 100000 1 84
223 100000 100000 1 83
212 100000 100000 2 9 83
84 100000 100000 2 17 84
331 662 232 1 87
202 100000 141 1 85
183 100000 100000 1 86
126 252 88 1 90
520 100000 100000 1 90
162 324 100000 2 53 91
281 562 197 1 90
53 100000 37 2 20 90
