# Converted from 100_414.csv
100
134 100000 94 0
155 100000 100000 0
302 100000 100000 1 0
205 100000 100000 1 0
172 100000 120 1 0
131 262 92 1 1
98 196 100000 1 0
229 100000 100000 2 2 4
98 100000 100000 2 4 6
256 100000 100000 1 3
282 100000 100000 2 5 6
64 128 45 1 4
204 100000 100000 2 7 11
282 564 100000 2 7 11
68 136 48 2 10 11
279 100000 100000 1 7
157 100000 110 1 7
74 100000 100000 1 11
91 100000 64 2 3 8
78 100000 100000 3 15 16 17
70 100000 100000 2 3 17
184 100000 129 2 16 17
224 100000 100000 5 8 12 19 20 21
289 100000 100000 1 21
75 100000 100000 2 20 21
86 100000 100000 1 20
51 100000 100000 2 10 20
135 270 100000 1 20
128 256 90 2 18 20
31 100000 22 3 22 27 28
289 100000 202 2 9 22
101 100000 100000 3 14 21 25
111 100000 78 1 23
235 100000 100000 2 14 25
149 298 100000 3 1 16 27
195 390 136 3 9 21 25
180 360 126 3 29 30 35
81 162 57 4 18 30 33 35
197 394 100000 3 19 31 35
129 100000 100000 3 3 19 32
101 202 71 2 26 29
55 110 100000 3 18 32 35
175 350 122 2 32 33
121 100000 85 1 30
175 350 100000 3 12 16 33
211 100000 148 3 5 18 34
62 100000 43 2 24 36
38 76 100000 3 14 23 40
45 100000 100000 2 35 39
122 100000 100000 2 8 42
203 100000 142 3 28 34 37
57 100000 40 4 26 27 37 42
166 332 116 2 28 41
206 100000 144 3 47 50 51
231 462 162 3 47 49 52
111 100000 78 3 35 44 49
237 474 100000 3 28 44 51
219 100000 153 2 50 52
101 202 71 3 29 50 52
114 100000 100000 2 40 50
100 200 100000 2 36 59
224 448 100000 2 50 56
206 100000 100000 3 13 54 57
41 100000 29 1 53
32 100000 100000 3 45 57 59
167 100000 100000 3 42 60 64
57 114 100000 1 61
32 64 100000 1 62
104 100000 73 1 64
31 62 100000 1 64
77 100000 54 2 57 60
109 218 100000 4 39 46 54 64
140 100000 100000 1 62
116 232 100000 4 48 67 71 72
183 100000 128 4 53 65 66 72
156 100000 100000 2 67 69
117 100000 82 1 67
42 100000 100000 2 44 72
226 100000 100000 1 66
141 282 100000 3 31 60 71
297 594 100000 5 38 39 51 68 70
96 192 67 2 66 71
91 100000 100000 3 47 69 70
248 496 100000 4 36 44 75 76
37 74 26 1 77
139 278 100000 3 44 69 79
50 100000 35 2 69 84
100 100000 100000 4 53 58 81 84
54 108 100000 4 58 67 78 84
108 216 76 3 70 84 85
120 100000 100000 2 66 83
125 100000 100000 2 59 84
176 352 100000 4 48 76 81 86
63 126 100000 1 87
171 100000 100000 2 87 90
289 100000 202 2 83 93
179 358 100000 1 93
71 100000 100000 1 93
168 100000 118 2 91 94
49 98 34 2 31 92
