# Converted from 100_489.csv
100
259 518 100000 0
228 456 160 0
23 100000 16 1 1
61 100000 43 1 1
69 100000 48 2 2 3
280 100000 100000 2 2 3
179 100000 100000 2 4 5
196 100000 100000 2 4 5
146 100000 102 2 4 5
95 100000 100000 3 0 4 5
113 226 79 4 6 7 8 9
107 214 100000 4 6 7 8 9
142 100000 100000 4 6 7 8 9
92 100000 100000 4 6 7 8 9
88 100000 62 4 6 7 8 9
205 100000 100000 5 10 11 12 13 14
44 88 100000 5 10 11 12 13 14
46 100000 32 5 10 11 12 13 14
68 100000 100000 5 10 11 12 13 14
122 244 100000 4 15 16 17 18
37 100000 100000 4 15 16 17 18
247 100000 173 2 19 20
75 100000 100000 2 19 20
186 100000 130 2 19 20
26 52 100000 3 21 22 23
116 232 100000 3 21 22 23
65 100000 46 2 22 23
153 100000 107 3 21 22 23
156 100000 100000 4 24 25 26 27
57 100000 100000 4 24 25 26 27
74 148 100000 4 24 25 26 27
206 412 100000 3 28 29 30
56 112 39 3 28 29 30
82 100000 100000 3 28 29 30
60 100000 100000 3 28 29 30
97 100000 68 3 28 29 30
20 40 14 5 31 32 33 34 35
177 100000 100000 5 31 32 33 34 35
91 100000 64 5 31 32 33 34 35
213 100000 100000 3 36 37 38
66 132 46 3 36 37 38
126 100000 88 3 36 37 38
114 228 80 3 36 37 38
133 100000 100000 3 36 37 38
167 100000 100000 5 39 40 41 42 43
353 100000 247 4 39 40 41 43
168 336 118 3 39 40 43
129 100000 100000 2 44 45
66 132 46 2 44 46
280 100000 196 1 45
34 100000 100000 1 44
203 406 142 2 48 49
95 190 100000 3 47 48 49
24 100000 100000 1 49
135 270 100000 3 47 49 50
195 100000 100000 3 47 48 50
126 252 100000 3 48 53 54
215 430 100000 2 52 56
149 100000 104 1 56
98 100000 69 1 56
156 312 100000 2 58 59
214 100000 150 3 55 58 59
192 384 100000 3 51 58 59
63 100000 44 2 60 61
291 100000 100000 1 60
136 100000 100000 2 60 62
40 80 100000 3 62 63 64
142 100000 100000 2 64 65
148 100000 104 2 55 67
163 326 100000 1 67
158 100000 100000 3 52 66 67
227 100000 100000 1 68
105 210 100000 2 57 68
173 346 100000 1 68
77 154 54 2 68 70
151 100000 100000 1 69
40 80 100000 2 72 73
57 114 40 1 75
130 100000 100000 3 52 63 71
118 100000 83 2 70 73
191 382 100000 1 75
77 100000 100000 3 69 78 79
83 166 58 2 69 79
49 100000 100000 1 79
64 100000 100000 1 82
182 100000 100000 1 83
31 62 100000 2 80 82
261 522 100000 1 81
152 100000 106 3 77 81 84
145 100000 100000 3 77 84 85
129 258 100000 3 74 77 84
128 256 100000 3 57 74 85
204 100000 143 2 80 88
43 86 30 2 72 90
105 210 74 1 90
41 82 100000 1 91
97 100000 68 1 95
223 446 156 3 76 88 94
110 100000 77 2 76 93
111 100000 100000 2 74 92
