# Converted from 100_274.csv
100
93 100000 65 0
138 100000 100000 0
234 468 164 0
184 100000 129 0
254 100000 100000 0
54 100000 100000 1 0
301 100000 211 1 1
34 100000 24 4 1 2 3 4
238 100000 100000 4 1 2 3 4
77 154 100000 4 1 2 3 4
170 340 100000 5 0 1 2 3 4
25 100000 100000 1 5
271 542 100000 1 7
190 100000 100000 1 8
146 100000 100000 1 6
147 294 100000 3 7 8 10
29 100000 20 3 0 7 8
82 100000 100000 1 12
70 100000 100000 1 13
171 342 120 4 11 14 15 16
68 136 100000 2 10 16
34 100000 100000 1 15
25 100000 18 1 15
90 180 63 1 18
89 100000 100000 1 17
51 100000 36 1 19
234 468 100000 3 9 21 22
196 100000 137 2 21 22
50 100000 100000 3 19 21 22
303 100000 100000 2 21 22
172 344 120 1 23
64 100000 100000 1 26
146 292 102 1 25
88 176 100000 1 27
47 94 100000 4 24 26 27 28
44 88 100000 4 26 27 28 29
123 100000 100000 2 9 27
143 286 100000 1 30
305 100000 100000 1 31
79 158 100000 1 33
342 684 100000 1 35
181 362 100000 1 34
144 288 101 1 36
107 100000 100000 4 32 34 35 36
131 100000 100000 1 39
165 100000 100000 1 40
147 100000 100000 1 41
55 100000 38 1 42
79 100000 100000 2 37 38
163 100000 114 1 43
201 402 100000 1 44
75 100000 52 1 45
145 100000 100000 3 43 47 48
50 100000 100000 2 46 49
46 100000 32 2 48 49
127 100000 100000 2 48 49
172 100000 120 1 52
246 492 172 1 52
227 100000 159 1 50
131 100000 92 1 51
21 42 100000 4 52 53 54 55
35 100000 100000 3 53 54 55
22 44 15 2 53 54
236 472 165 1 56
135 100000 94 1 58
189 378 100000 1 60
55 110 100000 1 57
205 100000 100000 2 59 62
124 248 100000 1 63
61 122 100000 1 64
99 100000 100000 1 65
162 100000 100000 3 55 66 67
63 100000 100000 1 67
245 100000 100000 3 52 55 67
281 100000 197 2 52 67
95 190 100000 1 69
111 222 100000 1 68
193 100000 100000 1 70
122 244 100000 1 73
140 280 98 4 20 72 73 74
121 100000 100000 1 75
88 100000 62 1 76
95 100000 66 3 71 77 79
172 344 120 1 79
37 74 26 1 77
151 100000 106 1 82
149 100000 100000 1 80
101 100000 100000 2 54 81
23 100000 100000 3 20 62 84
57 100000 40 3 61 78 83
52 104 36 1 82
180 100000 126 1 85
113 100000 100000 4 20 74 77 86
112 224 78 3 74 78 88
83 100000 58 2 61 90
92 100000 100000 4 61 83 84 91
82 164 57 3 61 84 92
120 240 100000 2 78 94
200 400 140 3 83 92 93
105 210 74 2 83 92
