# Converted from 100_309.csv
100
91 182 64 0
464 928 325 0
418 100000 100000 0
191 100000 134 0
304 100000 100000 0
187 374 131 0
276 100000 100000 0
89 178 62 0
208 416 146 0
49 98 34 0
32 64 22 1 9
444 100000 311 1 8
187 374 100000 2 1 8
339 100000 237 1 4
243 100000 100000 1 0
98 196 100000 1 2
199 398 100000 1 1
39 100000 27 1 0
238 100000 100000 1 1
95 190 100000 1 14
77 100000 54 1 10
28 56 100000 1 15
109 100000 76 1 14
350 700 245 2 12 20
276 552 193 1 19
346 692 100000 1 19
185 100000 100000 2 18 22
228 100000 100000 1 19
100 100000 70 1 20
107 100000 100000 1 19
273 546 100000 1 22
516 100000 361 1 25
381 762 100000 2 28 30
256 512 100000 2 6 29
193 386 100000 2 4 28
317 100000 222 2 11 24
142 100000 100000 3 3 8 26
374 100000 100000 1 24
416 832 100000 1 30
134 100000 100000 1 28
571 1142 100000 2 12 24
311 100000 100000 1 37
102 100000 71 1 39
263 100000 184 2 1 31
46 100000 32 3 16 31 34
78 100000 100000 3 3 18 34
25 100000 18 1 37
232 100000 100000 1 39
234 100000 100000 1 32
437 874 306 1 33
317 634 222 3 6 43 48
44 100000 100000 2 16 41
312 100000 100000 1 41
440 100000 308 1 44
237 100000 100000 2 7 41
56 112 100000 1 45
43 100000 30 1 48
31 100000 100000 1 47
106 100000 100000 2 26 43
136 100000 100000 1 44
233 100000 100000 1 47
171 342 120 1 60
38 76 27 1 53
90 180 100000 2 13 60
139 100000 100000 1 55
131 100000 100000 1 55
77 100000 100000 1 60
359 100000 251 1 61
232 464 100000 1 65
31 62 22 1 61
492 984 100000 1 66
24 100000 100000 2 44 65
135 100000 100000 1 64
171 342 120 4 5 35 37 65
177 100000 100000 2 40 72
526 100000 100000 3 5 29 69
51 100000 100000 2 51 71
316 100000 100000 2 40 70
285 570 200 2 26 69
61 100000 100000 1 70
244 488 100000 2 33 71
405 810 100000 1 74
111 100000 100000 2 75 78
112 100000 78 2 75 80
177 354 124 1 75
71 100000 100000 1 80
36 100000 100000 1 75
326 652 100000 1 76
574 1148 402 2 32 76
251 100000 100000 1 75
120 100000 84 1 83
176 352 100000 2 7 87
446 100000 312 2 42 82
448 100000 100000 1 82
38 100000 27 1 85
192 100000 100000 2 6 87
213 426 149 1 84
136 272 100000 1 84
88 100000 62 1 88
71 100000 100000 1 83
