# Converted from 100_111.csv
100
132 264 100000 0
67 134 47 0
215 430 150 0
187 100000 100000 0
118 236 100000 1 3
90 100000 100000 1 3
177 354 100000 1 3
42 100000 29 1 3
34 68 100000 1 3
218 100000 100000 1 3
105 100000 100000 1 3
97 194 68 1 10
272 544 190 1 9
273 100000 191 1 9
190 100000 100000 1 9
254 508 100000 1 10
209 100000 100000 1 10
184 100000 100000 9 0 1 4 5 6 7 11 12 13
283 566 100000 1 16
354 708 248 1 16
155 100000 100000 1 17
161 322 100000 1 17
181 100000 100000 1 17
48 96 100000 1 17
94 100000 100000 1 17
56 100000 39 1 17
59 118 41 1 17
89 178 100000 1 17
136 272 100000 1 17
128 100000 100000 1 17
39 100000 100000 1 17
125 100000 88 1 17
286 100000 100000 1 19
44 88 100000 5 23 25 29 30 32
180 360 100000 3 24 28 29
135 270 94 1 21
65 130 46 1 22
228 100000 160 1 20
111 100000 78 1 37
122 100000 85 1 37
108 100000 100000 3 26 31 37
149 100000 100000 2 22 37
240 100000 100000 3 26 32 41
116 100000 100000 3 26 30 41
224 448 157 4 25 27 30 41
283 100000 198 9 8 15 18 26 29 31 38 39 41
62 100000 43 1 41
159 100000 100000 2 27 41
134 268 94 5 14 16 35 43 44
221 442 100000 1 45
128 256 90 1 45
128 100000 100000 1 45
118 100000 83 1 45
81 100000 57 1 45
323 646 100000 1 45
156 100000 109 1 45
148 100000 104 2 30 45
144 288 101 3 19 27 45
21 100000 100000 1 48
330 660 100000 1 48
31 100000 22 1 48
152 100000 106 1 48
202 404 100000 1 48
119 100000 83 1 48
78 156 100000 1 48
93 100000 65 1 48
280 100000 100000 4 23 30 49 51
222 100000 100000 5 24 51 53 54 62
129 100000 100000 2 53 65
184 100000 100000 8 2 36 40 46 56 66 67 68
229 100000 100000 4 59 61 62 68
127 100000 89 4 50 62 64 68
157 100000 100000 1 69
126 100000 88 1 69
170 100000 100000 1 69
58 100000 100000 1 69
130 100000 100000 1 69
69 100000 100000 1 69
29 100000 20 1 69
113 226 79 1 69
101 100000 71 1 69
263 100000 100000 1 69
238 100000 100000 1 69
222 444 100000 1 69
114 228 80 1 69
128 256 100000 2 60 70
137 100000 100000 5 28 72 75 80 81
40 80 100000 3 70 77 78
107 214 100000 6 47 64 79 84 86 87
45 90 100000 6 28 71 72 80 83 87
284 100000 100000 4 59 77 83 86
266 100000 186 4 52 57 83 87
152 100000 106 7 33 34 42 85 88 89 90
139 100000 97 2 73 91
333 666 100000 1 92
23 46 16 1 92
269 100000 100000 1 92
60 120 100000 1 92
292 584 100000 1 92
158 100000 111 1 92
