# Converted from 100_94.csv
100
499 998 349 0
261 100000 100000 0
125 250 100000 0
60 120 100000 0
133 100000 93 0
144 100000 100000 0
270 100000 100000 0
487 100000 341 1 6
111 100000 78 1 6
506 100000 100000 1 6
76 100000 53 2 8 9
528 1056 100000 1 9
168 100000 100000 1 8
87 100000 100000 1 9
320 640 100000 1 9
279 100000 100000 1 8
254 508 178 1 9
148 296 100000 1 9
496 992 100000 1 17
35 70 100000 1 17
341 682 100000 1 17
125 250 100000 2 8 17
492 100000 344 1 17
132 264 92 1 17
133 100000 93 1 17
184 100000 100000 8 4 5 13 14 15 16 21 22
311 622 100000 1 24
229 100000 160 2 25 26
489 978 342 1 25
200 100000 140 1 25
194 100000 100000 1 25
297 594 208 1 25
176 100000 123 1 25
337 100000 100000 1 26
199 100000 139 1 25
450 900 100000 4 28 29 30 32
199 100000 100000 1 28
297 594 100000 2 24 31
208 100000 100000 1 37
382 100000 100000 5 0 11 12 27 35
551 100000 100000 1 37
92 100000 100000 5 26 29 34 36 37
78 100000 55 3 26 31 36
116 232 81 1 39
160 100000 112 1 39
27 100000 19 1 39
71 100000 100000 1 39
197 100000 138 1 39
159 318 100000 1 39
182 364 127 1 39
74 100000 100000 3 34 39 42
64 100000 100000 2 34 39
88 100000 62 1 41
162 100000 100000 6 1 2 3 20 50 52
157 314 110 3 44 48 52
202 404 100000 3 23 34 46
579 1158 405 3 48 49 52
79 100000 55 1 53
171 342 100000 1 53
235 470 100000 1 53
25 50 18 1 53
41 82 29 1 53
32 100000 100000 1 53
148 100000 104 1 53
67 134 100000 2 23 54
140 100000 98 4 56 57 60 64
546 1092 100000 1 62
373 746 261 2 49 57
466 100000 326 2 51 61
197 394 138 1 68
73 100000 100000 3 23 46 68
47 94 100000 3 54 60 68
123 100000 86 1 68
160 100000 100000 2 63 72
311 100000 100000 3 44 63 72
105 100000 100000 8 7 33 40 59 66 67 70 71
155 100000 100000 3 45 55 72
244 100000 100000 11 10 18 19 38 45 58 62 65 69 73 74
61 122 100000 1 75
53 100000 100000 1 75
331 662 232 1 75
263 526 184 1 75
316 100000 100000 1 75
233 100000 100000 1 75
272 100000 100000 1 75
565 100000 396 1 75
107 100000 75 1 75
486 972 340 2 56 76
140 280 100000 1 77
78 100000 100000 1 77
117 100000 100000 1 77
78 100000 100000 1 77
42 84 100000 1 77
517 1034 100000 1 77
368 100000 100000 1 77
210 100000 147 1 77
368 100000 100000 1 77
55 100000 100000 1 77
34 68 100000 4 79 80 87 96
79 100000 55 4 55 75 89 94
