# Converted from 100_516.csv
100
322 100000 225 0
637 100000 446 0
495 100000 100000 0
487 100000 100000 1 2
567 1134 100000 2 1 2
506 100000 100000 1 2
442 100000 100000 3 3 4 5
627 100000 100000 3 3 4 5
548 100000 100000 2 6 7
395 790 100000 2 6 7
661 1322 463 2 6 7
262 100000 100000 3 8 9 10
512 100000 100000 3 8 9 10
249 100000 174 2 11 12
587 1174 411 2 11 12
504 100000 100000 2 13 14
521 100000 100000 1 15
734 1468 100000 1 15
514 100000 360 1 15
516 100000 361 1 15
438 876 100000 1 15
406 100000 100000 4 16 17 18 19
514 100000 100000 3 16 17 18
626 1252 100000 3 17 18 19
490 100000 343 4 17 18 19 20
524 100000 367 4 0 17 18 20
417 100000 100000 5 21 22 23 24 25
614 100000 100000 3 23 24 25
432 100000 302 3 23 24 25
415 830 290 3 26 27 28
675 100000 472 2 27 28
538 100000 100000 3 16 27 28
734 100000 514 3 29 30 31
478 956 100000 2 26 31
455 100000 318 3 29 30 31
513 1026 100000 3 29 30 31
784 1568 100000 3 32 33 35
514 100000 360 3 32 33 35
375 750 100000 2 32 35
573 1146 100000 2 32 34
573 100000 100000 4 36 37 38 39
516 100000 100000 2 36 39
510 100000 100000 3 36 37 39
627 100000 100000 2 36 39
629 1258 440 3 36 37 39
428 100000 300 3 36 38 39
457 100000 320 3 36 38 39
372 744 260 4 40 43 44 46
651 100000 100000 5 40 41 43 44 46
534 1068 374 3 40 45 46
911 1822 100000 4 40 42 44 46
475 100000 100000 4 47 48 49 50
434 100000 100000 2 47 48
258 516 100000 2 51 52
695 100000 100000 2 51 52
255 510 100000 2 51 52
554 100000 100000 3 53 54 55
774 100000 100000 3 53 54 55
569 100000 398 2 53 55
590 1180 413 1 55
639 100000 447 1 55
518 100000 100000 2 53 55
530 1060 100000 3 56 58 61
440 880 308 2 54 61
564 100000 100000 2 59 61
445 890 312 2 60 61
398 796 279 2 57 63
590 1180 413 1 63
596 1192 417 2 57 67
321 100000 100000 1 66
307 100000 100000 2 64 66
519 1038 363 1 66
644 100000 451 1 66
573 100000 100000 1 67
460 920 100000 4 70 71 72 73
604 1208 100000 3 68 70 71
659 100000 100000 3 64 68 72
516 100000 361 2 64 68
567 1134 100000 3 75 76 77
544 100000 381 3 74 75 77
501 1002 351 2 74 75
669 1338 468 3 74 75 76
431 862 100000 5 58 69 74 75 76
342 100000 239 2 79 80
530 100000 100000 3 65 79 80
673 100000 471 2 82 83
503 1006 352 2 58 83
678 100000 100000 3 69 76 83
692 100000 100000 2 84 86
500 1000 100000 3 84 85 87
581 1162 407 2 81 88
543 100000 100000 2 81 89
522 1044 100000 1 89
712 100000 100000 1 91
593 1186 415 2 88 92
673 1346 471 1 90
516 100000 100000 1 92
465 100000 100000 3 78 95 96
484 968 100000 2 78 94
558 100000 100000 2 94 95
