# Converted from 100_317.csv
100
524 1048 367 0
277 554 194 0
91 100000 100000 0
158 316 111 0
576 1152 403 0
559 1118 391 0
484 100000 339 0
191 100000 100000 1 3
74 100000 100000 1 6
62 100000 100000 1 1
464 928 100000 1 5
125 100000 100000 1 6
46 92 100000 2 0 1
490 100000 100000 1 6
551 100000 100000 1 9
62 124 43 1 12
351 702 100000 2 2 9
115 100000 100000 1 13
142 100000 100000 2 6 9
262 524 183 1 12
275 550 192 1 14
458 916 100000 1 15
67 100000 47 1 17
343 100000 100000 1 18
208 416 146 1 19
168 100000 100000 1 15
93 100000 100000 2 14 15
56 100000 100000 2 5 15
541 100000 100000 1 16
484 100000 339 1 18
73 100000 100000 1 23
170 340 119 1 20
231 462 100000 1 26
22 44 100000 1 23
538 100000 100000 1 22
352 100000 100000 1 28
255 100000 100000 2 25 28
173 346 100000 1 30
77 100000 100000 1 36
418 100000 100000 1 32
532 1064 372 1 36
341 682 100000 1 32
107 100000 75 1 30
365 100000 100000 2 11 31
23 100000 100000 1 33
317 100000 100000 2 21 35
61 100000 43 2 2 31
551 100000 100000 1 32
559 100000 100000 3 5 36 41
148 296 104 1 46
22 100000 15 2 35 42
100 200 100000 2 5 39
183 100000 128 2 39 45
86 172 60 1 46
339 100000 100000 1 47
295 100000 100000 1 44
256 100000 100000 1 39
483 966 100000 1 53
147 100000 103 1 50
157 314 100000 1 56
45 100000 100000 2 33 56
194 100000 136 2 51 53
490 100000 100000 1 54
595 100000 100000 2 6 51
553 100000 100000 1 55
438 100000 307 2 55 58
80 100000 100000 1 58
178 356 125 1 64
231 462 162 1 59
22 100000 15 2 58 63
215 100000 150 1 61
88 176 62 2 23 62
148 296 100000 1 57
228 100000 100000 1 60
32 64 22 1 60
59 100000 100000 1 60
443 886 310 2 7 72
71 142 50 1 67
119 238 100000 2 54 75
160 320 112 1 73
482 100000 100000 1 71
168 336 100000 3 24 45 68
195 100000 100000 1 75
158 100000 111 1 70
392 784 100000 2 2 75
167 100000 117 2 76 84
313 100000 100000 2 19 84
198 396 139 1 76
134 268 94 1 78
382 100000 100000 1 76
440 100000 308 2 51 80
163 100000 114 3 78 87 90
465 930 326 1 89
214 100000 100000 1 87
405 100000 100000 2 64 87
165 100000 100000 1 90
45 100000 100000 1 86
149 100000 100000 2 29 90
182 364 100000 2 19 85
381 762 267 1 89
