# Converted from 100_389.csv
100
146 292 102 0
39 78 100000 0
542 1084 100000 0
155 100000 100000 0
177 100000 124 0
300 600 210 3 1 3 4
211 100000 100000 2 0 1
111 222 100000 1 0
86 172 60 1 1
437 874 306 1 1
588 100000 412 1 4
401 100000 100000 1 3
97 194 68 2 1 3
227 100000 100000 1 3
78 156 55 7 5 6 7 8 9 10 13
272 100000 190 4 5 7 9 12
445 890 312 3 5 7 12
282 564 100000 2 5 11
109 100000 100000 2 5 6
99 198 69 1 5
113 100000 100000 2 6 15
402 804 100000 1 17
42 100000 29 1 19
23 100000 100000 2 20 22
361 100000 100000 1 22
488 100000 342 2 21 22
177 100000 100000 2 20 22
106 212 100000 1 20
69 100000 100000 2 8 20
221 100000 155 2 8 22
88 100000 100000 3 23 25 28
226 452 100000 1 23
148 100000 100000 4 14 24 26 29
132 100000 100000 4 8 10 11 23
208 100000 146 2 8 23
242 100000 100000 1 28
219 100000 153 1 35
358 100000 100000 4 17 27 32 33
138 100000 100000 2 18 32
120 240 84 3 14 23 35
339 100000 237 2 10 31
437 100000 100000 1 39
337 100000 100000 1 37
92 184 100000 3 10 29 36
526 100000 100000 2 38 40
235 100000 100000 2 27 39
151 100000 106 1 39
329 658 100000 1 37
27 54 19 3 28 34 38
243 100000 170 3 26 40 41
33 66 100000 2 43 46
108 100000 100000 1 45
568 100000 100000 3 18 21 45
56 100000 100000 3 25 41 42
173 100000 121 2 50 52
225 450 158 1 52
629 100000 100000 1 51
47 100000 100000 6 2 21 27 32 41 50
143 286 100000 1 52
365 730 255 3 40 46 53
38 76 100000 2 49 50
486 100000 340 3 54 58 59
237 100000 100000 2 54 57
57 114 100000 1 57
521 100000 100000 1 54
108 216 100000 3 16 44 57
361 100000 253 1 59
128 256 90 2 43 58
78 100000 100000 1 65
63 126 44 1 61
132 100000 100000 2 49 62
145 100000 100000 3 34 56 66
586 100000 410 4 26 41 51 67
111 100000 100000 1 71
131 100000 100000 4 33 49 62 68
281 562 197 2 63 70
148 100000 100000 4 32 33 54 72
140 100000 98 3 54 55 71
142 100000 99 2 50 73
25 100000 100000 1 74
368 736 100000 2 38 73
53 106 100000 3 44 72 73
571 1142 100000 2 48 75
107 100000 75 2 38 75
79 100000 100000 3 38 60 78
62 100000 43 4 34 58 66 83
266 532 186 4 48 63 73 79
203 406 100000 4 48 55 63 84
127 254 100000 4 72 75 78 86
50 100 35 3 30 81 86
233 100000 163 1 86
265 100000 186 3 61 67 86
526 100000 100000 2 48 85
45 90 100000 2 69 85
183 366 100000 3 57 76 84
92 100000 64 4 47 60 79 85
410 100000 100000 3 82 86 95
116 232 100000 3 93 94 95
127 100000 100000 1 88
467 934 327 2 79 92
