# Converted from 100_73.csv
100
502 1004 351 0
336 100000 235 0
685 100000 100000 0
521 100000 365 0
630 1260 100000 0
695 100000 100000 0
579 100000 100000 1 3
510 1020 100000 1 2
496 992 100000 1 2
425 100000 100000 1 2
546 1092 100000 1 3
346 692 100000 1 4
333 666 233 1 8
452 100000 316 1 10
493 100000 100000 1 9
433 866 303 1 10
639 100000 447 1 10
721 100000 505 1 11
685 100000 100000 1 17
395 790 100000 1 13
460 100000 100000 1 14
394 100000 100000 1 15
487 100000 100000 1 12
593 100000 100000 1 17
704 100000 493 1 16
606 1212 100000 1 16
498 100000 349 1 23
596 100000 100000 1 19
498 100000 100000 1 21
401 802 281 1 20
485 970 340 1 23
455 910 100000 1 25
711 100000 498 1 23
367 734 257 2 10 22
434 100000 100000 1 23
545 1090 100000 1 27
460 100000 100000 1 28
312 100000 218 1 29
531 1062 372 1 31
392 100000 100000 1 30
276 552 100000 1 31
501 100000 351 1 34
380 760 100000 1 32
255 100000 178 1 32
714 1428 100000 1 37
703 100000 100000 1 38
509 1018 356 1 35
456 100000 319 1 36
682 1364 100000 1 40
476 952 333 1 39
761 100000 533 2 22 43
404 100000 283 1 40
509 100000 100000 1 42
483 100000 100000 1 43
472 100000 100000 1 43
741 1482 100000 1 40
603 1206 100000 1 51
590 100000 413 1 48
504 1008 100000 1 45
427 854 100000 1 50
737 100000 516 1 53
432 864 302 1 54
465 100000 326 1 53
466 100000 100000 1 49
423 100000 296 1 47
569 100000 100000 1 48
435 100000 100000 1 59
547 1094 100000 2 51 59
568 100000 398 1 57
516 1032 100000 1 65
583 1166 100000 1 58
652 1304 456 2 33 61
520 100000 100000 1 63
603 1206 100000 2 2 62
569 100000 100000 5 6 18 44 56 66
432 864 302 5 0 1 7 26 67
406 100000 284 1 68
674 100000 100000 1 71
606 100000 424 1 69
419 838 100000 1 70
487 100000 100000 1 70
426 100000 298 1 74
466 100000 100000 1 74
367 100000 100000 1 74
516 1032 100000 1 74
523 100000 366 1 74
601 100000 100000 1 74
538 1076 377 1 74
358 716 100000 1 75
464 928 325 1 75
435 100000 100000 1 75
389 100000 272 1 75
424 100000 100000 1 76
638 1276 447 1 74
461 100000 100000 1 74
496 992 100000 1 77
338 100000 100000 2 60 88
611 100000 100000 1 86
484 100000 100000 1 86
568 100000 398 1 95
