# Converted from 100_427.csv
100
687 1374 481 0
500 100000 350 0
629 100000 440 0
427 100000 100000 0
210 100000 100000 0
461 100000 323 0
551 100000 100000 2 0 3
576 100000 100000 1 2
518 100000 100000 1 0
578 100000 405 1 3
579 100000 100000 1 4
330 100000 231 3 6 9 10
418 100000 100000 1 7
535 100000 374 1 7
328 100000 230 3 6 7 8
494 988 100000 2 12 14
652 100000 456 1 14
608 1216 100000 2 2 11
454 100000 318 2 2 11
328 100000 230 4 1 5 9 13
599 100000 100000 3 15 16 18
429 858 100000 1 18
388 776 100000 1 18
658 1316 100000 3 13 20 21
498 996 349 2 21 22
425 100000 298 3 13 21 22
652 100000 456 2 19 24
444 888 100000 2 23 25
582 1164 100000 2 16 24
578 100000 100000 1 24
401 802 100000 1 24
344 100000 100000 1 24
489 978 342 1 23
548 100000 384 2 31 32
566 100000 396 2 27 28
466 100000 326 3 13 16 31
558 100000 391 1 27
528 100000 370 2 1 29
672 1344 470 2 35 36
506 1012 354 1 35
473 946 100000 2 16 37
550 1100 385 2 33 37
502 100000 351 2 1 34
455 910 100000 1 34
608 1216 426 1 36
381 762 100000 2 29 33
477 100000 100000 1 45
521 100000 100000 2 42 43
356 100000 100000 2 19 43
267 100000 100000 1 40
600 100000 100000 1 42
501 100000 351 2 26 44
366 732 100000 2 28 41
507 100000 100000 3 19 29 42
556 100000 100000 2 5 47
578 100000 405 2 5 47
498 996 100000 2 35 48
406 812 284 1 51
510 1020 357 3 20 25 49
321 100000 100000 1 55
516 100000 361 4 31 40 55 57
504 100000 100000 3 33 57 58
484 968 100000 3 5 45 58
492 984 344 4 37 39 44 54
492 100000 344 2 61 62
328 656 100000 3 17 41 63
600 100000 100000 4 38 49 52 59
580 100000 100000 6 26 39 52 56 58 59
658 100000 100000 4 26 52 62 63
409 100000 100000 1 60
403 806 282 3 26 56 66
422 100000 295 1 69
445 890 100000 2 66 69
555 100000 100000 2 54 64
591 100000 100000 1 64
305 100000 100000 1 65
442 884 309 1 75
409 100000 100000 1 75
513 1026 100000 1 70
370 100000 100000 1 72
384 100000 269 1 75
493 986 100000 2 28 74
612 1224 428 1 72
701 100000 100000 1 80
537 1074 100000 2 75 82
261 100000 100000 4 30 40 52 76
554 100000 100000 3 77 78 82
588 1176 100000 2 62 80
574 1148 402 3 67 68 78
551 100000 100000 1 80
494 988 100000 2 63 79
590 100000 100000 1 90
519 1038 100000 2 84 86
494 988 346 3 55 74 87
580 100000 406 3 48 62 83
663 1326 100000 5 72 73 74 88 89
318 636 100000 3 78 89 90
599 100000 100000 2 26 89
577 1154 100000 1 90
412 100000 100000 3 45 65 90
