# Converted from 100_249.csv
100
202 100000 100000 0
195 390 136 0
151 100000 106 0
446 892 312 0
168 100000 118 0
55 110 100000 1 0
467 934 100000 1 1
178 100000 125 3 2 3 4
199 100000 100000 1 5
101 202 100000 1 6
470 100000 100000 1 7
215 100000 100000 1 7
220 440 154 1 10
245 100000 100000 1 8
127 100000 100000 3 9 10 11
272 100000 190 2 10 11
171 342 120 2 10 11
500 1000 350 1 12
556 1112 100000 1 13
76 100000 100000 3 14 15 16
34 100000 24 3 14 15 16
79 100000 100000 3 14 15 16
104 100000 100000 3 14 15 16
132 264 100000 3 14 15 16
340 100000 100000 3 14 15 16
40 100000 100000 1 17
445 100000 100000 1 19
204 408 100000 6 18 19 20 21 22 23
446 100000 312 5 19 20 21 22 23
186 100000 130 5 19 20 21 22 23
334 100000 100000 4 19 21 22 23
250 500 100000 1 26
128 100000 100000 5 25 27 28 29 30
134 100000 94 3 24 27 28
239 478 100000 2 28 30
92 100000 64 2 28 30
289 578 100000 1 31
73 100000 100000 1 33
25 50 100000 2 32 33
251 100000 100000 3 32 33 34
221 100000 155 2 32 33
129 100000 90 1 36
140 100000 98 1 37
480 100000 100000 1 38
79 100000 55 2 39 40
187 100000 131 1 40
45 100000 100000 1 41
336 672 100000 1 43
541 100000 100000 1 44
111 100000 78 2 29 42
103 206 100000 2 39 45
191 100000 100000 2 35 44
144 100000 100000 1 46
136 272 95 1 48
97 100000 68 1 47
156 312 109 1 50
342 684 239 2 45 49
218 436 153 1 52
183 100000 100000 1 53
66 132 100000 1 55
148 100000 104 1 54
94 188 66 1 56
229 458 100000 1 55
334 100000 100000 2 49 55
329 100000 100000 2 51 56
160 100000 112 1 57
305 610 100000 1 58
301 100000 100000 1 59
183 366 128 1 61
156 312 100000 1 60
132 100000 92 1 62
79 158 100000 2 61 63
54 108 38 1 61
226 452 158 2 61 63
157 314 100000 1 67
199 100000 100000 1 68
457 914 100000 1 69
272 100000 190 1 66
76 152 100000 1 71
85 170 59 1 70
166 332 100000 2 44 65
162 100000 113 2 51 73
120 100000 100000 1 77
228 456 100000 1 78
92 100000 64 2 74 76
135 100000 100000 3 39 72 75
212 100000 100000 3 55 64 80
500 1000 100000 3 38 73 79
126 100000 100000 1 86
64 100000 45 1 82
67 100000 100000 3 83 85 86
134 100000 94 3 38 63 86
41 100000 100000 1 87
202 100000 100000 2 84 86
118 100000 100000 2 84 86
84 168 100000 1 88
541 1082 379 1 89
45 100000 100000 3 61 84 91
219 438 100000 3 90 92 94
533 100000 373 2 90 94
