# Converted from 100_332.csv
100
300 100000 100000 0
168 100000 118 0
130 260 91 0
199 398 139 0
25 100000 18 0
157 100000 100000 0
67 134 100000 1 4
154 308 100000 1 0
70 140 49 1 3
163 326 114 1 0
72 144 100000 1 1
181 100000 127 1 4
239 100000 100000 1 1
44 88 100000 2 8 10
95 190 66 1 8
256 100000 179 2 7 12
225 450 100000 1 9
47 100000 33 1 6
91 100000 100000 1 11
165 100000 100000 1 9
117 100000 100000 1 6
21 42 100000 1 10
82 164 100000 1 17
131 100000 100000 1 21
215 430 100000 1 16
26 100000 100000 1 19
116 232 81 1 20
144 100000 101 1 21
29 100000 100000 1 13
237 474 166 2 20 24
33 100000 100000 1 23
127 100000 100000 1 25
71 142 100000 1 27
23 46 16 1 28
208 100000 146 1 24
27 54 19 1 23
181 362 100000 1 26
43 86 100000 1 27
252 100000 100000 1 25
139 278 100000 2 5 31
104 100000 73 1 29
161 100000 100000 1 32
70 100000 49 1 38
33 100000 100000 1 33
88 100000 62 1 29
157 100000 110 2 43 44
104 100000 73 1 42
332 100000 232 1 42
53 100000 100000 1 44
137 100000 96 1 39
96 100000 100000 2 39 43
108 100000 76 1 42
182 100000 100000 1 44
91 182 64 1 44
99 100000 100000 1 43
102 100000 71 1 49
192 384 134 1 48
99 100000 100000 1 46
214 100000 150 1 45
206 100000 100000 2 20 50
191 100000 100000 1 49
104 208 100000 1 53
259 100000 100000 1 55
70 100000 100000 1 60
130 100000 100000 2 42 56
133 266 93 1 58
89 100000 62 1 57
219 100000 100000 1 61
278 100000 100000 1 57
94 100000 66 2 58 64
188 376 132 1 64
164 100000 100000 1 63
243 486 100000 2 20 63
160 100000 100000 1 64
142 284 100000 1 68
185 370 130 1 62
153 306 100000 1 62
192 384 100000 2 53 69
173 346 100000 1 70
111 100000 100000 2 58 72
122 100000 100000 3 1 22 70
253 100000 100000 2 41 69
108 216 100000 2 23 74
252 504 100000 2 37 72
58 100000 100000 1 70
35 70 24 2 43 75
99 100000 100000 1 71
88 100000 62 1 74
200 400 140 1 73
140 280 100000 1 72
185 100000 100000 3 7 36 84
105 210 74 1 81
197 100000 100000 3 58 67 86
60 100000 42 1 80
64 128 100000 2 78 81
211 100000 148 2 12 89
209 100000 100000 1 81
103 100000 72 1 80
104 100000 100000 1 77
29 58 100000 3 3 88 89
