# Converted from 100_486.csv
100
174 100000 122 0
69 100000 100000 0
159 100000 100000 0
40 100000 28 0
86 100000 100000 2 1 3
59 100000 100000 2 1 3
161 322 100000 2 1 3
131 262 100000 3 4 5 6
51 100000 100000 2 5 6
31 62 22 2 5 6
203 406 142 3 7 8 9
146 292 100000 3 7 8 9
313 100000 100000 2 10 11
355 100000 100000 2 10 11
45 90 100000 2 10 11
112 100000 78 2 10 11
36 100000 25 4 12 13 14 15
67 100000 100000 4 12 13 14 15
82 100000 100000 4 12 13 14 15
183 366 100000 4 12 13 14 15
296 592 207 4 16 17 18 19
269 100000 188 4 16 17 18 19
234 100000 164 4 16 17 18 19
134 268 100000 3 20 21 22
68 100000 48 1 23
79 158 100000 2 0 23
132 264 100000 2 24 25
32 100000 22 3 2 24 25
85 170 100000 2 24 25
141 282 100000 3 26 27 28
139 278 100000 3 26 27 28
146 100000 100000 3 26 27 28
224 448 100000 3 26 27 28
165 330 115 4 29 30 31 32
121 100000 100000 4 29 30 31 32
168 100000 100000 4 29 30 31 32
35 70 24 3 33 34 35
176 352 123 3 33 34 35
171 100000 120 3 33 34 35
203 100000 142 3 33 34 35
173 346 100000 3 33 34 35
150 100000 100000 4 36 37 38 40
107 100000 100000 4 36 37 38 40
62 100000 100000 4 36 37 38 39
88 176 100000 3 36 37 38
177 100000 100000 2 43 44
299 100000 209 2 43 44
346 692 100000 2 43 44
111 100000 78 2 42 43
96 100000 67 2 42 43
82 100000 57 4 45 47 48 49
43 100000 100000 4 46 47 48 49
62 124 43 3 45 47 49
61 100000 100000 2 40 46
58 100000 41 2 47 49
135 100000 100000 1 50
147 100000 103 1 52
315 100000 220 3 41 48 54
216 100000 151 2 50 52
170 100000 100000 4 41 46 55 58
242 484 169 2 55 57
69 138 100000 2 41 55
168 336 100000 3 59 60 61
123 100000 86 2 59 61
73 100000 100000 2 54 59
124 248 100000 1 59
247 494 173 2 59 61
209 100000 100000 3 53 54 61
37 100000 26 4 62 63 65 67
128 256 100000 3 62 63 65
116 232 100000 2 62 64
109 218 76 2 54 63
34 100000 24 1 69
145 100000 102 1 68
287 100000 201 2 67 70
112 224 100000 1 74
258 100000 181 3 64 67 72
106 212 100000 2 51 73
168 100000 100000 2 75 76
24 100000 100000 5 56 64 66 72 77
126 100000 88 3 66 75 76
137 274 100000 2 79 80
142 100000 100000 2 68 80
188 100000 100000 2 73 80
94 100000 100000 2 81 82
96 100000 100000 2 81 83
165 100000 115 1 81
110 100000 77 1 81
23 100000 100000 2 84 87
213 426 149 2 86 87
89 178 62 3 84 86 87
66 132 100000 2 86 88
57 100000 100000 1 89
214 428 100000 1 89
127 100000 100000 1 90
379 100000 100000 2 78 89
233 100000 163 2 83 94
143 286 100000 2 83 95
212 424 100000 2 96 97
29 58 100000 1 96
