# Converted from 100_31.csv
100
265 530 100000 0
36 72 100000 0
59 100000 100000 0
115 230 80 0
77 100000 54 0
34 100000 100000 0
291 100000 100000 0
47 100000 33 0
139 278 97 0
77 100000 54 1 4
174 100000 100000 1 3
114 228 80 1 4
100 200 100000 1 6
101 202 100000 1 6
32 100000 100000 1 8
75 150 100000 1 14
104 100000 100000 1 12
151 100000 106 1 14
40 100000 100000 1 9
94 188 100000 1 12
91 182 100000 1 10
117 234 100000 1 11
76 152 53 1 12
76 100000 53 1 12
232 100000 162 1 13
296 100000 207 1 20
242 100000 100000 1 22
257 100000 180 1 24
156 100000 100000 1 18
230 100000 100000 1 22
244 100000 171 1 19
158 316 100000 1 21
45 100000 100000 1 23
43 100000 100000 1 23
108 216 76 1 23
87 174 100000 1 23
304 608 100000 1 23
50 100 100000 8 0 1 2 15 16 25 26 35
311 100000 218 2 28 30
217 434 152 1 36
218 100000 153 1 29
40 100000 28 1 35
45 100000 100000 1 35
145 290 100000 1 34
68 136 100000 1 33
91 100000 64 1 37
147 100000 100000 1 37
112 224 100000 1 37
70 100000 49 1 37
124 100000 87 1 37
67 100000 100000 1 40
214 100000 100000 1 41
157 314 100000 1 44
34 68 100000 1 44
23 46 100000 1 41
110 100000 100000 1 51
23 46 100000 1 52
87 100000 100000 1 49
277 100000 100000 1 46
253 100000 177 1 54
98 100000 100000 1 52
73 100000 51 1 48
86 100000 100000 1 45
68 100000 100000 1 45
374 100000 100000 1 48
257 514 180 1 58
124 100000 100000 1 56
94 100000 100000 1 60
28 100000 20 1 55
99 198 69 1 59
135 270 100000 2 47 63
255 100000 100000 2 4 59
82 100000 100000 1 70
246 100000 172 1 66
23 100000 100000 1 67
48 100000 100000 1 67
51 102 100000 2 34 71
120 100000 84 1 69
28 100000 20 2 47 71
86 100000 60 1 77
121 100000 100000 1 73
124 248 87 1 74
344 688 241 1 75
40 80 100000 1 76
192 100000 100000 1 77
50 100 100000 8 17 27 38 39 50 65 72 79
178 356 100000 1 82
259 518 100000 2 54 80
164 100000 115 1 81
79 100000 100000 1 84
327 100000 229 3 45 46 84
90 100000 63 1 83
113 226 100000 1 85
163 326 114 1 85
192 384 100000 1 85
146 100000 102 1 85
88 100000 62 1 85
112 100000 100000 1 86
86 172 60 1 91
100 200 70 1 88
