# Converted from 100_133.csv
100
632 1264 100000 0
338 100000 100000 0
472 100000 100000 0
567 1134 397 0
588 100000 412 0
620 1240 434 0
457 914 100000 2 4 5
706 100000 100000 1 5
452 100000 316 1 4
447 100000 100000 1 5
633 1266 443 1 4
444 888 311 1 10
444 100000 100000 1 10
584 100000 409 1 10
445 100000 100000 1 10
493 986 100000 1 10
635 100000 100000 1 10
418 100000 100000 2 13 14
435 100000 304 2 13 16
488 100000 100000 1 13
567 1134 397 1 14
502 100000 100000 1 13
337 100000 236 1 21
393 786 100000 2 14 21
399 100000 100000 2 16 21
807 1614 565 1 21
408 816 286 1 21
443 886 100000 2 16 21
333 100000 233 3 5 14 21
613 100000 429 9 0 1 2 6 11 17 18 19 22
537 100000 100000 3 26 27 28
456 100000 319 2 27 28
330 100000 100000 3 16 26 28
539 100000 100000 1 29
605 100000 100000 1 29
575 100000 100000 1 29
434 100000 100000 1 29
504 1008 100000 1 29
547 1094 100000 1 29
534 100000 100000 1 29
521 1042 100000 6 3 20 25 29 30 31
526 1052 100000 3 29 31 32
728 1456 100000 1 40
552 100000 100000 1 40
436 100000 305 1 40
666 1332 100000 1 40
456 912 100000 1 40
383 766 268 1 40
411 100000 100000 1 40
505 100000 354 1 40
604 100000 423 1 40
458 100000 100000 1 40
323 100000 100000 1 40
470 940 329 3 31 34 37
568 1136 100000 6 15 34 35 41 44 52
385 770 100000 6 32 43 44 46 52 53
906 100000 100000 3 34 46 48
508 100000 100000 1 52
693 100000 485 4 41 42 44 53
245 100000 100000 4 15 43 57 58
493 986 100000 5 7 8 42 54 55
419 838 100000 5 39 41 46 53 57
540 100000 100000 5 35 43 48 57 58
671 100000 100000 1 58
480 960 336 4 32 37 42 57
454 908 100000 1 60
310 100000 217 1 60
457 100000 320 1 60
537 100000 100000 1 60
323 646 226 1 60
512 100000 358 1 60
359 718 251 7 9 12 24 56 61 62 63
437 100000 100000 3 46 51 62
379 100000 265 2 64 71
570 1140 399 3 51 62 66
618 100000 100000 1 71
480 100000 336 1 71
606 1212 424 1 71
392 784 274 1 71
537 100000 100000 2 51 71
347 100000 100000 5 38 39 50 65 67
679 1358 100000 4 38 47 72 78
537 100000 376 1 76
624 100000 100000 2 69 79
520 1040 364 2 81 82
532 100000 372 2 65 84
489 978 100000 2 66 84
428 856 300 1 84
450 100000 100000 2 60 84
539 1078 100000 7 23 59 67 73 74 79 85
548 1096 100000 2 49 86
294 100000 206 1 86
437 100000 100000 1 89
700 1400 490 1 89
584 1168 100000 1 89
526 100000 100000 1 89
378 100000 100000 1 89
534 100000 374 1 89
647 100000 100000 1 89
486 100000 340 1 89
