# Converted from 100_401.csv
100
194 100000 100000 0
148 100000 104 0
111 100000 100000 0
119 238 100000 0
223 100000 156 2 0 3
221 100000 155 2 2 3
133 100000 93 2 0 3
155 100000 108 1 1
317 100000 100000 3 4 5 7
33 100000 100000 2 4 5
279 558 100000 1 5
84 168 100000 1 7
215 100000 150 1 5
62 100000 100000 1 6
139 100000 97 2 1 6
247 100000 173 1 7
88 100000 100000 2 8 9
31 62 100000 3 8 9 11
217 100000 100000 2 8 12
289 100000 100000 2 8 14
39 100000 100000 1 10
143 286 100000 2 10 14
65 100000 100000 4 7 10 12 14
210 100000 147 2 20 21
194 100000 100000 1 19
206 100000 144 1 22
47 100000 100000 2 20 22
198 100000 139 1 17
120 240 100000 2 6 17
187 374 131 4 23 25 26 27
48 96 34 3 18 25 27
182 364 127 1 23
67 100000 47 1 26
131 262 100000 2 9 26
116 232 100000 2 17 24
133 100000 93 2 17 24
81 100000 100000 2 12 34
36 72 100000 1 30
126 100000 100000 1 30
104 208 73 2 24 29
22 100000 100000 2 28 30
173 346 100000 3 33 38 39
155 100000 108 1 40
106 212 74 1 40
166 100000 100000 2 28 39
200 100000 100000 2 33 38
185 370 100000 3 26 36 37
189 378 132 2 41 46
172 344 120 1 46
184 100000 100000 4 13 33 39 46
339 100000 100000 3 34 40 44
55 100000 100000 3 37 39 43
253 100000 100000 5 24 31 37 43 45
151 302 106 2 23 46
31 62 100000 1 53
106 100000 100000 1 51
118 100000 83 1 53
177 354 100000 2 48 51
228 456 160 1 53
251 100000 100000 3 32 38 49
400 800 280 3 32 49 50
140 280 98 2 33 57
97 194 68 3 15 44 56
104 100000 73 1 60
173 100000 100000 2 54 56
139 278 100000 2 16 55
148 296 104 2 44 56
134 100000 100000 3 57 62 64
193 100000 100000 4 13 32 54 65
287 574 100000 2 60 64
127 100000 100000 3 13 43 62
117 100000 82 2 51 63
71 142 50 3 13 40 66
29 100000 100000 5 49 50 61 65 72
160 100000 112 2 58 71
52 100000 100000 1 68
259 518 100000 2 58 71
125 100000 88 1 71
56 100000 100000 2 67 68
105 210 100000 2 15 77
60 120 42 3 73 77 78
207 100000 145 1 73
158 100000 100000 2 32 73
28 56 100000 2 64 74
50 100 35 2 57 77
249 100000 100000 1 74
65 100000 100000 1 82
127 100000 100000 2 65 84
129 258 100000 4 48 68 77 85
65 100000 46 2 79 86
352 100000 100000 1 88
92 184 64 3 45 70 87
302 604 100000 4 38 75 85 86
34 100000 100000 1 87
286 100000 200 1 88
64 128 100000 1 87
41 82 100000 3 76 92 95
181 100000 100000 1 92
75 150 52 1 91
167 100000 100000 1 91
