# Converted from 100_237.csv
100
337 100000 100000 0
100 200 100000 0
216 432 151 0
120 100000 100000 0
145 290 102 1 2
505 100000 354 1 0
159 100000 100000 1 1
533 1066 373 2 2 3
272 100000 190 2 2 3
23 100000 16 2 2 3
279 558 100000 1 7
93 186 100000 1 4
259 518 181 1 8
72 100000 50 1 6
226 452 100000 4 5 7 8 9
279 100000 100000 3 7 8 9
204 100000 143 3 7 8 9
256 100000 179 1 10
149 298 104 1 12
69 100000 100000 1 11
167 100000 100000 4 13 14 15 16
164 100000 100000 3 14 15 16
526 1052 100000 3 14 15 16
266 532 186 1 18
255 100000 100000 1 19
236 100000 100000 4 17 20 21 22
217 100000 152 3 20 21 22
50 100000 100000 3 20 21 22
174 100000 100000 3 20 21 22
343 100000 100000 3 20 21 22
405 810 100000 1 23
455 910 318 1 24
103 100000 100000 4 25 26 27 28
107 214 100000 5 25 26 27 28 29
97 100000 100000 4 25 26 28 29
239 478 100000 5 25 26 27 28 29
128 100000 100000 4 25 27 28 29
138 276 97 4 25 27 28 29
71 142 100000 1 30
418 836 100000 1 31
291 582 100000 6 32 33 34 35 36 37
142 100000 99 5 32 33 34 35 36
470 100000 100000 4 32 33 34 35
435 100000 304 1 38
472 100000 100000 1 40
136 272 95 1 39
41 82 100000 1 40
248 100000 100000 2 41 42
492 984 100000 2 41 42
312 100000 100000 2 41 42
386 772 270 1 47
190 100000 100000 1 44
314 628 100000 1 48
175 350 122 1 45
201 402 141 1 46
62 100000 100000 3 40 43 47
87 100000 100000 1 48
251 100000 100000 1 50
277 100000 100000 1 56
518 100000 363 1 52
313 100000 100000 1 53
333 666 233 2 51 55
206 412 100000 2 54 56
70 140 49 1 56
94 188 100000 3 40 47 56
131 100000 92 1 59
218 100000 100000 1 57
30 100000 21 1 58
174 348 100000 1 60
240 480 100000 3 61 62 63
87 100000 61 4 49 55 62 63
21 100000 100000 1 61
164 328 115 1 63
61 100000 100000 1 65
209 418 146 1 66
154 100000 100000 1 68
38 100000 27 4 67 69 71 72
430 100000 100000 3 48 49 71
87 100000 100000 1 74
323 100000 226 3 73 75 77
265 100000 100000 2 63 77
45 90 31 2 69 77
91 100000 64 1 79
383 100000 268 1 79
515 100000 100000 1 79
45 90 100000 4 70 76 78 79
137 100000 100000 2 64 81
26 100000 100000 1 84
510 100000 100000 1 82
224 100000 157 1 83
231 100000 100000 1 85
70 100000 49 3 62 72 84
482 100000 100000 4 64 81 84 85
309 100000 100000 2 85 86
75 100000 100000 1 87
158 316 111 4 76 81 88 89
539 1078 100000 2 81 94
167 334 117 2 64 95
143 286 100 2 93 95
248 100000 174 3 64 90 95
