# Converted from 100_233.csv
100
134 100000 100000 0
293 586 100000 0
30 60 100000 0
24 100000 100000 0
540 100000 378 3 1 2 3
438 100000 100000 3 1 2 3
149 298 100000 3 1 2 3
119 100000 83 3 1 2 3
531 100000 100000 3 1 2 3
98 196 100000 1 4
275 100000 100000 1 5
118 100000 83 6 0 4 5 6 7 8
149 298 100000 1 9
484 968 339 1 11
159 318 111 1 10
183 100000 128 1 11
81 162 57 1 11
88 100000 100000 1 11
422 100000 100000 1 15
136 100000 95 1 16
307 100000 215 1 13
185 100000 130 1 14
130 100000 91 3 15 16 17
124 248 100000 4 12 15 16 17
231 100000 100000 3 15 16 17
35 100000 100000 1 22
51 102 100000 1 20
100 100000 100000 1 21
135 270 94 1 18
37 74 26 1 19
236 100000 100000 2 22 23
435 100000 100000 1 25
431 862 100000 1 26
300 100000 100000 1 27
24 100000 100000 1 28
357 100000 250 1 30
329 100000 100000 1 30
106 212 100000 2 29 30
39 100000 100000 1 30
462 100000 323 1 30
532 100000 100000 1 30
487 974 100000 1 36
57 100000 100000 1 35
70 100000 100000 1 33
46 100000 32 5 31 36 37 39 40
76 100000 53 3 32 36 37
573 1146 401 3 34 36 39
104 100000 73 2 37 38
89 178 62 1 38
380 100000 266 1 41
75 150 52 1 47
63 100000 44 1 43
23 46 100000 3 44 47 48
508 100000 356 4 40 42 46 47
196 100000 100000 2 24 44
211 100000 100000 2 36 48
461 922 323 1 52
75 150 52 1 50
49 100000 100000 3 46 51 55
99 198 69 4 24 40 46 49
226 100000 100000 2 46 55
131 100000 100000 3 37 39 55
228 100000 160 2 46 54
148 296 104 1 58
562 1124 393 1 56
149 100000 100000 1 60
131 100000 100000 1 57
217 100000 100000 3 37 59 60
82 164 100000 1 63
258 516 100000 1 64
146 100000 100000 1 65
188 376 100000 4 45 53 59 66
176 352 100000 2 45 67
96 192 100000 1 69
252 504 176 1 70
307 614 215 3 52 59 68
182 100000 100000 3 52 61 72
90 100000 100000 3 58 61 71
181 362 100000 2 55 71
106 100000 74 1 76
125 100000 100000 1 77
543 100000 100000 3 60 73 75
68 100000 100000 3 54 76 78
175 100000 122 5 24 44 45 47 74
109 100000 76 1 82
193 100000 100000 1 79
511 100000 100000 1 80
66 100000 100000 3 75 82 83
448 100000 100000 3 76 77 83
213 426 100000 4 62 72 78 81
130 100000 100000 2 71 81
181 362 127 1 87
543 1086 100000 1 84
206 412 100000 2 85 86
478 956 100000 3 82 83 89
522 100000 365 2 76 90
171 342 120 1 91
536 1072 100000 3 89 92 93
118 236 83 3 88 89 95
35 100000 24 2 88 93
