# Converted from 100_37.csv
100
132 100000 92 0
200 400 140 0
35 100000 24 0
144 288 100000 0
129 258 100000 0
46 92 100000 0
218 100000 100000 0
98 196 100000 0
179 358 100000 0
28 56 20 0
29 58 100000 0
126 100000 88 1 8
188 100000 100000 6 0 1 2 3 4 5
174 100000 122 1 7
88 100000 100000 1 6
221 100000 100000 1 10
281 562 100000 1 7
57 100000 40 1 10
57 100000 40 1 12
231 100000 100000 1 12
119 100000 100000 1 12
41 100000 100000 1 12
78 100000 100000 1 12
136 272 100000 1 12
208 100000 100000 1 12
266 532 100000 1 12
122 100000 100000 1 13
29 100000 20 1 14
96 100000 100000 1 15
266 100000 100000 1 16
56 100000 100000 1 17
137 274 100000 1 24
190 100000 100000 1 21
30 60 21 1 26
278 100000 100000 2 19 30
81 162 57 1 30
57 100000 100000 1 25
119 100000 100000 1 33
80 100000 100000 1 34
52 104 36 1 34
31 62 22 1 35
73 100000 51 1 34
64 128 100000 1 35
177 354 124 1 35
168 100000 100000 1 38
212 100000 100000 1 43
108 216 100000 1 40
140 100000 98 1 42
41 100000 100000 1 42
246 100000 172 1 44
280 100000 100000 1 45
53 106 37 1 47
35 70 24 1 45
77 154 100000 2 45 46
159 318 111 1 47
65 130 100000 1 51
203 100000 100000 1 49
223 100000 156 1 50
266 100000 100000 1 53
123 246 86 1 53
94 100000 66 1 51
38 100000 100000 1 53
153 306 107 2 8 53
47 100000 100000 1 54
151 302 106 1 55
270 100000 189 1 58
107 100000 75 1 57
257 514 100000 1 62
97 100000 68 2 22 63
104 100000 100000 1 56
34 100000 24 1 59
207 100000 100000 1 60
297 100000 100000 1 61
82 164 57 1 68
122 244 85 1 67
70 100000 100000 1 64
88 100000 100000 1 65
132 100000 100000 1 68
112 100000 100000 2 24 66
56 100000 100000 2 24 67
115 230 100000 1 71
45 100000 31 5 11 31 32 37 73
126 252 88 1 74
67 134 47 1 75
89 178 100000 1 77
70 100000 100000 1 76
99 198 100000 1 80
150 100000 105 1 79
44 100000 100000 2 51 79
191 100000 134 1 81
234 468 100000 1 81
350 700 245 1 81
263 100000 184 1 81
139 100000 97 1 81
113 100000 79 1 81
94 100000 100000 1 81
155 100000 100000 1 81
350 700 100000 1 83
93 186 100000 2 82 84
159 318 100000 1 88
