# Converted from 100_218.csv
100
523 100000 366 0
442 100000 100000 0
627 1254 100000 0
628 1256 440 0
330 660 100000 0
536 100000 100000 0
333 666 233 0
404 100000 283 0
532 100000 100000 0
435 100000 304 0
389 778 272 0
534 1068 100000 1 2
554 100000 388 1 3
504 100000 100000 1 0
393 100000 100000 1 1
538 1076 377 1 2
638 1276 100000 1 4
549 1098 384 1 6
501 100000 100000 1 6
544 100000 100000 1 4
525 1050 100000 1 10
569 100000 100000 1 8
638 100000 100000 1 17
482 100000 337 1 14
577 100000 100000 1 11
499 100000 100000 1 12
228 456 100000 1 18
672 1344 470 1 13
692 1384 100000 1 15
617 100000 432 1 16
453 100000 317 2 7 20
471 100000 330 2 18 19
359 100000 251 1 19
428 100000 100000 1 30
530 1060 100000 1 22
302 604 100000 1 23
613 1226 429 1 26
432 864 302 1 29
544 100000 100000 4 24 25 27 28
553 100000 100000 1 32
367 100000 100000 2 2 32
471 100000 100000 1 30
530 100000 100000 4 9 20 31 32
415 830 100000 1 33
511 1022 100000 1 35
516 100000 100000 1 37
524 1048 100000 1 36
519 100000 363 1 34
386 100000 100000 1 42
339 678 100000 2 41 42
475 100000 100000 1 41
306 100000 100000 1 42
519 100000 100000 1 43
699 1398 100000 1 44
470 100000 329 1 45
323 100000 226 1 47
588 1176 100000 1 46
527 100000 100000 1 49
282 564 100000 2 50 51
420 100000 294 1 52
456 912 319 1 54
805 100000 564 1 57
471 100000 330 1 55
549 1098 100000 2 53 56
728 100000 100000 2 8 57
431 862 302 1 59
492 100000 344 1 60
435 100000 304 1 64
414 828 100000 1 61
576 100000 100000 3 5 7 62
516 100000 100000 2 51 64
480 960 100000 2 58 64
539 1078 100000 1 65
330 660 231 1 66
329 100000 100000 1 67
582 100000 100000 2 51 68
555 100000 388 4 38 40 64 69
494 988 100000 1 69
475 950 332 1 69
495 100000 346 1 72
643 100000 450 1 73
328 656 230 1 74
635 100000 444 2 50 75
550 1100 100000 2 64 75
433 100000 303 4 39 58 76 77
397 794 278 1 79
572 100000 100000 3 5 19 80
601 100000 100000 2 48 83
461 100000 100000 2 48 82
398 100000 279 1 84
634 1268 100000 1 82
341 100000 100000 3 9 50 85
641 100000 100000 2 82 89
494 988 100000 2 48 90
485 970 100000 2 8 88
656 1312 459 3 39 64 88
505 100000 354 1 89
319 100000 223 2 3 88
391 100000 100000 2 9 86
563 100000 100000 3 9 69 86
