# Converted from 100_415.csv
100
287 100000 201 0
105 100000 100000 0
237 100000 100000 0
60 100000 100000 0
112 100000 100000 0
69 100000 100000 0
91 100000 100000 1 4
172 344 100000 2 2 4
94 100000 100000 1 4
76 152 53 1 4
177 354 100000 1 1
43 86 100000 1 3
41 82 100000 1 0
121 242 85 3 5 6 7
155 100000 108 1 7
130 100000 91 2 7 12
237 100000 100000 2 6 7
155 100000 100000 1 8
218 100000 100000 1 8
313 100000 100000 3 14 15 18
139 278 97 2 14 15
163 100000 114 3 9 10 16
97 194 68 1 16
243 486 100000 2 12 13
222 100000 155 1 19
101 202 71 1 19
43 86 100000 2 0 22
52 104 36 2 15 21
74 100000 100000 1 19
75 150 52 2 0 22
45 100000 100000 4 17 24 25 27
182 100000 100000 3 3 24 25
193 100000 100000 5 3 5 6 24 25
115 100000 100000 3 23 25 28
58 116 41 3 5 24 25
56 100000 100000 1 33
165 100000 100000 1 33
159 100000 111 2 13 34
103 100000 72 4 9 31 33 34
100 200 70 2 30 33
92 100000 64 4 1 9 32 33
76 100000 100000 5 27 35 36 37 38
174 348 100000 3 36 37 40
299 100000 209 1 38
173 100000 121 1 40
81 100000 100000 3 22 27 35
91 182 100000 1 36
247 494 100000 1 41
49 98 34 1 46
164 328 100000 1 44
208 416 100000 2 42 44
185 370 100000 2 39 42
116 100000 81 1 45
94 100000 100000 3 36 43 44
34 68 100000 1 50
60 100000 100000 2 16 49
34 100000 24 2 42 49
186 100000 130 2 16 50
74 100000 52 1 53
261 100000 100000 2 11 57
225 100000 158 3 26 34 55
317 100000 222 1 56
80 100000 56 3 17 47 57
66 100000 100000 3 16 54 58
118 100000 83 2 29 62
226 452 100000 1 62
43 86 30 3 41 60 63
100 200 100000 2 26 63
53 106 100000 2 54 60
118 236 83 2 64 65
76 152 53 3 20 64 67
45 90 31 2 21 67
167 334 117 3 11 21 67
133 100000 93 2 43 65
121 100000 100000 5 48 58 60 64 73
94 188 66 3 46 49 70
157 100000 100000 3 27 55 71
115 100000 100000 2 71 72
100 200 100000 2 41 71
248 100000 174 2 58 69
147 100000 100000 1 69
65 100000 46 5 20 51 64 71 72
97 194 100000 2 68 80
31 100000 100000 4 11 45 66 74
81 100000 57 3 39 75 80
31 100000 100000 2 77 79
128 100000 100000 2 56 83
150 100000 100000 3 61 70 82
90 180 100000 3 52 53 82
141 100000 100000 2 61 85
169 338 100000 2 74 85
51 102 36 2 67 83
131 100000 100000 1 83
162 100000 100000 4 77 82 86 91
209 100000 100000 2 56 90
178 100000 100000 4 61 81 83 90
46 92 32 2 68 92
109 218 100000 1 89
153 306 100000 2 69 91
127 100000 100000 2 48 87
