# Converted from 100_315.csv
100
56 112 39 0
449 100000 100000 0
501 100000 351 0
116 100000 81 0
207 100000 100000 0
234 100000 164 0
204 408 100000 0
313 100000 100000 0
553 1106 100000 0
250 500 100000 1 2
135 100000 100000 1 3
115 100000 100000 1 6
73 146 100000 1 8
48 96 100000 1 1
182 364 127 1 3
207 414 145 1 7
341 682 100000 1 5
313 100000 100000 1 1
321 100000 225 1 2
169 100000 100000 1 10
197 100000 100000 1 14
256 100000 100000 1 18
65 130 46 1 16
269 538 100000 1 14
69 100000 100000 1 20
121 100000 100000 1 21
357 100000 100000 1 21
218 100000 100000 1 19
174 348 122 1 21
315 100000 100000 2 7 21
347 100000 100000 1 21
197 100000 138 2 2 19
321 642 100000 1 20
100 200 70 1 20
302 604 211 2 16 23
276 100000 100000 1 21
143 100000 100000 1 30
140 100000 100000 1 26
145 290 102 2 25 33
167 100000 117 2 15 35
25 100000 100000 2 28 32
279 100000 195 2 21 24
38 76 27 2 16 30
52 104 100000 1 38
231 100000 100000 1 42
354 100000 248 1 37
166 100000 100000 1 38
558 1116 100000 3 25 29 41
104 100000 100000 1 38
249 100000 100000 2 43 47
32 64 100000 2 31 43
171 342 100000 1 45
268 536 100000 1 46
101 100000 71 1 47
27 54 100000 1 46
369 100000 258 1 47
102 204 71 2 26 47
312 100000 100000 1 44
208 100000 146 1 45
68 136 100000 2 44 47
21 100000 100000 2 43 44
215 430 100000 1 46
100 100000 70 1 56
72 100000 100000 1 60
75 100000 100000 2 13 51
150 100000 100000 2 31 59
547 1094 383 1 51
31 100000 22 1 54
93 100000 65 2 19 55
209 100000 100000 2 23 54
108 100000 76 1 50
272 544 100000 1 58
257 100000 180 1 63
145 100000 100000 2 51 70
543 1086 100000 1 64
72 100000 100000 2 56 69
34 100000 24 1 68
22 44 100000 1 66
248 100000 100000 1 71
328 656 230 2 48 66
513 1026 359 3 8 57 76
61 100000 100000 1 74
544 100000 381 1 76
288 100000 100000 3 19 57 79
228 100000 160 2 57 76
503 1006 100000 2 42 76
286 572 100000 3 4 29 83
581 100000 100000 1 80
96 100000 67 3 29 57 81
88 100000 100000 1 81
252 504 176 2 27 85
220 100000 100000 1 82
87 174 61 3 27 82 83
83 100000 58 1 82
218 100000 153 1 87
508 1016 100000 1 89
225 100000 158 2 8 88
504 1008 100000 1 90
57 114 40 2 46 88
295 590 206 3 17 32 90
