# Converted from 100_46.csv
100
159 100000 111 0
156 100000 100000 0
95 190 66 0
206 100000 100000 0
79 100000 100000 0
225 450 100000 1 4
71 100000 100000 1 1
151 100000 100000 1 2
99 100000 69 1 2
131 100000 100000 1 4
34 68 24 1 4
180 360 100000 1 2
164 100000 115 1 4
68 100000 100000 1 12
91 100000 100000 1 9
81 100000 100000 1 6
71 100000 100000 1 7
67 134 100000 1 8
51 100000 100000 1 9
121 242 85 1 9
89 178 100000 1 9
197 394 138 1 9
80 100000 56 1 10
136 272 100000 2 15 17
38 100000 100000 1 21
119 100000 100000 1 20
98 100000 69 1 19
159 318 100000 1 18
117 100000 100000 1 16
126 100000 100000 2 11 21
70 100000 100000 1 20
64 128 45 1 21
59 118 100000 1 22
268 536 188 1 20
114 100000 100000 1 31
139 100000 97 1 30
220 100000 154 1 26
86 100000 100000 1 27
155 100000 108 1 29
230 100000 161 1 28
203 406 100000 1 28
219 438 153 1 37
201 100000 100000 1 39
108 216 76 1 39
117 234 100000 1 40
23 46 100000 1 36
79 158 100000 1 38
169 338 118 1 38
68 100000 100000 1 39
74 148 52 1 38
184 368 129 1 38
54 100000 100000 7 13 23 24 34 41 42 43
83 166 100000 1 49
161 322 100000 1 49
222 100000 155 1 47
43 100000 100000 1 45
90 180 100000 1 48
32 100000 22 1 46
214 428 150 1 47
137 100000 100000 1 48
233 100000 100000 1 47
260 520 182 1 51
195 100000 100000 1 51
92 184 100000 1 51
38 76 27 1 51
115 100000 100000 1 51
165 100000 100000 1 51
86 172 100000 1 51
154 100000 100000 1 51
80 100000 100000 1 51
117 234 100000 8 0 5 14 25 35 44 52 53
150 300 105 1 54
263 100000 184 1 56
103 206 72 1 55
31 100000 22 1 57
313 100000 100000 2 32 60
98 100000 100000 1 60
137 100000 96 1 70
180 100000 126 1 70
179 100000 125 1 70
234 468 100000 1 70
202 100000 100000 1 73
226 452 158 1 71
148 296 100000 1 72
309 618 100000 1 74
118 100000 83 1 66
90 100000 63 1 64
204 408 143 1 64
61 100000 43 1 81
331 100000 100000 1 85
50 100 35 1 83
53 100000 37 1 88
277 100000 100000 1 89
125 100000 100000 1 88
109 218 100000 1 89
188 100000 132 1 89
172 100000 100000 1 93
187 100000 100000 1 92
33 100000 100000 1 93
128 100000 100000 1 95
