# Converted from 100_462.csv
100
51 102 100000 0
226 452 100000 0
64 100000 45 0
466 100000 100000 0
170 340 100000 4 0 1 2 3
159 318 111 4 0 1 2 3
596 1192 100000 4 0 1 2 3
389 100000 272 4 0 1 2 3
78 100000 100000 4 4 5 6 7
271 100000 100000 4 4 5 6 7
508 100000 100000 2 8 9
266 532 100000 2 8 9
229 100000 100000 2 8 9
558 1116 391 2 8 9
86 172 60 4 10 11 12 13
29 100000 100000 4 10 11 12 13
566 100000 396 4 10 11 12 13
35 100000 24 3 14 15 16
170 340 119 3 14 15 16
529 100000 100000 3 14 15 16
167 334 100000 3 17 18 19
32 64 100000 3 17 18 19
228 456 100000 3 17 18 19
97 100000 100000 3 17 18 19
45 100000 100000 4 20 21 22 23
139 100000 100000 4 20 21 22 23
215 100000 100000 4 20 21 22 23
101 100000 100000 4 20 21 22 23
94 100000 100000 4 20 21 22 23
143 286 100000 4 20 21 22 23
221 100000 155 6 24 25 26 27 28 29
73 100000 51 6 24 25 26 27 28 29
83 100000 100000 5 24 25 26 27 28
91 100000 64 5 24 25 26 27 28
219 100000 100000 4 30 31 32 33
478 100000 335 4 30 31 32 33
148 100000 100000 2 31 32
30 60 21 2 35 36
60 120 100000 2 33 36
105 100000 100000 2 34 36
291 100000 204 3 37 38 39
498 996 100000 3 37 38 39
360 100000 100000 2 40 41
139 100000 100000 2 40 41
165 330 115 2 40 41
532 1064 100000 2 40 41
89 100000 100000 3 42 43 45
164 328 115 2 42 45
74 148 100000 2 46 47
173 346 121 2 46 47
187 100000 100000 2 46 47
346 100000 242 2 48 50
238 100000 100000 2 48 50
439 100000 307 3 48 49 50
20 100000 14 2 48 50
359 100000 100000 4 44 51 52 54
193 100000 135 4 44 51 52 54
254 100000 100000 3 44 52 53
253 100000 177 3 55 56 57
81 162 100000 1 56
159 318 111 2 58 59
60 120 100000 1 58
74 148 52 1 58
226 100000 100000 1 59
213 426 149 1 61
270 540 189 1 63
175 100000 100000 1 63
194 100000 136 2 64 65
73 146 100000 2 60 66
88 176 62 2 55 66
130 260 100000 1 65
63 100000 100000 3 64 68 70
576 100000 100000 2 68 70
292 100000 204 2 65 68
261 100000 183 1 69
114 228 100000 1 67
105 100000 100000 2 73 75
48 96 100000 2 58 74
444 888 100000 3 61 65 74
213 100000 149 1 71
234 100000 100000 3 61 69 72
60 100000 100000 2 76 78
81 162 57 3 72 78 79
75 150 52 1 81
238 100000 167 1 82
77 100000 54 1 84
104 208 100000 1 84
276 100000 193 2 70 83
556 1112 389 2 70 83
22 100000 100000 2 67 86
54 100000 100000 2 77 85
79 100000 55 2 72 88
186 100000 130 1 85
253 100000 177 2 89 90
338 676 100000 2 89 92
414 100000 100000 1 93
575 100000 100000 1 93
409 100000 100000 2 91 94
240 480 100000 1 94
216 432 100000 2 80 93
