# Converted from 100_53.csv
100
514 1028 360 0
389 778 100000 0
727 100000 100000 0
383 766 268 0
386 100000 100000 0
467 100000 100000 0
575 100000 402 0
304 100000 100000 0
615 1230 100000 0
474 100000 100000 0
449 100000 314 5 2 3 4 5 6
466 100000 326 1 7
604 100000 100000 1 9
344 100000 100000 1 8
687 1374 100000 1 10
526 1052 368 1 10
375 100000 100000 1 10
542 1084 100000 1 10
381 762 100000 1 10
413 100000 289 1 10
612 100000 428 1 10
457 914 100000 1 11
582 1164 100000 1 13
383 100000 100000 1 12
494 100000 346 1 10
442 884 100000 1 10
586 100000 100000 1 23
711 100000 498 1 17
537 100000 100000 1 15
405 810 100000 1 22
349 100000 244 1 14
724 1448 507 1 14
401 100000 281 1 24
556 100000 100000 1 23
424 848 100000 1 23
405 810 100000 1 16
367 100000 257 1 22
518 100000 363 1 32
388 100000 272 1 31
582 100000 407 1 31
477 100000 100000 1 29
681 100000 477 1 30
445 890 312 1 33
462 924 323 2 16 36
276 100000 193 1 34
435 100000 100000 1 34
673 1346 471 1 36
523 1046 366 1 38
481 962 337 1 39
380 100000 100000 1 41
424 848 100000 1 42
456 912 100000 1 40
348 100000 244 1 42
720 100000 100000 1 44
624 1248 100000 1 42
542 100000 100000 1 52
508 100000 100000 1 48
641 100000 449 1 50
456 912 100000 1 47
659 1318 100000 1 49
297 100000 100000 1 54
590 100000 413 1 50
691 100000 100000 1 50
443 100000 100000 2 58 59
573 100000 401 1 61
385 770 100000 1 61
449 100000 100000 1 56
513 100000 100000 1 57
446 100000 100000 2 52 61
621 100000 435 1 62
586 1172 100000 1 60
515 100000 360 1 61
395 790 100000 11 0 1 26 27 28 37 46 55 63 64 65
276 552 193 1 66
537 1074 100000 1 67
328 100000 100000 2 8 70
522 1044 100000 1 70
587 1174 100000 1 68
510 100000 100000 2 22 69
441 100000 309 1 70
377 100000 100000 1 72
400 800 280 1 72
385 100000 100000 1 72
604 100000 100000 1 72
293 586 100000 1 72
558 100000 391 1 74
525 100000 368 1 75
421 100000 295 1 73
340 100000 100000 1 75
534 100000 100000 2 17 77
632 1264 100000 1 76
279 100000 100000 1 72
662 100000 463 1 86
407 814 285 1 85
541 1082 100000 1 90
412 100000 100000 1 81
565 1130 100000 1 92
507 1014 355 1 93
701 1402 491 2 88 95
477 100000 100000 2 79 94
