# Converted from 100_504.csv
100
476 952 100000 0
723 100000 100000 0
392 784 100000 0
383 100000 100000 0
601 1202 421 4 0 1 2 3
395 100000 100000 4 0 1 2 3
452 100000 316 4 0 1 2 3
384 100000 100000 3 4 5 6
562 100000 100000 3 4 5 6
715 1430 100000 3 4 5 6
624 1248 437 3 4 5 6
357 100000 100000 4 7 8 9 10
699 1398 489 4 7 8 9 10
526 100000 368 4 7 8 9 10
537 1074 100000 4 7 8 9 10
612 100000 100000 4 7 8 9 10
503 100000 100000 5 11 12 13 14 15
366 100000 100000 5 11 12 13 14 15
489 100000 100000 5 11 12 13 14 15
594 100000 416 5 11 12 13 14 15
665 100000 100000 4 16 17 18 19
481 100000 337 4 16 17 18 19
372 744 100000 4 16 17 18 19
481 962 100000 3 20 21 22
491 100000 100000 3 20 21 22
614 100000 430 2 23 24
522 100000 100000 2 23 24
441 100000 309 2 23 24
480 100000 336 3 25 26 27
518 100000 100000 3 25 26 27
650 100000 100000 3 25 26 27
368 100000 258 3 25 26 27
433 100000 100000 4 28 29 30 31
590 1180 413 4 28 29 30 31
637 1274 446 2 32 33
539 1078 377 2 32 33
521 100000 365 2 32 33
329 658 100000 2 32 33
275 100000 192 4 34 35 36 37
518 100000 100000 4 34 35 36 37
690 100000 100000 2 38 39
467 100000 327 2 38 39
299 100000 209 2 38 39
619 1238 433 3 40 41 42
494 100000 100000 3 40 41 42
142 284 100000 3 40 41 42
698 100000 489 2 43 44
600 1200 100000 2 43 45
663 1326 100000 2 44 45
495 100000 100000 3 46 47 48
495 990 100000 2 46 47
592 1184 414 2 46 47
576 100000 403 3 46 47 48
409 100000 100000 3 49 50 52
471 942 330 3 49 51 52
236 100000 165 1 50
416 100000 100000 2 51 52
676 100000 473 4 53 54 55 56
676 1352 473 4 53 54 55 56
391 782 100000 3 53 54 55
566 100000 100000 2 57 58
341 682 100000 1 58
563 100000 394 2 58 59
537 1074 100000 1 59
406 100000 100000 1 59
506 1012 354 2 57 59
541 100000 100000 1 60
483 100000 100000 1 65
245 100000 172 3 62 63 64
595 100000 100000 2 64 67
579 100000 100000 2 64 66
519 1038 100000 1 66
263 100000 184 1 66
591 1182 100000 3 58 64 67
504 100000 100000 1 69
712 100000 100000 2 69 70
476 952 333 3 63 66 74
646 1292 100000 1 75
535 100000 100000 2 73 77
510 100000 357 2 72 76
375 750 100000 1 78
648 100000 100000 1 78
575 1150 100000 1 78
534 1068 374 2 80 82
392 100000 274 1 81
478 956 335 1 81
316 100000 100000 1 82
603 100000 100000 2 81 86
189 100000 132 1 84
419 838 100000 1 83
505 100000 354 3 68 85 86
394 100000 100000 1 86
491 982 344 1 88
483 966 338 3 62 84 87
470 940 329 3 63 88 89
448 100000 100000 3 61 63 88
623 1246 100000 2 72 94
364 100000 100000 3 62 94 95
472 944 100000 3 91 93 94
701 1402 100000 1 92
