# Converted from 100_82.csv
100
187 374 100000 0
25 50 100000 0
79 100000 100000 0
75 100000 100000 0
64 100000 45 1 3
287 574 100000 1 2
123 246 86 1 3
179 100000 100000 1 2
140 100000 100000 1 2
422 100000 295 2 1 3
132 100000 100000 1 9
220 100000 100000 1 9
117 100000 100000 1 9
84 168 100000 2 2 9
502 1004 100000 1 9
259 100000 100000 1 9
133 100000 100000 2 14 15
149 298 100000 3 2 14 15
473 100000 100000 1 15
206 100000 100000 1 15
155 100000 100000 2 18 19
440 880 100000 2 18 19
493 100000 100000 3 2 14 21
124 100000 100000 2 14 21
492 100000 100000 3 2 14 21
27 54 100000 2 14 21
139 100000 97 2 14 21
279 100000 195 2 14 21
243 100000 170 3 2 25 26
248 496 100000 1 25
63 126 100000 1 25
102 100000 71 3 2 25 27
55 110 100000 1 25
109 100000 76 6 0 10 20 22 28 29
26 100000 100000 2 2 32
551 1102 100000 1 32
66 132 100000 1 32
461 100000 100000 1 32
242 484 100000 2 2 32
497 994 348 1 33
27 54 19 1 33
29 100000 100000 1 33
73 100000 51 1 33
70 140 49 1 33
278 556 195 1 33
172 344 100000 2 36 37
298 100000 209 3 33 36 37
172 100000 100000 3 40 44 46
320 100000 224 3 41 44 46
226 452 100000 7 8 17 24 35 44 45 46
318 100000 100000 3 43 44 46
484 968 100000 2 43 49
300 100000 100000 1 49
80 100000 56 1 49
41 82 29 1 49
182 100000 100000 1 49
205 100000 100000 1 49
282 564 197 1 49
22 100000 100000 1 49
138 276 97 1 49
20 40 100000 2 40 50
377 100000 264 5 41 43 53 58 59
62 100000 100000 3 53 55 56
423 846 296 2 58 60
369 100000 258 3 52 56 57
63 100000 44 7 27 39 52 53 57 58 60
135 100000 94 12 4 5 6 13 23 30 31 34 39 48 61 62
159 100000 111 2 43 64
72 100000 100000 5 27 39 40 43 64
133 100000 100000 2 55 65
59 100000 41 1 66
429 100000 100000 1 66
468 936 328 1 66
183 100000 128 1 66
60 120 42 1 69
168 336 100000 3 64 65 73
136 100000 100000 3 69 70 72
185 100000 130 3 50 52 70
473 946 331 6 11 12 47 51 72 75
258 100000 181 7 7 16 54 67 68 71 76
560 100000 392 3 64 69 77
103 100000 72 4 64 69 72 77
247 494 100000 1 78
76 152 53 1 78
167 334 100000 1 78
54 108 100000 1 78
42 100000 29 1 78
151 100000 100000 1 79
403 806 100000 1 79
293 586 205 1 79
29 58 20 1 79
156 312 100000 1 79
229 100000 100000 1 79
201 100000 141 1 79
58 100000 100000 1 79
126 100000 100000 1 79
246 492 100000 1 79
513 100000 359 1 79
181 100000 100000 1 79
142 100000 100000 1 79
