# Converted from 100_15.csv
100
474 100000 332 0
76 152 100000 0
295 590 100000 0
192 384 134 0
155 310 100000 0
526 100000 368 0
557 1114 390 1 0
411 822 100000 1 1
55 110 38 1 1
148 100000 100000 1 3
233 100000 163 1 2
91 182 64 1 4
257 100000 100000 1 3
59 100000 100000 1 3
251 502 100000 1 13
532 100000 100000 1 13
323 100000 100000 1 7
132 100000 92 1 6
35 70 100000 1 8
22 100000 100000 1 10
112 100000 100000 2 9 13
479 100000 335 1 9
103 100000 72 1 17
87 100000 61 1 19
33 100000 100000 1 16
446 892 100000 1 19
311 622 100000 1 18
271 542 190 1 20
389 100000 272 1 20
65 100000 46 1 20
269 538 100000 1 26
207 100000 145 1 29
517 100000 100000 1 24
160 320 112 1 25
521 100000 100000 1 27
342 684 239 1 28
87 100000 100000 1 29
35 100000 100000 1 29
473 946 100000 1 29
30 100000 21 1 34
488 976 342 1 38
467 100000 100000 1 33
235 100000 164 1 32
319 638 223 1 37
542 100000 100000 1 37
275 100000 100000 1 43
52 104 100000 1 43
561 100000 100000 1 44
178 356 100000 1 41
537 100000 100000 1 44
167 100000 117 1 43
215 430 100000 4 14 39 40 45
28 100000 100000 1 47
112 224 78 1 47
271 100000 190 1 49
69 100000 100000 1 50
102 204 71 1 48
289 100000 100000 1 47
308 100000 100000 1 48
249 100000 100000 1 51
158 100000 100000 1 51
21 100000 100000 1 51
36 100000 100000 1 51
151 302 100000 1 53
341 100000 239 1 54
373 100000 261 1 55
27 100000 100000 1 57
210 100000 147 1 58
496 992 347 1 54
115 230 80 1 51
194 100000 100000 1 54
390 780 100000 1 57
230 100000 100000 1 51
140 100000 100000 1 70
412 100000 100000 1 67
224 448 157 1 66
189 100000 132 1 63
537 1074 100000 1 64
157 314 100000 1 65
56 112 39 1 66
87 174 100000 1 72
137 100000 100000 2 4 68
22 100000 15 10 15 21 22 23 30 31 46 52 73 74
182 100000 127 1 75
64 100000 100000 1 77
37 74 100000 1 76
359 100000 100000 1 78
73 100000 100000 1 80
488 100000 100000 1 80
91 100000 64 1 82
119 100000 100000 1 82
249 498 174 1 82
442 884 309 1 82
284 100000 199 1 82
208 416 100000 1 82
23 46 100000 1 82
68 100000 100000 1 82
54 100000 38 1 82
101 202 100000 1 83
265 530 100000 1 84
