# Converted from 100_449.csv
100
256 100000 100000 0
570 100000 100000 0
304 608 213 0
543 100000 100000 0
436 872 100000 0
307 614 100000 0
580 1160 406 0
331 662 100000 3 0 3 4
482 100000 100000 2 1 6
624 100000 100000 1 4
519 1038 100000 3 1 4 5
341 682 239 1 0
548 100000 384 1 0
419 100000 293 1 2
482 100000 337 3 8 9 12
519 1038 100000 3 4 8 11
621 1242 100000 2 5 9
390 100000 273 4 2 5 9 11
406 100000 100000 1 11
561 100000 393 2 11 12
613 1226 100000 1 14
473 100000 100000 1 18
432 864 100000 1 19
462 100000 100000 2 15 18
439 100000 307 1 19
571 100000 400 1 15
679 1358 100000 2 17 19
612 1224 428 1 19
516 1032 361 5 22 23 25 26 27
437 100000 100000 3 2 11 20
615 1230 100000 3 13 23 25
450 100000 315 2 1 22
227 100000 159 2 7 20
489 100000 100000 2 2 22
385 770 100000 2 18 24
227 100000 159 2 9 27
486 972 100000 4 28 31 32 35
308 100000 100000 4 10 22 32 35
629 1258 440 2 11 32
666 100000 100000 2 21 34
780 1560 546 2 28 32
435 100000 100000 2 38 40
310 100000 217 2 4 39
486 972 340 3 29 31 39
441 882 100000 3 17 21 37
432 100000 100000 3 42 43 44
479 100000 335 3 26 38 43
439 878 307 2 41 43
425 850 100000 2 37 43
489 978 342 2 45 46
583 1166 100000 2 42 47
545 100000 100000 2 47 48
595 100000 100000 1 46
600 1200 100000 2 41 46
610 100000 100000 1 48
495 990 100000 2 49 52
711 100000 100000 3 30 52 53
516 100000 100000 2 46 50
423 100000 296 3 37 50 52
511 1022 100000 2 44 50
465 100000 326 2 30 55
399 100000 279 2 35 56
470 100000 329 2 55 59
461 922 323 1 58
503 1006 352 1 59
593 1186 415 2 57 61
496 100000 100000 2 63 64
510 1020 357 2 52 64
416 832 291 1 63
648 100000 100000 2 57 61
337 100000 236 2 63 65
570 100000 100000 2 57 68
474 100000 100000 2 60 66
425 100000 100000 1 68
526 100000 100000 1 66
417 100000 100000 2 54 65
535 1070 374 1 73
597 1194 418 1 70
584 100000 409 3 48 49 70
508 100000 100000 2 48 71
534 100000 100000 3 16 56 72
622 100000 100000 1 75
459 100000 100000 1 80
290 580 203 2 55 76
484 100000 100000 1 76
346 692 100000 1 79
584 100000 100000 1 76
471 942 100000 3 59 70 79
643 100000 100000 2 76 77
654 1308 100000 1 83
485 100000 100000 1 86
614 100000 100000 2 66 86
356 100000 100000 3 60 61 84
441 100000 100000 2 53 85
672 1344 100000 1 92
543 100000 380 5 69 71 74 86 92
349 100000 244 3 80 86 92
466 100000 326 2 74 91
500 100000 350 1 89
519 100000 100000 2 81 89
