# Converted from 100_432.csv
100
613 100000 100000 0
652 100000 456 0
439 100000 100000 0
554 100000 100000 0
332 100000 100000 0
491 100000 344 0
519 1038 363 0
512 1024 100000 0
357 100000 100000 3 5 6 7
602 1204 100000 2 4 6
560 1120 392 2 0 6
443 100000 100000 3 1 3 6
570 1140 399 1 3
438 876 100000 1 5
525 100000 368 2 5 7
593 1186 100000 2 6 7
201 100000 141 3 8 10 11
190 100000 133 1 8
533 1066 373 2 8 11
443 100000 100000 1 15
524 100000 367 2 16 19
772 1544 100000 2 16 19
546 1092 100000 1 17
588 100000 412 1 19
614 1228 430 2 12 19
413 100000 100000 2 9 16
505 1010 100000 2 2 17
398 100000 100000 3 4 8 19
659 100000 100000 1 21
384 768 269 2 18 25
578 100000 100000 2 3 27
712 100000 498 3 13 24 27
475 100000 100000 3 18 30 31
480 100000 336 2 29 30
410 100000 287 2 24 29
461 922 100000 1 29
464 928 100000 3 20 23 29
418 100000 100000 3 9 24 28
419 100000 100000 3 32 34 36
612 100000 100000 2 35 36
371 742 260 1 32
454 100000 100000 2 12 35
594 100000 100000 3 28 31 41
740 1480 518 2 10 40
612 1224 100000 2 33 40
700 100000 100000 2 17 44
645 100000 100000 2 42 44
365 730 255 4 2 14 43 44
542 100000 379 1 42
426 100000 100000 2 21 44
423 100000 296 2 39 42
518 100000 363 2 29 43
654 1308 100000 2 14 44
652 100000 100000 3 45 49 50
482 100000 337 2 36 47
441 882 100000 1 47
430 100000 100000 2 26 47
635 100000 444 3 30 48 50
388 100000 100000 1 47
373 100000 261 2 37 47
546 100000 100000 3 33 40 50
532 1064 100000 1 53
692 100000 100000 2 26 53
519 1038 363 1 55
591 1182 100000 2 53 60
661 100000 463 2 21 58
474 948 100000 1 59
622 1244 435 1 60
361 722 253 3 46 53 67
476 100000 100000 2 52 62
557 100000 390 2 48 64
417 834 100000 2 22 61
269 538 100000 3 34 56 70
525 100000 100000 2 26 68
391 100000 100000 2 47 71
396 792 277 3 2 37 71
573 1146 100000 2 60 69
400 100000 100000 3 47 51 75
457 914 100000 2 71 73
689 100000 100000 1 74
375 100000 100000 3 46 54 76
651 100000 456 1 74
564 100000 395 4 58 63 71 80
547 100000 100000 3 22 55 80
481 100000 337 2 67 81
350 700 100000 3 48 66 78
677 100000 100000 2 58 79
326 652 100000 3 37 64 82
536 1072 100000 4 34 58 81 83
186 100000 130 3 38 64 82
414 828 290 3 56 68 86
479 958 335 2 75 82
421 100000 100000 2 74 83
492 100000 344 3 65 80 85
281 562 197 2 80 84
426 852 298 2 82 92
452 100000 100000 3 37 82 94
507 100000 100000 2 87 88
482 100000 100000 2 74 87
738 1476 100000 3 84 87 93
