# Converted from 100_190.csv
100
114 228 100000 0
78 100000 55 0
97 100000 68 0
35 70 24 0
42 100000 100000 0
228 100000 160 0
170 100000 100000 0
62 100000 43 0
84 168 59 0
291 582 204 1 0
68 136 100000 1 1
111 100000 100000 1 2
173 100000 100000 1 3
259 100000 100000 1 3
148 100000 100000 2 4 7
45 100000 31 1 4
69 100000 48 1 5
40 100000 100000 1 7
37 74 26 1 14
108 216 100000 1 9
26 100000 100000 1 12
137 274 100000 1 13
104 100000 100000 1 10
171 100000 100000 1 11
46 100000 100000 1 15
49 100000 100000 1 15
143 100000 100000 1 14
149 100000 100000 1 18
189 100000 100000 1 19
22 100000 15 1 20
35 70 100000 3 6 25 26
242 100000 100000 1 21
67 134 47 1 23
27 54 100000 2 23 26
161 100000 100000 1 22
99 198 100000 2 6 22
179 100000 100000 1 27
96 192 100000 1 30
159 318 111 1 30
158 100000 111 1 28
98 196 100000 1 29
414 828 100000 1 32
172 344 120 1 31
173 100000 121 1 31
206 100000 144 1 35
161 322 113 1 32
193 100000 135 1 41
130 260 100000 1 36
178 100000 125 1 37
76 152 100000 1 38
237 474 100000 1 39
96 100000 100000 1 40
112 100000 100000 3 16 17 44
348 100000 100000 1 44
72 100000 50 1 46
33 66 100000 1 47
63 126 100000 1 50
244 100000 171 1 51
194 100000 100000 1 52
209 100000 146 1 48
285 100000 200 1 49
47 94 33 2 26 53
112 224 78 1 52
319 100000 223 1 54
24 100000 17 1 55
33 100000 100000 1 58
125 100000 100000 3 14 56 57
149 100000 104 1 59
33 100000 23 2 8 61
202 100000 100000 1 62
133 100000 100000 1 61
51 102 100000 1 63
57 100000 100000 3 25 64 65
23 100000 100000 1 69
104 208 100000 1 70
54 108 38 2 66 69
306 612 214 1 69
178 356 125 1 71
101 100000 71 1 73
63 126 100000 1 72
73 100000 100000 2 74 76
188 100000 100000 2 43 72
129 100000 90 2 31 76
256 512 100000 2 74 75
100 100000 100000 2 32 74
53 106 37 2 15 75
216 432 100000 1 72
58 100000 100000 1 72
84 100000 59 1 77
196 100000 100000 1 78
132 100000 100000 1 79
104 208 100000 1 82
224 100000 100000 1 87
248 496 100000 2 32 80
108 100000 76 1 81
77 154 100000 1 86
78 156 55 1 88
44 88 31 3 32 89 90
118 236 100000 1 94
65 100000 100000 1 94
