# Converted from 100_284.csv
100
382 100000 100000 0
612 1224 428 0
428 100000 100000 0
799 1598 100000 0
554 100000 388 1 1
574 100000 402 1 0
482 100000 100000 3 1 2 3
440 100000 308 3 1 2 3
524 100000 100000 1 6
494 988 346 1 4
771 100000 100000 1 5
489 978 100000 2 6 7
610 100000 100000 2 6 7
406 100000 100000 2 6 7
483 100000 338 1 8
651 100000 456 1 10
590 100000 413 1 9
411 822 100000 1 11
584 1168 100000 3 11 12 13
407 814 285 3 11 12 13
777 100000 544 3 11 12 13
513 100000 359 3 11 12 13
403 806 100000 1 18
532 1064 100000 1 16
436 872 100000 1 17
413 100000 289 5 14 18 19 20 21
493 100000 345 5 15 18 19 20 21
490 980 100000 4 18 19 20 21
401 802 100000 4 18 19 20 21
657 100000 100000 1 22
673 1346 100000 1 23
518 1036 100000 3 24 25 26
662 100000 463 2 25 26
411 100000 288 3 25 26 28
620 100000 434 2 25 28
457 100000 320 1 31
333 100000 100000 1 30
634 100000 100000 2 32 33
223 100000 100000 1 33
500 100000 100000 2 25 29
426 100000 100000 1 37
613 100000 429 1 36
539 1078 377 1 35
451 100000 316 1 37
571 100000 100000 1 38
362 100000 100000 2 32 38
493 986 100000 4 27 32 33 39
486 100000 100000 1 38
565 1130 396 1 40
456 912 319 1 45
458 100000 100000 1 41
343 686 100000 1 42
633 100000 443 1 43
536 1072 100000 1 44
375 100000 262 1 45
441 100000 309 1 47
476 952 100000 1 47
549 1098 384 1 49
395 100000 100000 1 50
464 100000 100000 1 48
404 808 100000 1 54
457 100000 100000 5 51 52 53 55 56
423 846 100000 4 31 32 55 56
487 100000 100000 1 57
584 1168 100000 1 59
572 1144 100000 4 46 58 61 62
487 100000 341 4 27 39 45 62
368 736 258 2 60 62
630 1260 100000 1 62
456 912 319 2 37 62
191 382 100000 2 39 62
650 100000 455 1 63
446 100000 312 1 66
571 100000 400 3 64 65 66
482 964 100000 3 67 68 70
501 1002 351 1 65
681 1362 100000 1 73
375 100000 100000 1 72
444 100000 100000 2 62 71
274 100000 192 2 66 74
229 458 160 1 75
406 100000 100000 2 69 73
719 100000 100000 1 76
407 100000 100000 3 65 66 78
403 100000 282 3 70 77 80
364 100000 100000 2 79 80
494 988 100000 3 34 79 80
469 938 328 1 83
548 100000 100000 3 78 82 85
598 1196 100000 4 69 83 85 86
386 100000 100000 2 81 85
636 1272 100000 1 86
507 100000 100000 2 83 86
716 100000 501 1 87
387 100000 271 1 89
654 100000 100000 2 34 90
633 100000 100000 2 85 92
394 788 100000 2 86 90
519 1038 100000 3 81 88 93
507 100000 355 3 84 94 96
