# Converted from 100_301.csv
100
266 100000 100000 0
230 100000 100000 0
30 60 100000 0
460 100000 322 0
357 714 100000 0
249 100000 174 0
171 100000 120 0
222 444 155 0
432 100000 302 0
67 100000 47 0
138 100000 97 1 5
190 100000 100000 2 3 4
183 100000 100000 1 1
529 1058 370 1 6
293 586 100000 1 7
306 612 214 1 11
142 100000 99 1 13
52 104 100000 1 12
409 100000 286 1 12
341 100000 100000 1 13
25 50 18 1 19
65 130 100000 1 16
421 100000 100000 1 15
95 100000 66 1 17
270 540 100000 1 16
135 100000 94 1 19
620 1240 434 1 19
48 100000 100000 1 16
174 348 100000 1 16
538 100000 100000 1 25
130 260 100000 1 22
49 100000 34 1 27
81 100000 100000 1 28
196 392 100000 1 20
119 100000 100000 2 23 24
256 100000 179 1 22
262 524 100000 2 24 26
118 236 100000 1 23
214 100000 100000 1 22
230 460 100000 1 36
325 650 100000 1 35
251 100000 176 1 38
367 734 257 1 33
89 100000 62 1 37
109 100000 76 2 4 32
210 100000 100000 1 31
45 100000 100000 1 30
255 100000 178 1 36
367 100000 257 1 34
134 268 94 1 35
41 100000 100000 2 21 47
135 100000 94 1 49
400 100000 100000 1 41
221 442 155 1 42
168 100000 100000 1 42
37 100000 100000 1 42
380 760 266 2 32 54
53 106 37 1 55
253 100000 100000 1 50
208 416 100000 1 54
86 172 60 2 0 51
136 272 100000 1 51
503 100000 352 2 47 53
32 100000 22 1 52
474 948 100000 1 53
545 1090 100000 1 60
491 982 100000 1 59
533 1066 373 1 62
129 100000 100000 2 36 61
121 100000 100000 2 33 58
535 100000 100000 2 51 58
161 322 113 1 66
247 494 100000 2 68 70
21 100000 100000 2 51 66
372 100000 100000 1 69
131 100000 100000 1 70
92 184 64 1 67
192 100000 134 1 71
101 100000 71 1 75
513 100000 100000 1 75
219 100000 100000 1 74
41 82 100000 2 41 74
211 100000 100000 2 9 72
111 100000 100000 2 54 76
341 100000 100000 1 71
88 176 100000 3 51 66 74
132 100000 100000 2 61 73
34 68 24 1 73
86 172 100000 1 79
450 100000 100000 2 40 79
106 212 74 1 85
528 100000 370 3 9 43 79
194 388 100000 2 79 86
263 100000 100000 3 45 79 83
269 100000 100000 1 84
86 100000 60 1 85
265 100000 100000 2 1 80
215 430 100000 4 18 71 79 81
277 100000 100000 2 71 81
54 100000 100000 1 87
