# Converted from 100_323.csv
100
234 100000 100000 0
66 100000 100000 0
481 962 100000 0
113 226 100000 0
199 398 139 0
51 100000 100000 0
268 100000 100000 0
528 1056 370 0
501 1002 100000 0
317 100000 100000 0
156 312 100000 1 6
408 816 286 1 6
210 100000 147 1 3
302 100000 211 1 4
251 100000 100000 1 7
84 100000 59 1 10
457 100000 100000 1 11
45 90 31 2 5 12
437 100000 100000 1 13
64 100000 100000 1 10
66 132 100000 1 14
39 100000 27 1 14
43 100000 100000 1 12
139 278 100000 2 0 11
69 138 100000 1 18
432 100000 100000 1 17
590 100000 413 1 17
190 380 100000 1 19
192 100000 100000 1 19
64 100000 45 1 22
74 100000 52 1 17
216 100000 100000 1 15
167 100000 100000 2 18 19
142 100000 100000 2 10 21
120 100000 100000 1 27
47 100000 100000 1 28
449 100000 100000 1 31
327 654 100000 1 26
309 100000 216 1 31
252 504 176 1 32
161 322 100000 1 31
199 398 139 2 9 30
56 100000 100000 2 15 33
52 100000 36 2 15 33
127 254 89 1 41
194 100000 100000 1 42
394 100000 100000 2 0 36
79 100000 55 1 43
209 100000 146 1 40
240 480 100000 1 34
349 698 100000 2 16 35
296 100000 100000 1 40
237 100000 100000 1 34
27 54 19 1 42
548 100000 384 1 48
296 100000 100000 1 45
77 100000 54 1 46
177 354 124 1 50
467 934 100000 1 52
93 100000 100000 1 44
145 100000 100000 1 57
466 932 100000 1 58
281 100000 197 2 36 57
419 100000 293 1 56
184 368 100000 2 29 57
164 100000 100000 2 17 55
274 548 192 4 44 48 51 56
111 222 100000 1 58
510 1020 357 2 40 62
319 638 223 1 62
171 100000 100000 3 47 56 67
516 100000 100000 1 61
271 542 190 1 61
111 222 78 1 63
306 612 100000 3 1 62 67
255 510 100000 2 16 61
313 100000 100000 2 69 74
230 460 100000 3 22 68 74
108 100000 76 1 73
55 100000 38 2 32 69
213 426 149 1 70
470 100000 329 2 40 74
132 264 100000 1 79
579 100000 405 3 25 77 79
126 100000 88 1 79
223 446 100000 1 81
332 100000 232 2 13 81
430 100000 100000 1 81
369 738 100000 2 45 80
299 100000 100000 2 49 81
74 100000 52 2 30 79
114 228 100000 1 76
497 994 100000 1 77
111 222 100000 2 21 92
135 100000 94 1 88
71 100000 50 2 2 82
269 100000 100000 2 29 92
96 100000 100000 1 87
176 100000 123 1 92
68 100000 100000 2 86 88
