# Converted from 100_408.csv
100
216 100000 100000 0
196 100000 100000 0
39 78 27 0
108 100000 100000 0
132 100000 100000 0
75 150 52 3 0 3 4
21 100000 100000 2 3 4
50 100 35 1 4
25 50 100000 1 0
182 364 100000 1 4
209 100000 146 1 3
81 162 100000 1 1
28 100000 100000 1 8
143 286 100 2 9 11
156 100000 109 1 8
106 100000 74 2 7 9
20 100000 100000 3 7 9 11
236 100000 165 4 12 13 14 15
243 100000 170 4 12 13 14 15
175 350 122 6 2 12 13 14 15 16
138 100000 97 2 17 19
286 100000 100000 1 17
172 100000 100000 1 17
223 446 156 2 10 19
144 100000 101 2 20 21
118 100000 100000 2 21 23
87 100000 100000 2 21 23
196 100000 137 2 19 21
60 100000 100000 1 20
127 254 100000 1 21
183 100000 128 3 24 25 26
140 100000 100000 2 2 29
101 100000 71 1 25
121 242 100000 1 29
177 100000 100000 3 22 26 29
95 100000 66 1 25
125 100000 100000 2 3 27
86 100000 100000 2 31 35
258 100000 181 1 30
61 100000 100000 1 32
133 100000 100000 2 2 33
205 100000 100000 1 36
66 100000 100000 2 28 35
34 100000 100000 1 38
90 180 63 1 37
100 200 100000 1 41
68 100000 100000 1 39
32 100000 100000 2 44 45
170 100000 100000 2 10 45
155 100000 108 2 29 43
195 390 136 3 32 43 45
242 484 169 3 35 43 45
20 40 14 4 22 42 48 49
171 100000 100000 5 5 33 42 49 51
89 100000 62 2 23 48
268 536 100000 2 18 48
94 188 100000 2 6 47
200 400 100000 1 51
77 154 100000 1 47
139 278 100000 2 47 48
248 100000 174 3 39 53 59
137 274 100000 1 58
50 100000 35 3 18 48 53
125 100000 88 3 33 52 54
161 100000 100000 6 20 22 31 35 46 54
86 100000 100000 3 33 50 58
72 100000 100000 2 33 52
97 100000 68 1 63
172 344 120 1 66
127 254 100000 3 28 50 61
209 100000 100000 1 60
238 100000 167 2 39 63
65 100000 100000 1 70
168 336 100000 2 69 70
69 138 48 3 54 62 70
79 100000 100000 3 32 44 68
138 276 100000 2 34 69
25 50 100000 1 70
92 184 100000 2 61 67
150 300 100000 3 55 64 77
138 276 100000 1 74
90 100000 63 3 55 63 77
166 100000 100000 3 6 55 77
96 100000 67 1 74
167 334 100000 1 76
96 192 67 1 84
55 110 38 4 18 46 49 84
255 100000 100000 2 56 82
74 148 52 2 34 79
117 234 82 6 55 56 57 67 73 80
63 100000 100000 3 52 83 84
263 526 100000 5 57 65 75 78 80
41 82 100000 3 22 72 82
61 100000 100000 3 58 75 81
88 100000 100000 2 66 82
209 418 100000 1 87
59 100000 41 4 56 71 80 86
111 100000 100000 2 72 94
173 100000 121 1 86
341 682 239 3 40 68 86
