# Converted from 100_441.csv
100
535 100000 100000 0
467 934 100000 0
575 1150 100000 0
590 1180 100000 2 0 1
491 100000 100000 1 2
182 100000 100000 1 0
621 100000 435 1 2
432 864 100000 1 2
643 1286 450 3 3 4 7
531 1062 372 1 3
332 100000 232 3 3 5 6
532 100000 372 2 1 5
385 100000 100000 1 3
345 100000 241 1 5
384 100000 269 1 4
419 100000 100000 3 10 11 14
430 100000 301 3 6 8 13
565 100000 100000 1 8
513 1026 359 1 13
589 100000 100000 3 8 10 13
330 100000 100000 2 17 18
288 100000 100000 1 18
530 1060 371 1 18
500 100000 100000 1 19
506 1012 100000 1 15
479 958 100000 1 19
614 100000 430 2 7 24
423 100000 100000 2 17 25
623 100000 100000 1 20
584 100000 409 2 4 21
539 100000 100000 4 12 14 27 29
512 100000 100000 1 29
584 100000 409 2 15 29
294 100000 206 4 11 27 28 29
670 1340 100000 2 12 29
403 100000 100000 2 18 27
334 668 100000 1 28
460 100000 322 1 29
750 1500 100000 1 30
553 100000 100000 3 15 34 35
750 100000 525 3 24 31 37
490 980 100000 3 9 23 30
514 1028 360 1 32
363 100000 100000 3 14 31 36
349 100000 244 3 32 41 43
586 100000 100000 1 42
565 100000 100000 1 41
613 100000 100000 1 38
578 1156 100000 2 44 45
539 100000 100000 3 12 19 45
619 100000 433 1 47
700 100000 490 2 33 47
675 1350 472 4 30 33 39 45
461 922 100000 3 35 37 48
566 100000 396 3 28 38 49
442 100000 309 1 51
486 972 100000 1 51
379 758 100000 1 50
583 100000 100000 4 26 40 47 49
426 100000 100000 1 50
483 966 100000 3 44 57 59
350 700 245 2 16 58
395 790 276 2 44 59
409 818 286 3 26 44 59
429 858 300 2 57 58
465 100000 326 2 15 56
320 640 224 5 48 52 54 63 64
481 962 100000 3 16 53 63
542 1084 379 3 41 59 64
555 1110 100000 5 48 62 63 64 65
762 100000 100000 3 34 60 62
269 100000 188 3 53 61 62
383 766 100000 2 61 62
585 100000 410 1 71
564 1128 100000 2 70 71
540 100000 100000 1 67
587 100000 100000 1 69
694 100000 100000 1 72
384 100000 100000 2 22 67
494 100000 100000 1 69
314 100000 100000 2 35 77
506 1012 100000 4 46 68 71 77
291 582 204 2 73 79
500 100000 100000 2 53 79
218 436 153 3 46 57 77
682 1364 100000 1 79
369 100000 100000 4 16 22 68 79
376 100000 263 2 70 79
555 100000 100000 3 75 86 87
631 100000 442 3 80 82 85
484 100000 100000 4 55 65 78 84
388 100000 100000 2 35 84
300 100000 210 2 66 80
347 694 100000 1 80
664 1328 100000 2 34 86
276 100000 193 3 60 75 85
417 834 292 3 34 53 91
517 1034 100000 2 75 92
509 100000 100000 2 34 91
673 1346 471 1 95
