# Converted from 100_48.csv
100
195 100000 136 0
134 100000 100000 0
166 332 116 0
114 100000 100000 0
59 100000 100000 0
252 504 176 0
232 100000 100000 0
145 100000 100000 0
356 100000 100000 1 7
79 100000 100000 1 7
311 100000 100000 1 6
35 100000 100000 1 5
164 328 115 1 6
301 100000 211 1 7
256 100000 100000 1 6
295 100000 206 1 7
104 100000 100000 1 15
73 100000 100000 1 13
201 402 141 1 12
62 124 100000 1 12
34 100000 100000 1 11
70 100000 49 1 15
35 100000 100000 1 15
118 100000 83 1 14
47 100000 33 1 23
213 100000 100000 1 22
23 100000 100000 1 21
63 126 44 1 21
102 100000 100000 1 18
144 100000 100000 1 21
156 312 109 1 20
140 100000 98 1 19
66 100000 46 1 22
237 100000 166 1 22
128 256 100000 1 21
228 100000 100000 1 22
231 100000 100000 1 22
103 100000 72 1 22
283 566 198 10 0 1 2 8 9 16 24 25 26 27
151 302 100000 1 33
145 290 102 1 33
187 100000 100000 1 32
88 176 100000 1 29
73 100000 51 1 30
159 318 111 1 28
46 100000 100000 1 31
178 356 100000 1 37
163 326 100000 1 34
189 100000 100000 1 35
107 100000 100000 1 32
249 498 100000 1 38
298 596 209 1 38
59 118 41 1 38
201 100000 100000 1 38
87 100000 100000 1 38
129 100000 100000 1 41
116 100000 81 1 42
231 462 100000 1 43
52 104 100000 1 48
59 118 41 1 38
217 100000 152 1 45
225 100000 100000 1 55
68 136 48 1 51
217 100000 152 1 54
150 300 100000 1 50
45 100000 100000 1 56
137 100000 100000 1 58
166 100000 116 1 65
180 360 100000 1 62
147 100000 100000 1 66
238 476 100000 1 63
192 100000 100000 1 66
205 410 100000 1 63
282 100000 197 8 3 4 10 17 39 40 61 67
34 68 100000 1 68
248 100000 174 1 70
148 100000 100000 1 69
35 70 100000 1 71
98 100000 100000 1 73
37 74 26 1 73
48 100000 34 1 73
158 316 111 1 73
35 70 100000 1 73
158 316 111 1 73
22 100000 100000 1 73
185 370 130 1 73
24 100000 17 1 74
93 100000 100000 1 75
277 554 100000 1 76
250 500 175 1 86
31 100000 100000 1 87
52 104 100000 1 88
78 156 100000 1 79
44 88 100000 1 82
193 100000 135 1 91
257 514 180 1 89
126 100000 100000 1 90
94 188 100000 1 92
65 100000 46 1 92
122 100000 100000 1 93
