# Converted from 100_291.csv
100
552 100000 100000 0
646 100000 100000 0
709 100000 100000 0
411 822 288 1 0
629 1258 100000 1 0
396 100000 100000 1 2
676 100000 473 2 0 2
414 100000 290 1 3
521 1042 100000 1 5
509 100000 356 2 0 5
659 1318 100000 1 5
384 768 100000 2 0 5
464 928 100000 1 5
620 100000 434 1 7
491 982 100000 4 9 10 11 12
616 100000 431 4 9 10 11 12
393 100000 100000 4 9 10 11 12
402 100000 281 1 14
378 100000 100000 1 14
219 100000 100000 1 14
488 100000 342 1 13
447 894 313 3 14 15 16
580 100000 100000 3 14 15 16
573 1146 100000 3 14 15 16
334 668 100000 1 17
367 734 100000 1 20
454 908 100000 1 18
692 1384 100000 1 19
197 100000 100000 3 21 22 23
413 100000 100000 3 21 22 23
529 100000 100000 3 21 22 23
266 532 100000 1 24
672 1344 100000 1 25
361 100000 253 1 27
529 1058 100000 5 8 26 28 29 30
390 100000 273 4 8 28 29 30
341 100000 239 2 8 28
359 100000 100000 1 31
496 992 100000 1 32
558 1116 391 1 35
365 100000 100000 4 6 30 33 36
225 450 100000 2 1 35
272 544 190 2 1 35
486 100000 100000 3 1 35 36
478 956 100000 1 38
297 100000 208 1 37
507 100000 100000 1 40
477 954 100000 1 41
589 1178 412 1 39
572 1144 400 1 43
573 100000 401 3 40 41 43
511 100000 358 1 44
418 100000 293 1 46
378 756 265 1 47
387 774 271 3 42 45 48
433 100000 303 2 49 50
595 100000 100000 3 34 41 49
541 1082 100000 1 50
311 100000 100000 1 52
462 100000 323 1 54
512 100000 100000 1 54
421 100000 295 4 51 54 55 56
343 686 100000 4 34 50 53 54
537 100000 100000 2 54 57
352 100000 100000 1 58
356 100000 100000 1 61
374 100000 100000 1 61
431 100000 100000 1 63
305 100000 100000 1 59
556 1112 389 1 60
577 100000 100000 1 61
451 100000 316 1 65
512 1024 358 1 66
530 1060 100000 1 67
607 100000 425 4 55 64 68 69
594 100000 416 2 62 70
602 1204 421 2 63 70
673 1346 100000 1 75
726 100000 100000 1 72
332 100000 232 2 71 73
405 100000 284 1 76
579 100000 100000 2 74 75
391 782 274 1 74
480 100000 336 2 61 74
658 1316 461 2 74 76
270 100000 100000 1 80
510 100000 100000 1 81
552 1104 386 1 77
687 100000 100000 3 76 78 82
538 1076 377 2 80 82
318 100000 100000 1 85
532 100000 100000 1 86
555 1110 100000 1 87
432 100000 100000 1 88
595 100000 100000 2 75 88
438 876 307 1 88
530 100000 100000 2 81 89
624 100000 100000 1 90
505 100000 100000 2 91 92
613 1226 429 4 4 84 95 96
