# Converted from 100_98.csv
100
125 100000 100000 0
233 466 100000 0
36 72 25 0
98 196 69 0
167 334 100000 0
270 100000 189 0
43 100000 100000 0
461 922 100000 1 5
341 100000 239 2 5 6
120 100000 100000 1 6
44 100000 31 2 5 6
235 470 164 1 9
164 100000 100000 1 9
97 100000 100000 1 9
193 100000 135 1 10
59 100000 100000 1 9
213 100000 149 7 2 3 4 7 8 13 14
447 894 100000 1 15
208 100000 100000 1 15
468 936 328 1 15
65 100000 100000 1 15
127 254 89 2 17 19
443 886 310 1 17
243 100000 170 1 16
95 100000 100000 1 16
31 62 22 1 16
221 100000 155 1 16
116 100000 81 1 16
163 100000 100000 3 16 18 20
457 914 320 4 24 25 26 27
95 190 66 3 24 25 27
218 100000 100000 3 24 25 27
86 172 100000 2 23 25
359 100000 251 2 23 24
125 100000 100000 5 0 1 21 22 29
144 288 100000 3 17 20 33
64 128 100000 2 27 33
122 244 85 1 33
255 510 178 1 33
294 100000 100000 1 34
49 98 100000 1 34
147 294 100000 1 34
212 100000 100000 1 34
81 100000 100000 1 34
200 100000 100000 1 34
451 902 100000 1 34
135 270 94 1 34
90 100000 100000 1 34
272 100000 100000 1 34
384 100000 100000 7 11 26 30 31 32 35 38
282 100000 100000 1 34
166 100000 100000 1 49
87 174 100000 1 49
35 100000 24 1 49
507 100000 355 1 49
110 220 77 1 49
129 100000 100000 1 49
241 482 100000 1 49
552 100000 100000 1 49
320 100000 224 1 49
239 100000 167 1 49
48 96 100000 1 49
197 100000 100000 1 49
128 100000 90 4 39 43 49 50
149 100000 104 3 54 58 63
149 100000 100000 1 64
204 408 100000 1 64
23 100000 100000 1 64
32 100000 100000 1 67
553 100000 387 1 67
451 902 316 5 46 57 60 61 67
200 400 100000 3 53 61 67
74 148 100000 1 67
430 860 100000 3 37 45 67
107 214 100000 5 46 47 52 61 73
76 100000 100000 4 28 44 45 72
45 100000 31 3 44 59 72
497 100000 100000 6 41 65 66 70 74 75
517 100000 362 2 60 76
119 100000 83 3 45 57 76
324 100000 100000 5 37 46 55 78 79
544 1088 100000 1 77
431 862 100000 1 77
192 100000 100000 1 77
264 528 185 1 77
22 100000 100000 1 77
411 100000 100000 1 77
81 100000 100000 1 77
298 596 100000 1 77
77 100000 100000 1 77
208 416 146 6 12 18 36 68 69 80
99 198 100000 3 53 86 88
147 294 100000 2 81 83
173 100000 121 1 90
85 100000 59 1 90
142 100000 100000 1 90
525 100000 100000 1 90
59 100000 41 1 90
227 100000 159 4 42 56 62 91
518 1036 363 3 28 52 90
