# Converted from 100_200.csv
100
51 100000 100000 0
161 322 100000 0
110 100000 100000 0
144 100000 101 0
254 100000 178 0
115 100000 100000 1 0
192 100000 134 1 1
190 100000 100000 1 2
313 626 100000 1 2
184 100000 129 1 3
217 100000 100000 1 3
264 528 100000 1 2
36 72 100000 1 5
272 100000 190 1 7
209 418 146 1 8
117 100000 100000 1 11
141 100000 100000 1 10
99 100000 69 1 10
161 100000 113 2 2 10
82 100000 100000 1 6
140 100000 100000 1 11
175 350 100000 1 9
115 230 100000 1 11
188 376 132 1 15
248 496 100000 1 14
310 100000 100000 1 16
203 406 100000 1 17
132 100000 100000 1 15
146 100000 100000 1 18
120 240 84 1 20
112 224 100000 1 12
107 100000 75 1 21
105 100000 100000 1 13
191 382 100000 3 15 16 19
159 318 100000 1 18
257 100000 100000 1 19
149 298 104 4 4 10 15 22
185 100000 100000 1 23
91 100000 64 1 30
179 358 100000 1 24
95 190 66 1 25
171 342 120 1 26
78 100000 100000 1 27
37 74 100000 1 28
225 100000 158 1 29
55 100000 38 1 31
200 400 140 1 32
43 100000 100000 1 33
151 302 100000 1 34
61 100000 100000 1 39
124 100000 100000 1 38
160 320 100000 2 37 42
133 100000 100000 3 15 19 40
187 374 131 1 41
187 100000 131 2 22 43
58 100000 41 1 44
131 262 92 1 45
26 52 100000 3 19 20 46
33 100000 23 2 4 47
36 72 100000 1 47
223 446 156 2 16 48
106 212 100000 1 49
135 270 100000 1 50
134 100000 94 2 55 60
207 100000 100000 1 55
101 100000 100000 2 52 54
55 100000 38 1 51
130 260 100000 1 61
152 100000 106 2 36 63
68 100000 48 2 4 62
180 100000 100000 2 48 67
75 100000 100000 2 19 68
252 100000 100000 1 69
160 100000 112 3 18 33 69
110 100000 100000 3 35 59 68
196 100000 100000 3 17 67 68
176 352 100000 1 70
103 100000 72 1 70
215 100000 100000 1 70
298 596 100000 1 74
127 254 89 1 70
144 100000 100000 1 70
101 202 100000 1 70
26 100000 18 1 78
117 100000 100000 1 78
143 100000 100000 1 78
102 204 71 1 76
164 100000 115 1 77
51 102 36 3 17 51 78
119 100000 100000 3 52 78 79
295 100000 206 1 83
130 100000 100000 1 84
300 600 210 1 85
285 100000 200 1 87
45 90 31 3 71 79 86
120 100000 100000 2 69 88
173 346 121 1 89
98 196 100000 2 81 89
61 100000 100000 2 65 89
165 100000 100000 2 65 89
