# Converted from 100_176.csv
100
54 108 38 0
70 100000 49 0
74 100000 52 0
55 110 100000 0
239 100000 167 0
67 100000 47 0
175 100000 100000 0
156 100000 100000 1 1
24 48 17 1 0
197 394 100000 1 1
143 100000 100 1 2
85 170 100000 1 2
107 214 75 1 6
111 100000 100000 1 5
173 100000 121 1 10
133 266 93 1 10
57 100000 100000 1 10
141 282 100000 1 7
137 100000 100000 1 10
131 262 100000 1 10
74 148 100000 1 8
147 100000 103 1 9
240 100000 168 1 13
224 448 157 1 12
175 350 100000 1 14
23 100000 100000 1 15
24 48 100000 1 16
145 290 102 1 17
205 100000 100000 1 18
141 100000 100000 1 20
130 260 100000 1 19
289 578 202 1 21
42 100000 100000 1 22
132 100000 100000 1 22
195 390 100000 1 22
100 100000 100000 1 24
117 100000 100000 1 28
224 100000 157 1 29
23 100000 100000 4 25 26 27 30
196 100000 100000 1 32
112 100000 78 2 3 34
126 100000 100000 1 33
89 100000 100000 1 31
119 100000 100000 1 35
152 100000 106 1 39
149 100000 100000 1 40
53 106 100000 2 36 37
91 100000 100000 1 41
129 100000 100000 3 3 22 38
215 430 100000 2 38 42
65 100000 46 1 44
64 100000 45 1 43
118 236 100000 1 45
136 272 100000 1 49
141 100000 99 2 34 48
103 100000 100000 1 47
69 100000 100000 2 47 48
160 100000 100000 2 22 49
122 100000 85 1 47
24 100000 100000 1 46
109 218 100000 1 46
281 562 197 1 53
167 100000 117 1 51
136 272 95 1 52
130 260 100000 1 50
63 100000 100000 1 56
241 100000 100000 1 58
31 100000 22 1 60
160 100000 100000 2 48 53
101 100000 100000 2 11 54
135 270 94 1 58
72 100000 100000 1 61
44 100000 31 1 63
350 100000 100000 1 65
166 332 100000 1 64
133 100000 93 1 66
232 464 162 3 11 38 62
149 298 100000 2 4 66
209 418 100000 1 67
112 224 78 3 34 55 67
101 202 100000 1 73
153 100000 107 1 74
38 76 27 1 75
111 100000 78 2 40 71
86 172 100000 2 22 76
122 244 85 1 72
26 100000 18 1 79
193 386 135 2 13 76
55 100000 100000 1 84
196 392 137 1 80
58 100000 100000 2 81 87
48 96 34 1 82
150 100000 100000 2 84 85
157 314 100000 2 32 85
78 100000 100000 1 86
159 100000 100000 1 88
133 266 100000 1 89
76 100000 53 2 1 91
147 100000 100000 2 34 90
164 100000 100000 3 64 84 91
