# Converted from 100_186.csv
100
104 100000 100000 0
65 100000 100000 0
122 244 100000 0
235 100000 100000 0
120 100000 84 0
140 100000 100000 0
86 100000 60 0
224 448 100000 0
144 100000 100000 0
90 100000 63 1 0
139 100000 97 1 4
63 126 100000 1 1
35 100000 100000 1 2
104 208 73 1 4
31 100000 100000 1 3
182 100000 100000 1 5
178 356 100000 1 6
273 546 100000 1 8
205 100000 100000 1 5
319 100000 223 1 4
31 62 22 1 8
262 524 183 1 10
236 100000 165 1 9
126 100000 100000 1 11
33 100000 100000 1 13
84 100000 100000 1 15
230 100000 100000 1 12
164 100000 100000 1 14
152 100000 106 1 16
140 280 100000 1 17
82 164 100000 1 27
129 258 100000 1 22
165 100000 115 1 24
113 100000 100000 1 21
85 100000 100000 1 23
21 42 15 1 26
125 250 100000 1 25
61 122 43 1 29
88 100000 100000 2 19 27
229 458 160 1 29
211 100000 100000 2 6 27
147 294 103 1 30
121 100000 85 1 33
148 296 100000 1 34
106 212 100000 3 28 31 32
140 100000 98 1 35
213 426 149 1 38
116 232 100000 2 36 37
165 330 100000 1 37
133 266 100000 1 42
101 100000 71 2 41 43
139 278 100000 1 46
45 100000 100000 2 44 45
144 100000 101 2 6 48
123 100000 86 1 51
103 100000 100000 1 52
60 100000 100000 1 53
80 100000 56 1 49
150 300 105 2 29 50
263 100000 100000 1 53
106 212 100000 1 51
56 100000 39 2 19 50
253 100000 177 1 50
134 100000 100000 1 54
72 144 100000 1 57
122 100000 100000 1 55
194 100000 100000 1 56
155 310 100000 1 57
81 100000 100000 1 58
118 100000 83 1 57
147 100000 103 3 6 57 60
219 100000 153 1 61
149 100000 100000 1 60
364 100000 100000 3 18 28 61
63 126 100000 1 70
88 176 62 1 63
136 100000 100000 1 64
228 100000 100000 1 67
63 100000 100000 1 68
171 342 100000 1 69
31 62 22 2 65 66
205 100000 144 3 20 44 71
158 100000 100000 2 44 71
74 148 52 2 20 70
283 566 100000 2 29 72
50 100000 100000 1 74
214 100000 150 3 52 75 76
103 100000 72 2 44 77
137 274 96 3 16 18 78
86 100000 100000 2 17 79
195 100000 136 1 83
124 100000 87 1 80
158 100000 111 3 72 73 80
129 258 100000 3 37 38 82
152 304 106 2 85 86
125 250 100000 3 20 73 89
119 100000 100000 2 81 88
185 370 100000 2 50 89
152 304 106 2 6 97
115 230 100000 2 51 95
