# Converted from 100_17.csv
100
359 718 100000 0
285 570 100000 0
48 100000 100000 0
23 100000 16 0
183 100000 100000 0
107 100000 75 0
253 100000 100000 0
185 100000 130 0
47 100000 33 0
284 100000 199 0
71 142 50 0
108 100000 76 0
426 100000 100000 0
360 720 252 6 0 1 2 3 4 5
51 100000 36 1 8
442 100000 309 1 9
185 100000 100000 1 12
190 380 133 1 11
468 100000 100000 1 11
517 1034 100000 1 13
94 100000 100000 1 13
407 814 100000 1 13
60 100000 100000 1 13
516 1032 361 1 13
127 254 89 1 13
521 100000 100000 1 13
221 100000 100000 1 13
263 100000 100000 1 13
197 100000 100000 1 15
94 100000 100000 1 14
172 344 100000 1 13
136 100000 100000 2 10 17
95 100000 100000 1 16
27 100000 100000 1 19
211 100000 100000 1 28
229 458 100000 1 30
107 100000 100000 1 19
139 278 97 1 29
209 100000 100000 1 31
534 100000 374 1 20
243 486 170 1 24
321 642 225 1 27
285 100000 200 1 29
259 518 100000 1 33
249 100000 174 1 35
83 100000 58 1 37
512 100000 100000 1 36
232 100000 162 1 34
289 578 100000 1 41
168 100000 118 2 18 41
25 50 18 1 40
143 100000 100000 1 38
139 100000 100000 1 43
475 950 100000 1 45
65 100000 46 2 37 44
50 100 35 1 46
436 100000 305 1 51
127 254 100000 1 52
149 100000 100000 1 54
404 808 100000 1 54
161 100000 100000 1 56
457 914 320 1 53
28 100000 100000 1 56
147 294 100000 1 55
573 100000 100000 1 54
195 100000 100000 1 60
402 100000 100000 1 58
270 100000 100000 1 59
289 578 202 1 62
228 100000 100000 1 63
90 180 63 1 63
170 340 119 2 27 60
55 110 100000 2 51 67
375 750 262 1 65
66 132 46 1 66
30 100000 21 2 12 70
150 100000 100000 1 69
620 1240 100000 1 71
194 100000 100000 1 70
84 100000 100000 1 71
84 100000 100000 5 6 7 21 57 72
133 266 100000 1 73
127 254 100000 2 75 77
41 82 100000 1 77
566 100000 100000 1 77
89 100000 100000 1 76
41 82 100000 1 75
133 266 93 1 80
121 242 100000 1 80
95 190 100000 1 80
176 100000 123 1 80
215 100000 100000 1 81
53 100000 100000 2 69 86
76 152 100000 3 12 62 85
223 100000 156 2 42 85
34 100000 24 1 86
186 372 130 2 42 93
107 214 100000 1 93
87 100000 61 1 95
192 100000 134 1 95
