# Converted from 100_235.csv
100
439 878 100000 0
125 250 100000 0
124 100000 100000 0
191 100000 100000 0
45 90 31 0
104 100000 100000 1 1
479 100000 100000 1 2
48 96 100000 1 0
544 100000 100000 1 1
103 206 100000 3 2 3 4
193 100000 100000 3 2 3 4
145 290 100000 2 3 4
355 100000 100000 1 5
536 100000 375 1 6
72 100000 100000 1 9
134 268 94 1 9
169 338 118 1 7
20 100000 100000 1 8
26 52 100000 3 9 10 11
208 416 146 1 13
214 428 150 1 14
529 100000 100000 1 15
155 310 100000 3 12 17 18
569 100000 398 2 16 18
305 100000 214 1 18
504 1008 100000 1 18
507 1014 355 2 1 18
132 100000 92 3 19 22 26
297 100000 100000 3 20 22 25
36 100000 25 3 22 23 24
110 100000 100000 2 22 25
115 100000 80 2 21 22
47 94 100000 3 1 24 25
461 100000 100000 1 25
347 694 100000 1 29
57 114 100000 1 30
177 100000 100000 1 27
126 100000 88 2 24 31
167 100000 100000 2 28 31
66 100000 46 1 37
434 100000 304 1 37
543 100000 100000 1 34
242 100000 169 1 35
122 244 100000 1 36
498 996 100000 1 38
549 1098 384 1 39
548 1096 100000 1 40
366 732 100000 1 42
164 100000 100000 2 38 41
494 100000 346 3 31 32 43
462 100000 100000 1 44
144 288 100000 2 30 44
271 100000 190 2 25 45
176 100000 100000 2 46 51
103 100000 72 4 47 49 50 51
79 158 55 1 48
324 648 227 2 44 48
102 100000 71 1 52
142 100000 100000 1 52
452 100000 100000 1 52
535 1070 374 3 52 54 56
102 204 100000 4 37 51 55 56
144 100000 101 1 54
135 100000 100000 4 33 53 55 56
108 216 76 1 60
509 1018 356 1 57
263 100000 100000 1 60
185 370 130 1 58
42 84 100000 1 59
580 1160 100000 2 55 62
537 100000 100000 2 26 63
88 100000 62 1 64
202 100000 100000 1 69
72 144 100000 1 66
106 100000 74 3 61 65 69
503 100000 352 4 60 61 63 67
60 100000 100000 3 51 55 68
186 100000 100000 1 70
474 100000 100000 2 49 70
429 100000 300 1 72
106 212 74 1 71
24 100000 17 1 74
514 100000 100000 2 70 73
468 100000 100000 1 80
32 100000 22 1 82
136 100000 95 1 81
598 1196 419 1 79
65 130 100000 3 61 78 82
342 684 239 3 61 78 82
569 1138 100000 3 61 78 82
63 100000 100000 1 83
107 100000 100000 1 84
86 172 60 1 85
552 100000 100000 1 89
47 100000 33 1 87
400 100000 100000 4 89 90 91 92
35 100000 100000 2 62 94
105 100000 100000 2 62 93
172 100000 100000 4 76 95 96 97
483 966 100000 2 69 97
