# Converted from 100_262.csv
100
118 100000 100000 0
35 70 24 0
37 100000 26 0
136 272 100000 1 0
49 98 100000 1 0
64 100000 45 1 0
146 292 102 1 0
153 306 107 2 0 2
152 304 100000 1 3
34 100000 24 1 4
197 100000 100000 1 5
152 304 100000 1 7
204 408 100000 1 6
114 100000 80 1 7
227 100000 100000 2 1 7
233 100000 163 1 7
51 102 36 1 13
36 100000 25 1 10
85 100000 59 1 11
241 482 169 1 13
37 100000 100000 1 14
201 402 100000 2 8 14
125 250 88 2 2 9
147 100000 100000 1 12
59 100000 41 1 16
140 100000 100000 1 19
173 100000 100000 1 20
61 122 100000 3 17 22 23
65 130 100000 4 13 18 21 23
190 100000 100000 2 2 23
157 314 100000 3 7 22 23
182 100000 127 1 24
124 100000 100000 1 27
168 100000 100000 1 26
39 100000 100000 4 27 28 29 30
75 100000 52 3 1 25 27
39 100000 100000 5 13 14 27 29 30
113 100000 100000 3 27 28 30
52 100000 100000 1 34
142 284 99 1 31
113 100000 79 1 32
181 100000 127 3 33 35 36
26 100000 100000 2 29 37
136 272 100000 1 41
33 100000 23 1 38
197 394 100000 1 40
35 100000 24 1 39
146 292 100000 2 41 42
141 100000 99 1 41
112 100000 78 1 41
138 276 97 1 47
26 52 18 1 43
80 100000 56 1 45
301 602 100000 3 44 46 49
124 100000 100000 1 48
217 100000 152 2 21 48
143 286 100 1 50
252 100000 100000 1 52
170 340 100000 2 21 51
301 100000 100000 2 48 53
126 100000 100000 1 56
145 100000 100000 1 58
95 190 66 1 57
55 100000 100000 3 37 55 58
47 100000 100000 2 37 59
73 100000 51 1 60
328 100000 100000 1 61
201 100000 100000 1 62
126 252 100000 1 63
155 310 108 2 55 64
179 100000 100000 2 58 64
29 58 100000 3 47 53 63
328 100000 230 1 68
136 100000 95 5 15 65 66 67 71
111 100000 100000 3 47 58 69
92 184 100000 3 54 64 71
41 100000 100000 1 70
226 100000 100000 2 63 69
155 310 108 1 72
102 100000 71 2 42 76
242 100000 100000 2 15 77
119 100000 83 2 73 75
98 100000 69 3 47 55 76
246 100000 100000 2 64 73
231 100000 100000 1 74
107 214 100000 1 78
159 318 100000 2 82 84
51 100000 100000 4 69 71 79 82
159 318 100000 1 81
153 306 100000 1 85
125 250 88 1 86
190 100000 100000 2 69 88
105 210 100000 2 80 86
176 100000 123 2 84 88
103 206 100000 1 90
140 280 98 3 70 89 91
104 208 100000 3 86 87 93
74 100000 100000 3 79 82 91
98 100000 100000 2 91 92
62 124 100000 3 70 83 93
