# Converted from 100_232.csv
100
516 100000 361 0
78 100000 100000 0
299 598 209 0
104 100000 100000 0
273 546 191 0
237 474 166 0
205 100000 100000 1 0
199 100000 100000 1 1
67 134 47 3 2 4 5
38 100000 100000 3 2 4 5
54 108 100000 3 7 8 9
178 100000 100000 3 6 8 9
545 100000 382 1 8
101 100000 71 2 8 9
90 100000 100000 2 8 9
255 100000 100000 1 8
434 868 100000 1 10
81 162 100000 1 12
112 100000 100000 1 13
262 100000 183 2 12 15
221 100000 100000 2 14 15
109 100000 76 1 11
378 100000 100000 1 13
60 100000 42 1 14
125 100000 100000 2 3 11
235 100000 100000 1 16
335 100000 100000 1 17
179 358 125 1 18
192 384 134 4 10 19 22 23
96 100000 100000 1 23
52 104 36 4 3 14 21 22
482 100000 337 3 3 20 22
116 100000 100000 1 25
177 100000 124 3 26 27 31
157 100000 110 1 31
23 100000 100000 1 30
356 100000 100000 1 33
371 742 260 2 3 32
137 274 96 1 33
489 978 100000 2 31 35
491 100000 344 1 36
39 100000 27 1 38
597 1194 100000 1 37
101 100000 71 2 37 38
86 172 60 3 33 37 39
164 100000 115 1 43
194 100000 136 1 41
565 100000 100000 1 44
94 100000 100000 1 42
452 904 100000 4 24 29 40 43
464 928 100000 2 29 44
54 108 38 2 24 43
233 100000 163 1 45
312 100000 218 1 46
295 100000 100000 1 47
25 50 100000 1 48
265 100000 100000 2 49 50
67 100000 100000 2 49 50
246 100000 100000 1 50
329 100000 100000 2 29 51
240 100000 100000 1 53
191 382 100000 1 56
264 528 185 1 55
353 100000 247 3 57 58 59
157 314 100000 3 52 58 59
34 100000 24 2 51 54
178 100000 100000 1 56
284 568 199 3 19 56 57
326 100000 100000 1 63
33 100000 100000 1 61
76 152 53 3 60 62 64
228 100000 100000 3 56 57 64
78 100000 100000 2 56 65
218 436 100000 1 68
219 100000 100000 1 69
245 490 100000 3 28 56 70
112 100000 78 3 63 71 72
301 602 100000 3 19 71 72
137 274 96 1 73
470 940 100000 1 75
302 604 100000 1 74
250 100000 175 4 66 67 75 76
90 180 63 1 77
52 104 36 1 78
164 100000 100000 1 79
144 100000 101 1 80
178 100000 100000 1 81
299 100000 100000 1 82
21 100000 100000 1 82
107 100000 100000 1 87
217 100000 100000 1 85
142 284 100000 1 86
263 526 184 2 72 83
152 100000 100000 1 84
118 236 100000 1 88
167 334 117 2 66 88
104 208 100000 2 81 88
28 56 100000 1 89
268 536 100000 2 63 90
475 950 100000 1 91
