# Converted from 100_346.csv
100
52 104 100000 0
42 100000 100000 0
124 100000 87 0
91 100000 64 0
251 100000 100000 0
88 176 62 0
185 100000 100000 0
103 100000 100000 0
140 280 100000 0
217 100000 152 0
161 100000 100000 1 5
113 100000 100000 1 8
53 106 100000 1 8
277 100000 100000 1 11
56 100000 39 1 10
230 100000 100000 2 5 11
26 52 18 1 12
94 100000 66 1 12
111 100000 78 1 12
255 100000 100000 2 10 11
89 100000 100000 1 12
48 100000 100000 1 11
193 100000 100000 1 10
120 240 100000 1 10
134 268 94 1 13
141 282 100000 2 4 23
130 100000 100000 1 17
117 234 100000 2 2 22
185 100000 100000 1 18
37 74 26 1 20
148 100000 104 1 22
28 100000 100000 2 14 22
155 100000 100000 1 24
99 100000 100000 1 27
240 480 100000 2 24 26
81 100000 57 1 24
72 100000 100000 2 24 29
85 170 59 1 26
104 100000 73 1 30
73 146 51 2 18 37
158 100000 100000 2 18 35
212 424 100000 1 37
164 328 100000 1 36
149 100000 100000 1 34
77 100000 100000 1 32
194 388 100000 1 33
56 112 100000 1 37
139 278 100000 3 7 36 41
73 100000 51 1 42
99 198 100000 2 1 44
101 202 100000 1 44
140 280 98 1 46
84 100000 59 2 16 39
322 100000 225 1 41
109 218 100000 2 3 41
109 218 76 1 45
64 100000 100000 1 43
90 180 63 2 41 51
36 100000 100000 2 45 56
37 100000 100000 2 7 51
239 478 167 1 51
78 156 100000 1 53
217 100000 100000 1 54
237 100000 100000 1 49
196 100000 137 2 25 50
145 100000 102 2 58 59
165 100000 100000 3 5 41 59
77 100000 54 1 63
206 412 100000 2 1 57
95 100000 100000 1 62
41 82 100000 2 40 57
144 100000 100000 1 57
90 100000 63 1 64
142 284 99 1 61
228 456 160 3 0 6 64
106 212 100000 1 72
200 400 100000 1 70
181 362 100000 2 13 68
88 100000 62 1 70
49 100000 100000 3 1 66 74
24 100000 17 2 51 72
98 100000 100000 2 9 70
339 100000 100000 3 40 71 75
44 100000 100000 1 75
271 542 190 1 77
109 218 76 1 81
171 100000 120 3 16 69 79
222 444 155 3 20 76 79
109 100000 76 1 76
213 426 149 1 81
229 100000 100000 1 85
131 262 100000 2 63 89
28 100000 20 2 27 83
216 100000 151 2 43 85
235 470 100000 2 87 89
83 100000 100000 2 52 83
73 100000 100000 4 28 55 86 88
103 206 72 3 42 78 88
331 100000 232 1 83
200 100000 100000 2 29 85
