# Converted from 100_77.csv
100
533 100000 373 0
258 516 100000 0
95 100000 66 0
26 52 100000 0
46 92 100000 0
96 192 67 2 3 4
72 100000 100000 2 3 4
273 100000 100000 2 3 4
130 260 91 1 7
222 444 100000 1 7
77 100000 54 1 7
164 100000 100000 1 7
84 100000 100000 1 7
108 216 100000 1 12
199 100000 139 1 12
190 100000 100000 1 12
63 126 100000 1 12
235 100000 164 1 12
508 1016 100000 1 12
69 100000 48 2 17 18
25 50 100000 2 17 18
162 324 113 2 17 18
214 100000 100000 1 18
137 100000 96 1 18
57 100000 100000 1 18
518 100000 363 2 23 24
88 176 100000 2 23 24
245 490 172 3 17 23 24
116 100000 81 3 17 23 24
40 100000 28 3 17 23 24
234 100000 100000 3 17 23 24
490 980 100000 2 29 30
81 100000 57 7 1 2 5 13 25 29 30
334 100000 100000 2 29 30
505 100000 100000 2 29 30
255 100000 100000 2 29 30
205 100000 100000 2 29 30
170 340 119 2 29 30
215 100000 100000 1 32
185 100000 100000 1 32
247 494 100000 1 32
148 100000 100000 1 32
174 100000 100000 1 32
359 100000 251 1 32
149 100000 104 2 32 37
507 1014 355 2 32 37
238 476 100000 7 38 39 40 42 43 44 45
198 100000 100000 8 38 39 40 41 42 43 44 45
127 100000 100000 6 38 39 40 41 42 44
306 100000 100000 5 38 39 41 42 44
109 218 100000 5 38 39 42 44 45
39 100000 100000 2 43 50
137 100000 100000 3 40 43 50
51 100000 100000 2 43 50
567 1134 397 2 43 50
493 986 100000 1 54
121 100000 85 1 54
245 100000 172 2 40 54
229 458 100000 2 56 57
120 240 84 14 6 8 9 10 15 16 21 22 27 36 47 48 55 57
88 100000 62 2 56 57
175 350 100000 2 56 59
39 78 100000 2 59 60
272 100000 100000 1 59
28 100000 100000 1 59
253 100000 177 1 59
280 100000 196 1 59
299 598 209 1 59
55 100000 100000 1 59
177 354 124 2 59 60
194 100000 136 8 0 31 46 60 61 63 67 68
165 330 115 13 14 19 20 26 33 34 35 51 52 58 62 67 69
154 100000 108 3 65 66 69
219 100000 153 3 64 65 69
289 578 202 1 70
578 100000 100000 1 70
160 100000 100000 1 70
90 100000 100000 1 70
119 238 100000 1 70
298 596 209 1 70
62 100000 43 1 70
39 78 27 1 70
496 100000 100000 1 71
531 1062 100000 1 71
105 100000 100000 1 71
190 380 100000 1 71
514 1028 100000 2 69 70
50 100 35 1 70
29 100000 100000 9 11 28 49 53 72 74 77 84 86
103 100000 100000 6 74 77 78 80 83 84
241 482 100000 8 64 65 74 79 81 83 84 87
54 100000 38 1 88
77 154 100000 1 88
160 100000 100000 1 88
45 90 31 1 88
171 342 100000 1 88
49 100000 100000 1 88
120 100000 100000 1 88
125 100000 88 1 88
182 100000 100000 1 88
