# Converted from 100_472.csv
100
139 100000 100000 0
149 100000 104 0
481 100000 100000 0
177 100000 124 2 1 2
87 100000 100000 3 0 1 2
180 100000 100000 3 0 1 2
392 100000 274 3 3 4 5
50 100 35 3 3 4 5
83 166 100000 3 3 4 5
193 100000 100000 3 3 4 5
95 190 100000 4 6 7 8 9
500 1000 100000 4 6 7 8 9
213 100000 100000 4 6 7 8 9
171 100000 100000 3 10 11 12
428 100000 300 3 10 11 12
484 968 100000 3 10 11 12
493 986 345 3 13 14 15
167 334 100000 3 13 14 15
430 100000 301 3 13 14 15
268 100000 100000 3 13 14 15
60 100000 42 4 16 17 18 19
135 100000 94 4 16 17 18 19
92 184 64 4 16 17 18 19
100 100000 100000 3 20 21 22
92 100000 100000 3 20 21 22
246 492 100000 3 20 21 22
276 100000 193 3 20 21 22
101 100000 71 3 23 24 25
149 298 100000 3 23 24 25
255 510 100000 3 23 24 25
246 100000 172 3 23 24 25
189 100000 100000 3 23 24 25
91 182 64 4 27 28 29 30
247 494 173 2 27 30
240 480 100000 2 28 30
135 270 100000 4 31 32 33 34
80 100000 56 2 33 34
354 708 100000 3 26 33 34
65 130 100000 2 35 36
103 206 100000 2 35 36
312 100000 100000 3 26 35 36
108 100000 76 2 35 37
221 442 155 2 26 35
199 100000 100000 3 38 39 40
190 100000 100000 2 38 40
74 148 52 3 38 39 41
25 100000 18 2 37 43
110 220 100000 1 46
59 118 100000 2 42 46
91 100000 100000 1 46
107 214 75 2 44 46
247 100000 173 2 44 46
44 100000 31 5 41 47 48 49 50
528 100000 100000 3 48 49 50
341 100000 100000 2 48 50
441 100000 100000 3 47 48 50
172 100000 120 3 47 48 51
83 100000 100000 4 52 53 54 55
88 176 62 4 52 53 54 55
482 964 337 4 52 53 54 55
150 100000 105 3 57 58 59
121 242 85 1 60
105 100000 100000 1 60
49 100000 34 1 60
473 100000 100000 1 60
580 100000 100000 1 64
361 100000 100000 2 62 64
336 672 100000 2 62 64
219 438 100000 3 51 62 64
226 100000 100000 3 51 63 64
156 100000 100000 3 45 65 69
241 100000 169 1 66
233 100000 100000 2 56 66
50 100 35 1 66
137 100000 100000 1 73
483 966 338 1 72
63 100000 44 3 68 71 72
123 100000 100000 2 51 73
563 100000 100000 3 74 75 77
48 96 100000 4 74 75 76 77
240 100000 100000 3 56 71 74
241 100000 169 3 63 75 76
246 100000 100000 4 67 78 79 80
375 750 100000 3 63 78 79
327 100000 229 2 78 81
27 54 100000 2 45 84
101 100000 100000 3 67 83 84
511 100000 358 1 86
407 814 100000 2 67 85
139 100000 100000 3 70 80 87
24 100000 100000 4 70 82 87 88
360 720 100000 2 87 88
434 868 100000 1 87
336 672 235 2 91 92
344 688 241 1 91
55 110 100000 1 91
302 100000 211 2 93 94
93 100000 65 2 69 94
203 100000 100000 1 93
133 266 100000 1 93
