# Converted from 100_13.csv
100
201 100000 100000 0
104 208 73 0
229 100000 160 0
512 100000 100000 0
349 100000 244 0
226 452 100000 0
82 164 57 0
123 100000 100000 0
157 100000 100000 1 6
31 100000 22 1 7
263 100000 184 1 7
455 100000 318 1 6
253 506 100000 1 5
86 172 100000 1 5
86 100000 60 1 7
638 1276 100000 1 5
467 100000 327 1 6
501 100000 351 1 6
212 100000 100000 1 5
85 100000 59 6 0 1 8 9 10 11
91 100000 64 5 2 3 4 12 13
410 100000 100000 1 16
94 100000 100000 1 15
522 100000 365 1 16
42 84 100000 1 19
331 100000 232 1 19
23 100000 100000 1 19
135 270 100000 1 19
177 100000 100000 1 20
316 100000 100000 1 20
55 110 100000 1 20
570 100000 399 1 20
311 100000 100000 1 22
132 100000 92 1 22
132 264 100000 1 26
114 100000 100000 1 32
513 1026 359 1 27
533 1066 100000 1 26
278 100000 100000 2 29 33
147 294 100000 1 33
24 100000 100000 1 24
140 100000 100000 1 37
188 100000 132 1 39
198 100000 100000 1 36
123 246 86 1 38
430 100000 100000 1 35
113 226 79 1 41
287 100000 201 1 42
286 572 200 1 45
482 100000 100000 1 43
138 100000 100000 1 43
52 104 100000 1 41
218 436 100000 1 44
100 100000 70 1 47
417 834 100000 1 48
471 942 100000 1 47
480 100000 100000 1 46
28 56 100000 1 50
184 368 129 1 51
579 100000 100000 1 52
498 996 100000 1 50
109 218 76 1 50
190 380 100000 1 50
225 100000 158 1 50
137 100000 100000 1 53
160 100000 100000 1 54
297 100000 100000 1 57
246 492 100000 1 55
502 100000 351 1 56
516 100000 361 2 29 61
68 100000 48 1 62
82 100000 100000 1 61
238 100000 100000 1 58
126 100000 100000 1 62
24 48 17 1 69
118 100000 100000 1 64
143 100000 100000 1 65
163 100000 100000 1 67
28 56 100000 1 66
460 920 322 1 72
147 294 100000 1 68
575 100000 100000 1 70
79 158 100000 2 57 70
75 150 100000 2 16 72
505 1010 100000 2 28 72
197 100000 100000 1 74
52 104 36 1 76
211 100000 148 1 78
98 196 69 1 77
351 100000 246 1 79
74 100000 52 1 75
84 168 59 2 35 82
94 100000 100000 1 82
97 194 100000 2 71 82
146 292 100000 1 87
525 1050 368 1 89
137 100000 100000 2 85 86
127 100000 100000 1 88
409 100000 286 1 91
212 424 148 1 91
