# Converted from 100_293.csv
100
414 100000 290 0
439 100000 100000 0
583 100000 408 0
324 648 100000 0
433 100000 303 0
531 100000 372 1 0
468 100000 100000 3 1 3 4
425 100000 100000 2 1 3
451 100000 316 2 1 2
562 100000 100000 1 5
381 100000 267 2 6 8
422 100000 295 2 6 8
560 100000 100000 1 9
563 100000 394 1 10
267 534 100000 2 10 11
541 100000 100000 2 10 11
465 100000 100000 1 14
615 100000 100000 1 12
375 100000 100000 1 14
543 100000 380 1 13
568 1136 100000 1 14
333 666 100000 1 14
329 100000 100000 1 16
417 834 100000 1 17
566 100000 396 1 20
337 100000 100000 1 18
418 836 100000 1 19
449 898 100000 1 21
586 100000 100000 1 22
390 780 273 1 23
381 100000 100000 1 24
330 660 100000 1 27
515 100000 100000 1 27
508 1016 356 2 21 25
355 100000 100000 2 11 26
376 752 100000 1 32
434 100000 100000 1 28
789 100000 100000 1 31
429 100000 100000 4 7 20 32 34
499 998 349 4 7 10 11 29
515 1030 100000 3 7 30 34
510 100000 357 3 7 32 34
579 100000 100000 1 35
561 100000 100000 1 36
403 806 100000 1 38
582 100000 407 1 37
553 100000 100000 3 38 39 40
706 1412 100000 3 38 40 41
349 698 100000 1 42
661 100000 463 1 44
279 100000 195 1 45
625 100000 438 3 43 46 47
547 1094 383 2 46 47
365 100000 100000 2 46 47
584 1168 100000 2 39 47
462 924 323 1 48
649 100000 454 3 49 51 52
786 100000 550 2 46 50
404 808 100000 1 51
498 996 100000 1 51
544 1088 381 2 15 51
576 100000 100000 1 51
527 100000 100000 1 53
244 488 100000 3 55 60 62
509 100000 356 2 58 62
658 1316 100000 3 51 57 62
713 1426 499 1 64
509 1018 100000 4 52 61 63 64
470 100000 100000 2 52 65
385 100000 270 2 15 64
435 870 100000 1 63
391 100000 100000 2 63 65
656 100000 100000 1 66
471 100000 330 1 67
677 100000 100000 1 68
482 964 100000 1 69
460 100000 100000 3 68 69 71
645 1290 451 2 67 69
402 100000 281 2 69 71
262 524 100000 1 72
367 734 100000 1 73
355 710 248 1 74
626 1252 438 1 75
346 100000 100000 3 70 76 77
571 100000 100000 3 56 76 77
613 100000 429 1 80
510 1020 357 1 83
339 100000 100000 1 79
625 100000 100000 1 81
529 100000 370 3 54 82 83
488 976 100000 1 83
720 1440 504 1 83
389 778 272 1 84
502 100000 351 1 85
541 1082 100000 1 86
326 100000 100000 1 87
656 100000 459 2 88 89
460 920 322 1 92
440 100000 308 1 91
449 898 100000 2 78 91
