# Converted from 100_320.csv
100
62 124 100000 0
119 238 100000 0
42 100000 100000 0
69 138 48 0
233 466 163 1 0
488 976 100000 1 2
554 100000 388 1 1
166 100000 116 1 1
227 100000 100000 1 1
135 100000 100000 1 2
149 100000 100000 1 0
416 100000 100000 1 0
163 100000 114 1 6
103 206 100000 1 11
399 798 100000 1 11
438 100000 100000 1 6
98 196 69 1 9
219 438 153 2 9 11
113 100000 100000 1 4
143 286 100000 1 9
344 100000 241 1 19
216 100000 100000 2 12 17
478 100000 100000 1 12
257 514 100000 1 18
186 100000 100000 1 19
193 386 100000 1 17
28 100000 100000 1 16
281 562 197 1 17
117 100000 100000 2 21 27
72 100000 100000 1 25
101 100000 100000 1 26
116 100000 81 1 26
322 100000 100000 1 27
297 100000 100000 1 22
107 214 75 1 25
398 100000 100000 1 20
321 642 225 1 28
43 86 100000 1 34
239 100000 100000 2 4 31
236 100000 165 1 35
391 100000 274 2 1 35
144 288 100000 2 0 30
495 990 346 3 28 30 31
216 432 151 1 35
41 82 100000 1 40
189 100000 100000 1 42
39 100000 27 1 37
216 432 100000 1 36
331 662 100000 1 43
63 100000 44 1 37
298 100000 100000 1 45
31 100000 100000 1 44
306 100000 100000 1 47
227 454 159 2 3 44
119 238 83 2 30 49
139 100000 100000 1 46
221 100000 155 1 49
117 234 82 1 46
88 100000 62 1 49
101 100000 100000 2 0 53
163 100000 114 1 54
37 74 26 2 46 58
119 100000 83 1 58
443 100000 100000 2 19 52
166 332 100000 1 55
282 100000 100000 2 3 55
55 100000 100000 1 50
261 100000 100000 2 15 52
401 100000 281 2 22 55
133 100000 100000 2 49 63
304 608 100000 1 65
399 798 100000 1 60
175 100000 100000 2 24 65
240 100000 100000 2 14 64
528 100000 100000 1 63
172 100000 100000 2 6 65
227 454 100000 1 62
53 100000 37 1 64
54 108 100000 1 59
513 100000 359 1 73
453 100000 317 2 23 74
69 138 48 1 76
253 506 100000 2 69 76
209 100000 100000 1 72
80 160 100000 2 63 77
297 100000 208 1 77
119 238 83 2 13 71
261 100000 100000 2 23 73
114 228 80 2 32 72
21 42 15 1 75
484 100000 100000 1 86
304 100000 100000 1 86
25 100000 18 2 83 84
227 100000 159 1 83
473 100000 100000 1 81
194 388 136 2 34 80
140 100000 98 1 81
92 184 64 1 84
125 250 100000 1 86
267 100000 100000 3 66 80 85
