# Converted from 100_259.csv
100
236 100000 100000 0
91 100000 64 0
223 100000 156 0
188 376 100000 0
337 674 100000 1 0
291 582 100000 1 1
244 488 100000 2 2 3
40 80 28 2 2 3
57 114 100000 2 2 3
41 82 29 2 2 3
180 360 100000 2 2 3
262 100000 100000 1 4
160 100000 112 6 5 6 7 8 9 10
245 100000 172 3 7 8 9
88 176 62 2 7 10
76 100000 100000 2 6 10
121 100000 100000 2 8 10
152 100000 100000 1 11
35 100000 100000 4 12 14 15 16
134 268 100000 3 13 15 16
154 308 108 3 7 15 16
223 100000 156 2 13 16
226 100000 158 1 18
167 100000 100000 4 17 18 20 21
171 342 100000 2 18 21
248 100000 100000 1 19
72 100000 100000 1 24
229 100000 100000 1 22
111 100000 100000 2 23 25
197 100000 100000 1 25
241 100000 100000 2 24 25
59 118 41 1 23
101 202 100000 1 26
142 100000 99 1 27
235 100000 164 2 28 29
122 244 100000 2 28 30
166 100000 100000 1 34
90 100000 100000 1 35
222 444 155 1 33
137 100000 96 1 32
44 88 100000 2 34 35
102 204 100000 3 24 31 34
27 54 19 1 36
97 194 68 1 37
135 100000 94 1 39
53 100000 100000 2 34 38
157 100000 100000 1 41
207 100000 145 1 42
308 100000 216 1 43
151 100000 106 3 25 31 44
216 100000 100000 2 35 46
107 214 75 2 40 45
79 158 100000 1 46
147 294 103 1 47
91 100000 100000 1 49
133 266 100000 1 50
116 100000 100000 1 48
70 100000 100000 1 52
28 100000 20 3 35 41 49
94 100000 100000 3 35 49 52
217 434 152 1 53
167 334 100000 1 54
120 240 84 1 55
57 114 40 1 57
173 346 121 1 56
108 100000 100000 3 45 57 58
248 100000 174 2 49 57
119 100000 100000 1 59
117 100000 100000 1 65
219 100000 100000 1 60
264 100000 100000 1 63
130 260 91 4 59 61 62 64
222 100000 100000 2 50 66
58 116 100000 2 50 66
100 100000 100000 1 68
171 100000 120 1 69
264 100000 185 3 30 66 70
277 100000 100000 2 67 73
78 156 100000 3 57 67 71
218 100000 153 4 40 57 67 71
102 204 100000 1 72
157 314 100000 2 57 71
64 100000 100000 1 75
169 100000 118 1 76
121 100000 85 2 67 74
136 100000 100000 2 77 78
241 100000 100000 2 65 76
46 92 32 1 85
26 100000 18 1 82
189 100000 100000 1 84
163 100000 114 1 83
104 208 73 2 79 86
22 44 100000 2 84 85
94 100000 100000 1 87
125 250 88 1 89
30 60 100000 5 79 80 84 88 90
161 100000 100000 1 91
107 214 100000 2 72 92
191 100000 100000 2 79 92
247 100000 100000 1 91
