# Converted from 100_87.csv
100
442 884 309 0
101 202 71 0
291 100000 100000 0
194 100000 136 0
175 100000 122 0
156 100000 100000 3 2 3 4
159 318 100000 3 2 3 4
45 90 100000 3 2 3 4
46 100000 32 3 2 3 4
171 342 120 1 8
230 100000 100000 1 8
515 1030 100000 1 8
23 100000 100000 1 8
404 100000 100000 1 8
435 100000 100000 1 8
70 100000 49 1 14
76 100000 100000 1 14
474 948 332 1 14
49 98 34 1 14
227 454 100000 2 17 18
55 100000 100000 2 17 18
171 100000 100000 2 17 18
229 100000 160 2 17 18
172 100000 120 2 17 18
495 100000 346 2 17 18
94 100000 66 2 23 24
274 100000 100000 2 23 24
134 100000 100000 2 23 24
137 100000 100000 2 23 24
178 100000 100000 2 23 24
65 100000 100000 2 23 24
124 100000 100000 4 27 28 29 30
412 824 288 4 27 28 29 30
195 390 136 4 27 28 29 30
45 90 100000 4 27 28 29 30
115 100000 80 4 27 28 29 30
230 100000 100000 3 33 34 35
26 100000 100000 3 33 34 35
390 100000 100000 3 33 34 35
243 486 170 3 33 34 35
122 244 100000 3 33 34 35
59 118 100000 3 38 39 40
200 100000 140 3 38 39 40
440 100000 308 3 38 39 40
67 100000 100000 3 38 39 40
106 212 100000 3 38 39 40
244 100000 100000 5 41 42 43 44 45
393 100000 275 5 41 42 43 44 45
126 252 88 5 41 42 43 44 45
163 100000 114 5 41 42 43 44 45
315 100000 220 5 41 42 43 44 45
104 208 73 1 50
216 100000 100000 6 0 1 11 12 47 50
380 760 100000 1 50
332 100000 232 1 50
27 54 100000 2 52 54
174 348 122 1 52
163 100000 100000 1 52
78 156 100000 1 52
229 458 160 1 52
223 446 156 2 52 54
519 1038 100000 2 52 54
165 100000 100000 14 5 9 19 20 21 31 46 51 55 56 57 58 59 61
131 262 92 5 56 57 58 59 61
243 486 100000 5 56 57 58 59 61
28 56 20 5 56 57 58 59 61
397 794 278 5 56 57 58 59 61
107 100000 75 5 56 57 58 59 61
193 386 100000 5 56 57 58 59 61
35 70 24 1 62
93 186 100000 1 62
246 100000 100000 1 62
113 100000 100000 1 62
179 100000 125 1 62
173 346 100000 1 62
137 100000 100000 1 62
487 100000 100000 1 62
70 140 100000 7 10 32 62 63 64 67 68
270 540 100000 13 13 16 22 26 36 37 48 49 60 62 66 67 68
220 100000 100000 3 62 67 68
114 100000 100000 1 77
237 100000 100000 1 77
535 1070 374 1 77
55 100000 100000 1 77
359 100000 100000 1 77
100 100000 100000 13 6 7 15 25 53 65 69 70 71 72 73 74 78
89 100000 100000 1 78
358 100000 100000 1 78
141 282 100000 1 78
314 628 100000 1 78
320 640 224 6 70 71 72 73 75 77
468 100000 100000 1 85
102 100000 71 1 85
435 100000 304 1 85
307 100000 100000 1 85
220 100000 100000 1 85
286 572 100000 1 85
307 100000 215 1 85
57 100000 100000 1 85
177 100000 124 9 80 83 84 92 93 94 96 97 98
