# Converted from 100_3.csv
100
146 100000 102 0
28 56 20 0
249 498 100000 0
30 100000 21 0
174 100000 122 0
267 100000 100000 0
110 100000 100000 0
268 536 188 1 5
76 152 100000 2 5 6
98 100000 100000 1 4
184 100000 129 1 3
122 244 100000 1 5
342 100000 100000 1 6
107 214 75 1 5
265 100000 186 1 13
25 100000 100000 1 10
56 100000 39 1 9
30 60 100000 1 11
211 422 100000 1 13
318 636 100000 1 13
178 356 125 1 12
169 100000 118 1 16
95 100000 66 1 15
242 484 100000 1 17
113 226 100000 1 18
184 100000 100000 1 19
123 100000 100000 1 18
43 100000 100000 1 18
27 54 100000 1 19
378 100000 100000 1 19
169 338 118 1 22
220 100000 154 1 23
190 380 100000 1 29
420 100000 100000 1 25
244 488 100000 1 26
283 566 198 1 28
169 338 118 1 26
186 372 100000 1 33
304 608 100000 1 32
263 100000 184 1 31
47 100000 33 1 32
528 1056 370 1 30
601 100000 421 1 32
254 100000 178 1 34
240 100000 100000 1 32
272 544 100000 1 32
194 100000 100000 1 34
124 100000 87 1 35
78 100000 55 1 32
515 100000 360 1 36
150 300 105 1 47
77 154 100000 1 47
48 100000 100000 1 38
422 844 100000 1 42
68 100000 100000 1 40
77 100000 100000 1 39
45 100000 100000 1 47
181 100000 127 1 55
96 192 67 1 55
237 100000 100000 1 55
115 100000 100000 1 53
556 1112 100000 1 52
69 100000 100000 1 54
217 434 152 1 55
61 100000 100000 8 0 7 8 21 37 50 57 58
21 42 15 1 61
105 100000 100000 1 62
171 100000 100000 1 60
608 1216 426 1 61
194 100000 100000 1 61
194 388 100000 1 62
389 778 272 1 61
336 100000 235 1 61
30 100000 100000 1 61
168 100000 118 1 63
177 354 100000 1 64
101 100000 71 1 64
104 100000 100000 1 64
173 346 100000 1 64
57 100000 100000 1 64
122 244 100000 1 67
94 188 100000 2 46 68
200 100000 100000 1 64
558 100000 100000 1 66
290 580 203 1 65
198 100000 100000 1 66
114 100000 100000 9 1 2 14 51 59 75 80 81 82
164 100000 100000 1 83
60 120 42 1 84
193 100000 100000 1 85
55 100000 38 1 85
114 100000 100000 1 79
301 100000 100000 1 86
196 100000 137 1 86
447 100000 313 1 86
95 190 100000 1 86
330 100000 231 1 86
194 388 100000 1 86
101 100000 100000 1 87
396 100000 100000 1 88
