# Converted from 100_295.csv
100
846 100000 592 0
661 1322 100000 0
593 100000 100000 0
685 100000 100000 0
554 1108 100000 0
645 1290 100000 0
504 1008 100000 0
620 100000 100000 1 2
411 822 100000 1 0
478 100000 100000 1 2
310 100000 217 1 1
352 100000 246 5 2 3 4 5 6
582 100000 407 2 2 4
608 1216 100000 2 2 4
535 100000 374 1 10
506 100000 100000 1 7
555 1110 100000 1 8
614 100000 430 1 9
502 100000 100000 1 11
378 100000 265 1 12
468 100000 100000 2 11 13
481 962 100000 2 11 12
521 100000 100000 1 14
472 944 330 1 17
341 100000 239 1 18
548 1096 384 1 19
470 940 329 4 15 16 20 21
575 1150 100000 1 20
501 100000 100000 1 21
440 100000 308 4 22 25 26 27
482 100000 337 2 21 23
626 100000 100000 2 12 24
242 100000 169 1 28
421 842 100000 2 26 28
535 100000 100000 2 26 27
691 100000 484 1 29
617 1234 432 4 29 32 33 34
333 100000 100000 2 29 33
788 100000 100000 3 29 32 34
424 100000 297 2 28 29
350 100000 100000 1 35
639 100000 100000 1 36
298 100000 100000 1 37
499 100000 349 1 36
257 100000 100000 2 36 37
488 100000 100000 2 36 39
513 1026 359 3 30 36 39
481 962 100000 1 41
621 1242 100000 1 42
433 100000 100000 1 43
555 100000 100000 2 40 45
508 1016 356 4 30 31 37 45
500 100000 350 1 47
544 100000 100000 1 48
609 100000 100000 3 31 37 49
377 754 100000 1 51
536 100000 100000 1 52
309 100000 216 1 53
507 1014 100000 3 44 50 54
550 1100 385 1 55
503 1006 100000 2 45 54
528 100000 370 1 58
641 100000 449 1 58
547 100000 100000 1 56
319 638 100000 1 57
504 1008 100000 1 59
522 1044 365 1 58
751 1502 526 1 63
269 100000 100000 1 61
604 100000 100000 1 62
405 100000 100000 1 65
610 1220 427 3 46 59 64
606 100000 424 2 46 65
547 1094 100000 1 67
676 100000 100000 1 71
407 100000 285 1 70
728 100000 100000 1 69
446 100000 100000 2 50 72
288 100000 100000 3 30 66 68
278 556 195 1 73
409 818 100000 1 77
406 812 100000 1 74
702 1404 491 1 76
646 1292 452 1 75
493 100000 345 1 77
557 1114 100000 3 60 66 77
719 1438 100000 1 80
533 1066 373 1 81
232 100000 162 2 71 79
288 576 202 2 78 82
471 100000 100000 3 44 46 83
406 100000 100000 3 38 83 85
484 968 100000 1 86
223 100000 100000 2 87 91
213 426 100000 3 71 89 91
682 100000 477 3 72 88 89
787 1574 551 2 78 90
442 100000 100000 3 44 54 92
414 100000 100000 1 94
422 100000 295 1 94
