# Converted from 100_342.csv
100
43 86 30 0
56 100000 39 0
255 100000 100000 0
139 278 100000 0
170 100000 100000 0
29 100000 100000 0
206 100000 100000 0
171 342 100000 0
217 100000 100000 0
172 100000 100000 1 5
23 100000 100000 1 7
182 364 100000 1 3
151 100000 100000 1 8
76 100000 100000 1 5
107 100000 100000 1 11
116 232 100000 1 9
162 324 113 1 12
73 146 100000 1 12
137 100000 100000 1 11
205 410 144 2 0 13
207 100000 145 1 12
351 100000 100000 2 10 13
230 460 161 1 9
135 100000 94 2 1 12
24 100000 17 1 21
37 74 26 2 14 16
143 100000 100000 1 16
251 100000 100000 1 18
189 378 132 2 19 21
226 100000 158 1 17
160 100000 112 1 15
73 146 51 1 21
171 342 120 1 15
247 494 173 1 24
106 100000 74 1 32
228 100000 100000 1 30
51 102 100000 2 2 29
106 100000 100000 2 15 28
127 254 100000 1 27
56 112 39 1 31
186 100000 100000 1 24
192 384 100000 2 27 31
97 194 68 1 40
276 100000 193 1 37
170 100000 100000 1 38
161 100000 113 2 12 35
149 100000 104 1 36
32 100000 22 1 33
191 382 134 2 8 37
228 100000 160 2 21 35
205 100000 100000 2 32 33
97 100000 100000 1 35
33 66 100000 1 45
38 100000 27 1 45
97 194 100000 1 48
80 100000 56 1 50
80 160 100000 1 48
45 90 31 1 49
31 100000 22 2 20 51
50 100000 100000 1 42
78 156 100000 1 56
204 408 143 1 59
126 100000 100000 1 59
208 100000 100000 1 52
83 100000 58 1 53
109 218 76 1 56
97 194 100000 1 55
93 100000 100000 1 53
44 100000 31 1 59
28 100000 100000 2 51 52
92 100000 100000 2 58 67
111 222 100000 2 58 68
100 100000 70 2 55 68
278 100000 100000 1 67
153 306 100000 1 61
138 276 100000 1 69
193 386 100000 2 45 65
82 100000 100000 1 68
193 100000 100000 2 24 64
221 100000 100000 1 67
378 100000 265 1 64
90 100000 100000 2 44 72
127 100000 89 2 6 75
133 266 100000 1 76
65 100000 46 1 72
259 100000 100000 2 57 70
59 100000 41 2 60 82
172 100000 100000 1 81
193 100000 100000 3 60 74 82
220 440 154 1 83
32 64 100000 1 85
161 322 100000 1 85
26 52 18 2 77 81
29 100000 100000 3 39 84 90
74 100000 100000 2 16 89
44 88 100000 2 25 89
362 724 100000 2 14 91
143 100000 100000 2 62 92
236 472 165 2 24 89
190 100000 100000 1 89
