# Converted from 100_329.csv
100
155 100000 108 0
202 100000 141 0
336 100000 235 0
108 216 100000 0
226 452 158 0
73 146 100000 0
50 100000 100000 0
227 100000 159 1 5
172 100000 100000 1 1
110 220 100000 1 4
78 100000 55 1 6
60 100000 100000 1 6
104 208 100000 1 3
274 100000 100000 1 12
103 206 100000 1 11
62 100000 100000 1 10
446 100000 312 1 12
265 100000 100000 1 7
164 100000 100000 1 11
135 270 100000 1 10
155 310 100000 1 9
33 66 100000 1 11
39 100000 100000 1 7
57 114 40 1 8
75 150 52 1 9
135 270 100000 1 23
32 100000 22 1 14
80 100000 100000 1 14
48 96 34 2 0 13
167 334 117 1 15
104 100000 73 1 23
211 100000 148 3 4 17 23
45 90 100000 1 13
325 100000 100000 1 32
106 100000 74 1 30
216 432 100000 2 27 28
111 100000 100000 1 25
238 476 100000 1 32
47 94 100000 1 27
123 246 100000 1 34
310 100000 100000 2 25 33
63 100000 100000 1 34
41 100000 100000 1 38
52 104 36 1 36
55 110 38 1 33
167 334 100000 1 36
240 100000 168 1 39
160 320 100000 1 39
33 100000 100000 1 44
173 346 100000 2 0 42
151 100000 100000 1 42
53 100000 100000 1 43
78 100000 100000 1 40
37 74 100000 2 6 45
138 276 100000 1 39
56 100000 100000 1 53
67 134 100000 1 53
213 100000 149 1 50
121 242 100000 1 49
66 132 100000 1 47
173 100000 100000 3 20 52 53
252 100000 176 1 48
277 100000 194 1 53
97 100000 100000 3 3 49 55
104 100000 100000 2 49 62
47 100000 33 1 61
44 88 31 1 59
35 100000 100000 1 62
159 100000 100000 1 58
37 100000 100000 2 20 63
243 100000 170 3 51 60 66
146 292 102 1 67
242 484 100000 1 67
72 144 50 1 66
145 100000 102 1 65
65 130 100000 2 18 66
198 100000 139 2 64 67
73 100000 100000 2 20 67
29 100000 20 2 54 64
260 100000 182 1 66
46 100000 32 1 70
25 100000 100000 3 9 53 73
31 100000 22 2 20 76
32 100000 22 2 38 72
118 100000 100000 2 62 74
59 100000 100000 1 78
252 100000 100000 1 79
166 332 100000 2 75 76
132 100000 92 1 76
197 100000 138 2 70 77
153 306 100000 2 35 80
278 100000 195 1 80
131 262 100000 1 87
53 106 37 1 85
132 264 92 2 7 82
184 368 100000 3 30 37 82
167 100000 100000 2 68 80
167 100000 100000 1 81
37 100000 26 1 83
208 100000 146 2 80 84
