# Converted from 100_328.csv
100
47 94 100000 0
54 100000 100000 0
170 100000 100000 0
186 100000 130 0
197 100000 100000 0
77 154 100000 0
212 424 100000 1 3
185 370 100000 1 1
175 350 122 1 0
55 100000 100000 2 1 4
151 100000 106 1 4
152 100000 100000 1 4
259 100000 100000 1 0
247 100000 100000 1 1
207 100000 100000 1 5
32 64 100000 2 1 5
106 212 100000 1 2
144 100000 100000 1 6
84 168 59 1 14
34 100000 24 2 10 16
155 310 108 1 11
65 100000 46 1 9
121 100000 85 1 10
165 330 115 1 12
109 218 76 1 11
32 64 22 2 11 17
129 100000 100000 1 21
165 330 115 1 20
225 450 158 1 24
43 100000 100000 1 18
33 66 100000 1 17
62 124 100000 1 19
174 100000 100000 1 30
144 100000 100000 1 28
110 100000 100000 1 30
183 366 128 1 27
56 100000 100000 1 29
29 58 20 1 27
78 100000 55 1 25
27 100000 100000 1 29
237 100000 100000 2 5 30
98 196 69 1 33
269 538 100000 1 38
48 100000 34 1 37
192 100000 100000 1 39
105 210 100000 2 18 34
147 294 100000 1 39
224 100000 100000 1 39
141 282 100000 1 34
125 100000 88 1 41
160 320 100000 1 45
282 100000 100000 1 43
191 100000 100000 1 47
119 238 100000 1 43
115 230 100000 1 44
166 332 116 1 45
182 100000 100000 1 44
218 100000 100000 1 53
111 100000 78 3 9 32 56
189 378 100000 2 49 52
96 192 100000 1 53
62 100000 100000 1 50
112 224 78 1 56
121 100000 100000 1 49
74 100000 52 2 19 56
173 100000 100000 2 16 62
193 100000 135 2 4 62
127 100000 89 2 21 60
103 100000 100000 2 61 63
142 100000 99 3 7 54 57
98 196 100000 1 58
271 100000 100000 2 51 63
248 100000 100000 2 34 66
146 100000 100000 2 21 69
99 198 100000 1 65
131 262 100000 2 29 67
222 444 155 1 67
74 100000 52 2 63 67
54 100000 100000 4 47 60 64 65
183 366 128 1 68
109 100000 76 2 7 78
255 100000 100000 3 76 77 78
218 436 100000 1 78
154 100000 108 1 73
26 100000 18 1 75
65 100000 46 1 77
216 100000 151 1 74
35 100000 100000 1 73
209 100000 146 2 33 78
29 100000 100000 1 79
208 100000 146 1 82
34 100000 100000 2 72 82
115 230 80 3 2 52 84
199 100000 100000 2 83 87
110 220 77 1 89
147 100000 103 1 80
209 418 100000 1 89
322 644 100000 3 32 62 89
135 100000 94 1 81
242 100000 100000 2 32 86
