# Converted from 100_253.csv
100
209 100000 100000 0
138 276 100000 0
168 100000 118 0
71 100000 100000 0
120 100000 84 1 0
144 100000 101 2 0 3
129 100000 100000 1 2
274 548 192 3 1 2 3
102 100000 71 1 5
162 100000 100000 1 6
114 228 80 1 4
134 100000 100000 3 5 6 7
90 100000 100000 3 5 6 7
114 100000 100000 3 1 5 6
174 348 122 3 1 5 6
35 70 100000 1 10
285 570 100000 1 11
128 100000 90 1 8
113 100000 100000 1 9
161 100000 100000 1 11
168 336 100000 2 11 13
101 100000 100000 3 12 13 14
29 100000 100000 2 13 14
184 368 129 1 15
175 350 122 1 16
154 100000 100000 1 17
46 92 100000 1 19
172 100000 120 2 20 22
70 100000 100000 2 18 20
173 100000 100000 2 11 22
175 100000 100000 1 23
71 100000 100000 1 27
36 72 25 1 24
139 100000 100000 1 25
105 100000 74 1 26
39 100000 27 2 27 29
224 100000 157 1 27
176 100000 100000 2 20 29
228 100000 160 1 27
151 302 100000 2 14 28
290 580 100000 1 30
68 100000 48 1 31
135 100000 100000 5 32 33 36 38 39
64 128 100000 2 34 36
103 100000 100000 1 35
234 468 164 1 40
223 446 156 2 41 42
189 100000 132 1 42
151 302 100000 2 42 43
79 100000 100000 1 45
210 100000 100000 1 46
127 254 100000 3 35 37 46
268 100000 100000 1 50
141 282 99 5 12 44 48 49 51
109 218 100000 1 51
40 80 28 1 51
241 482 100000 1 51
35 70 24 3 21 48 51
107 214 75 1 52
90 100000 63 4 47 53 54 56
65 100000 100000 2 44 57
63 100000 44 4 12 44 48 55
101 100000 71 2 12 54
174 348 100000 1 58
230 460 100000 1 59
88 100000 62 2 55 59
29 100000 100000 2 56 60
196 392 100000 6 21 44 47 48 56 62
165 330 100000 1 63
216 432 151 1 64
205 100000 100000 1 65
68 100000 100000 3 53 55 66
197 394 100000 4 47 54 55 66
220 440 100000 3 61 66 67
38 100000 27 2 61 65
224 448 157 1 71
204 408 100000 1 69
116 100000 100000 1 70
109 218 100000 4 12 43 56 68
50 100000 100000 1 72
185 100000 130 1 73
146 100000 100000 1 71
98 100000 100000 1 75
121 100000 85 1 76
171 100000 120 1 77
139 278 97 1 79
90 100000 100000 3 65 78 79
243 100000 100000 1 80
65 130 46 4 59 79 80 81
154 100000 100000 1 82
194 100000 100000 1 85
116 100000 100000 1 86
161 322 113 1 87
140 100000 98 1 83
85 170 100000 3 67 81 84
193 100000 100000 1 89
50 100000 100000 1 91
91 182 64 1 92
36 72 100000 2 71 90
64 100000 45 2 71 93
