# Converted from 100_40.csv
100
124 100000 100000 0
82 164 100000 0
155 100000 108 0
112 100000 100000 0
83 166 100000 0
140 100000 100000 0
299 598 100000 0
186 372 130 1 6
146 292 100000 1 5
175 100000 100000 1 5
285 570 200 1 5
254 508 178 1 6
224 448 157 1 4
168 100000 118 1 5
86 100000 100000 1 5
177 100000 124 1 5
63 100000 44 1 5
87 100000 100000 1 6
100 100000 70 6 0 1 7 8 9 10
100 200 70 1 16
22 44 100000 1 14
29 100000 100000 1 16
63 100000 100000 1 12
70 100000 49 1 14
204 408 100000 1 16
206 412 100000 1 17
124 100000 100000 1 14
112 100000 100000 1 13
181 362 100000 1 13
182 100000 100000 1 18
162 100000 113 1 18
196 392 100000 1 18
76 100000 100000 1 18
70 100000 100000 1 18
119 100000 83 1 18
84 100000 100000 6 2 3 11 19 20 21
77 100000 100000 1 25
238 476 100000 1 28
185 370 130 1 35
86 172 60 1 35
83 100000 58 1 35
54 108 38 1 35
162 324 113 1 29
135 100000 94 1 35
31 100000 100000 1 37
86 172 100000 1 35
125 250 100000 1 37
114 100000 100000 1 38
273 100000 191 1 46
122 244 100000 1 45
73 100000 100000 1 39
70 140 100000 1 39
135 270 94 1 47
120 100000 84 1 48
114 100000 100000 1 49
265 100000 186 2 30 48
139 278 100000 1 48
224 448 100000 2 42 50
265 100000 186 1 48
187 100000 100000 1 53
67 134 100000 1 55
155 100000 100000 1 54
71 100000 100000 1 52
231 100000 162 1 56
118 100000 100000 1 55
273 100000 100000 1 55
112 100000 100000 1 55
120 100000 100000 1 61
227 454 159 1 59
26 100000 100000 1 60
136 100000 100000 1 62
137 100000 96 1 64
66 100000 46 1 62
143 100000 100 1 63
71 100000 100000 1 63
81 100000 57 1 66
225 100000 158 1 67
127 100000 100000 1 68
143 100000 100 1 70
162 100000 100000 2 43 74
103 100000 72 2 26 72
210 420 100000 1 69
156 312 100000 1 72
95 190 100000 1 73
46 100000 100000 2 36 71
128 100000 90 1 79
90 180 63 1 80
256 100000 100000 1 77
286 100000 200 1 76
134 268 100000 1 78
45 90 31 1 84
194 100000 100000 1 82
200 400 140 1 82
297 594 100000 1 80
88 176 62 1 85
50 100 100000 1 86
191 382 100000 1 87
31 62 22 2 58 90
69 100000 100000 1 90
129 100000 100000 1 93
