# Converted from 100_519.csv
100
617 100000 432 0
650 100000 100000 0
515 100000 360 0
415 100000 100000 0
541 100000 100000 4 0 1 2 3
593 100000 100000 4 0 1 2 3
478 100000 335 4 0 1 2 3
408 816 286 3 4 5 6
308 616 100000 3 4 5 6
604 1208 100000 3 4 5 6
570 100000 100000 3 7 8 9
473 100000 331 3 7 8 9
340 680 100000 3 7 8 9
548 100000 384 3 10 11 12
476 952 100000 3 10 11 12
663 1326 100000 3 10 11 12
439 100000 100000 3 10 11 12
476 952 100000 4 13 14 15 16
532 1064 100000 3 14 15 16
608 100000 426 3 14 15 16
745 100000 100000 4 13 14 15 16
536 1072 100000 3 14 15 16
437 100000 100000 5 17 18 19 20 21
436 872 305 5 17 18 19 20 21
653 1306 457 5 17 18 19 20 21
564 100000 395 5 17 18 19 20 21
503 100000 100000 4 22 23 24 25
450 900 100000 4 22 23 24 25
339 100000 100000 3 22 23 24
470 940 329 2 26 28
573 100000 100000 3 26 27 28
703 1406 100000 1 29
86 172 100000 1 29
507 1014 355 2 31 32
355 710 100000 2 31 32
432 100000 302 2 31 32
612 1224 428 3 33 34 35
460 920 100000 1 34
625 100000 100000 3 33 34 35
598 100000 100000 1 33
477 100000 334 1 33
458 916 100000 4 37 38 39 40
404 100000 100000 5 27 37 38 39 40
490 100000 100000 4 30 37 39 40
750 1500 525 2 41 42
526 1052 100000 3 30 41 42
651 100000 456 1 43
510 100000 357 2 45 46
526 100000 100000 1 45
620 100000 100000 1 46
438 876 100000 2 36 46
560 100000 100000 2 38 49
413 826 289 3 45 49 50
678 1356 475 3 48 49 50
441 882 309 2 52 53
553 100000 100000 3 36 48 51
543 1086 100000 3 36 48 51
651 1302 456 3 36 48 51
586 1172 100000 4 54 55 56 57
473 946 100000 2 54 55
563 1126 394 3 54 56 57
431 100000 100000 3 58 59 60
686 100000 480 1 58
313 100000 219 2 58 59
563 100000 100000 1 58
446 100000 312 3 61 62 63
557 100000 100000 2 63 64
381 100000 100000 2 62 64
447 100000 100000 1 64
537 100000 376 1 68
651 1302 100000 2 65 68
546 100000 382 1 68
442 100000 100000 1 71
547 100000 100000 2 63 69
533 100000 373 4 44 61 63 71
557 1114 390 1 70
520 100000 364 4 47 67 72 73
419 100000 293 2 65 72
445 100000 100000 2 74 75
608 100000 100000 2 44 75
462 924 100000 1 79
371 100000 260 1 76
747 100000 523 1 77
295 100000 100000 2 76 79
615 1230 430 3 79 81 82
430 100000 100000 1 84
358 716 100000 2 80 84
506 100000 354 1 84
709 100000 496 2 66 87
616 1232 431 1 85
551 100000 100000 3 80 83 89
596 1192 100000 3 78 80 88
434 868 100000 2 74 88
526 100000 100000 2 88 89
477 100000 100000 1 89
411 100000 100000 1 91
496 100000 347 3 86 91 92
401 100000 100000 2 87 94
511 1022 100000 1 90
456 100000 319 2 83 92
