# Converted from 100_72.csv
100
485 100000 340 0
401 100000 100000 0
422 100000 100000 0
529 1058 370 0
468 936 100000 0
433 100000 100000 0
472 944 100000 0
536 100000 375 0
240 100000 100000 0
345 690 100000 0
266 532 100000 1 8
647 1294 100000 1 6
581 100000 407 1 5
352 704 246 1 6
445 890 312 1 6
657 100000 100000 1 9
408 100000 100000 1 8
505 100000 100000 1 8
677 100000 100000 1 8
399 100000 279 1 9
440 100000 100000 1 7
480 960 100000 1 7
244 100000 100000 1 19
536 1072 375 1 14
490 100000 100000 1 14
666 1332 100000 1 14
495 100000 100000 1 12
619 100000 433 1 13
589 100000 100000 1 15
466 932 326 1 20
475 100000 332 1 20
431 100000 302 1 16
323 100000 100000 1 17
638 100000 100000 9 0 1 2 3 10 22 23 24 25
441 882 309 1 27
615 1230 100000 1 29
351 702 100000 1 28
647 1294 100000 1 26
376 752 263 1 32
681 1362 477 1 33
428 100000 100000 1 33
477 100000 100000 1 33
572 1144 100000 1 33
444 888 100000 1 33
446 100000 312 4 4 11 34 35
621 1242 100000 1 36
486 100000 340 1 37
601 100000 100000 1 33
565 100000 100000 1 38
289 100000 202 1 44
569 100000 100000 1 44
547 100000 383 1 44
524 1048 100000 1 44
564 100000 100000 1 44
427 854 299 1 39
722 100000 100000 1 46
580 1160 100000 1 45
580 1160 100000 1 44
291 100000 204 1 43
396 100000 277 1 40
493 986 100000 1 39
523 100000 366 1 54
636 100000 100000 1 55
677 100000 474 1 57
610 100000 427 2 16 52
592 100000 100000 2 39 52
657 100000 100000 1 49
542 1084 379 1 50
677 1354 100000 1 56
425 100000 100000 1 49
486 100000 100000 1 61
347 100000 243 1 63
479 100000 335 1 62
710 1420 100000 1 65
459 100000 321 1 67
355 100000 100000 1 66
606 1212 100000 1 72
580 100000 100000 1 71
585 1170 410 1 73
761 100000 533 1 70
342 100000 239 1 74
248 496 100000 1 76
373 746 261 1 80
501 100000 100000 1 77
370 100000 259 1 78
527 1054 369 1 79
484 100000 100000 1 79
561 100000 393 2 29 79
301 100000 100000 1 82
497 100000 100000 2 81 84
407 100000 100000 1 83
543 1086 100000 1 85
588 1176 100000 1 87
542 1084 379 1 85
363 726 100000 1 85
425 100000 100000 1 88
357 714 250 1 93
524 100000 367 1 91
644 100000 100000 1 90
216 432 151 1 93
