# Converted from 100_440.csv
100
459 100000 100000 0
375 100000 100000 0
649 100000 100000 0
349 100000 100000 0
413 826 100000 0
318 100000 100000 0
659 100000 100000 0
404 100000 100000 2 1 6
600 100000 420 1 4
277 100000 100000 1 6
432 100000 100000 2 2 4
201 100000 141 2 0 5
331 100000 100000 2 2 4
505 100000 354 2 8 10
469 938 100000 1 11
505 100000 100000 1 10
738 100000 517 1 12
524 100000 367 2 13 15
388 100000 272 1 13
243 486 100000 2 13 16
300 100000 100000 2 13 14
457 100000 100000 3 6 8 15
628 100000 440 3 1 13 15
629 1258 440 3 17 19 20
570 100000 100000 2 17 21
184 100000 100000 1 18
516 1032 361 3 0 22 24
573 100000 100000 1 23
396 100000 100000 3 5 16 24
478 100000 100000 2 24 25
376 100000 263 3 7 9 24
364 100000 100000 3 6 17 25
350 100000 100000 2 19 24
586 100000 410 4 27 29 30 31
582 1164 100000 3 12 30 31
430 860 301 2 30 31
521 1042 100000 4 3 19 29 30
495 990 100000 4 22 33 34 35
806 100000 100000 1 34
543 100000 100000 1 36
253 100000 100000 1 35
630 1260 441 2 37 39
379 100000 100000 1 40
740 1480 100000 3 5 16 40
489 978 342 2 14 39
562 1124 100000 3 22 27 39
628 1256 440 1 37
654 1308 100000 2 41 42
553 1106 100000 2 12 42
394 788 276 1 46
672 1344 470 1 44
528 100000 370 2 47 50
625 1250 100000 2 32 50
485 970 100000 2 26 50
207 100000 100000 3 5 32 48
506 1012 100000 4 22 23 32 50
410 820 100000 2 32 49
362 100000 253 2 41 48
463 100000 100000 2 49 50
253 100000 177 2 52 56
518 1036 100000 2 41 58
725 1450 507 2 48 56
363 726 254 2 27 54
657 100000 100000 3 34 45 52
223 446 100000 2 48 53
468 936 100000 2 39 62
625 100000 438 2 54 63
509 1018 356 2 33 62
515 100000 360 4 26 41 55 62
417 834 100000 1 59
400 800 280 4 38 43 49 63
624 1248 437 2 33 65
703 100000 492 1 68
389 778 100000 2 63 67
672 100000 470 3 53 63 65
459 100000 100000 1 66
432 100000 100000 3 57 64 66
421 842 100000 3 56 66 68
338 676 237 4 58 66 67 74
635 100000 100000 2 61 71
712 100000 100000 2 69 73
584 1168 409 1 75
662 1324 100000 2 58 77
371 100000 260 2 44 71
343 100000 240 3 41 43 73
564 100000 100000 2 72 77
674 100000 100000 1 82
344 688 241 2 72 82
628 100000 100000 2 56 84
524 100000 367 1 85
475 100000 332 3 46 50 83
496 100000 347 3 51 65 81
488 100000 100000 1 82
431 100000 100000 1 87
656 100000 459 3 28 55 91
498 996 349 3 43 71 87
299 598 100000 1 88
491 982 100000 3 28 69 91
392 100000 100000 2 55 88
484 100000 339 2 70 90
