# Converted from 100_164.csv
100
307 614 215 0
242 100000 100000 0
148 100000 104 0
175 350 122 0
466 100000 100000 0
239 478 167 0
140 280 100000 0
187 100000 100000 1 0
245 490 100000 1 2
21 42 15 1 3
156 100000 100000 1 2
548 100000 100000 1 1
479 100000 100000 1 2
389 100000 100000 1 3
246 100000 172 1 4
557 1114 100000 1 6
164 100000 115 1 5
320 640 100000 1 4
202 404 141 1 8
235 470 100000 1 9
143 286 100000 1 10
85 100000 100000 1 12
159 318 100000 3 2 7 11
291 582 204 1 13
136 100000 95 1 15
157 314 110 1 18
203 406 142 1 19
128 100000 90 1 20
144 288 100000 1 21
191 100000 134 2 2 24
353 100000 100000 1 23
45 90 31 2 2 23
124 248 100000 1 23
570 100000 100000 1 23
22 100000 15 1 29
60 100000 100000 1 25
107 100000 100000 1 26
427 100000 100000 1 27
436 100000 100000 1 28
23 100000 16 2 31 32
213 100000 100000 2 29 30
279 100000 195 1 33
205 410 144 1 32
88 176 62 1 34
206 412 144 1 37
548 100000 100000 1 35
389 778 272 1 36
546 1092 382 1 38
71 100000 50 1 40
372 744 260 1 41
188 376 100000 1 41
165 100000 115 1 40
171 100000 120 1 40
228 100000 100000 1 48
167 100000 100000 1 43
207 414 145 1 44
99 100000 100000 1 48
522 1044 100000 1 45
446 892 100000 1 46
126 100000 88 3 17 41 47
227 454 100000 2 15 49
172 344 100000 2 49 51
72 100000 50 1 48
81 162 100000 4 16 31 49 51
51 100000 100000 2 48 50
54 108 38 1 54
86 100000 100000 1 53
272 100000 100000 1 56
464 100000 325 1 55
55 100000 38 2 57 64
193 100000 100000 1 64
308 100000 100000 2 31 60
103 100000 72 2 31 64
109 100000 76 3 14 31 61
348 696 244 1 64
252 504 176 1 65
140 100000 100000 1 66
251 502 100000 1 69
166 100000 100000 1 68
178 100000 100000 1 67
217 434 100000 3 22 61 71
127 100000 100000 4 39 61 63 71
99 100000 100000 2 5 73
99 100000 100000 1 76
39 100000 100000 1 77
338 676 237 1 75
152 100000 100000 1 78
225 100000 100000 1 80
544 100000 100000 3 79 80 82
139 100000 97 1 85
364 100000 255 1 86
283 100000 100000 1 83
250 100000 100000 2 73 84
278 100000 100000 1 88
227 454 100000 1 87
582 100000 100000 1 88
103 206 100000 1 88
30 100000 100000 6 16 31 49 70 89 90
90 180 100000 2 16 96
34 100000 100000 1 95
