# Converted from 100_497.csv
100
95 100000 100000 0
117 100000 100000 0
175 350 122 0
205 100000 144 0
109 218 100000 4 0 1 2 3
109 218 100000 4 0 1 2 3
66 132 100000 4 0 1 2 3
65 130 100000 4 0 1 2 3
94 100000 100000 4 4 5 6 7
97 100000 100000 4 4 5 6 7
85 100000 100000 4 4 5 6 7
215 100000 150 3 8 9 10
133 100000 100000 3 8 9 10
175 350 100000 3 8 9 10
157 100000 100000 3 11 12 13
140 280 100000 3 11 12 13
109 100000 76 3 11 12 13
66 100000 46 3 11 12 13
32 100000 22 4 14 15 16 17
110 220 77 4 14 15 16 17
26 100000 18 4 14 15 16 17
147 294 100000 3 18 19 20
76 100000 53 3 18 19 20
157 100000 110 3 18 19 20
157 100000 100000 3 21 22 23
90 100000 100000 3 21 22 23
261 100000 183 3 21 22 23
87 174 100000 3 24 25 26
26 100000 100000 3 24 25 26
98 100000 100000 3 24 25 26
23 46 100000 3 27 28 29
165 100000 100000 3 27 28 29
199 398 100000 3 27 28 29
141 282 100000 3 27 28 29
119 238 100000 4 30 31 32 33
93 186 65 4 30 31 32 33
57 100000 100000 4 30 31 32 33
83 166 58 4 30 31 32 33
84 100000 100000 4 34 35 36 37
108 100000 76 4 34 35 36 37
110 100000 100000 4 34 35 36 37
185 370 100000 4 34 35 36 37
42 84 29 3 38 39 41
79 100000 55 2 39 40
212 100000 148 1 43
72 100000 50 2 41 43
83 166 58 2 42 43
141 282 100000 3 44 45 46
57 100000 100000 2 41 44
202 100000 141 2 44 46
191 382 100000 3 44 45 46
186 372 100000 3 44 45 46
251 502 176 4 48 49 50 51
134 100000 100000 2 49 50
69 100000 48 2 48 50
39 100000 27 2 53 54
150 100000 105 1 53
100 100000 70 1 53
260 100000 100000 4 52 55 56 57
83 100000 58 3 55 56 57
219 100000 100000 2 55 56
67 134 100000 2 56 57
28 100000 100000 2 59 61
152 304 106 2 59 61
25 50 100000 2 59 61
52 100000 100000 2 58 59
419 100000 293 2 59 61
90 180 100000 2 62 66
26 100000 100000 1 65
138 276 100000 1 64
48 100000 34 2 68 69
96 100000 100000 2 52 69
86 100000 100000 2 67 69
79 100000 100000 1 67
85 170 59 4 47 66 70 71
90 180 100000 2 58 72
213 100000 100000 2 70 72
168 100000 118 1 76
166 100000 100000 1 75
295 590 100000 2 75 76
222 100000 100000 2 71 77
186 100000 130 1 78
209 418 146 2 71 78
136 272 100000 1 77
62 100000 43 1 77
156 100000 109 4 47 60 76 82
133 100000 100000 2 71 83
85 170 100000 1 86
171 342 120 1 85
41 100000 100000 2 73 88
49 98 100000 4 60 78 80 87
199 100000 100000 1 89
186 100000 100000 2 47 90
70 140 49 2 81 89
166 100000 116 1 93
41 100000 29 1 91
81 162 57 2 79 92
203 406 100000 1 91
202 404 100000 3 63 91 93
167 100000 100000 2 83 93
