# Converted from 100_242.csv
100
138 276 100000 0
37 74 26 0
210 100000 100000 0
230 460 161 0
141 282 100000 1 1
55 100000 100000 1 0
38 76 100000 2 2 3
121 100000 85 1 3
509 100000 356 1 1
152 100000 106 1 4
446 892 100000 1 5
45 90 100000 2 2 7
475 100000 100000 1 7
86 172 100000 2 6 7
470 940 100000 3 2 7 8
196 392 137 2 6 7
166 332 116 1 9
431 100000 100000 1 11
568 100000 398 1 10
148 100000 104 3 6 12 14
182 100000 100000 2 12 13
236 100000 100000 3 12 13 14
226 100000 158 1 16
321 100000 100000 1 17
112 224 100000 1 19
446 100000 100000 1 20
40 80 28 2 18 20
294 588 100000 2 13 19
453 906 100000 1 24
406 100000 100000 1 25
119 100000 100000 3 22 23 26
272 100000 190 4 15 28 29 30
473 946 331 3 15 21 30
137 100000 96 2 21 30
432 100000 302 1 31
474 100000 332 1 33
76 100000 100000 2 15 33
140 100000 98 2 32 33
534 100000 374 1 35
152 304 100000 1 34
91 182 64 3 27 35 37
171 342 100000 1 36
478 100000 335 2 27 36
94 100000 100000 1 38
173 100000 100000 1 40
122 244 85 1 41
80 100000 100000 3 39 40 41
268 100000 100000 1 40
110 100000 77 1 43
90 180 100000 1 44
174 100000 100000 1 45
244 488 171 1 46
132 264 100000 3 41 42 47
141 100000 99 2 46 47
431 100000 302 2 31 47
244 100000 100000 1 49
517 100000 362 1 51
69 138 100000 1 50
33 66 100000 1 52
44 88 100000 2 48 53
286 572 200 1 52
254 100000 100000 1 51
219 100000 100000 1 52
120 240 100000 1 55
355 100000 100000 1 56
93 186 100000 1 57
68 100000 100000 1 58
70 100000 100000 2 60 62
491 100000 100000 3 59 60 62
56 112 100000 2 42 61
70 100000 49 2 60 62
109 100000 100000 1 63
28 100000 20 1 65
313 100000 100000 1 66
34 68 24 2 52 64
191 100000 134 2 61 68
580 1160 100000 1 68
112 100000 100000 1 71
538 1076 100000 1 73
498 100000 349 1 75
125 100000 100000 1 74
236 472 100000 1 72
201 100000 100000 1 76
480 960 336 1 75
204 100000 143 1 77
37 100000 26 1 78
83 166 58 1 79
161 322 113 1 82
51 100000 100000 1 80
497 100000 348 2 52 81
276 100000 100000 2 74 83
39 100000 100000 2 82 83
147 100000 100000 2 54 82
121 100000 100000 1 87
285 100000 100000 1 88
223 100000 100000 3 60 84 85
472 944 100000 1 86
263 100000 184 1 90
118 236 83 2 31 89
241 482 100000 2 70 91
