# Converted from 100_95.csv
100
205 100000 100000 0
149 100000 104 0
62 124 100000 1 1
31 100000 22 1 0
195 390 100000 1 1
150 300 100000 2 0 1
132 100000 100000 1 1
216 100000 100000 1 0
178 356 100000 1 0
278 100000 195 1 0
431 100000 100000 1 0
122 100000 100000 2 9 10
203 100000 100000 2 9 10
57 114 100000 1 9
201 100000 100000 1 9
213 100000 100000 1 10
271 542 100000 1 9
191 100000 100000 1 10
27 100000 100000 9 2 3 4 5 6 11 12 13 17
58 116 100000 1 16
300 600 210 1 16
121 242 100000 1 17
32 100000 22 1 18
216 100000 151 1 18
229 100000 100000 1 18
100 200 100000 1 18
222 100000 155 1 18
296 100000 100000 1 18
287 574 100000 1 18
436 100000 305 2 18 20
482 100000 337 2 17 19
448 100000 100000 3 16 24 26
208 416 100000 2 26 27
206 100000 144 1 24
244 100000 100000 2 26 33
79 100000 55 2 32 33
382 764 267 2 26 33
162 324 113 1 33
75 100000 52 2 32 37
261 522 100000 1 37
446 100000 312 2 16 37
248 496 100000 2 19 37
164 328 115 4 19 21 27 37
541 1082 379 7 7 8 16 22 35 36 38
180 360 100000 3 20 25 40
56 100000 39 1 40
248 496 100000 1 40
205 100000 100000 2 40 42
348 100000 244 3 26 41 42
389 100000 100000 3 25 26 40
56 100000 39 2 43 49
116 100000 100000 1 43
159 318 100000 1 43
41 82 29 1 43
251 100000 176 1 43
116 232 81 1 43
251 100000 176 1 43
184 368 100000 1 43
155 310 108 1 43
100 200 70 2 21 49
51 100000 100000 2 41 47
224 448 100000 3 21 41 52
34 100000 24 3 25 48 58
217 100000 152 7 15 39 41 42 44 54 59
383 100000 100000 3 20 48 52
59 100000 41 4 30 48 56 58
236 472 100000 2 40 64
93 100000 65 1 63
77 154 54 1 63
38 100000 27 1 63
282 564 100000 1 63
111 100000 100000 2 48 63
219 100000 100000 10 14 30 34 47 50 61 62 66 68 71
199 100000 100000 11 23 29 31 45 47 51 56 67 69 70 71
355 710 100000 2 69 70
149 100000 100000 3 28 47 70
55 100000 100000 1 72
271 542 190 1 72
514 100000 100000 1 72
380 100000 266 1 72
80 160 100000 1 72
269 538 100000 1 72
45 90 100000 1 72
337 100000 100000 1 72
123 100000 100000 1 72
118 236 83 1 73
549 100000 100000 1 73
183 100000 128 1 73
536 100000 375 1 73
178 100000 100000 1 73
195 390 100000 1 73
23 100000 100000 1 73
444 888 311 4 81 82 83 91
152 100000 106 5 76 81 83 86 90
504 100000 100000 4 46 77 84 92
64 128 100000 3 53 60 92
72 100000 100000 2 79 92
162 100000 100000 3 46 74 95
141 282 99 2 90 94
121 100000 100000 4 77 89 95 96
