# Converted from 100_21.csv
100
44 100000 100000 0
87 100000 100000 0
161 322 100000 0
557 1114 100000 0
340 100000 238 0
28 100000 100000 0
178 356 100000 0
91 100000 100000 1 3
478 100000 100000 1 4
570 100000 100000 1 1
225 450 158 1 3
91 100000 64 1 3
88 176 62 1 5
138 100000 97 1 2
199 398 100000 1 5
122 100000 100000 1 9
30 100000 100000 1 10
427 100000 299 1 11
116 232 100000 1 10
411 822 100000 1 10
169 100000 100000 1 11
155 310 100000 1 13
202 100000 100000 2 12 19
544 1088 381 1 19
325 650 100000 1 20
21 100000 15 1 19
296 100000 100000 1 18
175 100000 100000 1 20
489 978 342 1 19
506 100000 354 2 10 21
283 566 100000 1 20
20 100000 14 1 30
529 100000 370 1 29
140 280 100000 1 30
46 100000 100000 1 27
568 1136 100000 1 27
333 100000 100000 1 28
40 80 100000 1 25
20 100000 14 2 12 28
29 100000 100000 1 26
52 100000 36 1 28
395 100000 276 1 30
67 100000 100000 2 6 29
147 294 100000 2 2 40
65 130 46 1 35
270 540 189 1 36
121 242 85 1 38
466 100000 326 1 37
192 384 134 1 41
454 100000 318 1 41
172 100000 100000 2 2 39
83 166 100000 2 39 40
303 100000 100000 1 41
75 100000 52 2 44 47
50 100000 35 2 42 50
155 310 100000 1 48
443 100000 310 1 45
160 100000 100000 1 46
50 100 35 1 48
154 100000 100000 1 58
267 100000 187 1 55
40 100000 28 1 56
355 710 248 1 57
33 66 100000 1 58
208 100000 100000 1 58
80 100000 100000 1 58
105 100000 100000 1 58
46 92 100000 2 27 58
28 100000 100000 2 61 67
349 698 244 1 63
232 464 100000 1 62
20 100000 100000 2 38 60
133 100000 100000 1 64
229 458 100000 1 64
506 100000 354 1 67
308 100000 100000 1 65
566 1132 100000 2 13 63
80 100000 56 1 63
237 100000 100000 2 39 76
178 356 100000 13 8 16 17 22 23 24 33 34 53 54 59 63 68
27 100000 19 1 69
76 100000 53 2 70 72
152 304 106 1 77
38 76 100000 1 76
364 728 255 8 0 7 12 15 31 32 43 78
51 102 36 1 79
79 100000 55 1 79
121 242 100000 1 79
100 100000 100000 1 79
91 182 100000 1 80
80 100000 100000 1 82
446 100000 100000 1 81
223 100000 100000 1 82
292 100000 204 1 84
294 588 100000 1 84
312 100000 100000 1 84
168 100000 100000 1 84
160 100000 112 2 89 92
72 144 50 2 85 86
324 100000 100000 1 91
