# Converted from 100_304.csv
100
287 100000 100000 0
70 140 49 0
286 100000 200 0
38 76 27 0
109 100000 76 0
62 100000 100000 0
256 100000 179 0
84 100000 100000 0
206 412 100000 0
107 100000 75 0
316 100000 100000 1 7
172 100000 100000 1 3
205 100000 100000 1 8
156 100000 109 1 6
96 100000 100000 1 0
129 258 100000 1 2
139 278 97 1 6
214 100000 100000 1 15
134 268 94 1 15
230 100000 100000 1 13
175 350 122 1 15
218 100000 153 1 14
544 100000 381 1 14
174 348 100000 1 15
110 100000 100000 1 11
168 336 100000 1 15
355 710 100000 1 10
281 100000 100000 1 13
561 1122 393 1 22
183 366 100000 1 26
107 214 100000 2 5 21
239 100000 167 1 19
124 248 87 1 19
135 100000 100000 1 20
191 100000 134 2 6 17
54 108 100000 1 24
37 100000 26 1 19
226 100000 100000 1 22
123 246 86 1 26
321 100000 100000 1 30
550 100000 385 1 29
152 100000 106 1 29
524 100000 100000 3 5 16 34
187 100000 131 1 37
108 100000 100000 2 19 33
418 100000 293 2 19 41
22 44 100000 1 40
81 100000 100000 2 4 44
37 100000 26 1 41
53 106 37 2 10 42
171 342 120 3 23 33 43
87 174 100000 1 40
508 1016 100000 1 42
466 932 100000 1 43
128 100000 100000 1 41
462 100000 100000 2 16 43
127 254 100000 1 52
442 884 100000 2 34 45
27 100000 100000 2 42 50
125 100000 88 1 49
185 100000 100000 1 46
126 252 100000 1 46
94 188 100000 1 47
291 100000 100000 1 55
188 100000 132 4 1 32 57 61
73 100000 100000 1 57
95 190 100000 2 11 56
495 990 346 2 56 62
162 324 113 2 22 56
155 100000 108 1 62
81 100000 57 2 18 64
212 424 100000 1 65
50 100000 35 2 29 69
445 100000 312 1 65
115 230 100000 2 59 66
342 100000 100000 2 49 67
57 100000 40 1 66
387 100000 100000 2 24 71
585 100000 410 2 61 75
161 322 100000 1 75
486 100000 100000 1 76
117 100000 100000 2 18 75
171 100000 100000 2 38 71
67 100000 47 1 82
478 956 100000 1 82
21 100000 100000 1 80
126 100000 100000 2 14 80
375 100000 100000 1 77
316 632 100000 1 79
30 100000 21 2 35 82
70 140 100000 2 54 78
130 100000 100000 1 87
100 100000 70 1 88
103 206 100000 1 89
445 890 312 1 87
67 100000 47 1 83
191 382 100000 1 83
83 166 100000 3 68 69 89
273 546 100000 2 38 90
353 100000 100000 1 83
