# Converted from 100_368.csv
100
564 100000 100000 0
502 100000 100000 0
584 100000 100000 0
290 100000 100000 0
467 100000 100000 0
529 100000 100000 0
491 100000 344 0
668 100000 468 0
691 100000 100000 0
553 1106 387 0
217 100000 152 0
640 100000 100000 1 6
504 1008 100000 1 4
691 100000 100000 1 1
589 1178 100000 1 0
523 100000 366 1 2
428 100000 300 1 10
425 850 100000 1 3
555 1110 100000 1 4
437 100000 306 1 10
473 100000 331 1 11
562 100000 100000 1 19
537 1074 100000 3 0 1 15
449 100000 100000 1 15
470 940 100000 1 11
550 1100 100000 1 21
484 100000 339 1 20
469 938 100000 2 13 21
480 100000 336 2 15 20
427 854 100000 1 22
648 100000 454 1 21
500 1000 100000 1 30
754 100000 100000 1 25
583 100000 408 1 30
616 1232 100000 1 27
384 100000 269 1 26
339 100000 100000 3 22 25 28
336 100000 100000 1 30
320 640 224 2 17 26
660 100000 462 2 22 26
337 100000 100000 1 36
541 100000 379 1 31
612 1224 428 1 37
475 950 332 1 35
506 1012 100000 1 36
644 100000 451 1 39
411 822 288 1 38
593 1186 415 1 33
632 100000 100000 3 18 36 37
281 100000 100000 1 37
721 1442 100000 1 49
586 1172 100000 1 48
572 1144 400 1 46
628 1256 100000 3 13 30 44
643 100000 450 2 34 49
742 1484 100000 2 42 43
460 100000 100000 1 49
415 100000 290 1 50
453 100000 100000 2 50 53
418 836 293 2 37 52
624 100000 100000 1 54
525 100000 100000 2 21 52
500 1000 100000 1 52
566 1132 100000 1 52
630 1260 441 1 60
571 1142 100000 1 57
602 100000 421 1 63
668 100000 100000 1 57
716 100000 501 1 63
392 100000 100000 1 63
460 100000 100000 1 61
342 684 100000 1 58
642 100000 449 1 68
350 700 245 1 71
530 100000 371 1 71
643 100000 100000 2 65 69
439 100000 100000 1 68
390 780 273 2 58 68
532 100000 372 1 64
618 100000 433 1 64
380 100000 100000 1 68
627 100000 100000 2 10 66
575 1150 100000 1 67
504 100000 100000 1 79
693 1386 485 1 72
364 728 255 2 69 79
464 100000 100000 4 11 32 47 78
539 1078 377 2 78 82
442 100000 309 3 19 29 76
579 100000 405 2 67 76
264 528 100000 1 80
570 100000 100000 1 87
547 100000 100000 3 45 56 86
429 100000 100000 2 7 86
511 1022 358 1 84
516 100000 100000 3 23 71 89
342 684 100000 2 74 90
612 1224 100000 1 83
416 832 100000 1 88
424 100000 100000 1 89
