# Converted from 100_511.csv
100
307 614 100000 0
450 100000 315 0
555 1110 100000 0
476 100000 333 0
624 1248 100000 3 1 2 3
391 100000 274 4 0 1 2 3
335 100000 100000 3 1 2 3
676 100000 473 4 0 1 2 3
498 100000 349 3 1 2 3
504 100000 100000 5 4 5 6 7 8
448 100000 314 4 4 6 7 8
404 808 283 4 4 6 7 8
590 100000 100000 3 9 10 11
733 100000 513 3 9 10 11
366 100000 100000 3 9 10 11
525 1050 100000 3 12 13 14
558 100000 391 3 12 13 14
347 694 100000 3 12 13 14
607 1214 425 3 15 16 17
502 1004 351 3 15 16 17
508 100000 100000 3 15 16 17
372 100000 100000 3 15 16 17
507 100000 355 4 18 19 20 21
326 100000 100000 4 18 19 20 21
617 100000 432 4 18 19 20 21
667 100000 100000 3 22 23 24
510 1020 357 3 22 23 24
654 100000 458 3 22 23 24
421 100000 100000 3 25 26 27
715 100000 100000 1 28
443 886 310 1 28
540 1080 100000 1 28
507 1014 100000 1 28
472 944 100000 4 29 30 31 32
559 1118 100000 4 29 30 31 32
214 100000 100000 3 29 30 31
641 100000 100000 3 29 30 31
598 1196 419 2 33 35
496 992 347 3 33 35 36
339 678 237 2 33 35
392 100000 100000 3 37 38 39
540 100000 378 1 38
584 1168 100000 2 40 41
421 842 100000 2 40 41
692 100000 484 2 42 43
747 100000 100000 2 42 43
124 100000 100000 1 43
664 1328 465 2 45 46
636 100000 100000 1 46
338 100000 237 2 45 46
604 100000 100000 2 47 49
609 100000 100000 2 47 49
611 100000 100000 1 49
471 100000 100000 3 34 47 49
760 100000 100000 4 50 51 52 53
527 100000 100000 4 50 51 52 53
407 814 285 2 54 55
414 100000 100000 2 54 55
473 100000 331 2 54 55
556 100000 100000 2 54 55
658 1316 100000 1 54
691 100000 100000 3 56 58 59
444 888 100000 1 58
523 1046 100000 3 48 56 57
289 578 202 1 57
560 1120 100000 1 63
305 610 100000 5 44 48 56 60 64
515 100000 100000 2 60 61
495 990 100000 1 65
552 100000 100000 1 67
563 100000 100000 2 65 66
622 100000 100000 1 66
447 100000 313 1 67
226 100000 158 2 68 71
576 1152 403 2 57 72
677 100000 474 3 66 69 72
538 100000 377 2 70 72
445 100000 312 1 75
633 1266 100000 2 61 73
421 842 100000 2 65 75
627 100000 439 2 71 79
599 100000 419 2 72 78
624 100000 100000 2 77 78
402 804 281 2 78 79
574 100000 100000 3 70 75 78
384 768 269 2 76 78
283 566 198 2 83 85
533 100000 100000 2 73 80
533 1066 373 2 77 84
331 100000 100000 2 81 85
406 100000 100000 2 78 87
557 100000 100000 2 83 87
464 100000 325 1 88
508 1016 100000 2 77 86
420 840 100000 2 83 92
279 558 100000 1 93
337 100000 100000 3 84 90 91
368 100000 100000 1 94
427 854 100000 3 85 92 96
350 700 245 1 96
