# Converted from 100_268.csv
100
78 156 100000 0
217 100000 152 0
49 100000 34 1 0
68 136 48 1 0
36 100000 25 1 0
173 346 100000 1 1
79 100000 100000 1 0
126 252 100000 1 2
205 410 100000 1 4
156 100000 100000 1 4
45 100000 31 1 3
247 100000 100000 3 4 5 6
203 406 142 1 5
61 100000 43 1 11
71 100000 100000 1 7
64 100000 100000 1 12
153 100000 107 1 8
109 218 100000 1 9
44 100000 31 1 10
58 116 100000 1 11
155 310 100000 2 11 12
35 100000 100000 2 11 12
151 100000 106 1 13
40 80 100000 1 15
253 506 100000 1 14
156 100000 109 1 20
132 100000 100000 1 17
35 70 24 1 19
78 100000 55 2 16 20
115 100000 100000 2 18 20
326 100000 228 1 21
117 234 100000 1 24
154 308 100000 1 25
86 172 100000 1 26
152 304 100000 1 27
106 100000 100000 5 22 23 28 29 30
237 100000 166 3 28 29 30
263 100000 100000 3 21 28 29
179 100000 125 1 36
93 100000 100000 1 37
148 296 104 1 34
153 100000 100000 4 31 33 35 37
102 100000 71 3 32 35 37
237 100000 100000 1 36
57 114 100000 1 40
52 100000 36 1 41
103 100000 100000 1 38
170 100000 100000 1 39
136 272 100000 3 41 42 43
111 222 100000 1 44
62 100000 100000 1 45
228 100000 100000 3 46 47 48
330 100000 100000 1 48
124 248 87 1 48
132 264 100000 1 48
96 100000 100000 1 48
293 100000 205 1 49
26 100000 100000 1 52
40 80 100000 1 53
168 100000 100000 3 50 51 53
77 100000 54 2 53 54
133 100000 100000 1 60
79 100000 55 1 57
147 100000 103 1 58
239 478 100000 2 55 56
26 52 100000 1 59
168 336 100000 1 59
81 162 57 1 59
168 336 100000 1 61
89 178 100000 1 62
274 548 100000 2 51 63
218 436 153 1 66
331 100000 100000 1 67
172 344 120 2 54 66
307 100000 100000 2 69 70
254 100000 178 1 68
189 100000 100000 3 52 67 71
117 100000 82 2 55 73
215 100000 100000 3 60 71 72
177 354 124 1 74
184 100000 129 1 75
117 100000 82 2 77 78
192 100000 100000 3 72 75 77
202 100000 141 2 72 77
190 100000 133 1 78
75 100000 100000 1 79
33 100000 100000 2 81 83
85 100000 59 1 84
45 90 31 2 65 82
127 100000 89 2 55 84
91 182 100000 3 70 81 84
61 100000 43 1 85
188 376 100000 1 86
175 350 100000 1 86
257 514 100000 4 65 74 87 90
63 100000 44 3 76 83 87
180 100000 100000 1 91
166 100000 100000 1 92
57 114 100000 2 87 93
190 380 133 2 74 95
