# Converted from 100_197.csv
100
134 268 100000 0
188 100000 132 0
159 100000 100000 0
231 100000 162 0
230 460 161 0
120 100000 84 0
80 160 56 0
264 528 185 0
94 188 100000 1 0
243 486 170 1 2
130 100000 100000 1 1
167 100000 117 1 4
94 100000 100000 1 5
193 386 100000 1 4
108 100000 100000 1 8
60 120 42 1 9
232 100000 162 1 10
125 100000 100000 1 11
193 100000 100000 1 13
136 100000 100000 2 12 13
109 218 100000 1 12
80 100000 100000 1 16
238 100000 167 1 14
249 100000 100000 1 17
199 398 100000 1 18
54 108 100000 1 15
177 100000 124 1 18
172 100000 100000 1 18
180 100000 126 1 20
147 100000 100000 2 6 18
44 88 100000 2 11 19
86 172 100000 2 3 19
232 464 162 1 19
145 290 100000 1 23
85 170 59 1 25
138 100000 100000 1 21
140 280 100000 1 22
308 100000 216 1 25
161 100000 100000 1 24
60 100000 42 3 2 28 29
61 122 43 1 28
342 100000 239 2 31 32
89 178 100000 1 27
91 182 100000 1 30
120 100000 100000 2 19 28
37 74 100000 1 33
208 100000 100000 1 35
135 100000 100000 1 39
130 100000 91 1 40
114 100000 80 1 34
28 56 20 1 36
231 100000 100000 1 37
171 342 100000 2 26 38
98 100000 69 1 42
289 578 202 3 40 41 42
90 100000 100000 1 46
78 100000 100000 1 47
228 456 160 1 48
164 100000 115 1 50
237 100000 166 1 49
61 100000 100000 1 45
126 252 100000 1 51
121 242 100000 2 11 52
59 118 41 2 42 52
277 554 194 3 12 52 53
48 100000 34 1 53
56 112 39 1 59
108 100000 100000 1 55
144 288 100000 1 56
110 100000 100000 3 3 39 58
141 282 100000 2 52 57
201 402 100000 1 62
177 100000 124 2 41 64
57 100000 100000 2 31 60
313 100000 100000 2 5 63
204 408 143 1 69
91 182 100000 1 66
61 100000 43 1 67
197 100000 100000 1 68
144 100000 100000 2 28 72
152 100000 100000 2 52 69
94 188 100000 1 75
95 100000 66 1 76
116 100000 100000 2 77 78
182 100000 100000 4 19 25 60 80
27 100000 19 1 80
32 64 100000 2 2 79
377 100000 264 1 81
131 100000 92 1 82
42 84 100000 2 53 85
79 100000 55 2 43 86
62 100000 100000 1 83
175 100000 100000 3 70 71 85
168 100000 100000 1 83
112 100000 78 1 87
82 100000 100000 1 88
141 282 100000 2 80 91
298 100000 100000 3 74 85 93
151 100000 100000 2 70 91
133 266 100000 2 65 90
