# Converted from 100_359.csv
100
529 100000 100000 0
497 100000 100000 0
301 602 100000 0
648 100000 454 0
504 1008 353 0
565 100000 100000 0
340 100000 100000 1 3
623 1246 436 1 4
392 784 100000 1 0
509 100000 100000 1 1
305 610 100000 1 4
409 100000 100000 1 0
739 100000 100000 1 0
429 858 300 1 6
618 100000 433 1 9
754 1508 528 1 12
657 100000 460 1 10
533 100000 100000 1 12
586 1172 100000 2 6 17
588 1176 100000 1 16
540 100000 100000 1 17
422 844 295 1 14
640 1280 100000 1 14
570 100000 399 1 14
486 972 340 1 13
223 100000 156 1 15
567 1134 100000 1 13
402 804 100000 1 26
450 900 100000 1 25
419 100000 100000 1 22
417 100000 292 1 18
424 848 297 1 26
535 100000 374 1 20
426 100000 298 1 19
570 100000 399 1 18
452 100000 316 2 31 33
419 100000 293 1 34
430 860 100000 1 32
568 100000 398 1 29
488 100000 342 1 28
343 100000 100000 1 27
532 100000 372 2 21 31
400 100000 280 2 30 34
619 100000 100000 2 24 30
434 868 100000 1 31
532 100000 100000 1 42
497 994 348 1 39
655 100000 100000 1 37
434 100000 100000 1 43
561 100000 100000 1 41
548 1096 384 2 20 40
495 990 346 1 40
490 100000 343 2 23 44
425 100000 298 1 51
776 100000 100000 1 46
445 100000 100000 1 45
537 100000 100000 1 52
430 860 100000 1 45
380 100000 100000 1 47
643 1286 450 1 46
445 890 312 1 59
386 100000 100000 1 56
378 756 100000 1 55
593 100000 100000 1 57
646 1292 100000 1 59
355 100000 100000 2 53 56
691 1382 100000 1 57
535 1070 374 1 54
593 100000 100000 1 58
383 766 100000 4 4 26 28 68
465 930 326 2 21 65
326 100000 228 3 21 50 63
587 100000 100000 2 49 62
339 100000 100000 1 64
527 100000 100000 1 63
372 744 100000 1 67
411 100000 100000 1 64
449 100000 100000 1 64
473 100000 331 1 60
717 100000 100000 2 57 76
501 1002 351 2 61 75
404 100000 283 1 70
383 766 100000 2 45 75
287 100000 201 1 69
472 944 100000 2 43 73
525 1050 100000 2 7 71
612 100000 100000 3 27 36 73
503 100000 352 2 49 75
566 100000 396 2 14 77
610 100000 427 3 8 71 82
392 100000 100000 3 8 79 87
563 1126 100000 1 83
463 926 100000 4 26 73 79 82
577 1154 100000 1 79
478 956 100000 1 88
575 100000 402 2 59 87
504 1008 100000 1 84
445 100000 100000 3 13 67 79
664 100000 100000 1 80
618 100000 100000 2 79 80
