# Converted from 100_350.csv
100
68 100000 48 0
162 324 113 0
88 176 100000 0
123 100000 100000 0
38 76 27 0
118 100000 100000 0
203 406 100000 0
66 132 46 0
99 100000 100000 0
105 210 100000 0
52 104 36 1 1
133 100000 100000 1 3
97 194 68 1 3
261 100000 183 1 7
95 100000 100000 1 4
224 448 100000 2 1 3
222 100000 100000 1 6
159 100000 111 1 1
46 100000 32 1 14
113 226 79 1 15
165 100000 100000 1 14
253 100000 177 1 15
94 100000 100000 1 17
183 100000 100000 1 13
31 62 22 1 16
90 100000 100000 2 5 14
92 184 100000 1 14
45 90 100000 1 15
123 100000 100000 1 14
189 100000 100000 1 10
206 100000 100000 1 27
49 98 34 1 25
210 420 147 2 1 23
137 100000 100000 1 28
57 100000 40 1 23
172 344 120 2 10 20
251 100000 176 1 21
40 100000 100000 1 29
77 100000 54 2 30 36
59 118 100000 2 35 37
30 60 21 1 35
93 100000 65 1 37
308 100000 100000 1 31
130 100000 100000 1 37
179 358 100000 1 35
180 360 126 1 38
316 100000 221 1 41
204 408 100000 1 41
141 100000 100000 2 23 39
255 510 178 1 45
181 100000 100000 1 48
96 100000 100000 2 45 48
242 484 100000 1 47
244 100000 171 1 47
66 100000 100000 1 47
214 100000 150 1 48
218 436 100000 2 18 48
73 146 51 2 9 47
118 236 83 1 49
160 100000 100000 2 38 55
182 364 100000 2 30 53
32 100000 100000 1 50
45 100000 100000 1 56
66 100000 100000 2 54 57
102 204 71 1 54
78 100000 55 1 54
70 140 100000 1 54
101 100000 100000 2 0 50
39 100000 27 2 29 49
73 100000 100000 1 56
89 178 100000 2 21 67
226 452 100000 1 69
116 232 100000 1 58
41 100000 29 1 64
222 100000 155 1 63
144 100000 100000 1 65
279 558 100000 2 12 59
34 100000 24 2 14 74
78 100000 100000 2 52 72
135 100000 100000 2 31 73
393 786 275 2 51 70
103 206 100000 2 53 75
157 314 100000 2 63 70
95 100000 100000 1 76
95 100000 66 1 76
142 284 99 1 79
222 100000 100000 2 42 77
145 290 102 2 72 82
93 100000 100000 1 84
24 100000 100000 1 82
153 100000 100000 2 20 79
78 156 55 1 84
53 100000 100000 2 62 80
198 100000 100000 2 44 81
243 100000 100000 2 66 83
35 100000 100000 3 28 66 90
223 446 100000 3 32 63 90
169 100000 118 1 85
256 100000 100000 1 91
210 100000 147 3 32 63 85
