# Converted from 100_150.csv
100
379 758 100000 0
507 1014 355 0
891 100000 100000 0
573 100000 401 0
431 100000 302 0
337 100000 100000 0
601 100000 100000 0
494 100000 100000 0
615 100000 430 2 6 7
575 1150 100000 1 6
441 882 100000 1 7
443 100000 100000 1 5
239 100000 167 1 5
445 100000 312 2 6 7
522 100000 365 1 13
488 100000 342 1 13
533 1066 100000 1 13
238 100000 100000 1 13
572 100000 100000 1 13
437 100000 100000 1 13
495 100000 100000 1 13
580 100000 100000 1 13
462 100000 100000 1 21
390 100000 100000 1 21
438 100000 307 1 21
595 1190 416 1 21
627 100000 439 1 21
577 100000 100000 1 21
348 100000 100000 1 21
333 100000 233 1 21
715 1430 100000 13 0 8 9 10 14 15 16 22 23 24 25 28 29
728 100000 510 1 29
530 1060 371 2 28 29
479 100000 100000 1 29
674 100000 100000 1 30
344 688 100000 1 30
594 1188 100000 1 30
499 100000 349 1 30
274 548 100000 1 30
524 100000 367 1 30
427 100000 100000 1 30
677 1354 474 2 30 32
626 100000 438 1 30
636 100000 445 2 30 33
357 714 250 5 35 37 38 39 43
459 918 321 5 5 33 35 36 39
671 100000 100000 5 5 34 35 40 43
579 1158 405 7 4 12 19 20 37 41 43
592 1184 100000 3 36 39 43
579 100000 100000 2 47 48
660 100000 100000 1 47
698 1396 489 1 47
332 100000 232 1 47
283 566 100000 1 47
552 100000 386 1 47
370 100000 100000 1 47
420 100000 100000 2 38 47
534 100000 100000 2 50 52
543 1086 100000 4 36 50 51 53
554 100000 100000 2 36 54
491 982 100000 6 34 35 48 52 55 56
751 1502 100000 1 59
232 100000 100000 3 34 51 59
559 1118 391 3 51 59 60
548 1096 100000 2 53 60
413 826 100000 4 34 55 56 59
608 100000 100000 2 53 65
678 100000 100000 4 35 51 52 65
610 1220 100000 6 18 26 42 62 63 64
428 856 100000 2 52 65
588 1176 100000 2 53 65
464 928 325 11 1 2 17 31 40 44 45 61 66 67 69
423 846 100000 1 68
276 552 100000 1 68
500 100000 350 1 68
341 100000 100000 1 68
560 1120 392 1 68
735 100000 100000 1 70
513 1026 359 4 42 53 60 69
446 100000 100000 1 71
534 100000 100000 1 71
604 100000 423 1 71
469 100000 100000 1 71
612 1224 428 1 71
539 1078 100000 1 71
419 838 293 1 71
555 1110 100000 9 3 11 27 46 49 57 58 74 77
478 100000 100000 2 75 76
460 100000 100000 1 86
589 100000 412 1 86
226 100000 158 1 86
451 100000 316 1 86
418 100000 100000 1 86
441 882 100000 3 85 91 92
504 1008 100000 3 84 87 91
556 100000 389 5 72 79 84 87 92
358 716 251 5 72 73 87 88 93
470 100000 329 4 72 90 93 94
545 100000 382 3 79 96 97
599 1198 100000 3 81 90 96
