# Converted from 100_510.csv
100
541 100000 379 0
411 822 288 0
666 1332 100000 0
597 100000 100000 0
497 100000 348 4 0 1 2 3
570 100000 399 4 0 1 2 3
592 100000 100000 2 4 5
642 1284 100000 2 4 5
441 882 309 2 4 5
448 100000 314 3 6 7 8
508 1016 356 3 6 7 8
566 1132 396 3 6 7 8
495 100000 100000 3 6 7 8
665 100000 465 4 9 10 11 12
433 100000 303 4 9 10 11 12
574 100000 100000 2 13 14
640 100000 100000 2 13 14
329 658 100000 2 13 14
507 1014 355 2 13 14
386 772 270 4 15 16 17 18
627 100000 100000 4 15 16 17 18
706 100000 494 4 15 16 17 18
409 100000 100000 4 15 16 17 18
471 100000 330 4 19 20 21 22
296 100000 100000 4 19 20 21 22
390 780 100000 4 19 20 21 22
548 100000 384 4 19 20 21 22
742 1484 100000 4 19 20 21 22
413 826 100000 5 23 24 25 26 27
328 100000 100000 4 23 24 25 26
486 972 340 2 28 29
374 748 100000 2 28 29
659 100000 100000 1 28
480 100000 100000 1 32
516 100000 100000 2 30 32
448 100000 100000 2 30 32
399 100000 279 2 33 34
295 100000 100000 2 33 34
497 994 100000 2 33 34
532 1064 100000 3 33 34 35
499 100000 349 3 36 37 39
420 100000 100000 2 36 37
629 100000 100000 1 38
520 1040 364 1 37
535 100000 100000 4 38 40 41 43
647 100000 100000 3 31 41 42
446 100000 312 1 41
327 100000 100000 4 31 35 36 43
618 100000 100000 2 31 40
541 100000 100000 4 44 45 46 48
424 100000 297 4 44 45 46 48
444 888 100000 4 42 46 47 48
432 864 302 3 49 50 51
770 100000 539 3 49 50 51
474 948 100000 3 49 50 51
508 1016 100000 2 49 50
711 100000 100000 2 52 53
540 100000 100000 2 47 55
179 358 100000 2 52 57
480 100000 100000 2 54 56
367 100000 100000 1 56
586 100000 100000 3 54 58 60
551 100000 386 2 59 60
569 100000 100000 2 59 60
593 100000 415 1 62
408 100000 100000 1 62
532 100000 372 1 62
284 100000 100000 3 64 65 66
378 756 265 1 64
553 1106 100000 1 64
484 968 100000 3 67 68 69
505 1010 100000 2 67 68
613 1226 100000 3 67 68 69
676 1352 100000 2 68 69
260 520 182 4 70 71 72 73
395 100000 276 3 71 72 73
437 100000 100000 3 70 72 73
317 634 222 3 58 71 73
428 856 300 3 61 70 71
790 1580 100000 3 55 70 71
541 100000 100000 1 75
436 872 100000 1 74
335 670 234 2 61 74
443 886 100000 3 72 77 79
453 100000 100000 1 81
359 718 251 1 81
496 100000 347 2 80 82
538 100000 377 2 84 86
438 100000 307 1 85
603 100000 100000 3 63 77 85
694 100000 100000 3 83 84 89
756 1512 100000 2 61 89
464 100000 325 1 87
412 100000 100000 2 80 89
477 100000 100000 2 78 90
614 100000 100000 1 91
205 410 144 1 91
396 100000 277 2 82 94
333 666 233 3 76 94 96
363 726 100000 1 94
