# Converted from 100_57.csv
100
472 944 100000 0
321 642 100000 0
471 100000 100000 0
443 100000 310 0
345 690 241 0
354 100000 248 0
399 798 100000 0
545 100000 100000 0
649 100000 100000 0
409 100000 286 6 0 1 2 3 4 5
522 100000 365 1 8
291 100000 204 1 6
514 100000 100000 1 8
537 1074 100000 1 6
627 1254 100000 1 8
402 100000 281 1 6
555 1110 388 1 8
479 100000 100000 1 9
451 902 100000 1 9
526 100000 100000 1 9
602 100000 421 1 9
416 832 291 1 9
622 100000 100000 1 9
480 100000 336 1 9
528 100000 100000 1 11
567 100000 397 1 12
604 100000 423 1 15
240 100000 100000 1 12
661 100000 100000 1 16
567 100000 397 1 28
468 100000 100000 1 24
631 1262 442 1 18
338 676 100000 1 18
678 1356 100000 1 21
467 100000 100000 1 26
585 100000 100000 1 18
598 1196 100000 1 23
600 100000 100000 1 23
435 870 100000 1 34
408 816 100000 1 31
459 100000 100000 1 32
577 1154 404 1 30
586 100000 100000 1 34
458 916 100000 1 37
484 968 100000 1 41
643 100000 100000 1 39
325 650 100000 1 40
404 100000 100000 1 42
514 1028 100000 1 43
445 100000 100000 1 41
475 100000 332 1 42
523 1046 366 1 45
551 1102 100000 1 46
507 100000 355 1 47
315 100000 220 1 49
405 100000 100000 1 48
281 562 100000 1 48
529 100000 370 1 51
397 100000 100000 1 52
788 100000 100000 1 53
486 100000 340 1 56
672 1344 470 1 56
374 100000 100000 1 55
678 100000 475 1 55
558 100000 100000 1 54
506 100000 100000 1 55
623 1246 100000 1 54
382 764 267 1 56
772 1544 100000 6 10 17 29 38 44 57
652 100000 456 1 60
609 100000 426 1 61
517 1034 362 1 59
437 100000 100000 1 58
285 100000 100000 1 64
619 1238 433 1 60
475 950 332 1 62
520 1040 100000 1 63
445 100000 100000 1 65
481 962 100000 1 66
577 100000 404 1 68
460 920 322 1 68
601 100000 421 1 68
445 100000 100000 1 68
650 100000 100000 1 71
414 828 290 1 69
349 100000 244 1 70
520 100000 364 1 73
597 100000 100000 1 75
508 100000 100000 1 77
168 336 100000 1 73
574 100000 100000 1 83
441 882 100000 1 86
383 766 268 2 84 85
425 100000 100000 1 82
477 100000 100000 1 80
759 100000 531 1 82
382 100000 100000 2 90 91
438 876 100000 1 92
641 1282 449 1 93
633 1266 443 1 94
