# Converted from 100_163.csv
100
227 100000 159 0
157 100000 110 0
470 100000 100000 0
191 382 100000 0
201 402 100000 0
392 784 100000 0
535 100000 374 0
59 100000 100000 0
551 100000 100000 1 2
568 1136 398 1 0
196 100000 100000 1 2
98 196 69 1 2
127 100000 100000 1 1
135 270 100000 1 3
125 100000 88 1 3
147 100000 100000 1 6
70 100000 100000 1 5
265 100000 100000 1 4
31 62 22 1 8
169 100000 118 1 10
208 100000 146 1 9
195 100000 100000 1 11
318 100000 100000 1 13
88 100000 100000 1 12
34 68 100000 1 17
64 128 100000 1 14
218 100000 100000 1 16
153 100000 107 1 15
112 100000 78 1 18
187 100000 100000 1 19
348 100000 244 1 20
317 100000 222 1 22
207 414 100000 1 26
358 716 251 1 25
80 160 56 1 21
185 100000 130 1 26
505 1010 100000 1 24
312 624 218 2 24 27
153 100000 100000 1 27
528 100000 100000 1 24
397 794 278 1 28
502 1004 100000 1 32
305 100000 100000 1 33
455 100000 100000 1 29
547 100000 100000 1 30
323 100000 226 1 31
179 358 100000 1 33
199 100000 100000 1 39
188 376 100000 1 34
446 892 100000 1 36
405 100000 100000 1 41
241 482 100000 1 42
433 100000 100000 5 33 40 43 44 45
281 562 100000 1 46
42 84 29 1 46
428 100000 300 1 47
59 118 41 1 48
522 1044 365 1 51
124 100000 87 1 52
178 100000 100000 1 53
614 100000 430 1 52
241 100000 100000 1 50
61 122 100000 1 56
443 100000 100000 1 52
73 100000 51 1 56
32 64 100000 1 57
77 100000 54 1 61
28 100000 100000 1 58
68 100000 48 1 59
505 100000 100000 1 60
425 100000 100000 1 63
246 492 172 1 63
532 1064 100000 1 65
372 744 260 1 66
173 100000 121 1 69
164 100000 100000 1 67
256 512 100000 2 38 68
97 194 100000 1 71
137 100000 96 1 70
246 100000 172 1 70
510 100000 100000 1 72
513 100000 100000 1 74
55 110 38 2 53 78
264 100000 185 1 73
149 298 100000 2 16 77
265 100000 186 1 76
33 100000 100000 1 82
150 300 100000 1 81
26 52 100000 1 80
138 100000 100000 2 37 84
81 162 100000 1 85
32 100000 22 1 82
60 100000 100000 1 83
249 498 100000 1 86
317 100000 100000 1 87
50 100000 100000 1 91
425 100000 100000 1 88
70 140 49 1 92
91 182 64 1 91
266 532 186 1 91
