# Converted from 100_298.csv
100
469 100000 328 0
517 100000 100000 0
703 100000 100000 0
678 100000 100000 0
564 100000 395 0
579 100000 100000 0
601 1202 100000 1 0
845 100000 592 1 1
507 1014 100000 3 3 4 5
413 826 289 2 4 5
620 1240 100000 2 2 4
637 100000 100000 1 6
205 100000 100000 2 7 8
600 100000 100000 1 8
425 100000 100000 1 8
436 100000 305 2 8 9
611 100000 428 1 10
454 100000 318 1 11
502 100000 100000 1 12
844 100000 591 2 14 16
631 100000 100000 3 9 14 16
449 100000 314 1 16
538 100000 100000 1 17
513 100000 359 1 18
388 100000 272 2 13 19
513 100000 100000 2 9 19
358 100000 100000 1 20
675 100000 100000 1 21
384 768 100000 2 12 19
497 100000 348 1 19
749 1498 524 1 20
493 986 100000 1 24
383 766 100000 1 22
511 100000 358 1 23
533 1066 373 3 25 27 28
492 100000 344 1 28
404 100000 283 3 9 24 28
291 582 204 2 26 27
570 100000 100000 1 32
680 100000 476 1 31
563 100000 100000 1 34
514 100000 360 1 34
647 1294 100000 1 33
600 1200 420 6 15 24 30 34 35 37
555 100000 388 2 36 37
666 1332 100000 1 38
576 1152 403 1 40
693 1386 100000 1 41
388 100000 272 1 42
431 100000 302 2 39 43
410 100000 100000 2 36 43
455 910 318 1 49
433 866 303 1 45
394 788 100000 5 24 26 46 47 48
680 1360 100000 1 49
420 100000 100000 2 44 50
575 1150 402 1 51
570 1140 100000 1 52
565 100000 100000 5 29 44 50 53 54
483 100000 100000 2 29 55
466 932 100000 1 55
592 1184 100000 1 57
554 100000 100000 1 58
526 100000 368 1 59
412 824 288 1 60
524 1048 367 1 58
567 100000 100000 2 56 58
592 100000 414 1 60
644 1288 451 1 66
234 100000 164 1 61
485 970 100000 1 62
447 894 100000 1 63
390 780 273 1 64
456 100000 319 1 65
684 1368 100000 1 66
416 832 100000 1 68
581 1162 100000 1 71
299 100000 100000 4 67 69 70 74
449 898 314 2 72 74
436 872 100000 1 73
261 100000 100000 1 74
452 904 100000 2 67 74
640 1280 100000 1 75
677 100000 100000 2 76 77
708 100000 100000 2 67 78
398 100000 279 1 82
208 416 100000 1 83
435 870 100000 2 83 84
426 100000 298 2 83 84
621 100000 100000 1 87
566 1132 100000 1 86
575 100000 100000 3 80 85 87
424 100000 100000 2 81 88
391 782 100000 2 80 88
541 100000 100000 1 89
448 100000 100000 2 87 90
595 100000 100000 1 91
320 100000 224 1 92
641 100000 100000 3 79 91 92
525 100000 100000 1 92
