# Converted from 100_313.csv
100
142 100000 100000 0
551 100000 386 0
455 910 318 0
23 46 100000 0
163 326 100000 0
115 100000 100000 0
225 100000 158 0
116 232 81 1 5
241 100000 100000 1 3
48 96 34 1 2
111 100000 100000 1 6
34 68 24 1 2
176 352 100000 1 2
234 100000 100000 1 3
317 100000 100000 1 2
92 100000 100000 1 5
44 100000 31 1 8
123 100000 100000 1 8
76 100000 53 1 8
292 100000 204 1 9
71 142 100000 1 12
103 100000 100000 1 7
160 320 100000 1 8
185 370 130 1 14
472 100000 330 1 13
352 100000 100000 1 22
233 100000 100000 1 18
81 100000 100000 1 19
42 84 29 2 21 23
175 100000 122 1 22
235 100000 100000 1 17
114 228 100000 3 9 17 18
125 100000 100000 1 31
154 308 100000 1 25
189 100000 100000 1 25
293 100000 100000 2 11 26
414 100000 290 1 28
365 730 255 1 30
191 100000 100000 1 36
59 100000 41 1 36
282 564 100000 1 34
148 100000 104 1 36
158 316 100000 1 35
52 104 36 1 32
125 250 88 2 9 36
260 520 100000 2 20 32
289 578 202 1 35
129 258 100000 2 37 43
376 752 100000 1 42
93 186 100000 1 41
588 100000 412 2 39 44
426 100000 100000 1 46
364 100000 255 2 9 41
405 100000 284 1 39
175 100000 100000 1 46
296 100000 207 1 50
104 208 100000 1 49
325 100000 100000 1 53
207 414 100000 1 52
299 100000 209 1 52
45 100000 100000 2 30 54
238 476 100000 1 47
22 44 15 1 58
24 100000 100000 2 53 59
521 100000 365 1 56
173 100000 121 2 43 56
507 100000 100000 1 60
142 100000 100000 2 34 56
325 650 100000 2 6 59
482 100000 100000 2 57 60
246 100000 100000 1 58
40 100000 100000 2 18 58
307 614 100000 2 21 61
37 74 100000 1 63
589 1178 412 1 67
47 100000 33 1 64
137 100000 100000 3 54 67 70
366 100000 256 2 19 62
439 100000 100000 2 6 65
254 100000 178 1 64
337 674 100000 1 68
273 546 191 1 63
176 100000 123 1 64
132 100000 92 1 82
388 100000 100000 1 76
185 370 130 2 32 82
60 120 100000 1 81
52 100000 100000 2 25 80
224 448 157 2 51 73
94 188 100000 1 73
419 100000 100000 3 6 13 77
213 100000 100000 1 82
354 708 248 1 85
106 212 100000 2 55 84
142 100000 99 1 85
499 998 100000 1 85
124 100000 100000 2 66 87
265 100000 100000 1 89
506 100000 354 1 83
267 100000 100000 2 44 84
