# Converted from 100_216.csv
100
567 1134 100000 0
420 100000 100000 0
281 562 197 0
437 100000 100000 0
417 100000 100000 0
438 876 307 0
304 608 100000 0
681 100000 477 0
493 100000 100000 0
694 1388 100000 0
545 100000 100000 1 2
453 100000 100000 1 0
599 100000 419 1 2
502 100000 100000 1 1
517 1034 100000 1 9
359 100000 251 1 5
561 100000 100000 1 9
431 862 100000 1 10
550 1100 385 1 11
555 1110 100000 1 12
613 1226 100000 1 14
614 100000 100000 1 13
453 906 100000 1 15
551 100000 100000 1 17
438 876 100000 1 19
579 100000 100000 1 20
508 100000 100000 1 18
558 100000 391 1 22
537 1074 100000 1 20
423 100000 100000 1 20
446 100000 312 1 24
400 800 100000 1 23
447 100000 100000 1 27
388 776 272 1 25
423 846 296 1 26
401 100000 100000 3 7 28 29
485 100000 340 1 28
707 1414 495 1 28
285 570 200 1 29
628 100000 100000 1 34
503 100000 100000 1 31
549 1098 384 1 32
555 100000 100000 1 33
472 100000 100000 2 30 36
350 700 245 1 37
359 100000 251 1 39
396 792 100000 1 42
466 100000 326 1 44
589 100000 100000 1 43
601 1202 421 2 4 40
261 522 183 1 41
741 100000 100000 2 5 43
474 100000 100000 3 8 22 44
296 592 207 2 6 44
562 1124 100000 1 43
611 1222 428 1 44
364 100000 255 1 43
596 1192 100000 1 47
431 862 100000 1 48
388 100000 100000 1 45
432 100000 100000 2 3 46
561 100000 100000 2 38 50
379 100000 265 3 50 52 54
546 100000 382 3 8 50 54
658 1316 461 1 49
257 514 180 2 27 53
553 100000 100000 1 57
455 910 100000 1 58
555 100000 100000 2 20 64
663 100000 464 2 34 62
324 100000 227 2 36 64
444 888 100000 3 5 20 59
450 900 315 3 7 8 65
386 100000 270 2 56 65
360 100000 100000 1 68
496 100000 100000 1 69
567 100000 100000 1 68
586 100000 100000 1 66
471 100000 100000 1 70
506 100000 354 1 67
361 100000 253 1 68
564 1128 100000 1 68
476 100000 100000 1 69
588 100000 412 1 74
570 1140 100000 1 75
453 100000 100000 1 76
320 100000 100000 1 78
370 100000 259 1 80
550 1100 385 1 77
691 100000 100000 1 79
684 100000 100000 2 64 82
509 100000 356 2 70 82
510 100000 100000 2 61 81
534 1068 374 2 50 81
586 1172 410 1 84
505 1010 354 1 86
538 100000 100000 4 16 34 83 85
650 100000 100000 1 87
587 1174 411 2 65 92
422 100000 100000 1 93
