# Converted from 100_491.csv
100
234 100000 100000 0
94 100000 100000 0
89 178 100000 0
143 100000 100 0
134 100000 100000 0
48 96 34 5 0 1 2 3 4
184 100000 129 5 0 1 2 3 4
20 100000 14 5 0 1 2 3 4
60 100000 100000 3 5 6 7
202 404 141 3 5 6 7
56 112 39 3 5 6 7
301 100000 100000 3 8 9 10
181 100000 100000 3 8 9 10
98 196 100000 2 11 12
291 100000 100000 2 11 12
221 100000 100000 2 11 12
262 100000 183 3 13 14 15
103 100000 100000 3 13 14 15
314 100000 100000 3 13 14 15
56 112 39 3 16 17 18
50 100000 35 3 16 17 18
69 100000 48 3 16 17 18
338 100000 100000 3 19 20 21
177 354 100000 3 19 20 21
246 492 100000 3 19 20 21
291 100000 100000 3 22 23 24
150 100000 100000 3 22 23 24
28 100000 100000 3 22 23 24
123 100000 100000 3 25 26 27
271 100000 190 3 25 26 27
62 100000 100000 3 25 26 27
71 100000 100000 3 28 29 30
277 100000 100000 3 28 29 30
34 100000 100000 3 28 29 30
94 188 100000 3 31 32 33
80 100000 56 3 31 32 33
209 418 146 3 31 32 33
97 194 100000 3 34 35 36
91 182 100000 2 34 35
58 100000 41 3 34 35 36
133 266 100000 3 34 35 36
187 374 131 2 34 35
103 206 100000 5 37 38 39 40 41
82 164 100000 4 38 39 40 41
112 100000 78 3 38 40 41
263 100000 100000 4 37 39 40 41
155 100000 108 4 42 43 44 45
299 100000 209 3 42 44 45
195 100000 100000 2 42 44
185 100000 130 3 42 43 44
123 246 100000 2 42 44
44 88 31 4 46 47 49 50
166 100000 100000 4 46 47 49 50
51 100000 36 4 46 47 49 50
52 100000 36 5 46 47 48 49 50
344 100000 100000 4 47 48 49 50
58 100000 100000 4 51 52 54 55
88 176 62 3 52 54 55
26 100000 18 3 53 54 55
51 102 36 3 56 57 58
81 162 57 3 56 57 58
44 88 100000 3 56 57 58
194 100000 100000 2 59 61
155 100000 100000 2 59 61
130 260 100000 1 61
88 176 100000 2 63 64
151 302 100000 1 64
36 72 25 2 63 66
368 100000 258 1 66
262 524 183 1 65
132 264 100000 1 68
171 100000 100000 2 65 68
254 100000 178 1 67
134 268 100000 1 69
282 564 100000 1 72
255 100000 100000 1 71
79 100000 55 2 67 70
59 100000 41 1 76
82 100000 100000 1 76
224 448 157 1 75
251 100000 100000 1 77
257 514 100000 2 69 78
59 118 100000 2 75 81
301 602 211 1 80
81 162 100000 2 62 80
93 100000 100000 1 81
217 100000 100000 2 65 80
149 298 100000 2 72 81
135 270 94 2 83 87
187 100000 100000 2 80 82
57 114 40 1 86
54 108 38 1 84
176 100000 123 2 73 84
151 100000 100000 1 82
52 100000 100000 2 91 92
97 100000 100000 1 89
110 100000 77 1 90
165 100000 100000 2 93 95
166 332 100000 3 79 94 95
148 100000 104 1 94
