# Converted from 100_296.csv
100
685 1370 479 0
418 100000 293 0
610 100000 100000 0
471 100000 330 0
456 912 100000 0
435 100000 100000 0
414 828 100000 1 0
596 100000 417 1 1
423 846 100000 1 2
484 968 339 2 4 5
488 100000 100000 2 4 5
307 614 215 3 3 4 5
671 100000 100000 1 7
565 1130 100000 5 3 6 8 9 10
423 100000 100000 2 9 10
778 100000 100000 1 10
482 964 100000 2 9 10
377 100000 100000 2 9 10
616 100000 100000 1 12
648 100000 454 3 15 16 17
404 808 283 4 3 14 16 17
469 100000 100000 3 15 16 17
524 1048 367 1 19
493 986 345 1 19
557 100000 100000 1 18
566 1132 100000 1 19
623 1246 100000 2 19 20
590 100000 100000 3 13 19 20
327 100000 229 1 24
445 100000 100000 1 22
519 1038 100000 1 26
521 1042 365 1 23
668 100000 468 1 25
430 100000 301 2 26 27
475 100000 100000 3 21 26 27
672 100000 100000 1 28
517 100000 100000 1 29
310 100000 100000 1 30
587 100000 100000 1 33
713 1426 499 2 31 33
639 100000 100000 1 33
348 100000 244 4 21 26 27 32
517 100000 362 2 21 33
480 100000 336 1 35
447 894 100000 1 36
213 100000 100000 1 39
352 704 100000 1 38
802 100000 100000 1 40
506 100000 100000 1 39
432 100000 100000 3 37 41 42
658 1316 100000 2 41 42
355 100000 100000 3 40 41 42
587 1174 411 1 45
467 100000 327 1 47
514 100000 100000 1 44
326 100000 100000 1 48
312 100000 218 3 43 46 50
531 100000 372 1 50
396 792 100000 2 50 51
457 100000 100000 2 50 51
695 1390 486 1 52
473 100000 331 1 54
596 1192 100000 1 57
378 100000 265 2 53 58
586 1172 100000 3 11 55 57
285 570 200 3 49 57 58
575 100000 100000 1 60
500 100000 350 1 61
446 892 312 1 62
561 100000 393 2 49 63
457 100000 320 4 56 63 64 65
668 1336 100000 4 56 65 66 67
411 100000 100000 1 70
512 100000 100000 3 49 58 68
639 1278 100000 1 69
480 960 336 2 65 69
294 100000 206 1 72
565 100000 100000 1 71
535 100000 374 4 59 72 73 75
272 544 100000 1 75
721 100000 100000 4 34 71 72 75
643 1286 100000 1 78
246 100000 172 1 76
455 910 100000 1 77
533 1066 100000 3 74 78 80
471 100000 100000 2 79 80
286 100000 200 1 81
471 100000 330 4 73 75 82 83
425 850 298 1 85
274 548 100000 2 59 85
675 100000 472 1 85
244 100000 171 3 73 74 85
600 1200 100000 2 79 84
559 1118 100000 2 86 89
709 1418 100000 1 92
441 882 100000 3 88 91 92
501 100000 100000 3 89 91 92
495 990 100000 2 85 92
458 100000 100000 2 91 92
604 100000 423 5 87 90 94 95 98
