# Converted from 100_403.csv
100
61 100000 100000 0
254 100000 178 0
132 100000 100000 0
257 514 180 0
128 100000 90 3 1 2 3
222 444 155 1 1
72 144 50 2 1 2
156 100000 100000 1 2
43 100000 30 1 3
347 694 100000 1 0
55 100000 100000 1 3
69 100000 100000 1 1
83 166 100000 4 5 8 9 10
329 100000 100000 3 5 9 10
121 100000 85 1 4
79 100000 55 2 8 11
161 100000 100000 1 6
157 314 100000 2 13 15
63 100000 44 1 16
97 100000 68 1 12
198 100000 100000 1 15
32 64 100000 1 14
171 342 120 1 14
161 100000 100000 1 15
236 100000 165 6 17 18 20 21 22 23
23 46 16 2 20 22
172 344 100000 3 7 17 22
204 408 100000 2 9 22
236 472 100000 2 21 22
101 100000 71 3 17 21 22
102 100000 100000 2 24 29
54 108 38 2 5 25
218 100000 100000 3 18 27 29
232 464 100000 2 16 25
101 202 100000 1 28
195 100000 136 1 24
40 80 100000 2 12 35
125 100000 100000 2 0 31
106 212 74 1 32
191 100000 134 4 17 18 23 31
185 370 100000 2 23 32
24 100000 17 1 35
288 100000 202 2 38 39
74 148 100000 2 12 39
79 100000 55 2 24 38
65 100000 100000 2 21 39
38 100000 27 1 40
106 212 100000 1 41
40 100000 28 2 24 39
199 100000 139 1 47
93 100000 100000 1 48
171 100000 120 2 21 43
89 178 62 1 45
142 284 100000 4 19 42 46 50
143 286 100000 2 19 50
77 154 100000 2 19 50
419 838 100000 3 7 19 49
238 100000 167 3 19 38 52
76 100000 100000 1 55
247 100000 100000 3 34 54 57
242 484 100000 3 26 29 56
94 188 100000 2 43 59
47 100000 33 2 40 60
117 100000 100000 2 40 59
109 100000 100000 5 37 43 55 57 60
100 100000 70 1 58
201 100000 100000 1 60
128 100000 100000 1 58
115 100000 100000 2 61 65
274 548 100000 3 28 38 67
176 352 100000 1 64
208 100000 146 4 33 38 65 66
68 136 48 3 7 37 61
101 100000 100000 2 61 62
226 100000 100000 3 28 58 70
108 100000 100000 3 64 67 72
169 338 100000 4 33 60 67 72
20 40 100000 2 67 68
90 100000 100000 2 62 69
141 100000 100000 1 73
173 100000 121 2 34 74
179 100000 125 3 30 36 76
21 100000 100000 2 37 77
159 318 100000 2 70 79
190 100000 100000 1 75
41 100000 29 2 71 78
51 100000 36 3 53 76 78
168 336 118 3 46 49 77
157 100000 110 1 74
237 474 100000 2 70 84
148 100000 100000 2 72 85
83 100000 100000 2 30 84
45 100000 100000 2 62 81
170 340 100000 1 83
93 186 100000 3 46 81 84
230 460 100000 3 53 80 94
141 282 99 2 69 89
26 100000 18 2 90 94
34 100000 100000 1 90
154 308 108 2 78 93
