# Converted from 100_30.csv
100
61 100000 100000 0
73 146 51 0
252 100000 100000 0
89 100000 62 0
150 300 100000 0
291 582 100000 0
122 244 100000 0
221 100000 155 0
74 100000 52 0
169 100000 100000 0
219 100000 100000 2 6 9
45 100000 31 1 5
82 164 57 1 4
202 404 100000 1 9
254 100000 100000 1 5
29 100000 20 1 6
62 100000 43 2 4 7
63 126 44 1 3
173 100000 100000 1 4
150 100000 105 1 5
190 100000 133 1 6
68 136 48 1 19
119 238 100000 1 18
159 100000 111 7 1 2 12 13 14 15 16
139 278 97 1 17
180 100000 100000 1 18
105 210 74 1 19
106 212 74 1 19
105 100000 74 1 18
94 188 66 2 3 28
157 100000 110 1 23
255 510 178 1 23
42 84 100000 1 23
128 256 100000 1 23
178 100000 125 1 26
234 468 100000 1 24
252 100000 100000 1 25
149 100000 104 1 28
201 100000 100000 2 26 27
124 248 87 1 26
87 174 100000 1 35
159 318 100000 1 34
120 100000 100000 1 37
106 212 100000 1 38
183 100000 100000 1 36
150 300 100000 1 31
53 106 100000 1 33
215 100000 100000 1 39
284 100000 100000 7 0 10 11 21 22 29 40
57 114 100000 1 43
26 100000 100000 1 43
260 520 182 1 42
268 100000 188 1 41
91 100000 64 3 23 37 47
204 408 143 2 44 46
231 100000 162 1 48
81 100000 100000 1 48
26 100000 18 1 48
78 156 100000 1 48
90 180 100000 1 48
116 232 81 1 49
76 152 53 1 50
216 100000 100000 1 51
205 100000 100000 2 45 52
82 100000 100000 1 53
30 100000 21 1 48
191 382 100000 1 55
188 100000 132 1 60
64 128 100000 1 61
166 100000 100000 1 58
214 100000 100000 1 65
117 234 100000 2 56 57
182 100000 100000 1 59
27 100000 100000 2 20 62
284 100000 199 1 66
199 398 100000 1 67
130 260 100000 1 71
47 94 33 1 71
39 100000 100000 2 5 73
170 100000 119 1 67
113 100000 100000 1 75
97 100000 100000 1 74
264 528 100000 1 79
182 100000 100000 1 79
212 100000 148 1 78
133 100000 100000 2 69 76
34 100000 24 1 78
61 100000 100000 1 81
71 100000 100000 1 82
292 100000 100000 1 80
213 100000 100000 2 44 84
246 100000 100000 1 84
198 396 100000 1 84
89 100000 100000 1 88
196 100000 137 2 77 87
171 342 100000 1 89
170 100000 100000 3 38 53 92
149 298 104 1 91
76 100000 100000 2 76 90
39 100000 100000 1 91
