# Converted from 100_436.csv
100
371 742 260 0
523 1046 100000 0
348 100000 244 0
371 742 100000 0
525 100000 368 0
515 100000 360 3 1 3 4
483 966 100000 3 1 3 4
689 100000 482 2 2 3
614 1228 430 1 0
579 100000 100000 1 2
539 100000 100000 1 0
544 100000 100000 1 1
529 100000 100000 2 8 9
547 100000 383 1 11
488 100000 342 1 11
655 1310 100000 1 8
492 984 100000 2 9 10
278 100000 100000 4 3 12 14 16
519 1038 363 2 12 14
432 100000 100000 2 10 14
381 762 100000 2 4 16
486 100000 100000 1 12
643 100000 100000 1 12
624 100000 100000 3 6 12 16
372 744 260 3 18 21 22
355 100000 100000 1 18
528 1056 370 1 19
569 1138 100000 3 24 25 26
489 978 100000 1 25
318 100000 100000 4 6 24 25 26
565 1130 100000 3 4 25 26
393 100000 100000 2 19 25
664 1328 100000 4 24 28 30 31
440 880 308 2 29 31
566 100000 396 2 29 31
292 584 100000 3 17 26 31
593 100000 100000 1 29
350 100000 100000 2 20 30
415 100000 290 2 7 29
355 100000 248 4 33 34 35 37
559 100000 100000 3 7 24 35
435 100000 304 2 15 33
474 100000 332 3 13 37 38
631 100000 442 2 24 35
722 100000 505 1 38
485 100000 340 4 15 39 43 44
391 100000 100000 3 27 39 42
339 678 100000 2 7 43
367 100000 100000 2 39 44
543 100000 380 1 44
625 100000 438 2 47 49
351 100000 100000 5 13 34 37 38 47
452 100000 100000 2 46 49
566 1132 396 2 43 48
554 100000 100000 2 36 48
572 1144 400 2 28 46
368 100000 100000 1 46
473 100000 331 1 45
371 100000 100000 2 13 54
443 100000 310 3 44 51 56
298 100000 100000 4 15 23 46 53
530 100000 100000 2 47 55
501 100000 351 2 51 54
474 948 100000 2 58 61
460 920 100000 4 41 46 49 58
524 1048 100000 2 53 58
441 882 100000 1 59
467 100000 327 2 58 59
616 1232 431 1 61
460 920 100000 1 62
522 1044 365 2 61 62
441 882 100000 1 63
673 100000 471 1 64
640 1280 100000 2 61 69
695 100000 100000 1 63
475 950 100000 2 5 71
550 100000 385 1 71
542 100000 100000 1 71
484 100000 100000 1 74
358 100000 100000 2 70 71
438 876 100000 1 77
400 800 100000 3 72 74 76
396 792 277 4 23 40 76 79
605 1210 424 4 23 40 49 78
254 100000 178 2 74 76
310 620 100000 2 69 76
553 1106 100000 3 23 50 85
481 100000 337 2 40 84
341 100000 100000 2 53 80
407 100000 100000 2 53 80
457 100000 100000 1 84
415 830 100000 2 68 84
315 100000 100000 2 45 81
612 1224 428 1 80
313 100000 219 3 51 57 89
512 100000 100000 2 53 93
407 100000 285 5 5 52 53 66 93
401 100000 100000 3 67 81 88
526 1052 100000 2 73 88
484 968 339 3 86 88 90
