# Converted from 100_499.csv
100
90 100000 100000 0
140 100000 98 0
237 474 100000 0
76 152 100000 0
55 100000 100000 4 0 1 2 3
22 44 15 4 0 1 2 3
109 100000 76 4 0 1 2 3
154 100000 108 4 0 1 2 3
34 68 24 4 4 5 6 7
23 46 100000 4 4 5 6 7
52 104 36 4 4 5 6 7
38 76 100000 3 4 5 6
31 62 22 4 8 9 10 11
67 134 100000 4 8 9 10 11
60 120 42 3 8 9 11
137 274 100000 2 13 14
217 100000 152 2 13 14
123 100000 100000 3 12 13 14
25 100000 100000 2 15 17
191 100000 134 2 12 15
34 100000 100000 3 12 15 16
282 100000 197 3 15 16 17
328 100000 100000 2 16 17
198 100000 139 4 18 20 21 22
130 100000 100000 5 18 19 20 21 22
69 138 100000 5 18 19 20 21 22
181 100000 100000 4 18 20 21 22
148 100000 104 4 19 20 21 22
368 736 258 4 19 20 21 22
55 100000 100000 4 23 25 26 28
109 100000 100000 4 23 25 26 28
102 100000 71 3 23 25 28
39 78 100000 4 23 25 26 28
72 100000 50 4 23 25 26 28
106 100000 74 4 29 31 32 33
82 100000 100000 4 29 31 32 33
36 100000 100000 4 29 31 32 33
263 100000 100000 4 29 31 32 33
55 110 38 3 34 35 37
34 100000 100000 3 34 35 37
69 138 100000 4 24 27 38 39
205 100000 100000 1 38
35 100000 24 1 38
129 100000 90 1 38
137 274 100000 4 24 27 42 43
84 168 59 2 40 42
157 314 100000 1 44
228 456 160 1 45
276 552 100000 2 30 45
244 100000 171 2 47 48
140 280 100000 3 41 47 48
126 252 88 1 48
34 68 100000 1 47
213 100000 149 1 51
92 100000 100000 3 49 51 52
69 100000 100000 3 49 51 52
177 100000 100000 4 44 53 54 55
220 100000 100000 5 44 50 53 54 55
90 180 63 2 56 57
271 542 100000 3 46 56 57
308 100000 100000 2 41 56
138 100000 97 3 41 46 56
275 550 100000 2 46 56
171 342 100000 2 60 62
213 100000 149 2 61 62
160 100000 100000 1 61
100 200 100000 2 36 63
202 100000 100000 2 36 64
103 206 100000 2 61 66
141 282 100000 2 61 66
108 100000 100000 1 67
182 364 100000 4 58 68 69 70
110 100000 100000 2 69 70
87 100000 100000 1 69
113 100000 100000 2 68 70
253 100000 177 1 72
393 786 100000 2 50 73
70 100000 49 2 71 76
139 100000 100000 2 70 76
89 178 100000 2 75 76
32 100000 100000 4 58 68 70 76
30 60 100000 2 77 78
126 100000 88 4 59 74 77 79
121 100000 100000 1 81
169 338 100000 3 80 81 82
125 100000 100000 2 78 82
56 100000 39 1 82
235 100000 164 2 83 84
39 78 100000 2 80 85
234 468 164 2 86 88
160 320 100000 1 88
125 100000 100000 2 86 88
264 100000 185 3 81 89 90
110 100000 77 1 89
234 100000 164 2 89 90
24 100000 100000 3 65 83 91
40 100000 28 3 83 84 94
121 242 100000 1 95
231 100000 162 2 92 94
166 100000 116 1 92
