# Converted from 100_354.csv
100
656 100000 100000 0
415 830 290 0
445 100000 100000 0
758 1516 100000 0
264 100000 100000 0
505 1010 354 0
388 776 100000 0
412 100000 100000 0
455 910 318 0
304 608 213 0
294 100000 206 0
553 100000 100000 0
707 1414 100000 1 3
509 1018 100000 2 9 11
589 1178 412 1 7
690 100000 483 1 5
564 1128 395 1 3
644 100000 451 1 4
387 774 271 1 11
708 100000 100000 2 0 8
660 100000 100000 1 12
529 1058 100000 1 13
495 100000 100000 1 17
662 1324 463 1 16
592 1184 100000 1 15
507 100000 100000 1 15
343 100000 240 1 13
477 954 334 1 15
542 100000 379 1 18
384 100000 269 1 14
422 100000 295 1 22
653 100000 457 2 18 24
509 100000 100000 1 24
499 100000 100000 1 25
194 100000 136 2 8 27
342 100000 100000 1 29
547 1094 383 1 32
327 654 100000 1 34
426 100000 298 2 8 30
167 100000 117 1 33
496 992 100000 2 21 31
426 100000 100000 1 30
392 100000 274 1 31
452 100000 100000 2 10 35
625 1250 100000 1 42
721 1442 100000 1 42
352 100000 100000 2 21 42
616 100000 431 1 40
397 794 100000 1 41
640 100000 100000 1 41
433 866 100000 1 36
479 958 335 3 9 18 48
402 804 281 2 9 44
350 700 100000 2 25 47
481 100000 100000 1 47
292 584 204 1 47
489 978 100000 1 46
583 1166 100000 2 49 50
428 100000 100000 1 47
423 100000 100000 1 49
302 100000 211 1 44
529 100000 370 1 44
485 100000 340 1 55
459 918 100000 1 53
361 722 100000 2 57 59
377 100000 100000 2 52 61
431 100000 100000 1 58
707 100000 495 3 14 23 58
435 100000 304 1 53
377 100000 100000 3 3 31 57
867 100000 607 2 11 64
630 100000 441 1 63
651 1302 456 1 65
546 100000 100000 1 66
397 100000 278 1 62
339 100000 100000 2 21 65
400 800 100000 2 65 69
529 1058 100000 2 29 73
582 100000 100000 2 68 74
414 828 290 1 71
586 100000 410 1 70
689 100000 100000 1 73
605 100000 100000 1 72
672 100000 470 1 76
497 100000 100000 1 80
278 100000 100000 3 40 48 80
328 100000 100000 2 23 81
494 988 100000 1 83
395 790 100000 1 78
405 100000 284 2 69 78
265 530 100000 1 78
490 100000 100000 3 0 35 83
494 100000 100000 2 34 91
722 100000 505 2 18 84
494 988 100000 2 35 87
457 100000 100000 1 90
419 100000 100000 3 58 78 84
452 904 100000 2 75 87
364 728 100000 1 90
668 100000 100000 1 90
