# Converted from 100_475.csv
100
360 100000 252 0
70 100000 49 0
131 262 100000 0
505 100000 354 3 0 1 2
571 100000 100000 3 0 1 2
480 100000 100000 3 0 1 2
120 100000 84 3 0 1 2
89 178 100000 4 3 4 5 6
433 100000 100000 4 3 4 5 6
36 72 100000 4 3 4 5 6
232 100000 100000 4 3 4 5 6
105 210 100000 4 7 8 9 10
238 100000 167 4 7 8 9 10
111 100000 100000 4 7 8 9 10
38 76 100000 3 11 12 13
31 62 100000 3 11 12 13
27 100000 100000 3 11 12 13
211 100000 100000 3 11 12 13
213 100000 100000 3 14 15 16
165 100000 115 4 14 15 16 17
468 936 328 3 14 15 16
36 100000 100000 4 14 15 16 17
56 112 100000 4 18 19 20 21
200 400 100000 4 18 19 20 21
159 100000 100000 2 18 19
56 112 39 2 18 20
233 466 163 2 18 21
376 100000 100000 4 22 23 25 26
196 392 100000 4 23 24 25 26
118 100000 100000 3 23 25 26
306 100000 100000 3 27 28 29
64 100000 100000 3 27 28 29
410 820 100000 3 27 28 29
252 504 100000 3 27 28 29
77 154 100000 3 27 28 29
200 100000 100000 4 30 32 33 34
180 100000 126 4 30 32 33 34
268 536 100000 3 32 33 34
22 44 100000 4 31 32 33 34
488 100000 100000 3 35 37 38
218 100000 153 4 31 35 36 37
439 100000 307 3 36 37 38
500 1000 100000 2 36 38
229 458 160 2 39 42
129 258 100000 2 39 42
294 100000 206 2 43 44
505 100000 100000 1 43
259 100000 181 1 43
225 100000 100000 3 45 46 47
175 350 122 2 45 46
215 100000 150 3 41 45 46
114 100000 100000 2 48 49
30 100000 21 2 48 50
236 100000 100000 2 48 49
233 466 100000 2 48 49
127 254 100000 1 53
58 100000 100000 3 40 51 53
230 100000 100000 1 52
184 100000 100000 1 52
102 204 71 2 54 58
335 670 100000 2 57 58
210 100000 100000 3 40 54 55
413 100000 100000 2 54 55
419 838 100000 2 60 62
54 100000 38 1 59
33 66 100000 1 64
231 100000 162 3 51 59 63
509 100000 100000 2 65 66
172 100000 120 2 65 66
35 100000 100000 2 65 66
267 100000 187 2 68 69
178 356 125 3 67 68 69
42 100000 100000 2 68 69
172 344 120 2 68 69
238 476 167 2 68 69
188 100000 132 1 74
36 100000 25 2 71 72
557 1114 100000 1 76
195 100000 100000 2 75 76
263 100000 100000 1 76
55 100000 100000 1 78
44 88 100000 1 77
196 392 100000 2 70 80
487 100000 341 1 80
232 100000 100000 2 73 80
44 100000 31 2 61 84
552 100000 100000 1 82
243 486 170 1 83
296 100000 207 2 77 87
528 1056 100000 1 85
111 100000 78 1 85
143 286 100 1 87
177 354 100000 1 90
534 100000 100000 1 88
213 100000 149 2 89 91
116 100000 81 3 82 91 93
469 938 328 2 93 94
199 100000 139 2 89 93
32 64 22 2 56 94
135 270 94 1 94
