# Converted from 100_182.csv
100
230 100000 100000 0
45 100000 100000 0
185 100000 100000 0
229 100000 100000 0
59 118 100000 0
229 458 100000 0
212 100000 100000 1 0
64 128 100000 1 1
61 100000 100000 1 2
104 208 73 1 3
281 100000 197 1 4
279 558 195 1 5
164 100000 100000 1 5
67 100000 47 1 5
82 164 57 1 5
63 126 44 1 5
186 100000 100000 1 5
37 74 100000 1 7
204 100000 100000 1 6
237 100000 100000 1 11
206 100000 144 2 9 10
76 152 53 1 8
137 274 96 2 13 15
60 120 100000 1 15
184 368 100000 1 14
56 112 100000 1 16
91 182 100000 1 16
47 94 100000 1 17
160 100000 100000 1 20
32 100000 100000 1 18
34 100000 24 1 19
100 100000 100000 1 24
149 298 104 2 13 24
175 350 122 2 21 25
34 68 24 1 24
231 462 100000 1 27
249 498 174 1 31
227 454 159 1 29
302 100000 211 1 28
81 162 100000 1 30
58 100000 100000 2 15 32
136 100000 100000 2 32 34
39 100000 27 2 20 33
76 152 53 2 22 34
108 100000 100000 2 12 31
94 100000 100000 1 33
28 56 20 1 32
90 180 100000 1 36
273 100000 191 1 37
46 100000 32 1 35
84 168 100000 1 38
309 618 100000 3 20 41 45
193 100000 135 1 39
231 462 100000 1 46
113 100000 100000 2 26 42
53 100000 100000 1 50
175 100000 100000 1 51
173 100000 100000 1 47
213 426 100000 1 48
63 126 44 1 49
144 100000 100000 1 50
37 100000 26 2 44 50
165 100000 115 1 55
140 100000 100000 1 59
54 100000 38 1 56
59 100000 100000 1 60
217 100000 100000 1 57
87 174 100000 1 58
235 100000 164 2 42 61
95 190 100000 4 12 14 26 60
202 404 141 2 43 60
200 400 100000 2 34 61
154 100000 108 1 60
48 100000 34 1 60
129 100000 100000 1 63
227 454 159 1 64
184 100000 100000 1 65
327 100000 100000 1 62
66 100000 100000 1 72
253 100000 177 2 44 66
91 100000 64 2 26 67
179 100000 125 4 25 52 61 72
141 100000 99 1 78
192 100000 100000 1 76
108 216 76 4 26 53 70 74
113 226 100000 1 75
270 100000 100000 2 73 77
173 100000 121 3 16 40 77
130 260 100000 1 79
77 100000 100000 1 82
144 100000 100000 1 83
232 100000 100000 1 86
154 100000 108 3 41 44 84
249 100000 100000 6 23 41 52 53 79 87
141 100000 100000 3 41 52 88
156 312 109 4 13 61 69 89
227 100000 100000 3 43 90 93
136 100000 100000 1 92
120 100000 100000 3 40 91 92
115 230 80 2 92 93
