# Converted from 100_36.csv
100
178 100000 100000 0
138 100000 100000 0
22 100000 15 0
201 402 141 0
93 100000 65 0
93 186 65 0
163 100000 100000 1 3
104 100000 73 1 3
202 100000 100000 1 4
238 100000 167 1 4
175 100000 122 1 3
215 100000 150 1 5
72 100000 100000 1 4
128 100000 100000 1 3
227 100000 100000 1 5
229 100000 100000 1 9
85 100000 100000 1 11
68 136 100000 1 9
148 100000 104 1 12
32 100000 22 1 12
116 100000 100000 1 9
159 100000 100000 1 9
74 148 100000 2 13 19
180 100000 100000 2 11 21
38 76 100000 2 2 19
150 100000 105 4 0 1 8 16
147 294 103 1 17
54 100000 100000 1 21
81 100000 100000 1 20
104 208 100000 1 21
132 264 92 1 21
292 584 100000 2 18 20
55 110 100000 1 18
171 342 120 1 18
89 178 100000 2 2 19
100 100000 70 2 5 27
71 142 50 1 30
69 100000 100000 1 33
78 100000 55 1 25
138 100000 97 1 25
121 242 85 1 25
129 100000 100000 1 25
172 344 100000 1 25
78 100000 100000 1 25
82 100000 57 1 26
216 432 151 1 27
72 100000 50 1 27
191 382 134 1 32
131 100000 100000 1 34
241 482 100000 1 33
37 74 26 9 6 7 15 22 23 24 35 36 37
144 100000 100000 1 38
63 126 44 1 47
200 100000 140 1 44
139 278 100000 1 45
209 100000 100000 1 46
176 352 123 1 38
103 206 100000 1 41
221 442 100000 2 30 48
169 100000 118 1 49
237 474 166 1 42
34 100000 24 1 50
143 286 100000 1 50
55 110 100000 1 50
37 74 26 1 50
269 538 100000 1 50
163 100000 100000 1 50
108 100000 100000 1 51
49 98 34 1 52
176 352 100000 1 56
332 664 100000 2 54 55
228 100000 160 2 43 53
111 100000 100000 1 60
94 100000 66 1 59
211 100000 100000 1 67
31 62 22 1 68
123 246 86 1 70
82 164 57 1 72
45 90 100000 2 48 69
290 100000 100000 1 76
123 100000 100000 1 77
48 100000 100000 2 31 74
320 640 100000 2 27 75
43 100000 100000 2 18 78
116 100000 100000 1 78
131 100000 100000 1 79
72 144 100000 2 33 80
92 100000 100000 1 83
101 100000 100000 1 82
148 100000 104 2 63 81
138 100000 100000 1 86
169 100000 100000 2 5 85
182 100000 100000 1 87
148 100000 100000 4 29 50 83 86
270 100000 189 2 3 87
215 430 100000 1 90
134 100000 100000 2 32 94
302 604 100000 1 93
239 100000 167 1 93
167 100000 100000 3 50 58 91
