# Converted from 100_356.csv
100
425 100000 100000 0
601 1202 100000 0
353 100000 247 0
372 100000 260 0
297 100000 100000 0
613 100000 100000 0
526 100000 368 0
479 100000 335 0
480 100000 100000 0
580 100000 406 0
623 100000 100000 0
509 100000 100000 1 4
316 100000 100000 1 10
378 756 265 2 6 10
553 100000 100000 1 3
704 1408 100000 1 9
541 1082 379 1 1
585 100000 100000 1 2
413 100000 100000 1 1
583 100000 408 1 12
337 100000 100000 2 3 18
704 100000 493 1 11
664 100000 465 1 12
495 100000 346 1 16
294 100000 100000 1 11
504 100000 353 2 12 14
523 100000 366 2 6 14
340 680 100000 1 14
454 908 100000 1 22
585 100000 100000 1 27
392 784 100000 1 20
460 920 100000 1 27
561 100000 100000 1 21
530 100000 371 1 22
495 100000 100000 1 27
681 1362 100000 1 24
440 880 100000 1 26
414 828 100000 1 25
734 100000 100000 2 28 37
559 100000 391 1 35
320 640 100000 1 33
500 1000 100000 1 36
724 1448 100000 1 29
505 1010 354 2 32 33
704 100000 493 1 35
454 908 318 2 7 33
584 100000 409 1 42
525 1050 368 1 39
694 100000 486 1 41
402 100000 100000 1 41
537 100000 376 1 38
445 890 100000 2 28 42
477 100000 100000 2 4 40
648 1296 100000 1 44
541 100000 100000 1 44
392 100000 100000 3 20 33 39
394 788 276 2 18 48
559 1118 391 3 6 38 55
472 944 330 1 49
683 1366 100000 3 4 9 48
536 100000 375 2 15 54
548 100000 100000 1 49
690 1380 483 2 15 46
693 1386 100000 2 1 54
482 100000 100000 2 12 58
728 100000 100000 1 59
447 894 100000 2 51 63
576 100000 100000 1 62
876 100000 100000 2 10 56
441 100000 100000 1 60
394 100000 276 1 65
188 100000 100000 2 19 67
320 100000 100000 2 10 65
702 100000 100000 4 8 32 52 67
359 100000 251 2 52 67
417 834 100000 2 68 74
670 100000 469 1 74
737 100000 516 3 13 19 70
656 1312 459 2 8 74
491 982 344 2 68 71
564 100000 395 3 19 70 73
422 100000 295 1 74
362 724 253 3 41 50 73
539 100000 100000 3 12 62 70
477 100000 100000 1 73
639 100000 100000 1 74
834 1668 100000 1 71
525 1050 100000 1 85
467 934 100000 2 73 85
711 1422 100000 3 36 39 76
616 1232 100000 1 76
713 1426 100000 3 22 23 77
619 100000 433 1 82
422 844 100000 2 51 88
677 1354 474 1 87
518 100000 363 3 45 70 87
516 1032 100000 1 88
375 750 100000 1 92
715 100000 100000 1 88
572 100000 400 3 20 64 88
