# Converted from 100_160.csv
100
71 142 50 0
203 100000 142 0
452 904 100000 0
493 100000 100000 0
485 970 100000 0
142 284 99 1 0
185 100000 100000 1 2
95 100000 100000 1 2
36 100000 25 1 1
68 100000 100000 1 3
456 912 319 1 4
98 196 100000 1 5
235 470 100000 1 6
137 100000 96 1 7
90 100000 100000 1 9
225 450 158 1 8
151 302 100000 1 9
54 108 38 1 10
136 100000 100000 1 10
239 100000 100000 1 9
34 68 100000 1 9
180 360 126 1 11
333 100000 100000 1 14
440 100000 308 1 13
207 100000 145 1 16
291 100000 100000 1 15
41 100000 29 1 15
65 100000 46 1 18
181 100000 100000 2 12 20
133 266 93 1 20
474 100000 100000 1 20
328 100000 230 1 19
102 100000 71 1 21
117 100000 82 1 27
203 100000 100000 1 27
433 866 100000 1 23
174 100000 100000 1 24
122 244 100000 1 25
104 100000 100000 1 26
67 100000 100000 1 28
323 100000 226 1 22
22 100000 100000 1 27
535 100000 100000 1 39
232 464 162 1 32
290 580 203 1 33
253 506 100000 1 34
342 684 100000 1 35
28 100000 100000 1 41
44 88 31 3 36 37 40
89 178 62 5 16 17 19 38 40
209 418 100000 3 10 29 39
254 100000 100000 1 39
449 100000 100000 2 16 39
145 290 102 1 42
78 100000 100000 1 43
125 100000 88 1 44
120 240 84 1 47
436 100000 100000 3 45 46 52
247 100000 173 1 49
454 100000 100000 1 51
329 100000 100000 1 51
55 110 100000 1 52
228 456 160 2 51 52
233 100000 100000 1 52
347 694 100000 1 53
454 100000 100000 1 55
264 100000 185 2 54 57
131 262 100000 2 19 56
174 348 122 2 31 61
365 100000 100000 1 61
123 246 100000 1 61
125 100000 100000 1 61
589 100000 100000 1 64
182 364 100000 2 20 65
111 100000 78 1 67
42 100000 100000 1 69
21 42 100000 3 19 50 69
198 100000 139 2 58 66
234 468 100000 1 72
89 100000 62 1 75
322 100000 100000 2 17 73
517 100000 362 3 49 67 75
523 100000 366 1 77
225 100000 100000 2 68 74
135 270 100000 1 75
276 552 100000 3 58 61 73
254 100000 100000 1 79
81 100000 57 1 80
455 910 318 1 78
389 778 272 2 4 84
277 100000 100000 2 73 81
276 100000 100000 1 79
183 100000 100000 1 85
102 204 71 1 86
58 100000 100000 1 87
34 68 24 2 69 88
115 100000 100000 2 15 91
84 100000 100000 1 92
121 242 100000 1 89
73 100000 51 1 91
