# Converted from 100_34.csv
100
128 256 100000 0
282 100000 100000 0
113 226 100000 0
28 100000 100000 0
97 100000 68 0
144 100000 101 0
310 100000 100000 0
31 100000 22 0
159 100000 100000 0
104 208 73 0
181 100000 100000 0
29 100000 100000 1 9
59 118 100000 1 3
107 100000 100000 1 5
105 100000 100000 1 4
132 100000 92 1 6
85 100000 59 1 7
231 100000 162 1 8
83 100000 100000 1 10
177 354 100000 2 12 14
340 100000 100000 1 13
144 288 101 1 15
79 100000 55 1 16
164 328 100000 1 16
65 100000 100000 1 16
317 100000 100000 1 16
92 184 100000 1 18
185 100000 100000 1 21
215 100000 100000 1 23
85 170 100000 1 26
159 100000 111 1 22
282 564 197 2 20 23
75 100000 100000 1 23
136 272 95 1 26
222 100000 100000 1 25
186 372 130 1 26
235 470 164 1 24
74 148 100000 1 30
104 100000 73 1 32
218 100000 100000 1 34
262 100000 100000 1 34
89 178 62 1 31
51 102 36 1 33
52 104 100000 1 35
276 100000 100000 8 0 1 2 27 37 38 39 40
99 198 100000 1 42
278 100000 100000 2 7 42
97 194 100000 1 43
123 100000 86 1 41
300 600 100000 1 43
46 100000 100000 1 41
63 100000 100000 1 41
258 516 181 1 41
41 82 100000 1 43
223 446 156 1 44
58 116 41 1 44
122 100000 100000 1 44
173 100000 121 1 44
131 100000 100000 1 44
143 100000 100000 5 11 19 28 29 45
104 100000 73 1 46
164 328 100000 1 47
106 212 74 1 53
194 100000 100000 1 52
129 258 100000 1 52
142 284 99 1 59
97 194 68 1 59
167 100000 117 1 59
40 100000 28 1 59
159 318 100000 1 60
27 54 100000 1 61
177 354 124 1 58
73 146 100000 1 54
141 282 100000 1 58
113 100000 79 1 69
48 100000 34 1 70
88 100000 100000 2 34 66
121 100000 100000 1 65
281 562 100000 1 72
60 100000 100000 1 65
241 100000 100000 1 68
135 100000 100000 1 74
31 100000 22 1 76
289 578 100000 1 75
27 100000 100000 1 80
230 100000 161 1 78
115 230 100000 1 84
187 100000 100000 1 81
21 100000 15 1 82
111 100000 78 2 16 83
23 100000 100000 1 85
209 100000 146 1 84
107 100000 75 1 85
220 440 100000 1 85
241 482 169 1 86
275 100000 192 1 87
143 286 100000 1 88
198 100000 139 1 92
189 100000 100000 1 91
218 100000 100000 1 89
