# Converted from 100_308.csv
100
105 100000 74 0
240 480 100000 0
27 54 19 0
103 100000 100000 0
253 100000 177 0
173 100000 121 0
41 100000 29 1 5
24 100000 100000 1 0
226 100000 100000 1 1
44 88 100000 1 4
56 112 100000 1 2
228 100000 100000 1 2
201 100000 141 1 5
41 100000 100000 2 10 11
25 100000 100000 1 8
92 100000 100000 1 12
73 100000 51 2 2 7
200 100000 100000 1 8
94 100000 100000 1 7
532 100000 100000 1 12
566 100000 396 1 12
74 100000 100000 1 11
121 100000 100000 1 7
116 232 100000 1 11
258 100000 100000 1 17
165 330 115 1 14
140 280 98 1 13
178 100000 100000 2 13 19
373 100000 100000 1 17
104 100000 100000 2 4 18
124 100000 100000 2 7 13
212 424 100000 1 21
172 100000 120 1 15
105 100000 100000 1 19
37 100000 100000 1 23
268 100000 100000 1 16
184 100000 129 2 11 28
288 576 100000 1 24
239 100000 100000 1 31
162 100000 100000 2 6 26
51 100000 36 1 33
59 100000 100000 2 9 28
381 100000 267 1 30
180 360 126 1 34
175 350 100000 1 31
426 852 298 1 24
257 514 100000 2 0 33
365 100000 100000 2 37 41
40 100000 28 1 36
141 100000 100000 2 13 44
67 100000 100000 1 38
138 276 97 1 42
206 100000 144 2 30 37
67 100000 100000 2 25 40
56 100000 100000 1 40
116 232 100000 1 46
78 156 100000 2 14 54
133 266 93 1 49
43 100000 100000 2 50 51
480 100000 336 1 53
103 100000 100000 1 55
147 294 100000 1 52
278 100000 195 1 49
168 100000 100000 2 50 57
75 150 52 1 61
272 544 100000 1 60
71 142 50 1 61
231 462 100000 1 59
162 324 113 1 61
155 310 100000 1 68
221 442 155 3 25 35 65
198 396 100000 1 63
48 96 100000 1 68
95 190 100000 1 65
213 100000 149 1 63
167 100000 117 1 69
493 100000 345 1 70
174 348 100000 2 51 69
472 944 100000 2 52 73
433 866 303 2 48 72
568 100000 100000 2 70 71
127 100000 89 1 74
229 100000 100000 2 5 74
405 100000 100000 1 74
147 294 103 1 77
432 864 302 1 82
183 366 128 1 75
189 378 100000 1 75
525 100000 100000 3 7 43 82
270 540 189 2 32 75
223 446 100000 1 80
469 100000 328 2 64 83
577 100000 100000 3 77 81 82
302 604 211 1 84
247 100000 173 1 91
24 48 17 1 87
41 100000 100000 1 92
172 100000 100000 1 92
157 314 110 1 88
310 100000 100000 2 47 90
