# Converted from 100_439.csv
100
336 100000 235 0
559 100000 100000 0
521 1042 365 0
841 1682 589 0
413 826 100000 0
608 1216 100000 0
571 100000 100000 3 2 3 5
682 1364 100000 1 3
491 982 100000 1 0
284 568 100000 1 5
726 100000 100000 1 0
504 100000 100000 1 3
413 100000 100000 2 7 11
567 100000 100000 1 6
509 100000 356 1 7
635 100000 444 1 8
475 100000 100000 1 10
513 1026 100000 2 7 9
610 1220 427 1 11
584 100000 409 1 6
512 1024 358 6 12 13 14 15 17 18
380 100000 100000 4 13 14 15 17
589 100000 412 2 3 15
446 100000 312 1 14
596 100000 417 1 15
438 100000 100000 1 18
482 100000 100000 2 2 14
513 1026 359 2 20 22
624 1248 100000 2 21 22
371 100000 260 5 1 6 11 16 22
402 804 100000 1 21
520 100000 100000 2 6 23
350 700 100000 4 12 13 14 22
535 100000 100000 1 20
480 100000 100000 4 4 27 30 33
160 320 112 2 19 30
516 100000 100000 2 13 29
788 100000 100000 3 4 26 33
410 820 100000 1 28
596 100000 100000 3 36 37 38
623 1246 436 2 33 36
559 100000 391 3 20 32 38
499 100000 100000 2 36 37
557 1114 100000 2 20 35
509 1018 100000 2 21 37
521 100000 100000 3 20 22 35
536 1072 100000 1 39
625 1250 438 1 39
444 888 100000 1 39
412 100000 100000 2 27 40
441 882 309 2 35 46
410 820 100000 2 19 49
446 100000 100000 2 19 46
379 100000 100000 3 19 30 46
531 1062 100000 3 42 45 46
606 100000 424 2 35 52
356 100000 100000 2 28 51
674 1348 472 1 54
390 780 273 4 23 55 56 57
525 100000 100000 2 45 55
599 100000 100000 2 55 57
622 1244 435 2 4 56
622 100000 100000 3 37 43 56
479 100000 335 2 34 57
369 100000 100000 1 56
572 100000 100000 2 62 64
511 100000 358 1 58
318 636 100000 3 43 59 60
493 100000 100000 2 49 60
496 100000 347 1 62
426 100000 100000 3 53 67 69
574 100000 402 4 41 58 60 69
703 100000 492 3 50 57 69
414 100000 100000 2 25 69
421 100000 100000 2 24 65
401 802 100000 3 59 64 66
496 992 347 3 53 59 69
629 100000 100000 2 42 74
354 100000 248 3 59 65 72
643 100000 450 2 71 75
418 836 293 3 68 69 74
212 424 148 5 24 25 32 63 75
496 100000 100000 3 34 39 74
536 100000 100000 1 71
765 100000 536 2 50 80
327 654 100000 3 31 79 82
478 956 100000 1 81
364 728 255 3 73 75 82
486 972 100000 3 50 73 77
567 100000 100000 5 61 72 79 84 86
350 100000 245 3 23 44 88
581 1162 100000 1 88
586 100000 100000 3 59 72 88
419 838 293 4 47 63 71 88
554 100000 388 3 31 48 87
401 100000 281 4 31 47 89 92
626 100000 100000 3 48 57 91
463 926 100000 2 58 91
562 100000 393 2 72 93
444 100000 311 1 94
