# Converted from 100_71.csv
100
648 1296 454 0
543 100000 380 0
602 1204 421 0
509 1018 356 0
451 902 100000 0
538 1076 100000 0
656 100000 459 0
576 100000 403 0
536 1072 375 4 0 1 2 3
502 1004 351 1 7
457 914 100000 1 7
373 746 100000 1 6
615 1230 100000 1 7
345 100000 241 1 7
457 100000 100000 1 5
462 100000 100000 1 6
438 100000 100000 1 5
413 100000 100000 1 5
533 100000 100000 1 8
520 100000 100000 1 8
480 100000 336 1 8
519 1038 100000 1 8
733 100000 100000 1 8
519 1038 100000 1 8
327 654 100000 1 8
409 818 100000 1 8
338 100000 100000 6 4 9 10 11 12 13
445 100000 100000 1 15
584 1168 409 1 14
574 1148 100000 1 15
430 860 301 1 15
484 100000 339 1 26
694 100000 486 1 26
503 100000 100000 1 26
398 100000 279 1 26
448 100000 314 1 26
423 846 296 1 26
211 422 148 1 26
724 1448 507 1 26
478 100000 100000 1 27
621 100000 100000 1 28
147 294 103 1 19
657 1314 100000 1 31
318 100000 100000 2 5 39
318 636 100000 1 42
367 100000 100000 1 43
421 100000 100000 1 42
445 100000 100000 2 8 43
394 100000 276 1 43
506 1012 100000 1 43
596 1192 100000 1 44
348 696 244 1 45
389 778 100000 1 45
561 100000 100000 1 46
520 1040 100000 1 46
222 100000 100000 2 45 49
509 100000 356 1 48
540 1080 100000 1 52
478 100000 335 1 51
504 100000 353 1 50
586 100000 100000 1 53
607 100000 100000 1 53
464 928 325 1 53
599 100000 100000 1 53
494 100000 100000 2 8 56
425 100000 298 1 53
401 100000 281 1 57
516 100000 100000 1 60
640 1280 100000 1 58
306 100000 100000 1 62
418 100000 100000 3 33 37 65
621 1242 435 1 59
535 100000 100000 1 61
420 100000 100000 1 61
417 100000 292 1 67
444 100000 311 1 66
468 100000 328 2 52 70
652 100000 100000 1 72
450 100000 100000 2 41 73
394 100000 100000 1 69
388 776 100000 1 75
484 100000 339 1 74
497 994 100000 1 75
689 100000 482 1 75
473 100000 100000 1 76
584 1168 100000 1 76
650 100000 455 3 16 24 77
685 100000 100000 1 77
435 870 100000 1 78
541 1082 100000 2 64 75
550 1100 385 1 79
350 100000 245 1 80
514 100000 360 1 82
565 100000 396 1 83
687 100000 100000 1 84
430 860 301 1 81
694 100000 100000 1 88
549 100000 100000 2 25 89
543 1086 100000 1 85
413 100000 100000 1 88
