# Converted from 100_347.csv
100
126 252 88 0
265 100000 100000 0
270 540 189 0
213 100000 149 0
54 100000 38 0
119 238 100000 0
117 234 100000 0
166 332 116 0
76 100000 100000 0
97 100000 100000 0
56 100000 39 0
55 100000 100000 1 6
63 126 100000 1 1
129 258 90 1 8
294 100000 100000 1 3
92 184 64 1 4
166 100000 100000 1 14
29 58 20 1 15
173 100000 100000 1 15
98 196 100000 1 14
182 100000 100000 1 11
219 438 153 1 13
185 370 100000 1 13
114 100000 80 1 11
145 290 100000 1 15
95 100000 66 1 24
94 188 100000 1 16
50 100 35 2 7 16
175 100000 100000 1 21
98 100000 100000 1 22
39 100000 27 1 22
281 562 100000 1 20
79 100000 100000 1 17
32 64 22 1 20
160 320 112 1 30
208 100000 146 2 19 32
78 100000 55 1 27
30 100000 100000 1 25
74 100000 100000 1 27
46 100000 32 1 32
93 100000 100000 1 36
207 100000 145 1 34
152 100000 100000 1 37
28 56 100000 1 37
151 302 106 2 2 39
139 100000 97 1 35
204 100000 100000 1 41
53 106 100000 1 44
127 100000 100000 1 40
299 100000 209 1 45
202 100000 100000 1 45
81 100000 100000 1 40
199 100000 100000 1 45
230 100000 161 1 41
43 100000 30 1 43
178 356 125 1 48
133 100000 100000 2 38 48
100 200 100000 2 12 50
188 100000 100000 1 49
51 100000 100000 1 50
77 154 100000 2 43 51
133 266 100000 1 58
291 100000 100000 2 15 55
131 100000 92 2 36 58
207 414 100000 1 56
67 134 47 1 55
181 362 127 3 54 56 57
93 100000 100000 1 60
98 100000 100000 1 55
32 64 100000 1 57
159 100000 100000 1 62
137 274 96 1 62
164 100000 100000 2 49 62
218 436 100000 1 69
138 276 100000 1 65
42 100000 100000 2 37 65
142 100000 100000 2 2 66
209 418 146 2 33 64
134 268 94 2 41 63
29 100000 100000 1 72
38 76 27 2 32 75
261 100000 183 2 70 76
72 144 50 1 75
46 100000 100000 1 70
59 118 100000 2 71 75
100 100000 70 1 71
343 100000 100000 3 7 20 73
87 174 100000 2 47 75
125 100000 100000 2 17 70
125 100000 88 1 74
85 100000 59 3 70 73 76
261 100000 100000 2 51 79
260 100000 182 2 27 86
145 290 100000 1 81
96 100000 100000 4 5 35 47 83
310 620 100000 2 43 88
156 100000 100000 2 77 80
36 100000 100000 3 47 60 88
120 100000 84 2 31 90
236 100000 100000 1 79
