# Converted from 100_507.csv
100
295 100000 100000 0
509 100000 100000 0
423 846 100000 2 0 1
487 100000 100000 2 0 1
683 100000 478 2 2 3
439 878 307 2 2 3
342 100000 100000 2 2 3
425 100000 298 3 4 5 6
438 100000 100000 3 4 5 6
384 768 100000 2 7 8
582 1164 100000 2 7 8
520 100000 364 2 7 8
388 100000 100000 2 7 8
609 100000 426 4 9 10 11 12
760 100000 532 4 9 10 11 12
350 700 100000 4 9 10 11 12
575 1150 100000 4 9 10 11 12
580 100000 406 4 13 14 15 16
428 856 300 4 13 14 15 16
527 1054 369 4 13 14 15 16
354 708 248 4 13 14 15 16
605 100000 100000 4 13 14 15 16
665 1330 100000 5 17 18 19 20 21
488 100000 100000 5 17 18 19 20 21
723 100000 100000 5 17 18 19 20 21
593 100000 100000 3 22 23 24
478 100000 335 3 22 23 24
377 754 100000 3 22 23 24
485 970 340 3 22 23 24
452 100000 100000 4 25 26 27 28
415 100000 100000 4 25 26 27 28
464 100000 325 4 25 26 27 28
379 100000 265 3 29 30 31
569 100000 100000 3 29 30 31
463 926 324 3 29 30 31
444 888 311 3 29 30 31
645 1290 100000 3 29 30 31
589 100000 100000 5 32 33 34 35 36
415 100000 100000 5 32 33 34 35 36
549 100000 100000 5 32 33 34 35 36
423 100000 100000 5 32 33 34 35 36
516 1032 361 3 37 39 40
432 100000 302 2 37 40
574 100000 100000 2 37 38
383 100000 268 4 37 38 39 40
484 968 100000 3 37 38 40
351 702 100000 2 38 40
540 100000 378 5 41 42 44 45 46
450 100000 315 4 42 44 45 46
716 1432 100000 4 42 44 45 46
559 1118 391 3 47 48 49
338 100000 100000 3 47 48 49
463 100000 100000 1 50
361 722 100000 1 50
661 100000 100000 1 52
456 100000 319 1 53
655 100000 100000 1 53
366 732 100000 1 52
361 100000 253 2 56 57
665 100000 465 2 56 57
552 100000 386 1 56
737 100000 100000 2 52 56
381 762 100000 3 59 60 61
355 100000 248 3 59 60 61
424 848 297 1 58
287 574 100000 2 58 61
745 1490 522 1 64
534 1068 100000 3 51 62 64
444 888 311 3 54 62 65
434 100000 100000 3 63 66 68
728 1456 100000 1 68
508 1016 100000 2 66 68
594 1188 416 2 67 68
562 100000 393 1 67
502 1004 100000 1 70
642 1284 100000 1 74
513 1026 100000 2 67 74
409 818 286 2 73 74
564 100000 100000 1 77
406 100000 100000 2 73 75
667 100000 100000 2 71 77
614 100000 100000 1 76
253 100000 177 2 71 78
498 100000 100000 2 55 79
458 100000 100000 3 79 80 81
551 1102 100000 3 43 78 79
572 1144 100000 2 79 80
745 1490 100000 4 63 72 77 81
554 1108 388 1 85
460 100000 322 3 55 72 86
333 100000 233 2 80 83
310 100000 100000 3 86 88 90
535 100000 374 2 43 89
138 100000 97 2 69 92
345 690 100000 2 69 91
665 100000 100000 1 92
361 100000 100000 2 88 92
747 100000 100000 2 87 95
666 100000 466 3 93 94 95
492 100000 100000 2 82 94
