# Converted from 100_365.csv
100
371 100000 100000 0
398 796 100000 0
412 100000 100000 0
585 1170 100000 0
463 100000 324 0
577 1154 404 0
509 100000 100000 0
634 100000 100000 0
756 1512 100000 0
495 990 100000 1 5
508 100000 356 1 7
619 1238 433 1 6
541 1082 379 1 6
475 100000 332 1 0
427 100000 100000 1 4
376 100000 263 1 6
473 100000 100000 2 0 8
355 100000 248 1 11
597 100000 418 1 14
475 100000 100000 1 10
379 100000 100000 1 10
478 956 335 1 16
508 1016 356 1 11
431 100000 100000 1 13
587 100000 100000 1 13
358 716 100000 1 15
622 1244 100000 1 22
647 1294 453 1 22
567 1134 100000 1 22
558 1116 100000 1 17
451 902 100000 1 20
455 100000 318 1 25
314 100000 220 1 22
304 608 213 1 26
290 100000 100000 2 13 30
566 100000 100000 2 14 30
644 100000 100000 1 31
395 790 100000 1 32
446 892 312 2 23 31
331 100000 100000 2 8 27
578 1156 100000 2 2 31
567 1134 397 1 26
490 100000 100000 1 35
640 100000 448 1 35
328 656 230 1 38
440 100000 308 1 36
633 1266 100000 1 33
518 100000 363 1 34
481 962 100000 1 39
427 100000 100000 1 40
537 100000 376 1 36
558 100000 100000 2 32 44
465 100000 326 1 42
532 100000 372 1 50
532 1064 100000 1 49
504 100000 100000 1 48
293 586 100000 3 8 44 50
322 100000 100000 1 46
618 100000 433 2 35 45
620 100000 100000 2 48 54
613 1226 100000 2 36 55
434 100000 100000 1 56
418 100000 293 1 57
655 100000 100000 1 54
402 804 281 1 57
503 100000 352 2 33 55
658 100000 100000 2 40 52
262 100000 100000 1 62
476 100000 100000 3 1 17 62
575 1150 402 1 61
400 100000 280 1 62
508 1016 100000 2 47 63
642 1284 449 1 66
386 100000 270 1 66
319 638 100000 1 60
393 786 275 1 60
605 1210 100000 1 69
622 100000 100000 1 75
614 100000 100000 1 68
730 100000 100000 1 71
602 100000 100000 2 12 70
521 1042 365 1 67
492 100000 100000 1 71
454 100000 318 2 71 81
379 758 100000 2 70 79
429 100000 300 1 78
543 100000 100000 3 68 74 82
575 100000 100000 1 79
475 950 100000 1 81
627 100000 439 4 77 78 80 82
369 100000 100000 1 76
518 1036 100000 2 22 82
601 1202 100000 1 84
346 692 100000 2 18 83
506 1012 354 1 83
406 100000 100000 1 91
496 100000 347 2 28 87
716 100000 100000 2 74 89
503 100000 100000 1 86
436 100000 305 1 84
