# Converted from 100_32.csv
100
134 268 100000 0
242 100000 100000 0
67 134 47 0
184 100000 100000 0
198 100000 139 0
154 100000 100000 0
100 100000 100000 0
160 100000 100000 1 4
32 64 100000 1 5
67 100000 100000 1 6
61 100000 100000 1 4
174 348 100000 1 6
76 152 100000 1 5
72 100000 50 1 6
62 100000 100000 5 0 1 2 3 7
256 100000 100000 1 11
102 204 100000 1 9
320 100000 224 1 9
47 100000 100000 1 10
106 212 100000 1 10
283 100000 100000 1 10
89 178 100000 1 14
115 230 80 1 14
117 100000 100000 1 14
137 274 100000 1 14
202 100000 100000 1 14
37 100000 26 1 14
189 100000 100000 1 17
109 100000 100000 1 16
64 128 45 1 19
46 100000 32 1 20
116 100000 81 1 17
234 468 164 1 27
78 100000 100000 1 21
92 184 64 1 21
156 312 100000 1 28
123 100000 86 1 26
110 220 100000 1 29
47 100000 100000 1 21
179 358 100000 1 26
147 100000 100000 1 30
161 100000 100000 1 32
200 100000 140 1 36
43 100000 30 1 36
216 432 100000 1 33
466 100000 100000 1 34
27 100000 19 1 35
203 100000 142 1 38
107 214 75 1 37
156 312 109 1 38
89 100000 100000 1 38
136 272 100000 1 40
364 728 100000 1 48
167 100000 100000 1 43
81 162 100000 1 44
205 100000 144 1 47
134 100000 100000 1 46
64 100000 45 1 45
68 100000 100000 1 50
132 100000 100000 1 49
80 100000 56 1 49
62 100000 100000 1 47
134 100000 100000 1 48
85 100000 100000 1 47
219 100000 153 1 47
81 162 100000 5 8 15 41 42 52
128 256 90 1 55
154 100000 108 1 53
52 104 36 1 54
22 44 15 1 56
33 100000 23 1 62
106 100000 74 1 60
130 260 100000 1 61
34 68 100000 1 65
50 100 35 1 65
106 100000 100000 1 65
199 398 100000 1 65
100 200 70 1 65
224 100000 157 1 66
75 100000 52 1 67
129 258 100000 1 68
107 100000 75 1 78
74 148 100000 1 80
96 100000 100000 1 79
80 160 100000 1 76
48 100000 34 1 80
233 100000 163 1 75
156 312 100000 1 75
77 100000 100000 1 81
190 100000 100000 1 82
354 708 100000 1 83
134 268 100000 1 84
183 100000 128 1 88
223 446 156 1 89
68 100000 100000 1 90
255 510 100000 1 91
144 100000 101 1 90
66 132 46 2 60 91
356 100000 100000 1 90
75 100000 52 1 90
