# Converted from 100_144.csv
100
388 100000 272 0
512 1024 100000 0
439 878 307 0
490 100000 100000 0
395 100000 276 0
496 100000 100000 0
420 100000 294 0
454 908 100000 1 6
509 1018 100000 1 6
610 1220 100000 1 6
340 680 100000 1 6
384 100000 100000 1 6
207 100000 145 1 11
663 100000 100000 1 11
486 100000 100000 1 11
527 100000 100000 1 11
536 1072 100000 1 11
410 100000 100000 1 16
382 100000 267 1 16
206 100000 100000 1 16
567 100000 397 1 16
431 100000 100000 1 16
462 924 100000 1 16
402 100000 281 1 22
653 100000 457 1 22
565 100000 396 1 22
338 676 100000 1 22
307 614 100000 6 10 15 18 19 20 22
249 100000 100000 1 22
159 100000 111 1 28
602 100000 100000 1 28
372 744 100000 1 27
402 100000 281 1 27
558 100000 100000 1 27
421 100000 295 1 27
587 1174 100000 1 27
642 100000 100000 1 27
533 100000 373 1 27
258 516 100000 1 27
485 100000 100000 2 27 28
514 1028 360 13 0 1 7 8 12 13 14 23 24 25 29 32 39
161 322 113 2 38 39
485 970 100000 3 31 33 39
596 100000 100000 3 31 34 38
249 498 100000 5 32 34 36 38 39
592 100000 414 1 40
330 100000 100000 1 40
705 1410 493 1 40
337 100000 236 1 40
286 100000 200 1 40
464 100000 100000 1 40
653 100000 457 1 40
342 100000 239 1 40
453 100000 317 1 40
704 100000 100000 1 40
633 1266 100000 1 40
581 1162 100000 3 40 43 44
551 100000 386 10 2 3 17 26 30 45 48 49 50 51
578 1156 405 3 37 38 49
338 100000 237 4 43 47 49 52
375 100000 100000 1 57
430 860 100000 1 57
466 100000 100000 1 57
486 972 100000 1 57
450 900 100000 1 57
306 612 214 1 57
336 100000 235 1 57
186 372 100000 1 57
584 100000 409 1 57
584 100000 100000 3 44 58 59
541 100000 100000 5 33 46 63 65 69
260 100000 100000 3 53 60 69
553 1106 100000 4 62 63 68 69
547 1094 383 3 60 61 72
661 100000 463 2 46 72
694 1388 486 2 54 74
423 846 100000 4 33 54 61 74
463 926 100000 2 53 74
389 100000 272 3 66 67 74
485 100000 340 2 53 78
505 100000 100000 5 35 54 61 65 78
394 100000 100000 3 35 53 78
496 992 347 3 53 60 78
400 800 100000 9 4 9 41 70 73 75 76 79 82
374 100000 100000 7 5 21 42 71 77 80 81
499 998 100000 2 33 82
473 100000 100000 3 56 64 82
573 1146 100000 1 83
327 654 100000 1 83
391 100000 274 1 83
495 100000 100000 1 83
551 100000 100000 1 83
444 100000 100000 1 83
399 798 279 1 83
379 758 265 1 83
510 1020 100000 1 84
408 100000 100000 1 84
487 974 341 1 84
725 100000 100000 1 84
564 100000 395 3 90 93 95
