# Converted from 100_353.csv
100
373 100000 100000 0
589 1178 100000 0
522 1044 100000 0
546 100000 382 0
491 982 100000 0
610 100000 100000 0
320 100000 224 0
484 968 100000 0
528 1056 100000 1 2
606 1212 100000 1 6
510 100000 357 2 0 6
574 100000 100000 1 7
455 100000 100000 1 2
543 1086 100000 1 7
568 1136 100000 1 1
453 100000 100000 1 5
374 100000 262 1 3
574 1148 402 1 5
537 1074 100000 1 16
472 100000 330 1 17
273 100000 100000 1 11
659 100000 100000 2 9 14
449 898 100000 1 16
442 100000 309 1 12
204 100000 100000 1 17
502 100000 100000 1 14
528 100000 100000 1 24
549 1098 100000 1 25
464 928 100000 1 20
521 1042 100000 1 24
526 100000 100000 1 23
541 1082 379 1 20
580 100000 100000 1 25
510 1020 100000 1 24
408 100000 100000 2 26 27
449 898 100000 1 31
364 100000 255 1 31
700 1400 100000 1 33
592 100000 414 1 33
472 944 330 1 28
422 844 100000 2 12 38
582 100000 407 1 37
602 1204 421 2 9 36
698 100000 100000 2 29 35
388 100000 272 1 34
444 100000 100000 1 40
505 1010 100000 1 41
485 970 340 1 40
181 362 100000 1 42
459 918 321 1 44
501 100000 100000 1 41
626 100000 438 1 41
621 100000 100000 1 41
602 100000 100000 1 42
537 100000 376 2 29 51
508 100000 356 1 47
500 100000 100000 1 46
602 100000 421 1 46
366 732 100000 1 49
528 100000 370 1 48
722 100000 505 1 49
659 100000 461 2 46 47
400 800 100000 1 50
384 100000 100000 2 55 60
618 100000 433 3 12 52 62
484 100000 100000 2 17 59
422 844 295 2 7 58
302 100000 100000 2 26 54
402 100000 100000 2 26 55
332 100000 100000 1 55
449 898 314 1 56
574 100000 100000 1 61
368 736 258 2 48 60
435 100000 100000 2 35 72
601 100000 100000 1 67
466 932 100000 2 62 70
453 100000 100000 3 7 19 63
354 100000 100000 2 39 63
393 100000 275 2 51 69
503 1006 100000 1 65
424 848 100000 2 1 68
393 786 275 1 63
440 880 308 3 49 70 78
299 598 100000 2 39 79
372 100000 100000 2 74 79
464 100000 325 1 76
573 100000 401 2 28 81
464 928 325 3 37 76 81
515 100000 100000 1 81
511 100000 358 3 4 70 76
443 886 310 2 67 80
635 100000 444 1 78
442 100000 100000 3 16 37 73
460 920 100000 1 86
523 100000 100000 2 18 88
512 100000 358 1 85
390 100000 273 1 85
558 100000 100000 1 90
577 1154 404 1 82
413 100000 289 1 82
